R2: 0.46149098275870526

MAE: 0.05891638798294156

MSE: 0.008238815450876852

Accuracy: 0.2963163596966414

F1: 0.22556714698576955

Confusion Matrix: [[598, 56, 29, 33, 25, 16, 25, 27], [234, 36, 40, 29, 21, 17, 31, 25], [144, 40, 43, 30, 18, 22, 26, 32], [106, 24, 57, 50, 31, 35, 53, 46], [81, 32, 48, 50, 49, 61, 58, 55], [61, 12, 31, 49, 37, 49, 76, 89], [26, 14, 26, 40, 36, 67, 103, 123], [12, 7, 18, 19, 19, 76, 103, 166]]

Uncertainties: {'class0': [0.0703788474202156, 0.21166101098060608, 0.21630045771598816, 0.26336607336997986, 0.26492488384246826], 'class1': [0.04588509351015091, 0.0703788474202156, 0.1413077563047409, 0.15884703397750854, 0.21166101098060608], 'class2': [0.0, 0.02518707700073719, 0.04588509351015091, 0.0676567405462265, 0.0703788474202156], 'class3': [0.0, 0.0079033263027668, 0.024083178490400314, 0.02518707700073719, 0.04588509351015091], 'class4': [0.0, 0.0079033263027668, 0.024083178490400314, 0.02518707700073719, 0.04588509351015091], 'class5': [0.0, 0.0079033263027668, 0.024083178490400314, 0.02518707700073719, 0.04588509351015091], 'class6': [0.0, 0.0079033263027668, 0.024083178490400314, 0.02518707700073719, 0.04588509351015091], 'class7': [0.0, 0.0079033263027668, 0.024083178490400314, 0.02518707700073719, 0.04588509351015091], 'class8': []}

Most important rules
-----------------------------

---0---
rule20: a1pop < 0.982
probabilities_array:[0.36854136 0.09655531 0.         0.05721222 0.         0.
 0.         0.         0.         0.4776911 ]

rule44: a2pop < 1.018
probabilities_array:[0.38897285 0.03309872 0.         0.00343694 0.         0.
 0.         0.         0.         0.57449156]

rule68: a3pop < 0.948
probabilities_array:[0.3349515  0.10282235 0.02695611 0.00065118 0.         0.
 0.         0.         0.         0.53461885]

rule90: 1.254 < b1eff < 1.546
probabilities_array:[0.1799963  0.04681875 0.18544635 0.05692804 0.06965685 0.18937436
 0.055479   0.         0.         0.21630046]

rule117: 2.907 < b3call < 4.010
probabilities_array:[2.4488614e-01 7.2059616e-02 3.6637095e-05 4.2720325e-02 0.0000000e+00
 1.3364258e-01 0.0000000e+00 7.0500150e-02 0.0000000e+00 4.3615454e-01]

rule21: 0.982 < a1pop < 3.043
probabilities_array:[1.7800076e-01 1.6240829e-01 8.6261153e-02 9.0934418e-02 6.6001974e-02
 1.2618667e-01 0.0000000e+00 6.6146655e-05 0.0000000e+00 2.9014069e-01]

rule128: mxql = 9.0
probabilities_array:[3.3019432e-01 3.4691345e-02 0.0000000e+00 4.5678031e-04 0.0000000e+00
 0.0000000e+00 0.0000000e+00 0.0000000e+00 0.0000000e+00 6.3465762e-01]

rule98: 0.007 < b2y < 0.390
probabilities_array:[0.19467214 0.         0.10505305 0.17271101 0.03626551 0.
 0.10460214 0.         0.         0.38669616]

rule99: b2y > 0.390
probabilities_array:[0.20091352 0.1732852  0.09951759 0.         0.         0.08884445
 0.         0.0259282  0.         0.411511  ]

rule69: 0.948 < a3pop < 3.063
probabilities_array:[0.15877175 0.24083148 0.14896308 0.1104108  0.03293424 0.00557539
 0.03758837 0.         0.         0.26492488]

rule11: a1sx > 1.710
probabilities_array:[0.16260602 0.13043495 0.         0.17329998 0.         0.
 0.10450486 0.14023086 0.         0.28892326]

rule78: 0.008 < b1x < 0.401
probabilities_array:[0.1435472  0.07312232 0.         0.11240565 0.16849965 0.10038249
 0.         0.19038163 0.         0.21166101]

rule43: a2rho > 0.192
probabilities_array:[0.16574098 0.         0.         0.04290447 0.13204502 0.17810468
 0.11532351 0.03431964 0.         0.3315617 ]

rule59: a3sx > 1.609
probabilities_array:[0.15478496 0.00545489 0.0269563  0.22325379 0.02292035 0.
 0.08917184 0.17179745 0.         0.30566043]

rule100: b2call < 2.874
probabilities_array:[1.9863361e-01 2.8076956e-01 8.7754539e-05 0.0000000e+00 0.0000000e+00
 0.0000000e+00 4.0682398e-02 1.7262766e-02 0.0000000e+00 4.6256393e-01]

rule95: b2x > 0.377
probabilities_array:[0.15741956 0.01763716 0.06964893 0.14158496 0.06246822 0.16035949
 0.         0.05657617 0.         0.33430547]

rule57: 0.321 < a3sx < 0.965
probabilities_array:[0.15840894 0.16553074 0.20357116 0.02029513 0.         0.
 0.00415894 0.09994373 0.         0.3480913 ]

rule88: b1eff < 0.961
probabilities_array:[0.14831294 0.         0.000368   0.08126554 0.         0.
 0.15533501 0.30862615 0.         0.30609235]

rule18: -0.003 < a1rho < 0.190
probabilities_array:[0.171793   0.09954572 0.         0.1170065  0.         0.07891184
 0.03581635 0.0884322  0.         0.40849447]

rule39: a2sy > 1.688
probabilities_array:[0.15893415 0.12357154 0.0990979  0.22344021 0.         0.
 0.01619531 0.         0.         0.37876084]

rule38: 1.003 < a2sy < 1.688
probabilities_array:[0.14071397 0.07000919 0.         0.19531883 0.15282622 0.
 0.03973595 0.09918713 0.         0.30220875]

rule62: 0.998 < a3sy < 1.675
probabilities_array:[0.20997703 0.02083762 0.         0.         0.13220555 0.
 0.06794035 0.03035532 0.         0.5386842 ]

rule80: b1y < -0.387
probabilities_array:[0.14274627 0.09721351 0.         0.15170637 0.         0.10409331
 0.1003608  0.06743526 0.         0.33644447]

rule66: -0.002 < a3rho < 0.193
probabilities_array:[0.18508464 0.02557562 0.         0.         0.10785323 0.17409846
 0.01019461 0.00235921 0.         0.49483433]

rule74: 0.495 < temp < 0.637
probabilities_array:[0.16901395 0.05241375 0.         0.10214137 0.         0.11834515
 0.07988112 0.02975194 0.         0.44845277]

rule121: 0.950 < b3eff < 1.241
probabilities_array:[0.13676028 0.1981642  0.05873181 0.08218797 0.         0.02911082
 0.         0.17531127 0.         0.31973374]

rule110: -0.001 < b3x < 0.391
probabilities_array:[0.14374214 0.21005765 0.         0.14948964 0.0690773  0.
 0.06603421 0.         0.         0.36159903]

rule50: -0.007 < a3cx < 0.379
probabilities_array:[0.14396946 0.11489872 0.         0.04743134 0.08186843 0.00269989
 0.         0.21129118 0.         0.39784104]

rule25: -0.393 < a2cx < -0.004
probabilities_array:[0.13557537 0.15157065 0.         0.20513041 0.         0.02899771
 0.10685778 0.00900994 0.         0.36285812]

rule75: temp > 0.637
probabilities_array:[0.13141148 0.02182773 0.22637361 0.08827487 0.04429491 0.07508371
 0.06864656 0.         0.         0.34408712]

rule107: b2eff > 1.537
probabilities_array:[1.9035809e-01 0.0000000e+00 2.1478929e-01 4.3004710e-02 5.3331227e-04
 0.0000000e+00 0.0000000e+00 0.0000000e+00 0.0000000e+00 5.5131453e-01]

rule5: -0.379 < a1cy < 0.006
probabilities_array:[0.1625607  0.         0.         0.21619539 0.0642366  0.04555168
 0.         0.03237031 0.         0.47908536]

rule113: -0.395 < b3y < -0.002
probabilities_array:[0.13780273 0.1608119  0.09606086 0.16303018 0.         0.
 0.00730125 0.04819084 0.         0.3868023 ]

rule4: a1cy < -0.379
probabilities_array:[0.11464683 0.17159724 0.1098261  0.01558944 0.         0.05883685
 0.10084096 0.1652965  0.         0.26336607]

rule77: -0.385 < b1x < 0.008
probabilities_array:[0.1231977  0.         0.09147695 0.         0.12908535 0.00652744
 0.14358656 0.1876631  0.         0.31846297]

rule8: a1sx < 0.308
probabilities_array:[1.5688471e-01 0.0000000e+00 7.0149042e-02 2.0650778e-05 1.5401593e-01
 4.8883520e-02 0.0000000e+00 1.0462530e-01 0.0000000e+00 4.6542087e-01]

rule82: 0.005 < b1y < 0.396
probabilities_array:[0.19578448 0.00643137 0.01922916 0.02827342 0.1247335  0.
 0.05325938 0.         0.         0.57228863]

rule55: a3cy > 0.385
probabilities_array:[0.13679576 0.09261973 0.06183764 0.         0.         0.13519911
 0.13112603 0.03670445 0.         0.40571728]

rule123: b3eff > 1.533
probabilities_array:[0.1840623  0.         0.08430488 0.00528501 0.04245234 0.11280806
 0.         0.00877234 0.         0.5623151 ]

rule24: a2cx < -0.393
probabilities_array:[0.14051647 0.00218097 0.24094416 0.         0.03419723 0.07593054
 0.07721955 0.         0.         0.42901108]

rule31: a2cy > 0.406
probabilities_array:[0.12621802 0.         0.19632553 0.         0.05166661 0.1163836
 0.11768309 0.01082169 0.         0.38090146]

rule12: a1sy < 0.331
probabilities_array:[0.13189088 0.05782812 0.03824397 0.00191633 0.         0.18267177
 0.07035872 0.09615129 0.         0.42093903]

rule109: -0.393 < b3x < -0.001
probabilities_array:[0.12445055 0.14246058 0.         0.         0.17285953 0.06758837
 0.         0.1002306  0.         0.39241037]

rule10: 1.009 < a1sx < 1.710
probabilities_array:[0.12577987 0.         0.13828799 0.15204643 0.10150976 0.
 0.06887289 0.         0.         0.41350305]

rule40: a2rho < -0.196
probabilities_array:[0.1311964  0.21076742 0.0711477  0.09990137 0.         0.
 0.04276477 0.         0.         0.44422227]

rule26: -0.004 < a2cx < 0.386
probabilities_array:[0.12302874 0.11346265 0.         0.15252066 0.06328715 0.
 0.0361179  0.09761062 0.         0.41397232]

rule81: -0.387 < b1y < 0.005
probabilities_array:[0.10293382 0.18441741 0.15279616 0.         0.06570915 0.
 0.11551137 0.06955948 0.         0.3090726 ]

rule2: -0.007 < a1cx < 0.381
probabilities_array:[0.12791248 0.0923617  0.         0.00849536 0.15584278 0.07133609
 0.00334881 0.0945197  0.         0.44618312]

rule84: b1call < 2.848
probabilities_array:[0.10821476 0.12717322 0.00525395 0.18778725 0.12751463 0.
 0.         0.08943853 0.         0.35461769]

rule16: a1rho < -0.195
probabilities_array:[0.12315792 0.09863727 0.04703036 0.         0.0859137  0.
 0.1354141  0.07372792 0.         0.43611878]

rule91: b1eff > 1.546
probabilities_array:[0.0983858  0.17711335 0.22616792 0.         0.13083191 0.03898936
 0.02333574 0.         0.         0.3051759 ]

rule105: 0.959 < b2eff < 1.248
probabilities_array:[0.1398976  0.         0.         0.         0.05034139 0.
 0.14461556 0.14162864 0.         0.52351683]

rule32: a2sx < 0.327
probabilities_array:[0.12933518 0.08079974 0.03315136 0.         0.14824395 0.
 0.0561206  0.03455685 0.         0.51779246]

rule30: 0.017 < a2cy < 0.406
probabilities_array:[0.14270486 0.1017487  0.         0.09334951 0.06420314 0.
 0.0050715  0.02408992 0.         0.5688323 ]

rule96: b2y < -0.376
probabilities_array:[0.10136876 0.         0.00046478 0.01269302 0.08738763 0.08433885
 0.14035998 0.17454696 0.         0.39884004]

rule127: mxql = 8.0
probabilities_array:[0.14078245 0.07727391 0.04789078 0.00203919 0.00868929 0.
 0.01715269 0.13702449 0.         0.5691472 ]

rule63: a3sy > 1.675
probabilities_array:[0.10101875 0.         0.08596592 0.11917231 0.09095684 0.10543782
 0.08716827 0.         0.         0.41028008]

rule1: -0.395 < a1cx < -0.007
probabilities_array:[0.09111452 0.03659148 0.18919703 0.10825694 0.14337474 0.
 0.08355182 0.         0.         0.34791356]

rule54: -0.006 < a3cy < 0.385
probabilities_array:[0.12745051 0.01403801 0.         0.17917538 0.04187102 0.
 0.10300607 0.         0.         0.534459  ]

rule115: b3y > 0.392
probabilities_array:[0.1152174  0.         0.1724171  0.08908908 0.         0.00660096
 0.12938075 0.         0.         0.48729467]

rule45: 1.018 < a2pop < 3.101
probabilities_array:[0.06162774 0.19791465 0.2214964  0.16883476 0.08312796 0.0995528
 0.09706678 0.         0.         0.07037885]

rule53: -0.398 < a3cy < -0.006
probabilities_array:[0.1239157  0.         0.08052199 0.         0.06581633 0.15437399
 0.02113432 0.         0.         0.55423766]

rule114: -0.002 < b3y < 0.392
probabilities_array:[0.10164585 0.00094061 0.         0.18265425 0.10565417 0.0610443
 0.07865085 0.         0.         0.46940994]

rule13: 0.331 < a1sy < 1.016
probabilities_array:[1.3025130e-01 1.1166128e-02 1.1732830e-01 1.3191815e-01 1.8575197e-02
 2.5554502e-04 0.0000000e+00 8.2743471e-04 0.0000000e+00 5.8967787e-01]

rule120: b3eff < 0.950
probabilities_array:[1.3839412e-01 9.0760104e-02 6.3378356e-02 0.0000000e+00 4.6807990e-04
 8.3954498e-02 3.7950841e-03 0.0000000e+00 0.0000000e+00 6.1924982e-01]

rule37: 0.318 < a2sy < 1.003
probabilities_array:[8.8836782e-02 9.3919441e-02 2.6628749e-02 0.0000000e+00 1.6403758e-04
 9.6124895e-02 1.2234926e-01 1.6138911e-01 0.0000000e+00 4.1058770e-01]

rule36: a2sy < 0.318
probabilities_array:[0.09771711 0.00152461 0.03149804 0.18619592 0.         0.04672932
 0.         0.1709531  0.         0.4653819 ]

rule101: 2.874 < b2call < 3.967
probabilities_array:[0.15934397 0.         0.06750692 0.09967826 0.         0.
 0.         0.         0.         0.67347085]

rule76: b1x < -0.385
probabilities_array:[0.07798411 0.13193184 0.13250627 0.03878947 0.17201649 0.
 0.11204931 0.         0.         0.33472255]

rule102: 3.967 < b2call < 5.060
probabilities_array:[0.0791538  0.11960939 0.         0.         0.18854138 0.1621338
 0.1050555  0.         0.         0.34550622]

rule35: a2sx > 1.625
probabilities_array:[0.08051397 0.         0.12181996 0.1266259  0.         0.09634875
 0.17302458 0.02283652 0.         0.37883028]

rule51: a3cx > 0.379
probabilities_array:[0.10286164 0.11769162 0.00398306 0.         0.23436536 0.
 0.         0.02439489 0.         0.5167034 ]

rule27: a2cx > 0.386
probabilities_array:[0.10790999 0.         0.28162092 0.         0.         0.03206027
 0.03239352 0.         0.         0.5460153 ]

rule48: a3cx < -0.394
probabilities_array:[0.08997929 0.         0.19964787 0.         0.         0.11086583
 0.14020987 0.         0.         0.45929712]

rule0: a1cx < -0.395
probabilities_array:[0.10350864 0.15099114 0.         0.         0.03304582 0.0102845
 0.         0.16282721 0.         0.5393427 ]

rule79: b1x > 0.401
probabilities_array:[0.08509278 0.14678928 0.01092826 0.         0.         0.05721891
 0.091431   0.16827917 0.         0.44026068]

rule33: 0.327 < a2sx < 0.976
probabilities_array:[0.08319679 0.01796267 0.10565963 0.04569701 0.13967124 0.10084751
 0.05399358 0.         0.         0.45297152]

rule60: a3sy < 0.320
probabilities_array:[0.0743869  0.1231998  0.11516114 0.         0.         0.0874524
 0.10659877 0.10150545 0.         0.3916955 ]

rule73: 0.353 < temp < 0.495
probabilities_array:[0.07529351 0.         0.00450681 0.         0.21057968 0.
 0.03685039 0.2706628  0.         0.40210682]

rule86: 3.936 < b1call < 5.023
probabilities_array:[0.08537822 0.08018087 0.         0.         0.         0.10226531
 0.21416648 0.03706932 0.         0.48093978]

rule92: b2x < -0.396
probabilities_array:[0.0811886  0.         0.         0.         0.01952724 0.06861292
 0.1577491  0.21785276 0.         0.45506942]

rule85: 2.848 < b1call < 3.936
probabilities_array:[0.09281285 0.         0.23060575 0.0547016  0.         0.04498112
 0.05095833 0.         0.         0.52594036]

rule111: b3x > 0.391
probabilities_array:[0.07573115 0.09147727 0.         0.14472337 0.07865808 0.09759253
 0.04099761 0.04035725 0.         0.4304627 ]

rule93: -0.396 < b2x < -0.009
probabilities_array:[0.07502849 0.16355838 0.03517105 0.18702917 0.         0.
 0.10680091 0.         0.         0.43241194]

rule42: -0.002 < a2rho < 0.192
probabilities_array:[6.7997098e-02 2.0473555e-01 1.1114127e-04 1.4115213e-02 1.9299713e-01
 0.0000000e+00 4.5989245e-02 6.7311831e-02 0.0000000e+00 4.0674278e-01]


---1---
rule45: 1.018 < a2pop < 3.101
probabilities_array:[0.06162774 0.19791465 0.2214964  0.16883476 0.08312796 0.0995528
 0.09706678 0.         0.         0.07037885]

rule69: 0.948 < a3pop < 3.063
probabilities_array:[0.15877175 0.24083148 0.14896308 0.1104108  0.03293424 0.00557539
 0.03758837 0.         0.         0.26492488]

rule97: -0.376 < b2y < 0.007
probabilities_array:[0.         0.2539401  0.         0.11727788 0.0583967  0.13746358
 0.         0.04917594 0.         0.38374582]

rule100: b2call < 2.874
probabilities_array:[1.9863361e-01 2.8076956e-01 8.7754539e-05 0.0000000e+00 0.0000000e+00
 0.0000000e+00 4.0682398e-02 1.7262766e-02 0.0000000e+00 4.6256393e-01]

rule121: 0.950 < b3eff < 1.241
probabilities_array:[0.13676028 0.1981642  0.05873181 0.08218797 0.         0.02911082
 0.         0.17531127 0.         0.31973374]

rule110: -0.001 < b3x < 0.391
probabilities_array:[0.14374214 0.21005765 0.         0.14948964 0.0690773  0.
 0.06603421 0.         0.         0.36159903]

rule15: a1sy > 1.700
probabilities_array:[0.01742855 0.21184199 0.04772736 0.21704948 0.         0.
 0.10071662 0.02697365 0.         0.37826228]

rule81: -0.387 < b1y < 0.005
probabilities_array:[0.10293382 0.18441741 0.15279616 0.         0.06570915 0.
 0.11551137 0.06955948 0.         0.3090726 ]

rule4: a1cy < -0.379
probabilities_array:[0.11464683 0.17159724 0.1098261  0.01558944 0.         0.05883685
 0.10084096 0.1652965  0.         0.26336607]

rule34: 0.976 < a2sx < 1.625
probabilities_array:[0.03037606 0.20368204 0.         0.1821194  0.09808727 0.
 0.         0.1041555  0.         0.38157973]

rule91: b1eff > 1.546
probabilities_array:[0.0983858  0.17711335 0.22616792 0.         0.13083191 0.03898936
 0.02333574 0.         0.         0.3051759 ]

rule42: -0.002 < a2rho < 0.192
probabilities_array:[6.7997098e-02 2.0473555e-01 1.1114127e-04 1.4115213e-02 1.9299713e-01
 0.0000000e+00 4.5989245e-02 6.7311831e-02 0.0000000e+00 4.0674278e-01]

rule40: a2rho < -0.196
probabilities_array:[0.1311964  0.21076742 0.0711477  0.09990137 0.         0.
 0.04276477 0.         0.         0.44422227]

rule21: 0.982 < a1pop < 3.043
probabilities_array:[1.7800076e-01 1.6240829e-01 8.6261153e-02 9.0934418e-02 6.6001974e-02
 1.2618667e-01 0.0000000e+00 6.6146655e-05 0.0000000e+00 2.9014069e-01]

rule6: 0.006 < a1cy < 0.392
probabilities_array:[0.05682259 0.16014038 0.08483753 0.11601317 0.17119908 0.
 0.         0.09913769 0.         0.31184947]

rule41: -0.196 < a2rho < -0.002
probabilities_array:[0.01537696 0.2088     0.22756338 0.02222174 0.         0.
 0.         0.04850787 0.         0.47753003]

rule57: 0.321 < a3sx < 0.965
probabilities_array:[0.15840894 0.16553074 0.20357116 0.02029513 0.         0.
 0.00415894 0.09994373 0.         0.3480913 ]

rule126: mxql = 7.0
probabilities_array:[0.04593723 0.14543077 0.12691224 0.         0.1121055  0.1242399
 0.         0.1858491  0.         0.25952527]

rule58: 0.965 < a3sx < 1.609
probabilities_array:[0.04199924 0.17314602 0.         0.17932406 0.         0.07650778
 0.11343956 0.03646857 0.         0.37911478]

rule122: 1.241 < b3eff < 1.533
probabilities_array:[0.         0.1737162  0.         0.06996164 0.17832944 0.
 0.18369532 0.         0.         0.39429736]

rule99: b2y > 0.390
probabilities_array:[0.20091352 0.1732852  0.09951759 0.         0.         0.08884445
 0.         0.0259282  0.         0.411511  ]

rule113: -0.395 < b3y < -0.002
probabilities_array:[0.13780273 0.1608119  0.09606086 0.16303018 0.         0.
 0.00730125 0.04819084 0.         0.3868023 ]

rule25: -0.393 < a2cx < -0.004
probabilities_array:[0.13557537 0.15157065 0.         0.20513041 0.         0.02899771
 0.10685778 0.00900994 0.         0.36285812]

rule7: a1cy > 0.392
probabilities_array:[7.91231450e-03 1.95064887e-01 9.67989117e-03 0.00000000e+00
 2.73272217e-05 1.18175484e-01 1.54519454e-01 0.00000000e+00
 0.00000000e+00 5.14620602e-01]

rule93: -0.396 < b2x < -0.009
probabilities_array:[0.07502849 0.16355838 0.03517105 0.18702917 0.         0.
 0.10680091 0.         0.         0.43241194]

rule11: a1sx > 1.710
probabilities_array:[0.16260602 0.13043495 0.         0.17329998 0.         0.
 0.10450486 0.14023086 0.         0.28892326]

rule76: b1x < -0.385
probabilities_array:[0.07798411 0.13193184 0.13250627 0.03878947 0.17201649 0.
 0.11204931 0.         0.         0.33472255]

rule109: -0.393 < b3x < -0.001
probabilities_array:[0.12445055 0.14246058 0.         0.         0.17285953 0.06758837
 0.         0.1002306  0.         0.39241037]

rule119: b3call > 5.113
probabilities_array:[0.         0.12741336 0.1770376  0.19495752 0.02281299 0.13985413
 0.         0.01346913 0.         0.32445523]

rule79: b1x > 0.401
probabilities_array:[0.08509278 0.14678928 0.01092826 0.         0.         0.05721891
 0.091431   0.16827917 0.         0.44026068]

rule84: b1call < 2.848
probabilities_array:[0.10821476 0.12717322 0.00525395 0.18778725 0.12751463 0.
 0.         0.08943853 0.         0.35461769]

rule102: 3.967 < b2call < 5.060
probabilities_array:[0.0791538  0.11960939 0.         0.         0.18854138 0.1621338
 0.1050555  0.         0.         0.34550622]

rule39: a2sy > 1.688
probabilities_array:[0.15893415 0.12357154 0.0990979  0.22344021 0.         0.
 0.01619531 0.         0.         0.37876084]

rule28: a2cy < -0.372
probabilities_array:[0.04827948 0.13682093 0.         0.1786933  0.         0.14648908
 0.02837502 0.02047526 0.         0.44086695]

rule61: 0.320 < a3sy < 0.998
probabilities_array:[0.01371887 0.1321523  0.         0.19318199 0.01901835 0.10143779
 0.         0.10801779 0.         0.43247288]

rule60: a3sy < 0.320
probabilities_array:[0.0743869  0.1231998  0.11516114 0.         0.         0.0874524
 0.10659877 0.10150545 0.         0.3916955 ]

rule52: a3cy < -0.398
probabilities_array:[0.06165455 0.12792824 0.07825809 0.10723992 0.1072846  0.
 0.04840231 0.05407946 0.         0.41515285]

rule22: 3.043 < a1pop < 5.103
probabilities_array:[0.         0.08246338 0.07350574 0.12314141 0.1971502  0.2488325
 0.10346282 0.03013622 0.         0.14130776]

rule104: b2eff < 0.959
probabilities_array:[0.01584638 0.12369799 0.22571748 0.01451044 0.         0.13678153
 0.00897076 0.04166007 0.         0.4328152 ]

rule0: a1cx < -0.395
probabilities_array:[0.10350864 0.15099114 0.         0.         0.03304582 0.0102845
 0.         0.16282721 0.         0.5393427 ]

rule50: -0.007 < a3cx < 0.379
probabilities_array:[0.14396946 0.11489872 0.         0.04743134 0.08186843 0.00269989
 0.         0.21129118 0.         0.39784104]

rule26: -0.004 < a2cx < 0.386
probabilities_array:[0.12302874 0.11346265 0.         0.15252066 0.06328715 0.
 0.0361179  0.09761062 0.         0.41397232]

rule80: b1y < -0.387
probabilities_array:[0.14274627 0.09721351 0.         0.15170637 0.         0.10409331
 0.1003608  0.06743526 0.         0.33644447]

rule70: 3.063 < a3pop < 5.179
probabilities_array:[0.         0.07364377 0.1120434  0.07162909 0.23821108 0.14610471
 0.16532817 0.03419266 0.         0.15884703]

rule18: -0.003 < a1rho < 0.190
probabilities_array:[0.171793   0.09954572 0.         0.1170065  0.         0.07891184
 0.03581635 0.0884322  0.         0.40849447]

rule78: 0.008 < b1x < 0.401
probabilities_array:[0.1435472  0.07312232 0.         0.11240565 0.16849965 0.10038249
 0.         0.19038163 0.         0.21166101]

rule112: b3y < -0.395
probabilities_array:[0.02867491 0.11492382 0.13165142 0.         0.11461417 0.
 0.0139832  0.09280457 0.         0.5033479 ]

rule51: a3cx > 0.379
probabilities_array:[0.10286164 0.11769162 0.00398306 0.         0.23436536 0.
 0.         0.02439489 0.         0.5167034 ]

rule46: 3.101 < a2pop < 5.184
probabilities_array:[0.         0.05899549 0.13850754 0.15907879 0.12079993 0.17190471
 0.21437308 0.09045538 0.         0.04588509]

rule16: a1rho < -0.195
probabilities_array:[0.12315792 0.09863727 0.04703036 0.         0.0859137  0.
 0.1354141  0.07372792 0.         0.43611878]

rule37: 0.318 < a2sy < 1.003
probabilities_array:[8.8836782e-02 9.3919441e-02 2.6628749e-02 0.0000000e+00 1.6403758e-04
 9.6124895e-02 1.2234926e-01 1.6138911e-01 0.0000000e+00 4.1058770e-01]

rule55: a3cy > 0.385
probabilities_array:[0.13679576 0.09261973 0.06183764 0.         0.         0.13519911
 0.13112603 0.03670445 0.         0.40571728]

rule111: b3x > 0.391
probabilities_array:[0.07573115 0.09147727 0.         0.14472337 0.07865808 0.09759253
 0.04099761 0.04035725 0.         0.4304627 ]

rule9: 0.308 < a1sx < 1.009
probabilities_array:[0.05132862 0.12570514 0.15453714 0.         0.         0.
 0.         0.07816608 0.         0.59026307]

rule2: -0.007 < a1cx < 0.381
probabilities_array:[0.12791248 0.0923617  0.         0.00849536 0.15584278 0.07133609
 0.00334881 0.0945197  0.         0.44618312]

rule20: a1pop < 0.982
probabilities_array:[0.36854136 0.09655531 0.         0.05721222 0.         0.
 0.         0.         0.         0.4776911 ]

rule38: 1.003 < a2sy < 1.688
probabilities_array:[0.14071397 0.07000919 0.         0.19531883 0.15282622 0.
 0.03973595 0.09918713 0.         0.30220875]

rule68: a3pop < 0.948
probabilities_array:[0.3349515  0.10282235 0.02695611 0.00065118 0.         0.
 0.         0.         0.         0.53461885]

rule30: 0.017 < a2cy < 0.406
probabilities_array:[0.14270486 0.1017487  0.         0.09334951 0.06420314 0.
 0.0050715  0.02408992 0.         0.5688323 ]

rule29: -0.372 < a2cy < 0.017
probabilities_array:[0.05062239 0.07932546 0.         0.2354159  0.08544438 0.02906927
 0.         0.0662884  0.         0.45383415]

rule86: 3.936 < b1call < 5.023
probabilities_array:[0.08537822 0.08018087 0.         0.         0.         0.10226531
 0.21416648 0.03706932 0.         0.48093978]

rule117: 2.907 < b3call < 4.010
probabilities_array:[2.4488614e-01 7.2059616e-02 3.6637095e-05 4.2720325e-02 0.0000000e+00
 1.3364258e-01 0.0000000e+00 7.0500150e-02 0.0000000e+00 4.3615454e-01]


---2---
rule45: 1.018 < a2pop < 3.101
probabilities_array:[0.06162774 0.19791465 0.2214964  0.16883476 0.08312796 0.0995528
 0.09706678 0.         0.         0.07037885]

rule91: b1eff > 1.546
probabilities_array:[0.0983858  0.17711335 0.22616792 0.         0.13083191 0.03898936
 0.02333574 0.         0.         0.3051759 ]

rule75: temp > 0.637
probabilities_array:[0.13141148 0.02182773 0.22637361 0.08827487 0.04429491 0.07508371
 0.06864656 0.         0.         0.34408712]

rule90: 1.254 < b1eff < 1.546
probabilities_array:[0.1799963  0.04681875 0.18544635 0.05692804 0.06965685 0.18937436
 0.055479   0.         0.         0.21630046]

rule24: a2cx < -0.393
probabilities_array:[0.14051647 0.00218097 0.24094416 0.         0.03419723 0.07593054
 0.07721955 0.         0.         0.42901108]

rule57: 0.321 < a3sx < 0.965
probabilities_array:[0.15840894 0.16553074 0.20357116 0.02029513 0.         0.
 0.00415894 0.09994373 0.         0.3480913 ]

rule46: 3.101 < a2pop < 5.184
probabilities_array:[0.         0.05899549 0.13850754 0.15907879 0.12079993 0.17190471
 0.21437308 0.09045538 0.         0.04588509]

rule104: b2eff < 0.959
probabilities_array:[0.01584638 0.12369799 0.22571748 0.01451044 0.         0.13678153
 0.00897076 0.04166007 0.         0.4328152 ]

rule27: a2cx > 0.386
probabilities_array:[0.10790999 0.         0.28162092 0.         0.         0.03206027
 0.03239352 0.         0.         0.5460153 ]

rule1: -0.395 < a1cx < -0.007
probabilities_array:[0.09111452 0.03659148 0.18919703 0.10825694 0.14337474 0.
 0.08355182 0.         0.         0.34791356]

rule31: a2cy > 0.406
probabilities_array:[0.12621802 0.         0.19632553 0.         0.05166661 0.1163836
 0.11768309 0.01082169 0.         0.38090146]

rule89: 0.961 < b1eff < 1.254
probabilities_array:[0.0018405  0.         0.18277383 0.01068524 0.2330391  0.11274391
 0.         0.11387848 0.         0.3450389 ]

rule119: b3call > 5.113
probabilities_array:[0.         0.12741336 0.1770376  0.19495752 0.02281299 0.13985413
 0.         0.01346913 0.         0.32445523]

rule41: -0.196 < a2rho < -0.002
probabilities_array:[0.01537696 0.2088     0.22756338 0.02222174 0.         0.
 0.         0.04850787 0.         0.47753003]

rule64: a3rho < -0.196
probabilities_array:[0.06995924 0.06553345 0.21349615 0.00875685 0.         0.
 0.01393515 0.1649496  0.         0.46336964]

rule69: 0.948 < a3pop < 3.063
probabilities_array:[0.15877175 0.24083148 0.14896308 0.1104108  0.03293424 0.00557539
 0.03758837 0.         0.         0.26492488]

rule85: 2.848 < b1call < 3.936
probabilities_array:[0.09281285 0.         0.23060575 0.0547016  0.         0.04498112
 0.05095833 0.         0.         0.52594036]

rule48: a3cx < -0.394
probabilities_array:[0.08997929 0.         0.19964787 0.         0.         0.11086583
 0.14020987 0.         0.         0.45929712]

rule81: -0.387 < b1y < 0.005
probabilities_array:[0.10293382 0.18441741 0.15279616 0.         0.06570915 0.
 0.11551137 0.06955948 0.         0.3090726 ]

rule108: b3x < -0.393
probabilities_array:[0.05207235 0.         0.18924668 0.         0.         0.
 0.18696292 0.09560283 0.         0.47611523]

rule124: mxql = 5.0
probabilities_array:[0.         0.0276516  0.10036997 0.10354569 0.21516053 0.16499752
 0.17233054 0.19075714 0.         0.02518708]

rule107: b2eff > 1.537
probabilities_array:[1.9035809e-01 0.0000000e+00 2.1478929e-01 4.3004710e-02 5.3331227e-04
 0.0000000e+00 0.0000000e+00 0.0000000e+00 0.0000000e+00 5.5131453e-01]

rule70: 3.063 < a3pop < 5.179
probabilities_array:[0.         0.07364377 0.1120434  0.07162909 0.23821108 0.14610471
 0.16532817 0.03419266 0.         0.15884703]

rule126: mxql = 7.0
probabilities_array:[0.04593723 0.14543077 0.12691224 0.         0.1121055  0.1242399
 0.         0.1858491  0.         0.25952527]

rule115: b3y > 0.392
probabilities_array:[0.1152174  0.         0.1724171  0.08908908 0.         0.00660096
 0.12938075 0.         0.         0.48729467]

rule76: b1x < -0.385
probabilities_array:[0.07798411 0.13193184 0.13250627 0.03878947 0.17201649 0.
 0.11204931 0.         0.         0.33472255]

rule10: 1.009 < a1sx < 1.710
probabilities_array:[0.12577987 0.         0.13828799 0.15204643 0.10150976 0.
 0.06887289 0.         0.         0.41350305]

rule4: a1cy < -0.379
probabilities_array:[0.11464683 0.17159724 0.1098261  0.01558944 0.         0.05883685
 0.10084096 0.1652965  0.         0.26336607]

rule125: mxql = 6.0
probabilities_array:[0.         0.01079779 0.08409178 0.16849771 0.27840295 0.19179542
 0.0812111  0.11754653 0.         0.06765674]

rule19: a1rho > 0.190
probabilities_array:[0.10102659 0.         0.20726967 0.0299047  0.02738676 0.
 0.         0.0066128  0.         0.62779945]

rule35: a2sx > 1.625
probabilities_array:[0.08051397 0.         0.12181996 0.1266259  0.         0.09634875
 0.17302458 0.02283652 0.         0.37883028]

rule60: a3sy < 0.320
probabilities_array:[0.0743869  0.1231998  0.11516114 0.         0.         0.0874524
 0.10659877 0.10150545 0.         0.3916955 ]

rule112: b3y < -0.395
probabilities_array:[0.02867491 0.11492382 0.13165142 0.         0.11461417 0.
 0.0139832  0.09280457 0.         0.5033479 ]

rule83: b1y > 0.396
probabilities_array:[0.01418415 0.         0.12648566 0.14738698 0.07007628 0.08050622
 0.00263671 0.07291005 0.         0.48581395]

rule94: -0.009 < b2x < 0.377
probabilities_array:[0.03959886 0.0480385  0.12314157 0.18570317 0.01062126 0.
 0.11926115 0.         0.         0.4736355 ]

rule47: a2pop > 5.184
probabilities_array:[0.         0.0139086  0.06444172 0.05785609 0.09083993 0.2427239
 0.2386698  0.2898774  0.00168248 0.        ]

rule98: 0.007 < b2y < 0.390
probabilities_array:[0.19467214 0.         0.10505305 0.17271101 0.03626551 0.
 0.10460214 0.         0.         0.38669616]

rule9: 0.308 < a1sx < 1.009
probabilities_array:[0.05132862 0.12570514 0.15453714 0.         0.         0.
 0.         0.07816608 0.         0.59026307]

rule22: 3.043 < a1pop < 5.103
probabilities_array:[0.         0.08246338 0.07350574 0.12314141 0.1971502  0.2488325
 0.10346282 0.03013622 0.         0.14130776]

rule77: -0.385 < b1x < 0.008
probabilities_array:[0.1231977  0.         0.09147695 0.         0.12908535 0.00652744
 0.14358656 0.1876631  0.         0.31846297]

rule39: a2sy > 1.688
probabilities_array:[0.15893415 0.12357154 0.0990979  0.22344021 0.         0.
 0.01619531 0.         0.         0.37876084]

rule21: 0.982 < a1pop < 3.043
probabilities_array:[1.7800076e-01 1.6240829e-01 8.6261153e-02 9.0934418e-02 6.6001974e-02
 1.2618667e-01 0.0000000e+00 6.6146655e-05 0.0000000e+00 2.9014069e-01]

rule3: a1cx > 0.381
probabilities_array:[0.05509348 0.         0.11845165 0.17638299 0.         0.0799882
 0.08673632 0.         0.         0.48334736]

rule113: -0.395 < b3y < -0.002
probabilities_array:[0.13780273 0.1608119  0.09606086 0.16303018 0.         0.
 0.00730125 0.04819084 0.         0.3868023 ]

rule99: b2y > 0.390
probabilities_array:[0.20091352 0.1732852  0.09951759 0.         0.         0.08884445
 0.         0.0259282  0.         0.411511  ]

rule6: 0.006 < a1cy < 0.392
probabilities_array:[0.05682259 0.16014038 0.08483753 0.11601317 0.17119908 0.
 0.         0.09913769 0.         0.31184947]

rule33: 0.327 < a2sx < 0.976
probabilities_array:[0.08319679 0.01796267 0.10565963 0.04569701 0.13967124 0.10084751
 0.05399358 0.         0.         0.45297152]

rule63: a3sy > 1.675
probabilities_array:[0.10101875 0.         0.08596592 0.11917231 0.09095684 0.10543782
 0.08716827 0.         0.         0.41028008]

rule13: 0.331 < a1sy < 1.016
probabilities_array:[1.3025130e-01 1.1166128e-02 1.1732830e-01 1.3191815e-01 1.8575197e-02
 2.5554502e-04 0.0000000e+00 8.2743471e-04 0.0000000e+00 5.8967787e-01]

rule95: b2x > 0.377
probabilities_array:[0.15741956 0.01763716 0.06964893 0.14158496 0.06246822 0.16035949
 0.         0.05657617 0.         0.33430547]

rule52: a3cy < -0.398
probabilities_array:[0.06165455 0.12792824 0.07825809 0.10723992 0.1072846  0.
 0.04840231 0.05407946 0.         0.41515285]


---3---
rule125: mxql = 6.0
probabilities_array:[0.         0.01079779 0.08409178 0.16849771 0.27840295 0.19179542
 0.0812111  0.11754653 0.         0.06765674]

rule45: 1.018 < a2pop < 3.101
probabilities_array:[0.06162774 0.19791465 0.2214964  0.16883476 0.08312796 0.0995528
 0.09706678 0.         0.         0.07037885]

rule59: a3sx > 1.609
probabilities_array:[0.15478496 0.00545489 0.0269563  0.22325379 0.02292035 0.
 0.08917184 0.17179745 0.         0.30566043]

rule46: 3.101 < a2pop < 5.184
probabilities_array:[0.         0.05899549 0.13850754 0.15907879 0.12079993 0.17190471
 0.21437308 0.09045538 0.         0.04588509]

rule39: a2sy > 1.688
probabilities_array:[0.15893415 0.12357154 0.0990979  0.22344021 0.         0.
 0.01619531 0.         0.         0.37876084]

rule38: 1.003 < a2sy < 1.688
probabilities_array:[0.14071397 0.07000919 0.         0.19531883 0.15282622 0.
 0.03973595 0.09918713 0.         0.30220875]

rule15: a1sy > 1.700
probabilities_array:[0.01742855 0.21184199 0.04772736 0.21704948 0.         0.
 0.10071662 0.02697365 0.         0.37826228]

rule119: b3call > 5.113
probabilities_array:[0.         0.12741336 0.1770376  0.19495752 0.02281299 0.13985413
 0.         0.01346913 0.         0.32445523]

rule25: -0.393 < a2cx < -0.004
probabilities_array:[0.13557537 0.15157065 0.         0.20513041 0.         0.02899771
 0.10685778 0.00900994 0.         0.36285812]

rule29: -0.372 < a2cy < 0.017
probabilities_array:[0.05062239 0.07932546 0.         0.2354159  0.08544438 0.02906927
 0.         0.0662884  0.         0.45383415]

rule11: a1sx > 1.710
probabilities_array:[0.16260602 0.13043495 0.         0.17329998 0.         0.
 0.10450486 0.14023086 0.         0.28892326]

rule84: b1call < 2.848
probabilities_array:[0.10821476 0.12717322 0.00525395 0.18778725 0.12751463 0.
 0.         0.08943853 0.         0.35461769]

rule103: b2call > 5.060
probabilities_array:[0.00033023 0.         0.04314255 0.16901249 0.15809374 0.21632884
 0.05184423 0.05853021 0.         0.3027177 ]

rule106: 1.248 < b2eff < 1.537
probabilities_array:[0.01011134 0.04738493 0.         0.1640649  0.24278006 0.07557308
 0.11157888 0.06066003 0.         0.2878467 ]

rule34: 0.976 < a2sx < 1.625
probabilities_array:[0.03037606 0.20368204 0.         0.1821194  0.09808727 0.
 0.         0.1041555  0.         0.38157973]

rule5: -0.379 < a1cy < 0.006
probabilities_array:[0.1625607  0.         0.         0.21619539 0.0642366  0.04555168
 0.         0.03237031 0.         0.47908536]

rule58: 0.965 < a3sx < 1.609
probabilities_array:[0.04199924 0.17314602 0.         0.17932406 0.         0.07650778
 0.11343956 0.03646857 0.         0.37911478]

rule61: 0.320 < a3sy < 0.998
probabilities_array:[0.01371887 0.1321523  0.         0.19318199 0.01901835 0.10143779
 0.         0.10801779 0.         0.43247288]

rule93: -0.396 < b2x < -0.009
probabilities_array:[0.07502849 0.16355838 0.03517105 0.18702917 0.         0.
 0.10680091 0.         0.         0.43241194]

rule98: 0.007 < b2y < 0.390
probabilities_array:[0.19467214 0.         0.10505305 0.17271101 0.03626551 0.
 0.10460214 0.         0.         0.38669616]

rule22: 3.043 < a1pop < 5.103
probabilities_array:[0.         0.08246338 0.07350574 0.12314141 0.1971502  0.2488325
 0.10346282 0.03013622 0.         0.14130776]

rule124: mxql = 5.0
probabilities_array:[0.         0.0276516  0.10036997 0.10354569 0.21516053 0.16499752
 0.17233054 0.19075714 0.         0.02518708]

rule80: b1y < -0.387
probabilities_array:[0.14274627 0.09721351 0.         0.15170637 0.         0.10409331
 0.1003608  0.06743526 0.         0.33644447]

rule113: -0.395 < b3y < -0.002
probabilities_array:[0.13780273 0.1608119  0.09606086 0.16303018 0.         0.
 0.00730125 0.04819084 0.         0.3868023 ]

rule28: a2cy < -0.372
probabilities_array:[0.04827948 0.13682093 0.         0.1786933  0.         0.14648908
 0.02837502 0.02047526 0.         0.44086695]

rule36: a2sy < 0.318
probabilities_array:[0.09771711 0.00152461 0.03149804 0.18619592 0.         0.04672932
 0.         0.1709531  0.         0.4653819 ]

rule94: -0.009 < b2x < 0.377
probabilities_array:[0.03959886 0.0480385  0.12314157 0.18570317 0.01062126 0.
 0.11926115 0.         0.         0.4736355 ]

rule114: -0.002 < b3y < 0.392
probabilities_array:[0.10164585 0.00094061 0.         0.18265425 0.10565417 0.0610443
 0.07865085 0.         0.         0.46940994]

rule110: -0.001 < b3x < 0.391
probabilities_array:[0.14374214 0.21005765 0.         0.14948964 0.0690773  0.
 0.06603421 0.         0.         0.36159903]

rule95: b2x > 0.377
probabilities_array:[0.15741956 0.01763716 0.06964893 0.14158496 0.06246822 0.16035949
 0.         0.05657617 0.         0.33430547]

rule3: a1cx > 0.381
probabilities_array:[0.05509348 0.         0.11845165 0.17638299 0.         0.0799882
 0.08673632 0.         0.         0.48334736]

rule26: -0.004 < a2cx < 0.386
probabilities_array:[0.12302874 0.11346265 0.         0.15252066 0.06328715 0.
 0.0361179  0.09761062 0.         0.41397232]

rule10: 1.009 < a1sx < 1.710
probabilities_array:[0.12577987 0.         0.13828799 0.15204643 0.10150976 0.
 0.06887289 0.         0.         0.41350305]

rule78: 0.008 < b1x < 0.401
probabilities_array:[0.1435472  0.07312232 0.         0.11240565 0.16849965 0.10038249
 0.         0.19038163 0.         0.21166101]

rule17: -0.195 < a1rho < -0.003
probabilities_array:[0.0380851  0.         0.         0.19632582 0.12833679 0.05316596
 0.03099858 0.         0.         0.5530877 ]

rule71: a3pop > 5.179
probabilities_array:[0.0000000e+00 0.0000000e+00 3.4838062e-02 8.5596092e-02 1.1369952e-01
 1.6271025e-01 2.6019055e-01 3.1877401e-01 1.0832242e-04 2.4083178e-02]

rule54: -0.006 < a3cy < 0.385
probabilities_array:[0.12745051 0.01403801 0.         0.17917538 0.04187102 0.
 0.10300607 0.         0.         0.534459  ]

rule111: b3x > 0.391
probabilities_array:[0.07573115 0.09147727 0.         0.14472337 0.07865808 0.09759253
 0.04099761 0.04035725 0.         0.4304627 ]

rule69: 0.948 < a3pop < 3.063
probabilities_array:[0.15877175 0.24083148 0.14896308 0.1104108  0.03293424 0.00557539
 0.03758837 0.         0.         0.26492488]

rule6: 0.006 < a1cy < 0.392
probabilities_array:[0.05682259 0.16014038 0.08483753 0.11601317 0.17119908 0.
 0.         0.09913769 0.         0.31184947]

rule35: a2sx > 1.625
probabilities_array:[0.08051397 0.         0.12181996 0.1266259  0.         0.09634875
 0.17302458 0.02283652 0.         0.37883028]

rule83: b1y > 0.396
probabilities_array:[0.01418415 0.         0.12648566 0.14738698 0.07007628 0.08050622
 0.00263671 0.07291005 0.         0.48581395]

rule97: -0.376 < b2y < 0.007
probabilities_array:[0.         0.2539401  0.         0.11727788 0.0583967  0.13746358
 0.         0.04917594 0.         0.38374582]

rule1: -0.395 < a1cx < -0.007
probabilities_array:[0.09111452 0.03659148 0.18919703 0.10825694 0.14337474 0.
 0.08355182 0.         0.         0.34791356]

rule63: a3sy > 1.675
probabilities_array:[0.10101875 0.         0.08596592 0.11917231 0.09095684 0.10543782
 0.08716827 0.         0.         0.41028008]

rule18: -0.003 < a1rho < 0.190
probabilities_array:[0.171793   0.09954572 0.         0.1170065  0.         0.07891184
 0.03581635 0.0884322  0.         0.40849447]

rule21: 0.982 < a1pop < 3.043
probabilities_array:[1.7800076e-01 1.6240829e-01 8.6261153e-02 9.0934418e-02 6.6001974e-02
 1.2618667e-01 0.0000000e+00 6.6146655e-05 0.0000000e+00 2.9014069e-01]

rule52: a3cy < -0.398
probabilities_array:[0.06165455 0.12792824 0.07825809 0.10723992 0.1072846  0.
 0.04840231 0.05407946 0.         0.41515285]

rule65: -0.196 < a3rho < -0.002
probabilities_array:[0.07238386 0.0027968  0.06269296 0.14219095 0.         0.
 0.14197713 0.01724309 0.         0.56071526]

rule70: 3.063 < a3pop < 5.179
probabilities_array:[0.         0.07364377 0.1120434  0.07162909 0.23821108 0.14610471
 0.16532817 0.03419266 0.         0.15884703]

rule75: temp > 0.637
probabilities_array:[0.13141148 0.02182773 0.22637361 0.08827487 0.04429491 0.07508371
 0.06864656 0.         0.         0.34408712]

rule67: a3rho > 0.193
probabilities_array:[0.07658041 0.02292893 0.00521405 0.11830616 0.19702129 0.
 0.06931064 0.         0.         0.51063854]

rule47: a2pop > 5.184
probabilities_array:[0.         0.0139086  0.06444172 0.05785609 0.09083993 0.2427239
 0.2386698  0.2898774  0.00168248 0.        ]

rule88: b1eff < 0.961
probabilities_array:[0.14831294 0.         0.000368   0.08126554 0.         0.
 0.15533501 0.30862615 0.         0.30609235]

rule74: 0.495 < temp < 0.637
probabilities_array:[0.16901395 0.05241375 0.         0.10214137 0.         0.11834515
 0.07988112 0.02975194 0.         0.44845277]

rule121: 0.950 < b3eff < 1.241
probabilities_array:[0.13676028 0.1981642  0.05873181 0.08218797 0.         0.02911082
 0.         0.17531127 0.         0.31973374]

rule40: a2rho < -0.196
probabilities_array:[0.1311964  0.21076742 0.0711477  0.09990137 0.         0.
 0.04276477 0.         0.         0.44422227]

rule49: -0.394 < a3cx < -0.007
probabilities_array:[0.01777671 0.         0.04526751 0.12409535 0.         0.
 0.12404253 0.12518851 0.         0.56362945]

rule13: 0.331 < a1sy < 1.016
probabilities_array:[1.3025130e-01 1.1166128e-02 1.1732830e-01 1.3191815e-01 1.8575197e-02
 2.5554502e-04 0.0000000e+00 8.2743471e-04 0.0000000e+00 5.8967787e-01]

rule23: a1pop > 5.103
probabilities_array:[0.         0.03999901 0.04007942 0.04780894 0.11390203 0.21159703
 0.23885956 0.29985076 0.         0.00790333]

rule115: b3y > 0.392
probabilities_array:[0.1152174  0.         0.1724171  0.08908908 0.         0.00660096
 0.12938075 0.         0.         0.48729467]

rule90: 1.254 < b1eff < 1.546
probabilities_array:[0.1799963  0.04681875 0.18544635 0.05692804 0.06965685 0.18937436
 0.055479   0.         0.         0.21630046]

rule122: 1.241 < b3eff < 1.533
probabilities_array:[0.         0.1737162  0.         0.06996164 0.17832944 0.
 0.18369532 0.         0.         0.39429736]

rule30: 0.017 < a2cy < 0.406
probabilities_array:[0.14270486 0.1017487  0.         0.09334951 0.06420314 0.
 0.0050715  0.02408992 0.         0.5688323 ]


---4---
rule125: mxql = 6.0
probabilities_array:[0.         0.01079779 0.08409178 0.16849771 0.27840295 0.19179542
 0.0812111  0.11754653 0.         0.06765674]

rule124: mxql = 5.0
probabilities_array:[0.         0.0276516  0.10036997 0.10354569 0.21516053 0.16499752
 0.17233054 0.19075714 0.         0.02518708]

rule70: 3.063 < a3pop < 5.179
probabilities_array:[0.         0.07364377 0.1120434  0.07162909 0.23821108 0.14610471
 0.16532817 0.03419266 0.         0.15884703]

rule87: b1call > 5.023
probabilities_array:[0.05257785 0.00210102 0.         0.         0.32531813 0.05179901
 0.09616572 0.07971642 0.         0.39232185]

rule106: 1.248 < b2eff < 1.537
probabilities_array:[0.01011134 0.04738493 0.         0.1640649  0.24278006 0.07557308
 0.11157888 0.06066003 0.         0.2878467 ]

rule22: 3.043 < a1pop < 5.103
probabilities_array:[0.         0.08246338 0.07350574 0.12314141 0.1971502  0.2488325
 0.10346282 0.03013622 0.         0.14130776]

rule89: 0.961 < b1eff < 1.254
probabilities_array:[0.0018405  0.         0.18277383 0.01068524 0.2330391  0.11274391
 0.         0.11387848 0.         0.3450389 ]

rule78: 0.008 < b1x < 0.401
probabilities_array:[0.1435472  0.07312232 0.         0.11240565 0.16849965 0.10038249
 0.         0.19038163 0.         0.21166101]

rule73: 0.353 < temp < 0.495
probabilities_array:[0.07529351 0.         0.00450681 0.         0.21057968 0.
 0.03685039 0.2706628  0.         0.40210682]

rule102: 3.967 < b2call < 5.060
probabilities_array:[0.0791538  0.11960939 0.         0.         0.18854138 0.1621338
 0.1050555  0.         0.         0.34550622]

rule6: 0.006 < a1cy < 0.392
probabilities_array:[0.05682259 0.16014038 0.08483753 0.11601317 0.17119908 0.
 0.         0.09913769 0.         0.31184947]

rule46: 3.101 < a2pop < 5.184
probabilities_array:[0.         0.05899549 0.13850754 0.15907879 0.12079993 0.17190471
 0.21437308 0.09045538 0.         0.04588509]

rule42: -0.002 < a2rho < 0.192
probabilities_array:[6.7997098e-02 2.0473555e-01 1.1114127e-04 1.4115213e-02 1.9299713e-01
 0.0000000e+00 4.5989245e-02 6.7311831e-02 0.0000000e+00 4.0674278e-01]

rule76: b1x < -0.385
probabilities_array:[0.07798411 0.13193184 0.13250627 0.03878947 0.17201649 0.
 0.11204931 0.         0.         0.33472255]

rule51: a3cx > 0.379
probabilities_array:[0.10286164 0.11769162 0.00398306 0.         0.23436536 0.
 0.         0.02439489 0.         0.5167034 ]

rule23: a1pop > 5.103
probabilities_array:[0.         0.03999901 0.04007942 0.04780894 0.11390203 0.21159703
 0.23885956 0.29985076 0.         0.00790333]

rule71: a3pop > 5.179
probabilities_array:[0.0000000e+00 0.0000000e+00 3.4838062e-02 8.5596092e-02 1.1369952e-01
 1.6271025e-01 2.6019055e-01 3.1877401e-01 1.0832242e-04 2.4083178e-02]

rule103: b2call > 5.060
probabilities_array:[0.00033023 0.         0.04314255 0.16901249 0.15809374 0.21632884
 0.05184423 0.05853021 0.         0.3027177 ]

rule122: 1.241 < b3eff < 1.533
probabilities_array:[0.         0.1737162  0.         0.06996164 0.17832944 0.
 0.18369532 0.         0.         0.39429736]

rule38: 1.003 < a2sy < 1.688
probabilities_array:[0.14071397 0.07000919 0.         0.19531883 0.15282622 0.
 0.03973595 0.09918713 0.         0.30220875]

rule109: -0.393 < b3x < -0.001
probabilities_array:[0.12445055 0.14246058 0.         0.         0.17285953 0.06758837
 0.         0.1002306  0.         0.39241037]

rule67: a3rho > 0.193
probabilities_array:[0.07658041 0.02292893 0.00521405 0.11830616 0.19702129 0.
 0.06931064 0.         0.         0.51063854]

rule1: -0.395 < a1cx < -0.007
probabilities_array:[0.09111452 0.03659148 0.18919703 0.10825694 0.14337474 0.
 0.08355182 0.         0.         0.34791356]

rule91: b1eff > 1.546
probabilities_array:[0.0983858  0.17711335 0.22616792 0.         0.13083191 0.03898936
 0.02333574 0.         0.         0.3051759 ]

rule14: 1.016 < a1sy < 1.700
probabilities_array:[0.05652566 0.         0.         0.         0.19133534 0.22341059
 0.00365954 0.         0.         0.525069  ]

rule47: a2pop > 5.184
probabilities_array:[0.         0.0139086  0.06444172 0.05785609 0.09083993 0.2427239
 0.2386698  0.2898774  0.00168248 0.        ]

rule43: a2rho > 0.192
probabilities_array:[0.16574098 0.         0.         0.04290447 0.13204502 0.17810468
 0.11532351 0.03431964 0.         0.3315617 ]

rule77: -0.385 < b1x < 0.008
probabilities_array:[0.1231977  0.         0.09147695 0.         0.12908535 0.00652744
 0.14358656 0.1876631  0.         0.31846297]

rule2: -0.007 < a1cx < 0.381
probabilities_array:[0.12791248 0.0923617  0.         0.00849536 0.15584278 0.07133609
 0.00334881 0.0945197  0.         0.44618312]

rule126: mxql = 7.0
probabilities_array:[0.04593723 0.14543077 0.12691224 0.         0.1121055  0.1242399
 0.         0.1858491  0.         0.25952527]

rule8: a1sx < 0.308
probabilities_array:[1.5688471e-01 0.0000000e+00 7.0149042e-02 2.0650778e-05 1.5401593e-01
 4.8883520e-02 0.0000000e+00 1.0462530e-01 0.0000000e+00 4.6542087e-01]

rule84: b1call < 2.848
probabilities_array:[0.10821476 0.12717322 0.00525395 0.18778725 0.12751463 0.
 0.         0.08943853 0.         0.35461769]

rule116: b3call < 2.907
probabilities_array:[0.0681411  0.         0.08702983 0.         0.17893144 0.
 0.10876697 0.00609468 0.         0.551036  ]

rule45: 1.018 < a2pop < 3.101
probabilities_array:[0.06162774 0.19791465 0.2214964  0.16883476 0.08312796 0.0995528
 0.09706678 0.         0.         0.07037885]

rule33: 0.327 < a2sx < 0.976
probabilities_array:[0.08319679 0.01796267 0.10565963 0.04569701 0.13967124 0.10084751
 0.05399358 0.         0.         0.45297152]

rule32: a2sx < 0.327
probabilities_array:[0.12933518 0.08079974 0.03315136 0.         0.14824395 0.
 0.0561206  0.03455685 0.         0.51779246]

rule118: 4.010 < b3call < 5.113
probabilities_array:[0.05395832 0.00751458 0.         0.         0.13168205 0.03959793
 0.2666903  0.00870284 0.         0.4918539 ]

rule52: a3cy < -0.398
probabilities_array:[0.06165455 0.12792824 0.07825809 0.10723992 0.1072846  0.
 0.04840231 0.05407946 0.         0.41515285]

rule62: 0.998 < a3sy < 1.675
probabilities_array:[0.20997703 0.02083762 0.         0.         0.13220555 0.
 0.06794035 0.03035532 0.         0.5386842 ]

rule34: 0.976 < a2sx < 1.625
probabilities_array:[0.03037606 0.20368204 0.         0.1821194  0.09808727 0.
 0.         0.1041555  0.         0.38157973]

rule10: 1.009 < a1sx < 1.710
probabilities_array:[0.12577987 0.         0.13828799 0.15204643 0.10150976 0.
 0.06887289 0.         0.         0.41350305]

rule17: -0.195 < a1rho < -0.003
probabilities_array:[0.0380851  0.         0.         0.19632582 0.12833679 0.05316596
 0.03099858 0.         0.         0.5530877 ]

rule112: b3y < -0.395
probabilities_array:[0.02867491 0.11492382 0.13165142 0.         0.11461417 0.
 0.0139832  0.09280457 0.         0.5033479 ]

rule114: -0.002 < b3y < 0.392
probabilities_array:[0.10164585 0.00094061 0.         0.18265425 0.10565417 0.0610443
 0.07865085 0.         0.         0.46940994]

rule90: 1.254 < b1eff < 1.546
probabilities_array:[0.1799963  0.04681875 0.18544635 0.05692804 0.06965685 0.18937436
 0.055479   0.         0.         0.21630046]

rule66: -0.002 < a3rho < 0.193
probabilities_array:[0.18508464 0.02557562 0.         0.         0.10785323 0.17409846
 0.01019461 0.00235921 0.         0.49483433]

rule63: a3sy > 1.675
probabilities_array:[0.10101875 0.         0.08596592 0.11917231 0.09095684 0.10543782
 0.08716827 0.         0.         0.41028008]

rule82: 0.005 < b1y < 0.396
probabilities_array:[0.19578448 0.00643137 0.01922916 0.02827342 0.1247335  0.
 0.05325938 0.         0.         0.57228863]

rule96: b2y < -0.376
probabilities_array:[0.10136876 0.         0.00046478 0.01269302 0.08738763 0.08433885
 0.14035998 0.17454696 0.         0.39884004]

rule50: -0.007 < a3cx < 0.379
probabilities_array:[0.14396946 0.11489872 0.         0.04743134 0.08186843 0.00269989
 0.         0.21129118 0.         0.39784104]

rule16: a1rho < -0.195
probabilities_array:[0.12315792 0.09863727 0.04703036 0.         0.0859137  0.
 0.1354141  0.07372792 0.         0.43611878]

rule21: 0.982 < a1pop < 3.043
probabilities_array:[1.7800076e-01 1.6240829e-01 8.6261153e-02 9.0934418e-02 6.6001974e-02
 1.2618667e-01 0.0000000e+00 6.6146655e-05 0.0000000e+00 2.9014069e-01]

rule29: -0.372 < a2cy < 0.017
probabilities_array:[0.05062239 0.07932546 0.         0.2354159  0.08544438 0.02906927
 0.         0.0662884  0.         0.45383415]

rule81: -0.387 < b1y < 0.005
probabilities_array:[0.10293382 0.18441741 0.15279616 0.         0.06570915 0.
 0.11551137 0.06955948 0.         0.3090726 ]

rule111: b3x > 0.391
probabilities_array:[0.07573115 0.09147727 0.         0.14472337 0.07865808 0.09759253
 0.04099761 0.04035725 0.         0.4304627 ]

rule110: -0.001 < b3x < 0.391
probabilities_array:[0.14374214 0.21005765 0.         0.14948964 0.0690773  0.
 0.06603421 0.         0.         0.36159903]

rule95: b2x > 0.377
probabilities_array:[0.15741956 0.01763716 0.06964893 0.14158496 0.06246822 0.16035949
 0.         0.05657617 0.         0.33430547]


---5---
rule47: a2pop > 5.184
probabilities_array:[0.         0.0139086  0.06444172 0.05785609 0.09083993 0.2427239
 0.2386698  0.2898774  0.00168248 0.        ]

rule22: 3.043 < a1pop < 5.103
probabilities_array:[0.         0.08246338 0.07350574 0.12314141 0.1971502  0.2488325
 0.10346282 0.03013622 0.         0.14130776]

rule23: a1pop > 5.103
probabilities_array:[0.         0.03999901 0.04007942 0.04780894 0.11390203 0.21159703
 0.23885956 0.29985076 0.         0.00790333]

rule125: mxql = 6.0
probabilities_array:[0.         0.01079779 0.08409178 0.16849771 0.27840295 0.19179542
 0.0812111  0.11754653 0.         0.06765674]

rule46: 3.101 < a2pop < 5.184
probabilities_array:[0.         0.05899549 0.13850754 0.15907879 0.12079993 0.17190471
 0.21437308 0.09045538 0.         0.04588509]

rule124: mxql = 5.0
probabilities_array:[0.         0.0276516  0.10036997 0.10354569 0.21516053 0.16499752
 0.17233054 0.19075714 0.         0.02518708]

rule71: a3pop > 5.179
probabilities_array:[0.0000000e+00 0.0000000e+00 3.4838062e-02 8.5596092e-02 1.1369952e-01
 1.6271025e-01 2.6019055e-01 3.1877401e-01 1.0832242e-04 2.4083178e-02]

rule103: b2call > 5.060
probabilities_array:[0.00033023 0.         0.04314255 0.16901249 0.15809374 0.21632884
 0.05184423 0.05853021 0.         0.3027177 ]

rule90: 1.254 < b1eff < 1.546
probabilities_array:[0.1799963  0.04681875 0.18544635 0.05692804 0.06965685 0.18937436
 0.055479   0.         0.         0.21630046]

rule70: 3.063 < a3pop < 5.179
probabilities_array:[0.         0.07364377 0.1120434  0.07162909 0.23821108 0.14610471
 0.16532817 0.03419266 0.         0.15884703]

rule43: a2rho > 0.192
probabilities_array:[0.16574098 0.         0.         0.04290447 0.13204502 0.17810468
 0.11532351 0.03431964 0.         0.3315617 ]

rule95: b2x > 0.377
probabilities_array:[0.15741956 0.01763716 0.06964893 0.14158496 0.06246822 0.16035949
 0.         0.05657617 0.         0.33430547]

rule102: 3.967 < b2call < 5.060
probabilities_array:[0.0791538  0.11960939 0.         0.         0.18854138 0.1621338
 0.1050555  0.         0.         0.34550622]

rule14: 1.016 < a1sy < 1.700
probabilities_array:[0.05652566 0.         0.         0.         0.19133534 0.22341059
 0.00365954 0.         0.         0.525069  ]

rule12: a1sy < 0.331
probabilities_array:[0.13189088 0.05782812 0.03824397 0.00191633 0.         0.18267177
 0.07035872 0.09615129 0.         0.42093903]

rule56: a3sx < 0.321
probabilities_array:[0.03345336 0.         0.06892531 0.         0.02979309 0.21386245
 0.12090631 0.         0.         0.5330595 ]

rule119: b3call > 5.113
probabilities_array:[0.         0.12741336 0.1770376  0.19495752 0.02281299 0.13985413
 0.         0.01346913 0.         0.32445523]

rule45: 1.018 < a2pop < 3.101
probabilities_array:[0.06162774 0.19791465 0.2214964  0.16883476 0.08312796 0.0995528
 0.09706678 0.         0.         0.07037885]

rule126: mxql = 7.0
probabilities_array:[0.04593723 0.14543077 0.12691224 0.         0.1121055  0.1242399
 0.         0.1858491  0.         0.25952527]

rule21: 0.982 < a1pop < 3.043
probabilities_array:[1.7800076e-01 1.6240829e-01 8.6261153e-02 9.0934418e-02 6.6001974e-02
 1.2618667e-01 0.0000000e+00 6.6146655e-05 0.0000000e+00 2.9014069e-01]

rule66: -0.002 < a3rho < 0.193
probabilities_array:[0.18508464 0.02557562 0.         0.         0.10785323 0.17409846
 0.01019461 0.00235921 0.         0.49483433]

rule97: -0.376 < b2y < 0.007
probabilities_array:[0.         0.2539401  0.         0.11727788 0.0583967  0.13746358
 0.         0.04917594 0.         0.38374582]

rule28: a2cy < -0.372
probabilities_array:[0.04827948 0.13682093 0.         0.1786933  0.         0.14648908
 0.02837502 0.02047526 0.         0.44086695]

rule55: a3cy > 0.385
probabilities_array:[0.13679576 0.09261973 0.06183764 0.         0.         0.13519911
 0.13112603 0.03670445 0.         0.40571728]

rule78: 0.008 < b1x < 0.401
probabilities_array:[0.1435472  0.07312232 0.         0.11240565 0.16849965 0.10038249
 0.         0.19038163 0.         0.21166101]

rule104: b2eff < 0.959
probabilities_array:[0.01584638 0.12369799 0.22571748 0.01451044 0.         0.13678153
 0.00897076 0.04166007 0.         0.4328152 ]

rule117: 2.907 < b3call < 4.010
probabilities_array:[2.4488614e-01 7.2059616e-02 3.6637095e-05 4.2720325e-02 0.0000000e+00
 1.3364258e-01 0.0000000e+00 7.0500150e-02 0.0000000e+00 4.3615454e-01]

rule89: 0.961 < b1eff < 1.254
probabilities_array:[0.0018405  0.         0.18277383 0.01068524 0.2330391  0.11274391
 0.         0.11387848 0.         0.3450389 ]

rule31: a2cy > 0.406
probabilities_array:[0.12621802 0.         0.19632553 0.         0.05166661 0.1163836
 0.11768309 0.01082169 0.         0.38090146]

rule80: b1y < -0.387
probabilities_array:[0.14274627 0.09721351 0.         0.15170637 0.         0.10409331
 0.1003608  0.06743526 0.         0.33644447]

rule53: -0.398 < a3cy < -0.006
probabilities_array:[0.1239157  0.         0.08052199 0.         0.06581633 0.15437399
 0.02113432 0.         0.         0.55423766]

rule74: 0.495 < temp < 0.637
probabilities_array:[0.16901395 0.05241375 0.         0.10214137 0.         0.11834515
 0.07988112 0.02975194 0.         0.44845277]

rule63: a3sy > 1.675
probabilities_array:[0.10101875 0.         0.08596592 0.11917231 0.09095684 0.10543782
 0.08716827 0.         0.         0.41028008]

rule48: a3cx < -0.394
probabilities_array:[0.08997929 0.         0.19964787 0.         0.         0.11086583
 0.14020987 0.         0.         0.45929712]

rule35: a2sx > 1.625
probabilities_array:[0.08051397 0.         0.12181996 0.1266259  0.         0.09634875
 0.17302458 0.02283652 0.         0.37883028]

rule61: 0.320 < a3sy < 0.998
probabilities_array:[0.01371887 0.1321523  0.         0.19318199 0.01901835 0.10143779
 0.         0.10801779 0.         0.43247288]

rule7: a1cy > 0.392
probabilities_array:[7.91231450e-03 1.95064887e-01 9.67989117e-03 0.00000000e+00
 2.73272217e-05 1.18175484e-01 1.54519454e-01 0.00000000e+00
 0.00000000e+00 5.14620602e-01]

rule37: 0.318 < a2sy < 1.003
probabilities_array:[8.8836782e-02 9.3919441e-02 2.6628749e-02 0.0000000e+00 1.6403758e-04
 9.6124895e-02 1.2234926e-01 1.6138911e-01 0.0000000e+00 4.1058770e-01]

rule111: b3x > 0.391
probabilities_array:[0.07573115 0.09147727 0.         0.14472337 0.07865808 0.09759253
 0.04099761 0.04035725 0.         0.4304627 ]

rule33: 0.327 < a2sx < 0.976
probabilities_array:[0.08319679 0.01796267 0.10565963 0.04569701 0.13967124 0.10084751
 0.05399358 0.         0.         0.45297152]

rule106: 1.248 < b2eff < 1.537
probabilities_array:[0.01011134 0.04738493 0.         0.1640649  0.24278006 0.07557308
 0.11157888 0.06066003 0.         0.2878467 ]

rule60: a3sy < 0.320
probabilities_array:[0.0743869  0.1231998  0.11516114 0.         0.         0.0874524
 0.10659877 0.10150545 0.         0.3916955 ]

rule86: 3.936 < b1call < 5.023
probabilities_array:[0.08537822 0.08018087 0.         0.         0.         0.10226531
 0.21416648 0.03706932 0.         0.48093978]

rule99: b2y > 0.390
probabilities_array:[0.20091352 0.1732852  0.09951759 0.         0.         0.08884445
 0.         0.0259282  0.         0.411511  ]

rule96: b2y < -0.376
probabilities_array:[0.10136876 0.         0.00046478 0.01269302 0.08738763 0.08433885
 0.14035998 0.17454696 0.         0.39884004]

rule123: b3eff > 1.533
probabilities_array:[0.1840623  0.         0.08430488 0.00528501 0.04245234 0.11280806
 0.         0.00877234 0.         0.5623151 ]

rule75: temp > 0.637
probabilities_array:[0.13141148 0.02182773 0.22637361 0.08827487 0.04429491 0.07508371
 0.06864656 0.         0.         0.34408712]

rule58: 0.965 < a3sx < 1.609
probabilities_array:[0.04199924 0.17314602 0.         0.17932406 0.         0.07650778
 0.11343956 0.03646857 0.         0.37911478]

rule18: -0.003 < a1rho < 0.190
probabilities_array:[0.171793   0.09954572 0.         0.1170065  0.         0.07891184
 0.03581635 0.0884322  0.         0.40849447]

rule24: a2cx < -0.393
probabilities_array:[0.14051647 0.00218097 0.24094416 0.         0.03419723 0.07593054
 0.07721955 0.         0.         0.42901108]

rule4: a1cy < -0.379
probabilities_array:[0.11464683 0.17159724 0.1098261  0.01558944 0.         0.05883685
 0.10084096 0.1652965  0.         0.26336607]

rule83: b1y > 0.396
probabilities_array:[0.01418415 0.         0.12648566 0.14738698 0.07007628 0.08050622
 0.00263671 0.07291005 0.         0.48581395]

rule3: a1cx > 0.381
probabilities_array:[0.05509348 0.         0.11845165 0.17638299 0.         0.0799882
 0.08673632 0.         0.         0.48334736]

rule109: -0.393 < b3x < -0.001
probabilities_array:[0.12445055 0.14246058 0.         0.         0.17285953 0.06758837
 0.         0.1002306  0.         0.39241037]


---6---
rule71: a3pop > 5.179
probabilities_array:[0.0000000e+00 0.0000000e+00 3.4838062e-02 8.5596092e-02 1.1369952e-01
 1.6271025e-01 2.6019055e-01 3.1877401e-01 1.0832242e-04 2.4083178e-02]

rule47: a2pop > 5.184
probabilities_array:[0.         0.0139086  0.06444172 0.05785609 0.09083993 0.2427239
 0.2386698  0.2898774  0.00168248 0.        ]

rule23: a1pop > 5.103
probabilities_array:[0.         0.03999901 0.04007942 0.04780894 0.11390203 0.21159703
 0.23885956 0.29985076 0.         0.00790333]

rule46: 3.101 < a2pop < 5.184
probabilities_array:[0.         0.05899549 0.13850754 0.15907879 0.12079993 0.17190471
 0.21437308 0.09045538 0.         0.04588509]

rule124: mxql = 5.0
probabilities_array:[0.         0.0276516  0.10036997 0.10354569 0.21516053 0.16499752
 0.17233054 0.19075714 0.         0.02518708]

rule70: 3.063 < a3pop < 5.179
probabilities_array:[0.         0.07364377 0.1120434  0.07162909 0.23821108 0.14610471
 0.16532817 0.03419266 0.         0.15884703]

rule118: 4.010 < b3call < 5.113
probabilities_array:[0.05395832 0.00751458 0.         0.         0.13168205 0.03959793
 0.2666903  0.00870284 0.         0.4918539 ]

rule122: 1.241 < b3eff < 1.533
probabilities_array:[0.         0.1737162  0.         0.06996164 0.17832944 0.
 0.18369532 0.         0.         0.39429736]

rule86: 3.936 < b1call < 5.023
probabilities_array:[0.08537822 0.08018087 0.         0.         0.         0.10226531
 0.21416648 0.03706932 0.         0.48093978]

rule88: b1eff < 0.961
probabilities_array:[0.14831294 0.         0.000368   0.08126554 0.         0.
 0.15533501 0.30862615 0.         0.30609235]

rule35: a2sx > 1.625
probabilities_array:[0.08051397 0.         0.12181996 0.1266259  0.         0.09634875
 0.17302458 0.02283652 0.         0.37883028]

rule108: b3x < -0.393
probabilities_array:[0.05207235 0.         0.18924668 0.         0.         0.
 0.18696292 0.09560283 0.         0.47611523]

rule77: -0.385 < b1x < 0.008
probabilities_array:[0.1231977  0.         0.09147695 0.         0.12908535 0.00652744
 0.14358656 0.1876631  0.         0.31846297]

rule45: 1.018 < a2pop < 3.101
probabilities_array:[0.06162774 0.19791465 0.2214964  0.16883476 0.08312796 0.0995528
 0.09706678 0.         0.         0.07037885]

rule22: 3.043 < a1pop < 5.103
probabilities_array:[0.         0.08246338 0.07350574 0.12314141 0.1971502  0.2488325
 0.10346282 0.03013622 0.         0.14130776]

rule92: b2x < -0.396
probabilities_array:[0.0811886  0.         0.         0.         0.01952724 0.06861292
 0.1577491  0.21785276 0.         0.45506942]

rule96: b2y < -0.376
probabilities_array:[0.10136876 0.         0.00046478 0.01269302 0.08738763 0.08433885
 0.14035998 0.17454696 0.         0.39884004]

rule81: -0.387 < b1y < 0.005
probabilities_array:[0.10293382 0.18441741 0.15279616 0.         0.06570915 0.
 0.11551137 0.06955948 0.         0.3090726 ]

rule106: 1.248 < b2eff < 1.537
probabilities_array:[0.01011134 0.04738493 0.         0.1640649  0.24278006 0.07557308
 0.11157888 0.06066003 0.         0.2878467 ]

rule55: a3cy > 0.385
probabilities_array:[0.13679576 0.09261973 0.06183764 0.         0.         0.13519911
 0.13112603 0.03670445 0.         0.40571728]

rule43: a2rho > 0.192
probabilities_array:[0.16574098 0.         0.         0.04290447 0.13204502 0.17810468
 0.11532351 0.03431964 0.         0.3315617 ]

rule16: a1rho < -0.195
probabilities_array:[0.12315792 0.09863727 0.04703036 0.         0.0859137  0.
 0.1354141  0.07372792 0.         0.43611878]

rule48: a3cx < -0.394
probabilities_array:[0.08997929 0.         0.19964787 0.         0.         0.11086583
 0.14020987 0.         0.         0.45929712]

rule125: mxql = 6.0
probabilities_array:[0.         0.01079779 0.08409178 0.16849771 0.27840295 0.19179542
 0.0812111  0.11754653 0.         0.06765674]

rule7: a1cy > 0.392
probabilities_array:[7.91231450e-03 1.95064887e-01 9.67989117e-03 0.00000000e+00
 2.73272217e-05 1.18175484e-01 1.54519454e-01 0.00000000e+00
 0.00000000e+00 5.14620602e-01]

rule76: b1x < -0.385
probabilities_array:[0.07798411 0.13193184 0.13250627 0.03878947 0.17201649 0.
 0.11204931 0.         0.         0.33472255]

rule11: a1sx > 1.710
probabilities_array:[0.16260602 0.13043495 0.         0.17329998 0.         0.
 0.10450486 0.14023086 0.         0.28892326]

rule4: a1cy < -0.379
probabilities_array:[0.11464683 0.17159724 0.1098261  0.01558944 0.         0.05883685
 0.10084096 0.1652965  0.         0.26336607]

rule31: a2cy > 0.406
probabilities_array:[0.12621802 0.         0.19632553 0.         0.05166661 0.1163836
 0.11768309 0.01082169 0.         0.38090146]

rule37: 0.318 < a2sy < 1.003
probabilities_array:[8.8836782e-02 9.3919441e-02 2.6628749e-02 0.0000000e+00 1.6403758e-04
 9.6124895e-02 1.2234926e-01 1.6138911e-01 0.0000000e+00 4.1058770e-01]

rule58: 0.965 < a3sx < 1.609
probabilities_array:[0.04199924 0.17314602 0.         0.17932406 0.         0.07650778
 0.11343956 0.03646857 0.         0.37911478]

rule105: 0.959 < b2eff < 1.248
probabilities_array:[0.1398976  0.         0.         0.         0.05034139 0.
 0.14461556 0.14162864 0.         0.52351683]

rule102: 3.967 < b2call < 5.060
probabilities_array:[0.0791538  0.11960939 0.         0.         0.18854138 0.1621338
 0.1050555  0.         0.         0.34550622]

rule25: -0.393 < a2cx < -0.004
probabilities_array:[0.13557537 0.15157065 0.         0.20513041 0.         0.02899771
 0.10685778 0.00900994 0.         0.36285812]

rule80: b1y < -0.387
probabilities_array:[0.14274627 0.09721351 0.         0.15170637 0.         0.10409331
 0.1003608  0.06743526 0.         0.33644447]

rule115: b3y > 0.392
probabilities_array:[0.1152174  0.         0.1724171  0.08908908 0.         0.00660096
 0.12938075 0.         0.         0.48729467]

rule60: a3sy < 0.320
probabilities_array:[0.0743869  0.1231998  0.11516114 0.         0.         0.0874524
 0.10659877 0.10150545 0.         0.3916955 ]

rule98: 0.007 < b2y < 0.390
probabilities_array:[0.19467214 0.         0.10505305 0.17271101 0.03626551 0.
 0.10460214 0.         0.         0.38669616]

rule94: -0.009 < b2x < 0.377
probabilities_array:[0.03959886 0.0480385  0.12314157 0.18570317 0.01062126 0.
 0.11926115 0.         0.         0.4736355 ]

rule15: a1sy > 1.700
probabilities_array:[0.01742855 0.21184199 0.04772736 0.21704948 0.         0.
 0.10071662 0.02697365 0.         0.37826228]

rule65: -0.196 < a3rho < -0.002
probabilities_array:[0.07238386 0.0027968  0.06269296 0.14219095 0.         0.
 0.14197713 0.01724309 0.         0.56071526]

rule59: a3sx > 1.609
probabilities_array:[0.15478496 0.00545489 0.0269563  0.22325379 0.02292035 0.
 0.08917184 0.17179745 0.         0.30566043]

rule93: -0.396 < b2x < -0.009
probabilities_array:[0.07502849 0.16355838 0.03517105 0.18702917 0.         0.
 0.10680091 0.         0.         0.43241194]

rule87: b1call > 5.023
probabilities_array:[0.05257785 0.00210102 0.         0.         0.32531813 0.05179901
 0.09616572 0.07971642 0.         0.39232185]

rule56: a3sx < 0.321
probabilities_array:[0.03345336 0.         0.06892531 0.         0.02979309 0.21386245
 0.12090631 0.         0.         0.5330595 ]

rule1: -0.395 < a1cx < -0.007
probabilities_array:[0.09111452 0.03659148 0.18919703 0.10825694 0.14337474 0.
 0.08355182 0.         0.         0.34791356]

rule49: -0.394 < a3cx < -0.007
probabilities_array:[0.01777671 0.         0.04526751 0.12409535 0.         0.
 0.12404253 0.12518851 0.         0.56362945]

rule63: a3sy > 1.675
probabilities_array:[0.10101875 0.         0.08596592 0.11917231 0.09095684 0.10543782
 0.08716827 0.         0.         0.41028008]

rule79: b1x > 0.401
probabilities_array:[0.08509278 0.14678928 0.01092826 0.         0.         0.05721891
 0.091431   0.16827917 0.         0.44026068]

rule116: b3call < 2.907
probabilities_array:[0.0681411  0.         0.08702983 0.         0.17893144 0.
 0.10876697 0.00609468 0.         0.551036  ]

rule54: -0.006 < a3cy < 0.385
probabilities_array:[0.12745051 0.01403801 0.         0.17917538 0.04187102 0.
 0.10300607 0.         0.         0.534459  ]

rule75: temp > 0.637
probabilities_array:[0.13141148 0.02182773 0.22637361 0.08827487 0.04429491 0.07508371
 0.06864656 0.         0.         0.34408712]

rule3: a1cx > 0.381
probabilities_array:[0.05509348 0.         0.11845165 0.17638299 0.         0.0799882
 0.08673632 0.         0.         0.48334736]

rule24: a2cx < -0.393
probabilities_array:[0.14051647 0.00218097 0.24094416 0.         0.03419723 0.07593054
 0.07721955 0.         0.         0.42901108]

rule74: 0.495 < temp < 0.637
probabilities_array:[0.16901395 0.05241375 0.         0.10214137 0.         0.11834515
 0.07988112 0.02975194 0.         0.44845277]

rule90: 1.254 < b1eff < 1.546
probabilities_array:[0.1799963  0.04681875 0.18544635 0.05692804 0.06965685 0.18937436
 0.055479   0.         0.         0.21630046]

rule110: -0.001 < b3x < 0.391
probabilities_array:[0.14374214 0.21005765 0.         0.14948964 0.0690773  0.
 0.06603421 0.         0.         0.36159903]

rule114: -0.002 < b3y < 0.392
probabilities_array:[0.10164585 0.00094061 0.         0.18265425 0.10565417 0.0610443
 0.07865085 0.         0.         0.46940994]

rule12: a1sy < 0.331
probabilities_array:[0.13189088 0.05782812 0.03824397 0.00191633 0.         0.18267177
 0.07035872 0.09615129 0.         0.42093903]

rule10: 1.009 < a1sx < 1.710
probabilities_array:[0.12577987 0.         0.13828799 0.15204643 0.10150976 0.
 0.06887289 0.         0.         0.41350305]


---7---
rule71: a3pop > 5.179
probabilities_array:[0.0000000e+00 0.0000000e+00 3.4838062e-02 8.5596092e-02 1.1369952e-01
 1.6271025e-01 2.6019055e-01 3.1877401e-01 1.0832242e-04 2.4083178e-02]

rule23: a1pop > 5.103
probabilities_array:[0.         0.03999901 0.04007942 0.04780894 0.11390203 0.21159703
 0.23885956 0.29985076 0.         0.00790333]

rule47: a2pop > 5.184
probabilities_array:[0.         0.0139086  0.06444172 0.05785609 0.09083993 0.2427239
 0.2386698  0.2898774  0.00168248 0.        ]

rule88: b1eff < 0.961
probabilities_array:[0.14831294 0.         0.000368   0.08126554 0.         0.
 0.15533501 0.30862615 0.         0.30609235]

rule124: mxql = 5.0
probabilities_array:[0.         0.0276516  0.10036997 0.10354569 0.21516053 0.16499752
 0.17233054 0.19075714 0.         0.02518708]

rule73: 0.353 < temp < 0.495
probabilities_array:[0.07529351 0.         0.00450681 0.         0.21057968 0.
 0.03685039 0.2706628  0.         0.40210682]

rule78: 0.008 < b1x < 0.401
probabilities_array:[0.1435472  0.07312232 0.         0.11240565 0.16849965 0.10038249
 0.         0.19038163 0.         0.21166101]

rule72: temp < 0.353
probabilities_array:[0.04367642 0.00699586 0.06579985 0.05485781 0.         0.00933618
 0.00491808 0.29389253 0.         0.52052325]

rule126: mxql = 7.0
probabilities_array:[0.04593723 0.14543077 0.12691224 0.         0.1121055  0.1242399
 0.         0.1858491  0.         0.25952527]

rule77: -0.385 < b1x < 0.008
probabilities_array:[0.1231977  0.         0.09147695 0.         0.12908535 0.00652744
 0.14358656 0.1876631  0.         0.31846297]

rule50: -0.007 < a3cx < 0.379
probabilities_array:[0.14396946 0.11489872 0.         0.04743134 0.08186843 0.00269989
 0.         0.21129118 0.         0.39784104]

rule4: a1cy < -0.379
probabilities_array:[0.11464683 0.17159724 0.1098261  0.01558944 0.         0.05883685
 0.10084096 0.1652965  0.         0.26336607]

rule59: a3sx > 1.609
probabilities_array:[0.15478496 0.00545489 0.0269563  0.22325379 0.02292035 0.
 0.08917184 0.17179745 0.         0.30566043]

rule121: 0.950 < b3eff < 1.241
probabilities_array:[0.13676028 0.1981642  0.05873181 0.08218797 0.         0.02911082
 0.         0.17531127 0.         0.31973374]

rule92: b2x < -0.396
probabilities_array:[0.0811886  0.         0.         0.         0.01952724 0.06861292
 0.1577491  0.21785276 0.         0.45506942]

rule125: mxql = 6.0
probabilities_array:[0.         0.01079779 0.08409178 0.16849771 0.27840295 0.19179542
 0.0812111  0.11754653 0.         0.06765674]

rule96: b2y < -0.376
probabilities_array:[0.10136876 0.         0.00046478 0.01269302 0.08738763 0.08433885
 0.14035998 0.17454696 0.         0.39884004]

rule11: a1sx > 1.710
probabilities_array:[0.16260602 0.13043495 0.         0.17329998 0.         0.
 0.10450486 0.14023086 0.         0.28892326]

rule37: 0.318 < a2sy < 1.003
probabilities_array:[8.8836782e-02 9.3919441e-02 2.6628749e-02 0.0000000e+00 1.6403758e-04
 9.6124895e-02 1.2234926e-01 1.6138911e-01 0.0000000e+00 4.1058770e-01]

rule79: b1x > 0.401
probabilities_array:[0.08509278 0.14678928 0.01092826 0.         0.         0.05721891
 0.091431   0.16827917 0.         0.44026068]

rule36: a2sy < 0.318
probabilities_array:[0.09771711 0.00152461 0.03149804 0.18619592 0.         0.04672932
 0.         0.1709531  0.         0.4653819 ]

rule64: a3rho < -0.196
probabilities_array:[0.06995924 0.06553345 0.21349615 0.00875685 0.         0.
 0.01393515 0.1649496  0.         0.46336964]

rule46: 3.101 < a2pop < 5.184
probabilities_array:[0.         0.05899549 0.13850754 0.15907879 0.12079993 0.17190471
 0.21437308 0.09045538 0.         0.04588509]

rule0: a1cx < -0.395
probabilities_array:[0.10350864 0.15099114 0.         0.         0.03304582 0.0102845
 0.         0.16282721 0.         0.5393427 ]

rule89: 0.961 < b1eff < 1.254
probabilities_array:[0.0018405  0.         0.18277383 0.01068524 0.2330391  0.11274391
 0.         0.11387848 0.         0.3450389 ]

rule38: 1.003 < a2sy < 1.688
probabilities_array:[0.14071397 0.07000919 0.         0.19531883 0.15282622 0.
 0.03973595 0.09918713 0.         0.30220875]

rule6: 0.006 < a1cy < 0.392
probabilities_array:[0.05682259 0.16014038 0.08483753 0.11601317 0.17119908 0.
 0.         0.09913769 0.         0.31184947]

rule105: 0.959 < b2eff < 1.248
probabilities_array:[0.1398976  0.         0.         0.         0.05034139 0.
 0.14461556 0.14162864 0.         0.52351683]

rule57: 0.321 < a3sx < 0.965
probabilities_array:[0.15840894 0.16553074 0.20357116 0.02029513 0.         0.
 0.00415894 0.09994373 0.         0.3480913 ]

rule34: 0.976 < a2sx < 1.625
probabilities_array:[0.03037606 0.20368204 0.         0.1821194  0.09808727 0.
 0.         0.1041555  0.         0.38157973]

rule60: a3sy < 0.320
probabilities_array:[0.0743869  0.1231998  0.11516114 0.         0.         0.0874524
 0.10659877 0.10150545 0.         0.3916955 ]

rule61: 0.320 < a3sy < 0.998
probabilities_array:[0.01371887 0.1321523  0.         0.19318199 0.01901835 0.10143779
 0.         0.10801779 0.         0.43247288]

rule109: -0.393 < b3x < -0.001
probabilities_array:[0.12445055 0.14246058 0.         0.         0.17285953 0.06758837
 0.         0.1002306  0.         0.39241037]

rule127: mxql = 8.0
probabilities_array:[0.14078245 0.07727391 0.04789078 0.00203919 0.00868929 0.
 0.01715269 0.13702449 0.         0.5691472 ]

rule84: b1call < 2.848
probabilities_array:[0.10821476 0.12717322 0.00525395 0.18778725 0.12751463 0.
 0.         0.08943853 0.         0.35461769]

rule26: -0.004 < a2cx < 0.386
probabilities_array:[0.12302874 0.11346265 0.         0.15252066 0.06328715 0.
 0.0361179  0.09761062 0.         0.41397232]

rule8: a1sx < 0.308
probabilities_array:[1.5688471e-01 0.0000000e+00 7.0149042e-02 2.0650778e-05 1.5401593e-01
 4.8883520e-02 0.0000000e+00 1.0462530e-01 0.0000000e+00 4.6542087e-01]

rule12: a1sy < 0.331
probabilities_array:[0.13189088 0.05782812 0.03824397 0.00191633 0.         0.18267177
 0.07035872 0.09615129 0.         0.42093903]

rule49: -0.394 < a3cx < -0.007
probabilities_array:[0.01777671 0.         0.04526751 0.12409535 0.         0.
 0.12404253 0.12518851 0.         0.56362945]

rule2: -0.007 < a1cx < 0.381
probabilities_array:[0.12791248 0.0923617  0.         0.00849536 0.15584278 0.07133609
 0.00334881 0.0945197  0.         0.44618312]

rule18: -0.003 < a1rho < 0.190
probabilities_array:[0.171793   0.09954572 0.         0.1170065  0.         0.07891184
 0.03581635 0.0884322  0.         0.40849447]

rule108: b3x < -0.393
probabilities_array:[0.05207235 0.         0.18924668 0.         0.         0.
 0.18696292 0.09560283 0.         0.47611523]

rule87: b1call > 5.023
probabilities_array:[0.05257785 0.00210102 0.         0.         0.32531813 0.05179901
 0.09616572 0.07971642 0.         0.39232185]

rule81: -0.387 < b1y < 0.005
probabilities_array:[0.10293382 0.18441741 0.15279616 0.         0.06570915 0.
 0.11551137 0.06955948 0.         0.3090726 ]

rule112: b3y < -0.395
probabilities_array:[0.02867491 0.11492382 0.13165142 0.         0.11461417 0.
 0.0139832  0.09280457 0.         0.5033479 ]

rule80: b1y < -0.387
probabilities_array:[0.14274627 0.09721351 0.         0.15170637 0.         0.10409331
 0.1003608  0.06743526 0.         0.33644447]

rule106: 1.248 < b2eff < 1.537
probabilities_array:[0.01011134 0.04738493 0.         0.1640649  0.24278006 0.07557308
 0.11157888 0.06066003 0.         0.2878467 ]

rule16: a1rho < -0.195
probabilities_array:[0.12315792 0.09863727 0.04703036 0.         0.0859137  0.
 0.1354141  0.07372792 0.         0.43611878]

rule103: b2call > 5.060
probabilities_array:[0.00033023 0.         0.04314255 0.16901249 0.15809374 0.21632884
 0.05184423 0.05853021 0.         0.3027177 ]


---8---
