R2: -56.88434028321305

MAE: 126.8184411764706

MSE: 16378.816975

Accuracy: 0.3382352941176471

F1: 0.3370282194508708

Confusion Matrix: [[21, 20, 7, 1, 1, 0, 0, 0], [9, 19, 5, 5, 2, 0, 0, 0], [6, 10, 5, 7, 6, 2, 1, 2], [4, 11, 12, 10, 2, 2, 0, 5], [3, 8, 6, 7, 8, 11, 1, 2], [1, 6, 0, 5, 6, 14, 6, 9], [0, 1, 0, 0, 3, 9, 14, 8], [1, 0, 1, 0, 5, 4, 2, 24]]

Uncertainties: {'class0': [0.5608984231948853, 0.25196948647499084, 0.209880530834198, 0.18048512935638428, 0.16708406805992126], 'class1': [0.25196948647499084, 0.2289586067199707, 0.18048512935638428, 0.17480254173278809, 0.16708406805992126], 'class2': [0.25196948647499084, 0.24041427671909332, 0.209880530834198, 0.18048512935638428, 0.17480254173278809], 'class3': [0.2994498014450073, 0.24041427671909332, 0.2289586067199707, 0.18048512935638428, 0.17480254173278809], 'class4': [0.31572359800338745, 0.25196948647499084, 0.24041427671909332, 0.17775502800941467, 0.17480254173278809], 'class5': [0.4583694636821747, 0.2917161285877228, 0.24041427671909332, 0.209880530834198, 0.17775502800941467], 'class6': [0.31572359800338745, 0.2917161285877228, 0.2848343849182129, 0.24041427671909332, 0.2289586067199707], 'class7': [0.4583694636821747, 0.31572359800338745, 0.2994498014450073, 0.2917161285877228, 0.2848343849182129]}

Most important rules
-----------------------------

---0---
rule0: cement < 209.767
probabilities_array:[0.34543338 0.2701705  0.09780097 0.10690036 0.06935441 0.02682307
 0.06349908 0.         0.02001826]

rule27: fine_aggregate > 829.119
probabilities_array:[0.37527302 0.         0.18590371 0.01799826 0.         0.12276223
 0.         0.08818219 0.20988053]

rule29: 2.366 < age < 45.741
probabilities_array:[0.26730245 0.24812731 0.12547025 0.13863447 0.12861298 0.059407
 0.01657259 0.         0.01587301]

rule14: 180.984 < water < 195.610
probabilities_array:[0.2650583  0.18749858 0.16594644 0.10152796 0.13041858 0.07170887
 0.         0.         0.07784124]

rule15: water > 195.610
probabilities_array:[0.21679981 0.12463216 0.21897076 0.2488135  0.0776601  0.03248062
 0.07238761 0.         0.00825558]

rule16: superplasticizer < 2.190
probabilities_array:[0.25850442 0.16729741 0.16652954 0.11826601 0.         0.
 0.10891743 0.         0.18048513]

rule28: age < 2.366
probabilities_array:[0.43910155 0.         0.         0.         0.         0.
 0.         0.         0.5608984 ]

rule26: 774.240 < fine_aggregate < 829.119
probabilities_array:[1.4487775e-01 9.5238939e-02 6.5476112e-02 1.5058060e-01 1.3244343e-01
 1.6278361e-01 1.2676524e-05 1.9246148e-01 5.6125470e-02]

rule13: 166.358 < water < 180.984
probabilities_array:[0.14035846 0.         0.20616774 0.11918337 0.07046045 0.07160939
 0.2137634  0.10620989 0.0722473 ]

rule1: 209.767 < cement < 281.454
probabilities_array:[0.13707875 0.24379262 0.1218875  0.12081315 0.         0.00074983
 0.20859417 0.         0.16708407]

rule4: blast_furnace_slag < 17.544
probabilities_array:[0.12828182 0.20464712 0.1274014  0.03160391 0.16974045 0.05334803
 0.0109367  0.02207101 0.2519695 ]

rule21: 920.487 < coarse_aggregate < 973.216
probabilities_array:[0.07710658 0.12878035 0.25901538 0.         0.05994158 0.13882682
 0.1407094  0.11124671 0.08437318]


---1---
rule0: cement < 209.767
probabilities_array:[0.34543338 0.2701705  0.09780097 0.10690036 0.06935441 0.02682307
 0.06349908 0.         0.02001826]

rule29: 2.366 < age < 45.741
probabilities_array:[0.26730245 0.24812731 0.12547025 0.13863447 0.12861298 0.059407
 0.01657259 0.         0.01587301]

rule1: 209.767 < cement < 281.454
probabilities_array:[0.13707875 0.24379262 0.1218875  0.12081315 0.         0.00074983
 0.20859417 0.         0.16708407]

rule22: 973.216 < coarse_aggregate < 1025.945
probabilities_array:[0.01791586 0.22348459 0.15560675 0.07655245 0.09695964 0.08647063
 0.16413051 0.00407708 0.17480254]

rule14: 180.984 < water < 195.610
probabilities_array:[0.2650583  0.18749858 0.16594644 0.10152796 0.13041858 0.07170887
 0.         0.         0.07784124]

rule4: blast_furnace_slag < 17.544
probabilities_array:[0.12828182 0.20464712 0.1274014  0.03160391 0.16974045 0.05334803
 0.0109367  0.02207101 0.2519695 ]

rule9: 10.242 < fly_ash < 53.436
probabilities_array:[0.00246275 0.1850419  0.         0.15593691 0.         0.
 0.42759985 0.         0.2289586 ]

rule16: superplasticizer < 2.190
probabilities_array:[0.25850442 0.16729741 0.16652954 0.11826601 0.         0.
 0.10891743 0.         0.18048513]

rule15: water > 195.610
probabilities_array:[0.21679981 0.12463216 0.21897076 0.2488135  0.0776601  0.03248062
 0.07238761 0.         0.00825558]

rule21: 920.487 < coarse_aggregate < 973.216
probabilities_array:[0.07710658 0.12878035 0.25901538 0.         0.05994158 0.13882682
 0.1407094  0.11124671 0.08437318]

rule10: 53.436 < fly_ash < 96.630
probabilities_array:[0.         0.09048671 0.08072718 0.25613382 0.16690053 0.15759014
 0.19363722 0.05452441 0.        ]

rule26: 774.240 < fine_aggregate < 829.119
probabilities_array:[1.4487775e-01 9.5238939e-02 6.5476112e-02 1.5058060e-01 1.3244343e-01
 1.6278361e-01 1.2676524e-05 1.9246148e-01 5.6125470e-02]

rule17: 2.190 < superplasticizer < 6.330
probabilities_array:[0.         0.06646598 0.270535   0.03481287 0.06971653 0.26567513
 0.03979598 0.21983041 0.03316813]

rule7: blast_furnace_slag > 135.006
probabilities_array:[0.         0.0508148  0.08194941 0.15889731 0.22535974 0.12127424
 0.0439726  0.2746114  0.04312053]


---2---
rule17: 2.190 < superplasticizer < 6.330
probabilities_array:[0.         0.06646598 0.270535   0.03481287 0.06971653 0.26567513
 0.03979598 0.21983041 0.03316813]

rule21: 920.487 < coarse_aggregate < 973.216
probabilities_array:[0.07710658 0.12878035 0.25901538 0.         0.05994158 0.13882682
 0.1407094  0.11124671 0.08437318]

rule15: water > 195.610
probabilities_array:[0.21679981 0.12463216 0.21897076 0.2488135  0.0776601  0.03248062
 0.07238761 0.         0.00825558]

rule13: 166.358 < water < 180.984
probabilities_array:[0.14035846 0.         0.20616774 0.11918337 0.07046045 0.07160939
 0.2137634  0.10620989 0.0722473 ]

rule14: 180.984 < water < 195.610
probabilities_array:[0.2650583  0.18749858 0.16594644 0.10152796 0.13041858 0.07170887
 0.         0.         0.07784124]

rule27: fine_aggregate > 829.119
probabilities_array:[0.37527302 0.         0.18590371 0.01799826 0.         0.12276223
 0.         0.08818219 0.20988053]

rule16: superplasticizer < 2.190
probabilities_array:[0.25850442 0.16729741 0.16652954 0.11826601 0.         0.
 0.10891743 0.         0.18048513]

rule22: 973.216 < coarse_aggregate < 1025.945
probabilities_array:[0.01791586 0.22348459 0.15560675 0.07655245 0.09695964 0.08647063
 0.16413051 0.00407708 0.17480254]

rule29: 2.366 < age < 45.741
probabilities_array:[0.26730245 0.24812731 0.12547025 0.13863447 0.12861298 0.059407
 0.01657259 0.         0.01587301]

rule18: 6.330 < superplasticizer < 10.470
probabilities_array:[0.00422303 0.03050691 0.1220488  0.         0.00718347 0.18199882
 0.1974689  0.35890937 0.09766074]

rule1: 209.767 < cement < 281.454
probabilities_array:[0.13707875 0.24379262 0.1218875  0.12081315 0.         0.00074983
 0.20859417 0.         0.16708407]

rule0: cement < 209.767
probabilities_array:[0.34543338 0.2701705  0.09780097 0.10690036 0.06935441 0.02682307
 0.06349908 0.         0.02001826]

rule4: blast_furnace_slag < 17.544
probabilities_array:[0.12828182 0.20464712 0.1274014  0.03160391 0.16974045 0.05334803
 0.0109367  0.02207101 0.2519695 ]

rule11: fly_ash > 96.630
probabilities_array:[1.6486045e-02 1.5450022e-04 1.1139069e-01 1.5472206e-01 8.0506086e-02
 3.0771458e-01 6.1887473e-02 2.6724344e-02 2.4041428e-01]

rule10: 53.436 < fly_ash < 96.630
probabilities_array:[0.         0.09048671 0.08072718 0.25613382 0.16690053 0.15759014
 0.19363722 0.05452441 0.        ]

rule7: blast_furnace_slag > 135.006
probabilities_array:[0.         0.0508148  0.08194941 0.15889731 0.22535974 0.12127424
 0.0439726  0.2746114  0.04312053]

rule26: 774.240 < fine_aggregate < 829.119
probabilities_array:[1.4487775e-01 9.5238939e-02 6.5476112e-02 1.5058060e-01 1.3244343e-01
 1.6278361e-01 1.2676524e-05 1.9246148e-01 5.6125470e-02]

rule31: age > 89.115
probabilities_array:[0.         0.00779748 0.0484759  0.06338713 0.1649287  0.26706445
 0.18710259 0.26124367 0.        ]

rule23: coarse_aggregate > 1025.945
probabilities_array:[0.         0.04729797 0.05075044 0.01343782 0.02174768 0.06830544
 0.34903586 0.2813517  0.16807312]


---3---
rule10: 53.436 < fly_ash < 96.630
probabilities_array:[0.         0.09048671 0.08072718 0.25613382 0.16690053 0.15759014
 0.19363722 0.05452441 0.        ]

rule15: water > 195.610
probabilities_array:[0.21679981 0.12463216 0.21897076 0.2488135  0.0776601  0.03248062
 0.07238761 0.         0.00825558]

rule25: 719.360 < fine_aggregate < 774.240
probabilities_array:[0.         0.04351228 0.         0.23189403 0.15072197 0.02411768
 0.19830292 0.22924346 0.12220762]

rule20: coarse_aggregate < 920.487
probabilities_array:[0.0220782  0.         0.         0.26789767 0.00571285 0.02386478
 0.         0.38099664 0.2994498 ]

rule7: blast_furnace_slag > 135.006
probabilities_array:[0.         0.0508148  0.08194941 0.15889731 0.22535974 0.12127424
 0.0439726  0.2746114  0.04312053]

rule26: 774.240 < fine_aggregate < 829.119
probabilities_array:[1.4487775e-01 9.5238939e-02 6.5476112e-02 1.5058060e-01 1.3244343e-01
 1.6278361e-01 1.2676524e-05 1.9246148e-01 5.6125470e-02]

rule19: superplasticizer > 10.470
probabilities_array:[0.         0.0014688  0.         0.16030397 0.23106924 0.03676089
 0.17711158 0.2559149  0.13737062]

rule29: 2.366 < age < 45.741
probabilities_array:[0.26730245 0.24812731 0.12547025 0.13863447 0.12861298 0.059407
 0.01657259 0.         0.01587301]

rule9: 10.242 < fly_ash < 53.436
probabilities_array:[0.00246275 0.1850419  0.         0.15593691 0.         0.
 0.42759985 0.         0.2289586 ]

rule6: 76.275 < blast_furnace_slag < 135.006
probabilities_array:[0.         0.00128142 0.         0.13190937 0.01030718 0.2468105
 0.28440988 0.21717648 0.10810524]

rule11: fly_ash > 96.630
probabilities_array:[1.6486045e-02 1.5450022e-04 1.1139069e-01 1.5472206e-01 8.0506086e-02
 3.0771458e-01 6.1887473e-02 2.6724344e-02 2.4041428e-01]

rule13: 166.358 < water < 180.984
probabilities_array:[0.14035846 0.         0.20616774 0.11918337 0.07046045 0.07160939
 0.2137634  0.10620989 0.0722473 ]

rule0: cement < 209.767
probabilities_array:[0.34543338 0.2701705  0.09780097 0.10690036 0.06935441 0.02682307
 0.06349908 0.         0.02001826]

rule1: 209.767 < cement < 281.454
probabilities_array:[0.13707875 0.24379262 0.1218875  0.12081315 0.         0.00074983
 0.20859417 0.         0.16708407]

rule16: superplasticizer < 2.190
probabilities_array:[0.25850442 0.16729741 0.16652954 0.11826601 0.         0.
 0.10891743 0.         0.18048513]

rule14: 180.984 < water < 195.610
probabilities_array:[0.2650583  0.18749858 0.16594644 0.10152796 0.13041858 0.07170887
 0.         0.         0.07784124]

rule2: 281.454 < cement < 353.142
probabilities_array:[1.9350080e-04 3.1060681e-02 0.0000000e+00 8.7432541e-02 1.5340985e-01
 2.0235981e-01 3.4067807e-01 6.6128358e-02 1.1873724e-01]

rule31: age > 89.115
probabilities_array:[0.         0.00779748 0.0484759  0.06338713 0.1649287  0.26706445
 0.18710259 0.26124367 0.        ]

rule22: 973.216 < coarse_aggregate < 1025.945
probabilities_array:[0.01791586 0.22348459 0.15560675 0.07655245 0.09695964 0.08647063
 0.16413051 0.00407708 0.17480254]


---4---
rule7: blast_furnace_slag > 135.006
probabilities_array:[0.         0.0508148  0.08194941 0.15889731 0.22535974 0.12127424
 0.0439726  0.2746114  0.04312053]

rule19: superplasticizer > 10.470
probabilities_array:[0.         0.0014688  0.         0.16030397 0.23106924 0.03676089
 0.17711158 0.2559149  0.13737062]

rule10: 53.436 < fly_ash < 96.630
probabilities_array:[0.         0.09048671 0.08072718 0.25613382 0.16690053 0.15759014
 0.19363722 0.05452441 0.        ]

rule31: age > 89.115
probabilities_array:[0.         0.00779748 0.0484759  0.06338713 0.1649287  0.26706445
 0.18710259 0.26124367 0.        ]

rule24: fine_aggregate < 719.360
probabilities_array:[0.         0.         0.         0.         0.17737699 0.22643518
 0.2967597  0.21391585 0.08551235]

rule3: cement > 353.142
probabilities_array:[0.         0.         0.00115329 0.04018974 0.19649287 0.23080106
 0.         0.35360798 0.17775503]

rule2: 281.454 < cement < 353.142
probabilities_array:[1.9350080e-04 3.1060681e-02 0.0000000e+00 8.7432541e-02 1.5340985e-01
 2.0235981e-01 3.4067807e-01 6.6128358e-02 1.1873724e-01]

rule25: 719.360 < fine_aggregate < 774.240
probabilities_array:[0.         0.04351228 0.         0.23189403 0.15072197 0.02411768
 0.19830292 0.22924346 0.12220762]

rule4: blast_furnace_slag < 17.544
probabilities_array:[0.12828182 0.20464712 0.1274014  0.03160391 0.16974045 0.05334803
 0.0109367  0.02207101 0.2519695 ]

rule29: 2.366 < age < 45.741
probabilities_array:[0.26730245 0.24812731 0.12547025 0.13863447 0.12861298 0.059407
 0.01657259 0.         0.01587301]

rule26: 774.240 < fine_aggregate < 829.119
probabilities_array:[1.4487775e-01 9.5238939e-02 6.5476112e-02 1.5058060e-01 1.3244343e-01
 1.6278361e-01 1.2676524e-05 1.9246148e-01 5.6125470e-02]

rule14: 180.984 < water < 195.610
probabilities_array:[0.2650583  0.18749858 0.16594644 0.10152796 0.13041858 0.07170887
 0.         0.         0.07784124]

rule22: 973.216 < coarse_aggregate < 1025.945
probabilities_array:[0.01791586 0.22348459 0.15560675 0.07655245 0.09695964 0.08647063
 0.16413051 0.00407708 0.17480254]

rule15: water > 195.610
probabilities_array:[0.21679981 0.12463216 0.21897076 0.2488135  0.0776601  0.03248062
 0.07238761 0.         0.00825558]

rule0: cement < 209.767
probabilities_array:[0.34543338 0.2701705  0.09780097 0.10690036 0.06935441 0.02682307
 0.06349908 0.         0.02001826]

rule17: 2.190 < superplasticizer < 6.330
probabilities_array:[0.         0.06646598 0.270535   0.03481287 0.06971653 0.26567513
 0.03979598 0.21983041 0.03316813]

rule13: 166.358 < water < 180.984
probabilities_array:[0.14035846 0.         0.20616774 0.11918337 0.07046045 0.07160939
 0.2137634  0.10620989 0.0722473 ]

rule11: fly_ash > 96.630
probabilities_array:[1.6486045e-02 1.5450022e-04 1.1139069e-01 1.5472206e-01 8.0506086e-02
 3.0771458e-01 6.1887473e-02 2.6724344e-02 2.4041428e-01]

rule5: 17.544 < blast_furnace_slag < 76.275
probabilities_array:[0.         0.         0.         0.         0.08024259 0.
 0.2155976  0.38843623 0.3157236 ]

rule21: 920.487 < coarse_aggregate < 973.216
probabilities_array:[0.07710658 0.12878035 0.25901538 0.         0.05994158 0.13882682
 0.1407094  0.11124671 0.08437318]


---5---
rule31: age > 89.115
probabilities_array:[0.         0.00779748 0.0484759  0.06338713 0.1649287  0.26706445
 0.18710259 0.26124367 0.        ]

rule17: 2.190 < superplasticizer < 6.330
probabilities_array:[0.         0.06646598 0.270535   0.03481287 0.06971653 0.26567513
 0.03979598 0.21983041 0.03316813]

rule11: fly_ash > 96.630
probabilities_array:[1.6486045e-02 1.5450022e-04 1.1139069e-01 1.5472206e-01 8.0506086e-02
 3.0771458e-01 6.1887473e-02 2.6724344e-02 2.4041428e-01]

rule6: 76.275 < blast_furnace_slag < 135.006
probabilities_array:[0.         0.00128142 0.         0.13190937 0.01030718 0.2468105
 0.28440988 0.21717648 0.10810524]

rule24: fine_aggregate < 719.360
probabilities_array:[0.         0.         0.         0.         0.17737699 0.22643518
 0.2967597  0.21391585 0.08551235]

rule3: cement > 353.142
probabilities_array:[0.         0.         0.00115329 0.04018974 0.19649287 0.23080106
 0.         0.35360798 0.17775503]

rule2: 281.454 < cement < 353.142
probabilities_array:[1.9350080e-04 3.1060681e-02 0.0000000e+00 8.7432541e-02 1.5340985e-01
 2.0235981e-01 3.4067807e-01 6.6128358e-02 1.1873724e-01]

rule18: 6.330 < superplasticizer < 10.470
probabilities_array:[0.00422303 0.03050691 0.1220488  0.         0.00718347 0.18199882
 0.1974689  0.35890937 0.09766074]

rule10: 53.436 < fly_ash < 96.630
probabilities_array:[0.         0.09048671 0.08072718 0.25613382 0.16690053 0.15759014
 0.19363722 0.05452441 0.        ]

rule26: 774.240 < fine_aggregate < 829.119
probabilities_array:[1.4487775e-01 9.5238939e-02 6.5476112e-02 1.5058060e-01 1.3244343e-01
 1.6278361e-01 1.2676524e-05 1.9246148e-01 5.6125470e-02]

rule21: 920.487 < coarse_aggregate < 973.216
probabilities_array:[0.07710658 0.12878035 0.25901538 0.         0.05994158 0.13882682
 0.1407094  0.11124671 0.08437318]

rule7: blast_furnace_slag > 135.006
probabilities_array:[0.         0.0508148  0.08194941 0.15889731 0.22535974 0.12127424
 0.0439726  0.2746114  0.04312053]

rule27: fine_aggregate > 829.119
probabilities_array:[0.37527302 0.         0.18590371 0.01799826 0.         0.12276223
 0.         0.08818219 0.20988053]

rule8: fly_ash < 10.242
probabilities_array:[0.00141268 0.         0.         0.         0.         0.1641215
 0.         0.3760964  0.45836946]

rule22: 973.216 < coarse_aggregate < 1025.945
probabilities_array:[0.01791586 0.22348459 0.15560675 0.07655245 0.09695964 0.08647063
 0.16413051 0.00407708 0.17480254]

rule13: 166.358 < water < 180.984
probabilities_array:[0.14035846 0.         0.20616774 0.11918337 0.07046045 0.07160939
 0.2137634  0.10620989 0.0722473 ]

rule14: 180.984 < water < 195.610
probabilities_array:[0.2650583  0.18749858 0.16594644 0.10152796 0.13041858 0.07170887
 0.         0.         0.07784124]

rule29: 2.366 < age < 45.741
probabilities_array:[0.26730245 0.24812731 0.12547025 0.13863447 0.12861298 0.059407
 0.01657259 0.         0.01587301]

rule23: coarse_aggregate > 1025.945
probabilities_array:[0.         0.04729797 0.05075044 0.01343782 0.02174768 0.06830544
 0.34903586 0.2813517  0.16807312]

rule12: water < 166.358
probabilities_array:[0.         0.         0.         0.         0.         0.05967953
 0.34084523 0.30775908 0.29171613]


---6---
rule9: 10.242 < fly_ash < 53.436
probabilities_array:[0.00246275 0.1850419  0.         0.15593691 0.         0.
 0.42759985 0.         0.2289586 ]

rule2: 281.454 < cement < 353.142
probabilities_array:[1.9350080e-04 3.1060681e-02 0.0000000e+00 8.7432541e-02 1.5340985e-01
 2.0235981e-01 3.4067807e-01 6.6128358e-02 1.1873724e-01]

rule23: coarse_aggregate > 1025.945
probabilities_array:[0.         0.04729797 0.05075044 0.01343782 0.02174768 0.06830544
 0.34903586 0.2813517  0.16807312]

rule24: fine_aggregate < 719.360
probabilities_array:[0.         0.         0.         0.         0.17737699 0.22643518
 0.2967597  0.21391585 0.08551235]

rule6: 76.275 < blast_furnace_slag < 135.006
probabilities_array:[0.         0.00128142 0.         0.13190937 0.01030718 0.2468105
 0.28440988 0.21717648 0.10810524]

rule12: water < 166.358
probabilities_array:[0.         0.         0.         0.         0.         0.05967953
 0.34084523 0.30775908 0.29171613]

rule30: 45.741 < age < 89.115
probabilities_array:[0.         0.         0.         0.00656629 0.02772914 0.
 0.32839596 0.35247424 0.28483438]

rule13: 166.358 < water < 180.984
probabilities_array:[0.14035846 0.         0.20616774 0.11918337 0.07046045 0.07160939
 0.2137634  0.10620989 0.0722473 ]

rule10: 53.436 < fly_ash < 96.630
probabilities_array:[0.         0.09048671 0.08072718 0.25613382 0.16690053 0.15759014
 0.19363722 0.05452441 0.        ]

rule31: age > 89.115
probabilities_array:[0.         0.00779748 0.0484759  0.06338713 0.1649287  0.26706445
 0.18710259 0.26124367 0.        ]

rule18: 6.330 < superplasticizer < 10.470
probabilities_array:[0.00422303 0.03050691 0.1220488  0.         0.00718347 0.18199882
 0.1974689  0.35890937 0.09766074]

rule25: 719.360 < fine_aggregate < 774.240
probabilities_array:[0.         0.04351228 0.         0.23189403 0.15072197 0.02411768
 0.19830292 0.22924346 0.12220762]

rule1: 209.767 < cement < 281.454
probabilities_array:[0.13707875 0.24379262 0.1218875  0.12081315 0.         0.00074983
 0.20859417 0.         0.16708407]

rule19: superplasticizer > 10.470
probabilities_array:[0.         0.0014688  0.         0.16030397 0.23106924 0.03676089
 0.17711158 0.2559149  0.13737062]

rule5: 17.544 < blast_furnace_slag < 76.275
probabilities_array:[0.         0.         0.         0.         0.08024259 0.
 0.2155976  0.38843623 0.3157236 ]

rule22: 973.216 < coarse_aggregate < 1025.945
probabilities_array:[0.01791586 0.22348459 0.15560675 0.07655245 0.09695964 0.08647063
 0.16413051 0.00407708 0.17480254]

rule21: 920.487 < coarse_aggregate < 973.216
probabilities_array:[0.07710658 0.12878035 0.25901538 0.         0.05994158 0.13882682
 0.1407094  0.11124671 0.08437318]

rule16: superplasticizer < 2.190
probabilities_array:[0.25850442 0.16729741 0.16652954 0.11826601 0.         0.
 0.10891743 0.         0.18048513]

rule15: water > 195.610
probabilities_array:[0.21679981 0.12463216 0.21897076 0.2488135  0.0776601  0.03248062
 0.07238761 0.         0.00825558]

rule0: cement < 209.767
probabilities_array:[0.34543338 0.2701705  0.09780097 0.10690036 0.06935441 0.02682307
 0.06349908 0.         0.02001826]

rule11: fly_ash > 96.630
probabilities_array:[1.6486045e-02 1.5450022e-04 1.1139069e-01 1.5472206e-01 8.0506086e-02
 3.0771458e-01 6.1887473e-02 2.6724344e-02 2.4041428e-01]

rule7: blast_furnace_slag > 135.006
probabilities_array:[0.         0.0508148  0.08194941 0.15889731 0.22535974 0.12127424
 0.0439726  0.2746114  0.04312053]


---7---
rule18: 6.330 < superplasticizer < 10.470
probabilities_array:[0.00422303 0.03050691 0.1220488  0.         0.00718347 0.18199882
 0.1974689  0.35890937 0.09766074]

rule3: cement > 353.142
probabilities_array:[0.         0.         0.00115329 0.04018974 0.19649287 0.23080106
 0.         0.35360798 0.17775503]

rule20: coarse_aggregate < 920.487
probabilities_array:[0.0220782  0.         0.         0.26789767 0.00571285 0.02386478
 0.         0.38099664 0.2994498 ]

rule5: 17.544 < blast_furnace_slag < 76.275
probabilities_array:[0.         0.         0.         0.         0.08024259 0.
 0.2155976  0.38843623 0.3157236 ]

rule7: blast_furnace_slag > 135.006
probabilities_array:[0.         0.0508148  0.08194941 0.15889731 0.22535974 0.12127424
 0.0439726  0.2746114  0.04312053]

rule31: age > 89.115
probabilities_array:[0.         0.00779748 0.0484759  0.06338713 0.1649287  0.26706445
 0.18710259 0.26124367 0.        ]

rule30: 45.741 < age < 89.115
probabilities_array:[0.         0.         0.         0.00656629 0.02772914 0.
 0.32839596 0.35247424 0.28483438]

rule23: coarse_aggregate > 1025.945
probabilities_array:[0.         0.04729797 0.05075044 0.01343782 0.02174768 0.06830544
 0.34903586 0.2813517  0.16807312]

rule19: superplasticizer > 10.470
probabilities_array:[0.         0.0014688  0.         0.16030397 0.23106924 0.03676089
 0.17711158 0.2559149  0.13737062]

rule12: water < 166.358
probabilities_array:[0.         0.         0.         0.         0.         0.05967953
 0.34084523 0.30775908 0.29171613]

rule17: 2.190 < superplasticizer < 6.330
probabilities_array:[0.         0.06646598 0.270535   0.03481287 0.06971653 0.26567513
 0.03979598 0.21983041 0.03316813]

rule8: fly_ash < 10.242
probabilities_array:[0.00141268 0.         0.         0.         0.         0.1641215
 0.         0.3760964  0.45836946]

rule25: 719.360 < fine_aggregate < 774.240
probabilities_array:[0.         0.04351228 0.         0.23189403 0.15072197 0.02411768
 0.19830292 0.22924346 0.12220762]

rule24: fine_aggregate < 719.360
probabilities_array:[0.         0.         0.         0.         0.17737699 0.22643518
 0.2967597  0.21391585 0.08551235]

rule6: 76.275 < blast_furnace_slag < 135.006
probabilities_array:[0.         0.00128142 0.         0.13190937 0.01030718 0.2468105
 0.28440988 0.21717648 0.10810524]

rule26: 774.240 < fine_aggregate < 829.119
probabilities_array:[1.4487775e-01 9.5238939e-02 6.5476112e-02 1.5058060e-01 1.3244343e-01
 1.6278361e-01 1.2676524e-05 1.9246148e-01 5.6125470e-02]

rule21: 920.487 < coarse_aggregate < 973.216
probabilities_array:[0.07710658 0.12878035 0.25901538 0.         0.05994158 0.13882682
 0.1407094  0.11124671 0.08437318]

rule13: 166.358 < water < 180.984
probabilities_array:[0.14035846 0.         0.20616774 0.11918337 0.07046045 0.07160939
 0.2137634  0.10620989 0.0722473 ]

rule27: fine_aggregate > 829.119
probabilities_array:[0.37527302 0.         0.18590371 0.01799826 0.         0.12276223
 0.         0.08818219 0.20988053]

rule2: 281.454 < cement < 353.142
probabilities_array:[1.9350080e-04 3.1060681e-02 0.0000000e+00 8.7432541e-02 1.5340985e-01
 2.0235981e-01 3.4067807e-01 6.6128358e-02 1.1873724e-01]

rule10: 53.436 < fly_ash < 96.630
probabilities_array:[0.         0.09048671 0.08072718 0.25613382 0.16690053 0.15759014
 0.19363722 0.05452441 0.        ]

