MSE: 3019702947209144.5

Accuracy: 0.5032774945375091

F1: 0.4963880322592481

Confusion Matrix: [[247, 75, 15, 11], [119, 139, 83, 24], [49, 98, 99, 100], [9, 42, 57, 206]]

Uncertainties: {'class0': [0.09590819478034973, 0.13809800148010254, 0.3376736044883728, 0.36934012174606323, 0.38440194725990295], 'class1': [0.06132569909095764, 0.09590819478034973, 0.12928129732608795, 0.13809800148010254, 0.15004855394363403], 'class2': [0.06132569909095764, 0.09590819478034973, 0.12928129732608795, 0.13809800148010254, 0.15004855394363403], 'class3': [0.06132569909095764, 0.12928129732608795, 0.15004855394363403, 0.21717384457588196, 0.2352331280708313]}

y_test: [93926386.0, 33927476.0, 22433915.0, 21088568.0, 22905674.0, 27067160.0, 10762178.0, 36883539.0, 72601713.0, 36310118.0, 33404871.0, 9353573.0, 1987287.0, 352358779.0, 7022940.0, 50382128.0, 3478.0, 1050600.0, 116643346.0, 7009668.0, 148085755.0, 42194060.0, 5494.0, 71347010.0, 101470202.0, 20819129.0, 19151864.0, 11642254.0, 3753806.0, 320706665.0, 36665854.0, 8880705.0, 141340178.0, 32940507.0, 6157157.0, 45434443.0, 398420.0, 4064333.0, 1752214.0, 25600000.0, 49874933.0, 706622.0, 28870.0, 11508423.0, 35183792.0, 3902679.0, 334658.0, 31704416.0, 59774.0, 6857503.0, 132373442.0, 15500000.0, 148170000.0, 108521835.0, 25584685.0, 2154540.0, 20338609.0, 150415432.0, 2122561.0, 133668525.0, 58156435.0, 14060950.0, 13782838.0, 60400856.0, 47034272.0, 66790248.0, 28424210.0, 55202.0, 11227940.0, 10911750.0, 36965395.0, 21005329.0, 73701902.0, 179020854.0, 53337608.0, 100422786.0, 76382.0, 25200412.0, 31494270.0, 3419967.0, 38916903.0, 16459004.0, 106694016.0, 146072.0, 57362581.0, 16800000.0, 58220776.0, 16377274.0, 10654581.0, 17149.0, 50189179.0, 61112916.0, 1282084.0, 215397307.0, 43532294.0, 214966.0, 246574.0, 80270227.0, 7362100.0, 17797316.0, 2283276.0, 47781388.0, 25078937.0, 2222647.0, 167007184.0, 82528097.0, 148775460.0, 214202.0, 12282677.0, 31973840.0, 32131483.0, 57859105.0, 69148997.0, 22843047.0, 41867960.0, 363024263.0, 40905277.0, 16831505.0, 8134217.0, 106126012.0, 40557.0, 90443603.0, 87704396.0, 37295394.0, 261437578.0, 131564731.0, 1687311.0, 118666.0, 1954202.0, 333658.0, 24984868.0, 12782508.0, 287761.0, 15045676.0, 4356743.0, 57366262.0, 63910583.0, 58700247.0, 8026971.0, 14946229.0, 110222438.0, 20950820.0, 181166115.0, 17718223.0, 10965209.0, 44134898.0, 31452765.0, 6350058.0, 1196752.0, 40118420.0, 51045801.0, 10076136.0, 59035104.0, 67900000.0, 10166502.0, 18112929.0, 2062066.0, 21000000.0, 27550735.0, 12836.0, 7282851.0, 155181732.0, 6201757.0, 29233.0, 27457409.0, 21784432.0, 188870.0, 25450527.0, 6610326.0, 8025872.0, 38432823.0, 13391174.0, 75597042.0, 39462438.0, 41382841.0, 12495865.0, 3798532.0, 134218018.0, 31584722.0, 12514138.0, 47329.0, 10268846.0, 210592590.0, 79900000.0, 100768056.0, 380838870.0, 71975611.0, 58800000.0, 15408822.0, 13684949.0, 3123749.0, 3029870.0, 122512052.0, 30651422.0, 39399750.0, 17120019.0, 2086345.0, 19316646.0, 22800000.0, 1445366.0, 82301521.0, 27667947.0, 176636816.0, 7881335.0, 2221809.0, 38747385.0, 480314.0, 49121934.0, 24332324.0, 127083765.0, 2843.0, 50150619.0, 42345531.0, 32774834.0, 18318000.0, 382946.0, 50740078.0, 18434.0, 84244877.0, 22451.0, 106593296.0, 305070.0, 1277257.0, 166225040.0, 65182182.0, 23650000.0, 229311.0, 13362308.0, 68558662.0, 792966.0, 56129.0, 27441122.0, 52792307.0, 7707563.0, 91121452.0, 21378000.0, 161029270.0, 101334374.0, 2468.0, 137850096.0, 3300230.0, 65007045.0, 16115878.0, 882290.0, 17000000.0, 74158157.0, 150167630.0, 24362501.0, 329691196.0, 10654581.0, 3193102.0, 31597131.0, 46451.0, 25677801.0, 22406362.0, 201148159.0, 159578352.0, 1094798.0, 45162741.0, 31111260.0, 2000000.0, 17292381.0, 154077.0, 50628009.0, 40485039.0, 102922376.0, 14587732.0, 201148159.0, 115000000.0, 6712451.0, 100289690.0, 65000000.0, 26161406.0, 59735548.0, 56114221.0, 3559990.0, 22201636.0, 610991.0, 19118247.0, 32598931.0, 16005978.0, 24343673.0, 864959.0, 17474107.0, 79566871.0, 13746550.0, 321952.0, 1789892.0, 70527.0, 37442180.0, 24475193.0, 50802661.0, 560512.0, 373377893.0, 65948711.0, 721.0, 176049130.0, 96917897.0, 7705974.0, 2921738.0, 32178777.0, 58879132.0, 70360285.0, 13651662.0, 34543701.0, 65535067.0, 2203641.0, 82739.0, 21557240.0, 140016.0, 112521.0, 14131298.0, 16964743.0, 16088610.0, 25842000.0, 51225796.0, 219200000.0, 17176900.0, 13766014.0, 124107476.0, 4599680.0, 20488579.0, 2600000.0, 106793915.0, 3432342.0, 122012710.0, 2175312.0, 15785632.0, 37623143.0, 120618403.0, 67155742.0, 58918501.0, 101160529.0, 7204138.0, 114968774.0, 7059537.0, 10706786.0, 2326407.0, 102055.0, 11702090.0, 36658108.0, 185577.0, 31968347.0, 14873.0, 209805005.0, 167735396.0, 70327868.0, 5561.0, 7417210.0, 109243478.0, 24103594.0, 8054280.0, 16930884.0, 25335935.0, 100614858.0, 141614023.0, 2506446.0, 5660084.0, 164435221.0, 36000000.0, 291021565.0, 195329763.0, 3034181.0, 72077000.0, 155972.0, 84303558.0, 20035310.0, 38087366.0, 15180000.0, 162586036.0, 350123553.0, 26415649.0, 43848100.0, 130313314.0, 17508670.0, 11433134.0, 5776314.0, 153629485.0, 163192114.0, 83348920.0, 26589953.0, 9652000.0, 292979556.0, 7267324.0, 33328051.0, 4033268.0, 18439082.0, 886410.0, 183132370.0, 356784000.0, 126975169.0, 460935665.0, 66950483.0, 28563926.0, 695229.0, 4091.0, 2119994.0, 23091.0, 49369900.0, 4692814.0, 19170001.0, 1686429.0, 53884821.0, 61644321.0, 187165546.0, 317040.0, 41227069.0, 37188667.0, 115603980.0, 3500000.0, 28535768.0, 177343675.0, 634277.0, 101736215.0, 101643008.0, 2223990.0, 140244.0, 10508.0, 47887943.0, 25266129.0, 234903076.0, 8735529.0, 16168741.0, 162.0, 8000000.0, 26442251.0, 50007168.0, 33583175.0, 14821531.0, 9589875.0, 119420252.0, 1891821.0, 80170146.0, 4485485.0, 142614158.0, 34151.0, 17266505.0, 2557668.0, 110720.0, 25675765.0, 7186670.0, 630779.0, 38119483.0, 73103784.0, 22235901.0, 18882880.0, 153620822.0, 55808744.0, 1165104.0, 62453315.0, 18593156.0, 64736114.0, 241063875.0, 36200000.0, 12784397.0, 269061.0, 44665963.0, 21370057.0, 12843.0, 118500000.0, 124868837.0, 33000000.0, 127214072.0, 30093107.0, 176781728.0, 2643689.0, 21379315.0, 35286428.0, 33422806.0, 118823091.0, 1060591.0, 77324422.0, 1530535.0, 23978402.0, 12276810.0, 403706375.0, 4244155.0, 542860.0, 42880.0, 6755271.0, 44834712.0, 43568507.0, 43097652.0, 108706165.0, 31874869.0, 7262288.0, 828.0, 1340891.0, 173783.0, 75078.0, 107503316.0, 302204.0, 529766.0, 927107.0, 37304950.0, 13493.0, 23618786.0, 4006906.0, 309404152.0, 40218903.0, 100491683.0, 2126511.0, 1247453.0, 44886089.0, 454255.0, 14348123.0, 55184721.0, 13350177.0, 15519841.0, 47811275.0, 35799026.0, 181798.0, 4000304.0, 125603360.0, 151389.0, 40983001.0, 27052167.0, 100853835.0, 218628680.0, 9013113.0, 3151130.0, 13383737.0, 48154732.0, 176997107.0, 617840.0, 669276.0, 31051126.0, 28831145.0, 32800000.0, 12055108.0, 102515793.0, 247740.0, 32694788.0, 33201661.0, 120523073.0, 671240.0, 108662.0, 18352454.0, 106869.0, 47000000.0, 51053787.0, 113330342.0, 347578.0, 25918.0, 148734225.0, 377420.0, 17281832.0, 17382982.0, 10214013.0, 28972187.0, 6373693.0, 32000000.0, 21210.0, 1172769.0, 8000000.0, 42438300.0, 14983572.0, 60154431.0, 39852.0, 70098138.0, 402820.0, 2104000.0, 233914986.0, 60128566.0, 125548685.0, 83813460.0, 795126.0, 54967359.0, 25571351.0, 208543795.0, 137748063.0, 31501218.0, 79363785.0, 53854588.0, 317557891.0, 279282.0, 30400000.0, 75280058.0, 8579684.0, 6387.0, 57744720.0, 35010192.0, 162831698.0, 73215310.0, 85300000.0, 178739.0, 60057639.0, 20186.0, 200807262.0, 5949693.0, 5306447.0, 47553512.0, 30259652.0, 25339117.0, 70405498.0, 9176553.0, 137387272.0, 37707719.0, 136432.0, 34074895.0, 80033643.0, 2275557.0, 40566655.0, 70071.0, 50921738.0, 12784713.0, 13920741.0, 40559930.0, 22331028.0, 30857814.0, 66002193.0, 35143332.0, 48423368.0, 403932.0, 4350774.0, 17411331.0, 298110.0, 10494494.0, 12995673.0, 29580087.0, 108200000.0, 82670733.0, 37606.0, 46875468.0, 71309760.0, 42043633.0, 3904982.0, 11540112.0, 304360277.0, 13750556.0, 10411980.0, 39380442.0, 79711678.0, 227137090.0, 16284360.0, 1641788.0, 14891000.0, 354704.0, 26345.0, 48056940.0, 15059.0, 442638.0, 40064955.0, 2708188.0, 30500882.0, 1738692.0, 76270454.0, 4922166.0, 180191634.0, 70836296.0, 73058679.0, 22189039.0, 10460089.0, 22551000.0, 32645.0, 15155772.0, 17378977.0, 30013346.0, 25472967.0, 32051917.0, 119219978.0, 67325559.0, 1027749.0, 37911876.0, 54257433.0, 2208939.0, 94497271.0, 51019112.0, 34468224.0, 78747585.0, 59992760.0, 7948159.0, 20384136.0, 81022333.0, 8786715.0, 14597405.0, 63939454.0, 22913677.0, 59365105.0, 84263837.0, 198655278.0, 110332737.0, 128300000.0, 233103.0, 7888703.0, 115648585.0, 9910.0, 511920.0, 316842.0, 327919.0, 75274748.0, 381186.0, 1654367.0, 122012643.0, 38345403.0, 61094903.0, 5858.0, 12796277.0, 6165429.0, 17278980.0, 24788807.0, 129734803.0, 16017403.0, 70011073.0, 3029081.0, 91038276.0, 37882551.0, 221210.0, 41797066.0, 35092918.0, 16346122.0, 35024475.0, 35231365.0, 47277326.0, 5217498.0, 37788228.0, 350034110.0, 26494611.0, 306715.0, 23807.0, 66734992.0, 43984230.0, 51853450.0, 3105269.0, 13987482.0, 104354205.0, 34180954.0, 4291965.0, 218051260.0, 2833383.0, 3713002.0, 86208010.0, 153288182.0, 117541000.0, 17473245.0, 25556065.0, 125320003.0, 215395021.0, 66359959.0, 3333823.0, 21468807.0, 42057340.0, 322157.0, 16067035.0, 13763130.0, 162792677.0, 39026186.0, 37760080.0, 1430185.0, 220234.0, 102981571.0, 22359293.0, 74888996.0, 5204007.0, 3222857.0, 19158074.0, 9975684.0, 18653615.0, 206400.0, 3500000.0, 56536016.0, 24520892.0, 46800000.0, 23179303.0, 65269010.0, 1207007.0, 69586544.0, 11860839.0, 90341670.0, 20566327.0, 25590119.0, 281666058.0, 36931089.0, 134455175.0, 45063889.0, 42168445.0, 103338338.0, 50815288.0, 47536959.0, 12232937.0, 43601508.0, 56684819.0, 67962333.0, 31141074.0, 399793.0, 10037390.0, 93749203.0, 17508936.0, 109993847.0, 10880926.0, 38360195.0, 27854896.0, 33422556.0, 40137776.0, 85570368.0, 32230907.0, 72217000.0, 301305.0, 982214.0, 25167270.0, 444044.0, 7221458.0, 60008303.0, 51600000.0, 623279547.0, 6768055.0, 37470017.0, 44087387.0, 21500000.0, 41954997.0, 25871834.0, 75817994.0, 841206.0, 42700000.0, 252652.0, 49024969.0, 38105077.0, 17843379.0, 32553210.0, 21133087.0, 16101109.0, 47000000.0, 39100956.0, 2412045.0, 4239767.0, 51178893.0, 186354.0, 126387.0, 13019253.0, 3799339.0, 198332128.0, 55865715.0, 13922211.0, 2856622.0, 110197.0, 2315683.0, 57300000.0, 54724272.0, 19693891.0, 47379090.0, 90835030.0, 28031250.0, 4884663.0, 6754898.0, 23292105.0, 125531634.0, 14218868.0, 34290142.0, 18642318.0, 13829734.0, 243347.0, 22770.0, 10300000.0, 85017401.0, 9483821.0, 17218080.0, 12802907.0, 31836745.0, 152857.0, 148383780.0, 59617068.0, 27000000.0, 80150343.0, 102678089.0, 4839383.0, 31199215.0, 52066000.0, 42660000.0, 42071069.0, 22927390.0, 14015786.0, 119500000.0, 2301777.0, 28734552.0, 87666629.0, 38553833.0, 23159305.0, 303439.0, 4000000.0, 20916309.0, 27545445.0, 21426805.0, 63408614.0, 14373825.0, 82389560.0, 40911830.0, 24985612.0, 2268296.0, 83640426.0, 15709385.0, 9821335.0, 20915465.0, 11146409.0, 184208848.0, 5199.0, 3519627.0, 26830000.0, 45045037.0, 11784000.0, 24848292.0, 16929123.0, 53146000.0, 14249005.0, 50859889.0, 5895238.0, 21078145.0, 2601847.0, 55092830.0, 408992272.0, 13269963.0, 33386128.0, 39825798.0, 7871693.0, 410388.0, 4040588.0, 50752337.0, 134821952.0, 54696902.0, 55942830.0, 1011054.0, 16779636.0, 1066555.0, 84049211.0, 77413017.0, 64998368.0, 124051759.0, 21129348.0, 47105085.0, 63270259.0, 204565000.0, 20389967.0, 8044906.0, 171988.0, 638951.0, 12549485.0, 11466088.0, 85200000.0, 14637490.0, 26421314.0, 45645204.0, 1339152.0, 2656324.0, 617172.0, 40962534.0, 79363785.0, 82161969.0, 53846915.0, 6482195.0, 52293982.0, 34350553.0, 46982632.0, 9123834.0, 4859475.0, 39659.0, 1310270.0, 76400000.0, 7369373.0, 16684352.0, 40542.0, 49875589.0, 10097096.0, 305388685.0, 5773519.0, 15935068.0, 127144.0, 56631572.0, 146402.0, 13650738.0, 4806750.0, 31136950.0, 34522221.0, 26761283.0, 313837577.0, 133375846.0, 116631310.0, 15988876.0, 75072454.0, 25776062.0, 44867349.0, 40932372.0, 58255287.0, 1100000.0, 110476776.0, 62700000.0, 198539855.0, 10429707.0, 55673333.0, 73820094.0, 167780960.0, 43247140.0, 36283504.0, 131920333.0, 30059386.0, 15700000.0, 12831121.0, 28747570.0, 5851188.0, 180011740.0, 14378353.0, 172051787.0, 24530513.0, 5004648.0, 7518876.0, 122288.0, 6471394.0, 101530738.0, 25517500.0, 4556.0, 48169908.0, 15281286.0, 4186931.0, 27356090.0, 985341.0, 16640210.0, 77264926.0, 9525276.0, 31990064.0, 18761993.0, 101228.0, 7070459.0, 257756197.0, 45856732.0, 33423521.0, 71148699.0, 15483540.0, 6670712.0, 76600000.0, 33828318.0, 22452209.0, 56398162.0, 34014398.0, 5000000.0, 27012.0, 717753.0, 217387997.0, 349618.0, 10014234.0, 183088.0, 296665.0, 18472363.0, 8579684.0, 9437933.0, 25926543.0, 24475416.0, 37738400.0, 64933670.0, 12831121.0, 20803237.0, 249358727.0, 133382309.0, 54215416.0, 18967571.0, 36500000.0, 4443403.0, 13208023.0, 76400000.0, 17324744.0, 75638743.0, 30669413.0, 43119879.0, 121468960.0, 48814909.0, 141319195.0, 45996718.0, 92173235.0, 65500000.0, 46700000.0, 85416609.0, 32741596.0, 56876365.0, 33592415.0, 2955039.0, 26183197.0, 4600000.0, 1474508.0, 39825798.0, 32701088.0, 92401.0, 1111.0, 66637.0, 44667095.0, 18595716.0, 686383.0, 123070338.0, 428535.0, 6000000.0, 2035566.0, 16248701.0, 15102127.0, 652177271.0, 4720371.0, 39647595.0, 17848322.0, 700000.0, 3752725.0, 13998282.0, 56362352.0, 6026908.0, 16892.0, 37023395.0, 131144183.0, 20999103.0, 34334256.0, 37486138.0, 18600911.0, 14268533.0, 32453345.0, 32616869.0, 1950218.0, 304124.0, 16025394.0, 96067179.0, 21200000.0, 120136047.0, 32522352.0, 19819494.0, 5002310.0, 6830957.0, 10572742.0, 304137.0, 2912363.0, 28563179.0, 60962878.0, 17580.0, 342936.0, 10230.0, 1094998.0, 93607673.0, 35096190.0, 126464904.0, 41543207.0, 132088910.0, 75668868.0, 60072596.0, 38176892.0, 7455447.0, 124494.0, 84749884.0, 5595428.0, 36830057.0, 33631221.0, 277233.0, 109176215.0, 34912982.0, 54222000.0, 56127162.0, 7993039.0, 449558.0, 128486.0, 6002756.0, 18821279.0, 687081.0, 23106.0, 190871240.0, 148213377.0, 18990542.0, 31768374.0, 200803.0, 2840417.0, 17750583.0, 19447478.0, 75367693.0, 61280963.0, 15131330.0, 15427192.0, 3335839.0, 144812796.0, 183490.0, 143653.0, 30012990.0, 28873374.0, 61693523.0, 94900000.0, 75604320.0, 1309849.0, 26082914.0, 20218.0, 2964.0, 100448498.0, 26781723.0, 13838130.0, 1027119.0, 14942422.0, 79817937.0, 4710455.0, 109713132.0, 17225675.0, 1089445.0, 42385520.0, 55845943.0, 72000000.0, 15561627.0, 255950375.0, 152149590.0, 19294901.0, 15091542.0, 169705587.0, 83299761.0, 191309.0, 14000000.0, 7927.0, 2344847.0, 55210049.0, 352684.0, 22494487.0, 425899.0, 3590010.0, 15962471.0, 25117498.0, 23808111.0, 1506998.0, 10696210.0, 21244913.0, 61937495.0, 71423726.0, 218051260.0, 5018450.0, 51097664.0, 17518220.0, 37600435.0, 88761720.0, 54606.0, 117560.0, 16323969.0, 81159365.0, 51185897.0, 582024.0, 41407470.0, 47860214.0, 143618384.0, 97030725.0, 145771527.0, 113165635.0, 95001351.0, 1028658.0, 100358.0, 42877165.0, 14018364.0, 30306268.0, 15447.0, 46440491.0, 4190530.0, 77222184.0, 3287435.0, 377019252.0, 80000000.0, 43818159.0, 3830.0, 260000000.0, 10137232.0, 30400000.0, 4756.0, 34963967.0, 11030963.0, 17803796.0, 3169424.0, 464126.0, 4235837.0, 121463226.0, 139259759.0, 64459316.0, 20773070.0, 12026670.0, 105219735.0, 25359200.0, 10555348.0, 4505922.0, 6420319.0, 5900000.0, 95632614.0, 2040920.0, 59588068.0, 753501.0, 4463292.0, 12987647.0, 150315155.0, 90646554.0, 146083.0, 64955956.0, 10114315.0, 16097842.0, 47307550.0, 138447667.0, 1346503.0, 13622333.0, 6712241.0, 11802056.0, 32333860.0, 52822418.0, 22202612.0, 11634458.0, 5000000.0, 65804.0, 26096584.0, 71346930.0, 295468.0, 31662.0, 131175.0, 98017.0, 4777007.0, 10246600.0, 3205244.0, 1508689.0, 165500000.0, 63034755.0, 28501605.0, 35707327.0, 4301331.0, 62321039.0, 56154094.0, 21973182.0, 36830.0, 60507228.0, 33860010.0, 6923891.0, 1573712.0, 10431220.0, 9609.0, 34700000.0, 10539414.0, 58401464.0, 768045.0, 41400000.0, 94999143.0, 31598308.0, 30157016.0, 223878.0, 13876974.0, 9430988.0, 18636537.0, 289994397.0, 16969390.0, 3060858.0, 16290976.0, 2832826.0, 19389454.0, 12372410.0, 5749134.0, 72413.0, 63224849.0, 130512915.0, 233630478.0, 5100937.0, 27900000.0, 143151473.0, 12589108.0, 31054924.0, 18306166.0, 25440971.0, 3000000.0, 241816.0, 61400000.0, 11204499.0, 60522097.0, 6003587.0, 1666262.0, 9701559.0, 20772796.0, 2592808.0, 83000000.0, 118683135.0, 144731527.0, 2775593.0, 23616.0, 334041.0, 37901509.0, 35057332.0, 10305534.0, 70269171.0, 30513940.0, 234360014.0, 45506619.0, 5032496.0]

buck_pred: [3, 2, 2, 0, 2, 2, 0, 3, 2, 0, 3, 1, 2, 3, 0, 0, 0, 0, 3, 0, 3, 2, 0, 2, 3, 1, 2, 1, 0, 3, 2, 0, 2, 2, 1, 3, 0, 1, 1, 1, 2, 0, 0, 0, 2, 1, 0, 2, 0, 0, 3, 0, 3, 2, 0, 0, 0, 3, 1, 3, 0, 0, 3, 1, 1, 1, 0, 0, 1, 1, 3, 2, 2, 3, 1, 3, 0, 1, 3, 0, 0, 1, 1, 0, 1, 1, 3, 2, 1, 0, 2, 2, 0, 3, 2, 1, 0, 2, 0, 1, 0, 2, 1, 0, 3, 1, 3, 0, 1, 3, 1, 2, 1, 2, 1, 3, 2, 2, 0, 3, 0, 3, 2, 0, 3, 3, 0, 0, 0, 0, 0, 1, 0, 1, 1, 3, 3, 1, 0, 0, 1, 2, 3, 2, 1, 1, 0, 2, 0, 0, 3, 1, 3, 2, 2, 1, 0, 2, 0, 0, 2, 3, 0, 0, 0, 0, 0, 2, 0, 2, 2, 0, 1, 0, 1, 0, 1, 3, 3, 0, 0, 1, 3, 0, 1, 3, 1, 2, 1, 0, 0, 3, 3, 3, 0, 2, 0, 0, 2, 0, 1, 2, 3, 0, 0, 1, 1, 0, 2, 3, 0, 2, 3, 3, 0, 1, 2, 0, 3, 2, 1, 0, 0, 3, 0, 1, 0, 0, 3, 1, 2, 0, 3, 0, 3, 1, 2, 2, 0, 3, 1, 3, 1, 0, 2, 3, 3, 1, 3, 1, 0, 2, 0, 0, 2, 3, 3, 0, 3, 2, 0, 1, 0, 2, 2, 2, 0, 3, 2, 2, 3, 3, 0, 3, 3, 1, 0, 0, 1, 2, 2, 1, 0, 0, 1, 1, 1, 0, 0, 2, 3, 0, 0, 3, 2, 0, 3, 3, 0, 0, 2, 1, 1, 3, 3, 2, 0, 0, 3, 0, 0, 3, 1, 0, 1, 2, 3, 2, 2, 3, 1, 3, 1, 3, 0, 3, 3, 1, 3, 3, 2, 1, 3, 2, 3, 1, 2, 0, 0, 0, 1, 0, 1, 1, 3, 3, 2, 0, 1, 3, 1, 0, 1, 3, 3, 3, 1, 2, 3, 1, 3, 3, 1, 1, 0, 2, 1, 3, 1, 3, 3, 1, 3, 3, 0, 2, 1, 3, 3, 2, 2, 0, 3, 3, 3, 0, 1, 1, 3, 3, 3, 3, 2, 1, 1, 0, 0, 0, 2, 0, 1, 1, 1, 3, 3, 0, 2, 1, 3, 3, 1, 3, 0, 3, 3, 0, 0, 0, 1, 1, 3, 0, 2, 0, 0, 2, 3, 2, 0, 0, 2, 2, 3, 1, 2, 0, 1, 0, 0, 2, 1, 0, 3, 3, 0, 2, 3, 2, 0, 3, 1, 2, 3, 2, 0, 3, 3, 1, 0, 3, 3, 0, 1, 3, 3, 0, 2, 3, 2, 2, 0, 3, 0, 1, 2, 3, 0, 0, 1, 1, 2, 3, 1, 3, 2, 2, 0, 0, 0, 0, 3, 0, 1, 0, 1, 0, 2, 0, 3, 3, 0, 0, 0, 1, 0, 0, 0, 1, 1, 1, 3, 0, 3, 3, 0, 3, 0, 3, 3, 0, 3, 1, 2, 3, 2, 0, 0, 0, 1, 0, 3, 0, 3, 3, 3, 0, 0, 3, 0, 3, 1, 3, 1, 0, 3, 0, 2, 0, 1, 0, 1, 1, 0, 1, 1, 3, 1, 3, 0, 3, 0, 0, 3, 3, 3, 1, 0, 1, 0, 3, 2, 1, 3, 1, 3, 0, 1, 3, 0, 0, 2, 0, 3, 3, 1, 0, 2, 0, 3, 2, 1, 2, 2, 0, 3, 1, 3, 0, 0, 0, 3, 1, 2, 0, 1, 1, 0, 3, 0, 3, 2, 1, 2, 1, 1, 1, 0, 1, 1, 2, 3, 3, 0, 2, 2, 3, 1, 0, 3, 3, 0, 3, 3, 3, 2, 0, 0, 0, 2, 2, 0, 0, 1, 0, 2, 0, 3, 1, 3, 2, 3, 1, 0, 1, 1, 0, 0, 2, 1, 1, 3, 1, 0, 1, 0, 3, 1, 3, 3, 3, 2, 1, 1, 3, 1, 1, 0, 1, 3, 1, 3, 3, 3, 0, 1, 1, 0, 0, 0, 1, 3, 0, 0, 3, 3, 3, 0, 0, 0, 0, 0, 3, 1, 2, 0, 2, 1, 0, 1, 0, 0, 3, 3, 3, 1, 1, 3, 0, 1, 0, 2, 1, 1, 0, 2, 3, 1, 0, 3, 0, 1, 2, 2, 3, 2, 3, 3, 3, 3, 0, 1, 3, 1, 3, 2, 3, 2, 3, 0, 0, 3, 0, 2, 2, 0, 0, 0, 1, 0, 1, 0, 1, 2, 0, 2, 0, 2, 0, 3, 0, 1, 3, 2, 2, 3, 0, 2, 3, 1, 0, 0, 3, 0, 2, 1, 0, 3, 0, 2, 2, 2, 2, 1, 1, 1, 0, 3, 1, 0, 2, 0, 2, 1, 3, 3, 2, 2, 0, 1, 1, 1, 2, 0, 1, 1, 2, 1, 0, 0, 1, 0, 3, 0, 3, 0, 2, 0, 1, 0, 0, 3, 1, 1, 0, 0, 1, 3, 3, 1, 3, 0, 2, 1, 2, 1, 3, 2, 0, 0, 1, 0, 0, 1, 3, 3, 3, 0, 1, 0, 2, 3, 3, 2, 2, 1, 2, 1, 1, 0, 1, 1, 1, 0, 0, 3, 3, 3, 0, 1, 0, 1, 1, 3, 0, 2, 2, 2, 1, 3, 0, 0, 1, 1, 3, 0, 0, 3, 2, 1, 0, 2, 1, 2, 3, 2, 1, 0, 3, 3, 1, 1, 3, 2, 0, 0, 1, 3, 3, 3, 0, 1, 0, 3, 1, 3, 3, 2, 3, 2, 3, 2, 0, 0, 0, 2, 3, 3, 1, 1, 1, 3, 0, 0, 3, 3, 3, 3, 0, 1, 3, 3, 0, 3, 0, 0, 1, 1, 1, 0, 2, 0, 3, 2, 1, 0, 3, 0, 2, 0, 0, 0, 0, 3, 3, 1, 0, 1, 1, 1, 3, 2, 0, 2, 2, 3, 1, 2, 3, 1, 3, 2, 3, 3, 3, 0, 2, 2, 3, 0, 3, 1, 0, 0, 1, 2, 3, 2, 0, 1, 1, 0, 2, 0, 3, 0, 0, 0, 0, 1, 0, 3, 1, 1, 0, 1, 0, 3, 2, 1, 0, 2, 2, 0, 2, 3, 0, 2, 0, 0, 2, 0, 1, 1, 1, 1, 3, 0, 2, 3, 3, 0, 2, 1, 1, 1, 1, 1, 3, 3, 3, 3, 1, 3, 3, 1, 1, 1, 0, 2, 2, 3, 0, 1, 1, 0, 3, 0, 1, 0, 0, 1, 1, 0, 1, 0, 0, 1, 1, 0, 3, 1, 1, 0, 3, 0, 1, 3, 0, 0, 3, 3, 1, 1, 2, 2, 2, 1, 2, 0, 0, 3, 3, 0, 2, 3, 2, 0, 0, 0, 0, 0, 0, 3, 0, 0, 0, 0, 2, 2, 3, 2, 3, 2, 1, 2, 1, 0, 1, 0, 2, 2, 0, 2, 1, 3, 1, 3, 0, 0, 2, 2, 0, 0, 3, 3, 2, 1, 1, 1, 1, 0, 1, 2, 2, 2, 1, 3, 0, 0, 1, 1, 0, 1, 2, 1, 2, 1, 0, 3, 2, 2, 0, 1, 1, 1, 1, 3, 0, 2, 2, 1, 1, 1, 2, 1, 1, 3, 2, 0, 2, 1, 0, 1, 0, 1, 0, 0, 2, 1, 1, 0, 1, 2, 2, 2, 3, 1, 1, 1, 3, 3, 0, 0, 1, 2, 2, 0, 1, 1, 3, 3, 3, 3, 2, 2, 0, 3, 1, 3, 1, 0, 2, 2, 0, 3, 1, 1, 0, 3, 3, 1, 0, 3, 1, 0, 0, 0, 1, 1, 3, 0, 1, 2, 3, 3, 0, 0, 0, 2, 3, 0, 1, 2, 0, 0, 2, 3, 0, 0, 0, 0, 2, 3, 0, 1, 3, 2, 0, 2, 3, 0, 0, 1, 1, 2, 0, 0, 1, 2, 0, 0, 0, 0, 3, 1, 1, 3, 1, 3, 1, 1, 0, 0, 1, 2, 0, 1, 0, 1, 1, 3, 0, 1, 3, 2, 2, 0, 0, 0, 1, 3, 1, 0, 0, 1, 2, 1, 0, 0, 3, 1, 3, 0, 0, 3, 0, 2, 2, 3, 1, 0, 1, 1, 3, 0, 0, 2, 1, 0, 3, 3, 3, 2, 0, 0, 0, 2, 0, 3, 2, 3, 3, 1]

bins: [703.0, 5365789.0, 26004528.5, 64112702.0, 760505847.0]

Most important rules
-----------------------------

---0---
rule9: -848.840 < num_voted_users < 99256.186
probabilities_array:[0.3667085  0.31944913 0.2179342  0.         0.09590819]

rule51: budget > 226540884.852
probabilities_array:[0.46729404 0.         0.         0.19503237 0.3376736 ]

rule3: imdb_score > 7.208
probabilities_array:[0.4140908  0.11671675 0.         0.08479048 0.38440195]

rule7: title_year > 2010.041
probabilities_array:[0.38625008 0.         0.         0.14878176 0.46496814]

rule2: 6.472 < imdb_score < 7.208
probabilities_array:[0.32259414 0.         0.07225578 0.23580998 0.36934012]

rule6: 2003.297 < title_year < 2010.041
probabilities_array:[0.3384608  0.15383571 0.         0.         0.5077035 ]

rule16: num_user_for_reviews < 45.442
probabilities_array:[0.4025231 0.        0.        0.        0.5974769]

rule49: -132100446.721 < budget < 47220219.066
probabilities_array:[0.16329111 0.39377317 0.30483767 0.         0.138098  ]

rule41: -5445.347 < movie_facebook_likes < 8768.722
probabilities_array:[0.2760014  0.         0.         0.10463497 0.6193636 ]

rule12: num_critic_for_reviews < 78.678
probabilities_array:[0.3194292  0.         0.         0.         0.68057084]

rule44: duration < 94.083
probabilities_array:[0.19565694 0.         0.         0.18582836 0.6185147 ]

rule29: -1209.685 < actor_2_facebook_likes < 1911.993
probabilities_array:[0.16439913 0.         0.         0.16134198 0.6742589 ]

rule33: -514.990 < actor_3_facebook_likes < 736.088
probabilities_array:[0.20826346 0.         0.02091688 0.         0.77081966]


---1---
rule18: 320.035 < num_user_for_reviews < 594.628
probabilities_array:[0.00275788 0.39612365 0.30069682 0.23909596 0.0613257 ]

rule49: -132100446.721 < budget < 47220219.066
probabilities_array:[0.16329111 0.39377317 0.30483767 0.         0.138098  ]

rule9: -848.840 < num_voted_users < 99256.186
probabilities_array:[0.3667085  0.31944913 0.2179342  0.         0.09590819]

rule0: imdb_score < 5.735
probabilities_array:[0.         0.30964926 0.2671218  0.2731804  0.15004855]

rule23: director_facebook_likes > 2657.071
probabilities_array:[0.         0.30757114 0.00771963 0.2904968  0.39421245]

rule4: title_year < 1996.553
probabilities_array:[0.         0.195465   0.21523066 0.46002305 0.1292813 ]

rule17: 45.442 < num_user_for_reviews < 320.035
probabilities_array:[0.         0.27277967 0.23047484 0.0684315  0.42831394]

rule14: 161.053 < num_critic_for_reviews < 243.429
probabilities_array:[0.         0.17200756 0.27772486 0.31503445 0.23523313]

rule15: num_critic_for_reviews > 243.429
probabilities_array:[0.         0.19438595 0.20676783 0.2240009  0.37484533]

rule31: actor_2_facebook_likes > 5033.672
probabilities_array:[0.         0.20397072 0.         0.24558516 0.5504441 ]

rule42: 8768.722 < movie_facebook_likes < 22982.792
probabilities_array:[0.008894   0.15125194 0.22206691 0.16758928 0.45019776]

rule6: 2003.297 < title_year < 2010.041
probabilities_array:[0.3384608  0.15383571 0.         0.         0.5077035 ]

rule3: imdb_score > 7.208
probabilities_array:[0.4140908  0.11671675 0.         0.08479048 0.38440195]

rule5: 1996.553 < title_year < 2003.297
probabilities_array:[0.08242811 0.19706391 0.         0.01575669 0.7047513 ]

rule46: 109.485 < duration < 124.888
probabilities_array:[0.         0.12133186 0.16990058 0.14258562 0.5661819 ]

rule10: 99256.186 < num_voted_users < 199361.213
probabilities_array:[0.         0.07186328 0.3289216  0.24796301 0.35125208]

rule30: 1911.993 < actor_2_facebook_likes < 5033.672
probabilities_array:[0.0131123  0.09408014 0.2402263  0.1075651  0.5450162 ]

rule45: 94.083 < duration < 109.485
probabilities_array:[0.09036908 0.12796624 0.         0.11298265 0.6686821 ]


---2---
rule50: 47220219.066 < budget < 226540884.852
probabilities_array:[0.         0.         0.3976828  0.3851434  0.21717384]

rule18: 320.035 < num_user_for_reviews < 594.628
probabilities_array:[0.00275788 0.39612365 0.30069682 0.23909596 0.0613257 ]

rule49: -132100446.721 < budget < 47220219.066
probabilities_array:[0.16329111 0.39377317 0.30483767 0.         0.138098  ]

rule19: num_user_for_reviews > 594.628
probabilities_array:[0.         0.00543528 0.35805118 0.30550373 0.33100984]

rule0: imdb_score < 5.735
probabilities_array:[0.         0.30964926 0.2671218  0.2731804  0.15004855]

rule10: 99256.186 < num_voted_users < 199361.213
probabilities_array:[0.         0.07186328 0.3289216  0.24796301 0.35125208]

rule14: 161.053 < num_critic_for_reviews < 243.429
probabilities_array:[0.         0.17200756 0.27772486 0.31503445 0.23523313]

rule9: -848.840 < num_voted_users < 99256.186
probabilities_array:[0.3667085  0.31944913 0.2179342  0.         0.09590819]

rule4: title_year < 1996.553
probabilities_array:[0.         0.195465   0.21523066 0.46002305 0.1292813 ]

rule13: 78.678 < num_critic_for_reviews < 161.053
probabilities_array:[0.         0.03444949 0.29760653 0.25649297 0.41145104]

rule1: 5.735 < imdb_score < 6.472
probabilities_array:[0.         0.00658815 0.23068029 0.3448909  0.41784066]

rule43: movie_facebook_likes > 22982.792
probabilities_array:[0.         0.04733549 0.24875844 0.23359671 0.47030938]

rule17: 45.442 < num_user_for_reviews < 320.035
probabilities_array:[0.         0.27277967 0.23047484 0.0684315  0.42831394]

rule15: num_critic_for_reviews > 243.429
probabilities_array:[0.         0.19438595 0.20676783 0.2240009  0.37484533]

rule42: 8768.722 < movie_facebook_likes < 22982.792
probabilities_array:[0.008894   0.15125194 0.22206691 0.16758928 0.45019776]

rule30: 1911.993 < actor_2_facebook_likes < 5033.672
probabilities_array:[0.0131123  0.09408014 0.2402263  0.1075651  0.5450162 ]

rule47: duration > 124.888
probabilities_array:[0.         0.07822761 0.18271565 0.20452693 0.5345298 ]

rule46: 109.485 < duration < 124.888
probabilities_array:[0.         0.12133186 0.16990058 0.14258562 0.5661819 ]

rule2: 6.472 < imdb_score < 7.208
probabilities_array:[0.32259414 0.         0.07225578 0.23580998 0.36934012]


---3---
rule4: title_year < 1996.553
probabilities_array:[0.         0.195465   0.21523066 0.46002305 0.1292813 ]

rule50: 47220219.066 < budget < 226540884.852
probabilities_array:[0.         0.         0.3976828  0.3851434  0.21717384]

rule14: 161.053 < num_critic_for_reviews < 243.429
probabilities_array:[0.         0.17200756 0.27772486 0.31503445 0.23523313]

rule0: imdb_score < 5.735
probabilities_array:[0.         0.30964926 0.2671218  0.2731804  0.15004855]

rule18: 320.035 < num_user_for_reviews < 594.628
probabilities_array:[0.00275788 0.39612365 0.30069682 0.23909596 0.0613257 ]

rule19: num_user_for_reviews > 594.628
probabilities_array:[0.         0.00543528 0.35805118 0.30550373 0.33100984]

rule1: 5.735 < imdb_score < 6.472
probabilities_array:[0.         0.00658815 0.23068029 0.3448909  0.41784066]

rule23: director_facebook_likes > 2657.071
probabilities_array:[0.         0.30757114 0.00771963 0.2904968  0.39421245]

rule11: num_voted_users > 199361.213
probabilities_array:[0.         0.         0.         0.40750688 0.5924931 ]

rule10: 99256.186 < num_voted_users < 199361.213
probabilities_array:[0.         0.07186328 0.3289216  0.24796301 0.35125208]

rule13: 78.678 < num_critic_for_reviews < 161.053
probabilities_array:[0.         0.03444949 0.29760653 0.25649297 0.41145104]

rule2: 6.472 < imdb_score < 7.208
probabilities_array:[0.32259414 0.         0.07225578 0.23580998 0.36934012]

rule15: num_critic_for_reviews > 243.429
probabilities_array:[0.         0.19438595 0.20676783 0.2240009  0.37484533]

rule51: budget > 226540884.852
probabilities_array:[0.46729404 0.         0.         0.19503237 0.3376736 ]

rule43: movie_facebook_likes > 22982.792
probabilities_array:[0.         0.04733549 0.24875844 0.23359671 0.47030938]

rule31: actor_2_facebook_likes > 5033.672
probabilities_array:[0.         0.20397072 0.         0.24558516 0.5504441 ]

rule47: duration > 124.888
probabilities_array:[0.         0.07822761 0.18271565 0.20452693 0.5345298 ]

rule42: 8768.722 < movie_facebook_likes < 22982.792
probabilities_array:[0.008894   0.15125194 0.22206691 0.16758928 0.45019776]

rule34: 736.088 < actor_3_facebook_likes < 1987.166
probabilities_array:[0.00074692 0.06094393 0.         0.27335328 0.66495585]

rule35: actor_3_facebook_likes > 1987.166
probabilities_array:[0.         0.03430074 0.         0.28563306 0.68006617]

rule7: title_year > 2010.041
probabilities_array:[0.38625008 0.         0.         0.14878176 0.46496814]

rule44: duration < 94.083
probabilities_array:[0.19565694 0.         0.         0.18582836 0.6185147 ]

rule26: 7535.199 < actor_1_facebook_likes < 18952.278
probabilities_array:[2.8473945e-04 0.0000000e+00 7.8876294e-02 2.2479104e-01 6.9604790e-01]

rule46: 109.485 < duration < 124.888
probabilities_array:[0.         0.12133186 0.16990058 0.14258562 0.5661819 ]

rule29: -1209.685 < actor_2_facebook_likes < 1911.993
probabilities_array:[0.16439913 0.         0.         0.16134198 0.6742589 ]

rule3: imdb_score > 7.208
probabilities_array:[0.4140908  0.11671675 0.         0.08479048 0.38440195]

rule21: -1219.572 < director_facebook_likes < 718.749
probabilities_array:[0.02705187 0.         0.         0.2129907  0.75995743]

rule30: 1911.993 < actor_2_facebook_likes < 5033.672
probabilities_array:[0.0131123  0.09408014 0.2402263  0.1075651  0.5450162 ]

rule22: 718.749 < director_facebook_likes < 2657.071
probabilities_array:[0.07431092 0.         0.11536554 0.1371487  0.6731748 ]

rule38: 11117.575 < cast_total_facebook_likes < 24841.352
probabilities_array:[0.00686014 0.09864078 0.         0.15970193 0.7347971 ]

