R2: 0.8475824054416115

MAE: 2804.5290030040865

MSE: 23532590.6131953

Accuracy: 0.22850678733031674

F1: 0.21020517668095848

Confusion Matrix: [[8, 8, 3, 0, 0, 0, 0, 0, 0, 0, 0, 1, 0, 5, 0], [4, 17, 6, 0, 0, 1, 0, 0, 0, 0, 0, 1, 0, 4, 1], [4, 11, 4, 0, 0, 0, 2, 0, 0, 0, 0, 4, 0, 1, 1], [5, 10, 4, 0, 2, 5, 0, 0, 0, 0, 1, 4, 0, 1, 5], [5, 8, 2, 0, 5, 7, 1, 0, 1, 0, 0, 1, 0, 0, 7], [0, 6, 5, 6, 0, 6, 3, 1, 0, 1, 0, 0, 0, 0, 3], [4, 1, 2, 0, 0, 1, 7, 1, 1, 0, 0, 0, 2, 0, 3], [2, 2, 2, 0, 0, 3, 6, 4, 1, 2, 2, 0, 1, 1, 6], [1, 0, 3, 0, 0, 0, 0, 3, 5, 4, 3, 0, 2, 4, 2], [3, 9, 4, 0, 0, 0, 0, 2, 5, 3, 3, 0, 1, 1, 1], [2, 4, 1, 0, 0, 1, 0, 1, 0, 2, 2, 1, 0, 3, 2], [4, 3, 2, 1, 0, 2, 1, 0, 2, 0, 0, 5, 5, 1, 4], [2, 2, 1, 0, 0, 1, 0, 3, 0, 1, 0, 3, 5, 1, 3], [4, 3, 0, 0, 0, 1, 0, 2, 0, 1, 0, 1, 3, 12, 1], [0, 0, 0, 0, 1, 1, 0, 0, 0, 0, 1, 0, 6, 12, 18]]

Uncertainties: {'class0': [], 'class1': [], 'class2': [], 'class3': [], 'class4': [], 'class5': [], 'class6': [], 'class7': [], 'class8': [], 'class9': [], 'class10': [], 'class11': [], 'class12': [], 'class13': [], 'class14': []}

Most important rules
-----------------------------

---0---

---1---

---2---

---3---

---4---

---5---

---6---

---7---

---8---

---9---

---10---

---11---

---12---

---13---

---14---
