R2: 0.8204376178780002

MAE: 2860.849760029305

MSE: 26332533.236915708

Accuracy: 0.5407239819004525

F1: 0.5116661349769195

Confusion Matrix: [[39, 11, 0, 0, 0, 0, 0, 0, 0, 0], [7, 12, 3, 1, 0, 0, 0, 0, 0, 0], [1, 3, 18, 22, 0, 0, 0, 0, 0, 0], [0, 0, 12, 16, 15, 0, 0, 0, 0, 0], [0, 1, 0, 10, 30, 1, 9, 0, 0, 0], [0, 0, 0, 1, 3, 8, 19, 0, 2, 1], [2, 1, 0, 0, 1, 6, 38, 1, 0, 1], [1, 1, 3, 2, 1, 1, 16, 8, 3, 1], [1, 6, 1, 3, 4, 2, 8, 8, 27, 0], [0, 0, 0, 0, 0, 1, 0, 1, 5, 43]]

Uncertainties: {'class0': [0.0004211706982459873, 0.004137900657951832, 0.005454279016703367, 0.010939372703433037, 0.19728295505046844], 'class1': [0.0004211706982459873, 0.0004913182929158211, 0.004137900657951832, 0.005454279016703367, 0.010939372703433037], 'class2': [0.0, 0.0004211706982459873, 0.0004913182929158211, 0.0007665753364562988, 0.004137900657951832], 'class3': [0.0, 0.0004211706982459873, 0.0004913182929158211, 0.005454279016703367, 0.010939372703433037], 'class4': [0.0, 0.0004211706982459873, 0.0004913182929158211, 0.0007665753364562988, 0.005454279016703367], 'class5': [0.0004211706982459873, 0.0004913182929158211, 0.0007665753364562988, 0.003422561101615429, 0.010939372703433037], 'class6': [0.0, 0.0004211706982459873, 0.0004913182929158211, 0.0007665753364562988, 0.003422561101615429], 'class7': [0.0, 0.0004913182929158211, 0.0007665753364562988, 0.004137900657951832, 0.005454279016703367], 'class8': [0.0, 0.0004913182929158211, 0.0007665753364562988, 0.003422561101615429, 0.005454279016703367], 'class9': [0.0, 0.0004913182929158211, 0.003422561101615429, 0.004137900657951832, 0.05249914899468422]}

Most important rules
-----------------------------

---0---
rule0: age < 29.374
probabilities_array:[0.2616221  0.24167    0.10551114 0.         0.         0.
 0.         0.26450166 0.         0.12255727 0.0041379 ]

rule8: children = 0.0
probabilities_array:[2.6046547e-01 5.8480006e-02 0.0000000e+00 1.6662113e-03 2.0438455e-04
 0.0000000e+00 1.9407758e-02 1.1604283e-01 8.9207314e-02 2.5223333e-01
 2.0229267e-01]

rule16: smoker_yes = 0.0
probabilities_array:[0.15737148 0.11806365 0.1161679  0.16877761 0.16138297 0.13167337
 0.14317372 0.         0.0015348  0.00143331 0.00042117]

rule15: sex_male = 1.0
probabilities_array:[1.8526597e-01 0.0000000e+00 0.0000000e+00 1.1754849e-01 0.0000000e+00
 2.3655295e-03 1.0807510e-04 8.1021413e-02 1.0190725e-01 2.5672978e-01
 2.5505346e-01]

rule23: region_southwest = 1.0
probabilities_array:[0.14320773 0.03001655 0.         0.03083269 0.07631584 0.00121143
 0.         0.19915104 0.         0.315518   0.2037468 ]

rule21: region_southeast = 1.0
probabilities_array:[0.07616588 0.         0.00211117 0.1078715  0.0566249  0.0021139
 0.0004705  0.06595103 0.24488354 0.24652468 0.19728296]

rule19: region_northwest = 1.0
probabilities_array:[7.6970093e-02 4.1655593e-02 0.0000000e+00 1.4889899e-01 1.3928521e-01
 1.3058183e-02 8.1277642e-05 7.8198008e-02 1.9040042e-01 6.1356533e-02
 2.5009575e-01]

rule4: bmi < 26.637
probabilities_array:[0.04976938 0.1148636  0.08616335 0.06604154 0.07019174 0.02780114
 0.03826468 0.28423983 0.25721043 0.         0.00545428]

rule5: 26.637 < bmi < 30.762
probabilities_array:[0.0408979  0.06747851 0.11921668 0.04075506 0.09730904 0.05252702
 0.04374827 0.2556046  0.2715236  0.         0.01093937]


---1---
rule0: age < 29.374
probabilities_array:[0.2616221  0.24167    0.10551114 0.         0.         0.
 0.         0.26450166 0.         0.12255727 0.0041379 ]

rule14: sex_male = 0.0
probabilities_array:[0.         0.16420364 0.03114248 0.         0.08190095 0.
 0.0155797  0.18836632 0.19899876 0.10769861 0.2121095 ]

rule9: children = 1.0
probabilities_array:[0.         0.13198338 0.17495956 0.06013989 0.06886707 0.06148919
 0.00449203 0.11745034 0.11226448 0.215855   0.05249915]

rule16: smoker_yes = 0.0
probabilities_array:[0.15737148 0.11806365 0.1161679  0.16877761 0.16138297 0.13167337
 0.14317372 0.         0.0015348  0.00143331 0.00042117]

rule4: bmi < 26.637
probabilities_array:[0.04976938 0.1148636  0.08616335 0.06604154 0.07019174 0.02780114
 0.03826468 0.28423983 0.25721043 0.         0.00545428]

rule5: 26.637 < bmi < 30.762
probabilities_array:[0.0408979  0.06747851 0.11921668 0.04075506 0.09730904 0.05252702
 0.04374827 0.2556046  0.2715236  0.         0.01093937]

rule10: children = 2.0
probabilities_array:[0.         0.06597804 0.16889119 0.11220576 0.16923109 0.06203253
 0.06511743 0.05121231 0.10528444 0.19955592 0.00049132]

rule8: children = 0.0
probabilities_array:[2.6046547e-01 5.8480006e-02 0.0000000e+00 1.6662113e-03 2.0438455e-04
 0.0000000e+00 1.9407758e-02 1.1604283e-01 8.9207314e-02 2.5223333e-01
 2.0229267e-01]


---2---
rule1: 29.374 < age < 38.834
probabilities_array:[0.         0.         0.26871023 0.28408203 0.         0.
 0.         0.06937268 0.01231239 0.23007774 0.13544501]

rule13: children = 5.0
probabilities_array:[0.         0.         0.19488391 0.21434939 0.16378579 0.
 0.16268533 0.21707125 0.         0.         0.04722434]

rule10: children = 2.0
probabilities_array:[0.         0.06597804 0.16889119 0.11220576 0.16923109 0.06203253
 0.06511743 0.05121231 0.10528444 0.19955592 0.00049132]

rule9: children = 1.0
probabilities_array:[0.         0.13198338 0.17495956 0.06013989 0.06886707 0.06148919
 0.00449203 0.11745034 0.11226448 0.215855   0.05249915]

rule6: 30.762 < bmi < 34.887
probabilities_array:[0.         0.03669472 0.1930523  0.07129355 0.0740318  0.03940056
 0.         0.         0.         0.35437235 0.23115468]

rule11: children = 3.0
probabilities_array:[0.         0.         0.1421043  0.12468875 0.15571271 0.03203041
 0.06117758 0.17011715 0.12492518 0.18924405 0.        ]

rule5: 26.637 < bmi < 30.762
probabilities_array:[0.0408979  0.06747851 0.11921668 0.04075506 0.09730904 0.05252702
 0.04374827 0.2556046  0.2715236  0.         0.01093937]

rule16: smoker_yes = 0.0
probabilities_array:[0.15737148 0.11806365 0.1161679  0.16877761 0.16138297 0.13167337
 0.14317372 0.         0.0015348  0.00143331 0.00042117]

rule12: children = 4.0
probabilities_array:[0.         0.01197275 0.10982551 0.03048659 0.0686314  0.2068811
 0.16996536 0.14296694 0.25850376 0.         0.00076658]

rule0: age < 29.374
probabilities_array:[0.2616221  0.24167    0.10551114 0.         0.         0.
 0.         0.26450166 0.         0.12255727 0.0041379 ]

rule4: bmi < 26.637
probabilities_array:[0.04976938 0.1148636  0.08616335 0.06604154 0.07019174 0.02780114
 0.03826468 0.28423983 0.25721043 0.         0.00545428]


---3---
rule1: 29.374 < age < 38.834
probabilities_array:[0.         0.         0.26871023 0.28408203 0.         0.
 0.         0.06937268 0.01231239 0.23007774 0.13544501]

rule13: children = 5.0
probabilities_array:[0.         0.         0.19488391 0.21434939 0.16378579 0.
 0.16268533 0.21707125 0.         0.         0.04722434]

rule2: 38.834 < age < 48.294
probabilities_array:[0.         0.         0.         0.1946481  0.28113925 0.01749708
 0.         0.         0.2002519  0.2309691  0.07549454]

rule16: smoker_yes = 0.0
probabilities_array:[0.15737148 0.11806365 0.1161679  0.16877761 0.16138297 0.13167337
 0.14317372 0.         0.0015348  0.00143331 0.00042117]

rule7: bmi > 34.887
probabilities_array:[0.05704108 0.         0.         0.18644884 0.00413365 0.07063674
 0.00288101 0.         0.         0.3539246  0.3249341 ]

rule11: children = 3.0
probabilities_array:[0.         0.         0.1421043  0.12468875 0.15571271 0.03203041
 0.06117758 0.17011715 0.12492518 0.18924405 0.        ]

rule10: children = 2.0
probabilities_array:[0.         0.06597804 0.16889119 0.11220576 0.16923109 0.06203253
 0.06511743 0.05121231 0.10528444 0.19955592 0.00049132]

rule19: region_northwest = 1.0
probabilities_array:[7.6970093e-02 4.1655593e-02 0.0000000e+00 1.4889899e-01 1.3928521e-01
 1.3058183e-02 8.1277642e-05 7.8198008e-02 1.9040042e-01 6.1356533e-02
 2.5009575e-01]

rule15: sex_male = 1.0
probabilities_array:[1.8526597e-01 0.0000000e+00 0.0000000e+00 1.1754849e-01 0.0000000e+00
 2.3655295e-03 1.0807510e-04 8.1021413e-02 1.0190725e-01 2.5672978e-01
 2.5505346e-01]

rule21: region_southeast = 1.0
probabilities_array:[0.07616588 0.         0.00211117 0.1078715  0.0566249  0.0021139
 0.0004705  0.06595103 0.24488354 0.24652468 0.19728296]

rule4: bmi < 26.637
probabilities_array:[0.04976938 0.1148636  0.08616335 0.06604154 0.07019174 0.02780114
 0.03826468 0.28423983 0.25721043 0.         0.00545428]

rule9: children = 1.0
probabilities_array:[0.         0.13198338 0.17495956 0.06013989 0.06886707 0.06148919
 0.00449203 0.11745034 0.11226448 0.215855   0.05249915]

rule6: 30.762 < bmi < 34.887
probabilities_array:[0.         0.03669472 0.1930523  0.07129355 0.0740318  0.03940056
 0.         0.         0.         0.35437235 0.23115468]

rule5: 26.637 < bmi < 30.762
probabilities_array:[0.0408979  0.06747851 0.11921668 0.04075506 0.09730904 0.05252702
 0.04374827 0.2556046  0.2715236  0.         0.01093937]


---4---
rule2: 38.834 < age < 48.294
probabilities_array:[0.         0.         0.         0.1946481  0.28113925 0.01749708
 0.         0.         0.2002519  0.2309691  0.07549454]

rule10: children = 2.0
probabilities_array:[0.         0.06597804 0.16889119 0.11220576 0.16923109 0.06203253
 0.06511743 0.05121231 0.10528444 0.19955592 0.00049132]

rule16: smoker_yes = 0.0
probabilities_array:[0.15737148 0.11806365 0.1161679  0.16877761 0.16138297 0.13167337
 0.14317372 0.         0.0015348  0.00143331 0.00042117]

rule13: children = 5.0
probabilities_array:[0.         0.         0.19488391 0.21434939 0.16378579 0.
 0.16268533 0.21707125 0.         0.         0.04722434]

rule11: children = 3.0
probabilities_array:[0.         0.         0.1421043  0.12468875 0.15571271 0.03203041
 0.06117758 0.17011715 0.12492518 0.18924405 0.        ]

rule19: region_northwest = 1.0
probabilities_array:[7.6970093e-02 4.1655593e-02 0.0000000e+00 1.4889899e-01 1.3928521e-01
 1.3058183e-02 8.1277642e-05 7.8198008e-02 1.9040042e-01 6.1356533e-02
 2.5009575e-01]

rule5: 26.637 < bmi < 30.762
probabilities_array:[0.0408979  0.06747851 0.11921668 0.04075506 0.09730904 0.05252702
 0.04374827 0.2556046  0.2715236  0.         0.01093937]

rule4: bmi < 26.637
probabilities_array:[0.04976938 0.1148636  0.08616335 0.06604154 0.07019174 0.02780114
 0.03826468 0.28423983 0.25721043 0.         0.00545428]

rule12: children = 4.0
probabilities_array:[0.         0.01197275 0.10982551 0.03048659 0.0686314  0.2068811
 0.16996536 0.14296694 0.25850376 0.         0.00076658]

rule9: children = 1.0
probabilities_array:[0.         0.13198338 0.17495956 0.06013989 0.06886707 0.06148919
 0.00449203 0.11745034 0.11226448 0.215855   0.05249915]

rule14: sex_male = 0.0
probabilities_array:[0.         0.16420364 0.03114248 0.         0.08190095 0.
 0.0155797  0.18836632 0.19899876 0.10769861 0.2121095 ]

rule23: region_southwest = 1.0
probabilities_array:[0.14320773 0.03001655 0.         0.03083269 0.07631584 0.00121143
 0.         0.19915104 0.         0.315518   0.2037468 ]

rule6: 30.762 < bmi < 34.887
probabilities_array:[0.         0.03669472 0.1930523  0.07129355 0.0740318  0.03940056
 0.         0.         0.         0.35437235 0.23115468]

rule21: region_southeast = 1.0
probabilities_array:[0.07616588 0.         0.00211117 0.1078715  0.0566249  0.0021139
 0.0004705  0.06595103 0.24488354 0.24652468 0.19728296]


---5---
rule3: age > 48.294
probabilities_array:[0.         0.         0.00087546 0.00244504 0.00665757 0.25526914
 0.27138457 0.         0.2533036  0.206642   0.00342256]

rule12: children = 4.0
probabilities_array:[0.         0.01197275 0.10982551 0.03048659 0.0686314  0.2068811
 0.16996536 0.14296694 0.25850376 0.         0.00076658]

rule16: smoker_yes = 0.0
probabilities_array:[0.15737148 0.11806365 0.1161679  0.16877761 0.16138297 0.13167337
 0.14317372 0.         0.0015348  0.00143331 0.00042117]

rule10: children = 2.0
probabilities_array:[0.         0.06597804 0.16889119 0.11220576 0.16923109 0.06203253
 0.06511743 0.05121231 0.10528444 0.19955592 0.00049132]

rule9: children = 1.0
probabilities_array:[0.         0.13198338 0.17495956 0.06013989 0.06886707 0.06148919
 0.00449203 0.11745034 0.11226448 0.215855   0.05249915]

rule5: 26.637 < bmi < 30.762
probabilities_array:[0.0408979  0.06747851 0.11921668 0.04075506 0.09730904 0.05252702
 0.04374827 0.2556046  0.2715236  0.         0.01093937]

rule20: region_southeast = 0.0
probabilities_array:[0.00747728 0.00421519 0.00236579 0.01767219 0.01157102 0.06672179
 0.09132472 0.2649523  0.14484394 0.12696947 0.26188633]

rule7: bmi > 34.887
probabilities_array:[0.05704108 0.         0.         0.18644884 0.00413365 0.07063674
 0.00288101 0.         0.         0.3539246  0.3249341 ]


---6---
rule3: age > 48.294
probabilities_array:[0.         0.         0.00087546 0.00244504 0.00665757 0.25526914
 0.27138457 0.         0.2533036  0.206642   0.00342256]

rule12: children = 4.0
probabilities_array:[0.         0.01197275 0.10982551 0.03048659 0.0686314  0.2068811
 0.16996536 0.14296694 0.25850376 0.         0.00076658]

rule13: children = 5.0
probabilities_array:[0.         0.         0.19488391 0.21434939 0.16378579 0.
 0.16268533 0.21707125 0.         0.         0.04722434]

rule16: smoker_yes = 0.0
probabilities_array:[0.15737148 0.11806365 0.1161679  0.16877761 0.16138297 0.13167337
 0.14317372 0.         0.0015348  0.00143331 0.00042117]

rule20: region_southeast = 0.0
probabilities_array:[0.00747728 0.00421519 0.00236579 0.01767219 0.01157102 0.06672179
 0.09132472 0.2649523  0.14484394 0.12696947 0.26188633]

rule10: children = 2.0
probabilities_array:[0.         0.06597804 0.16889119 0.11220576 0.16923109 0.06203253
 0.06511743 0.05121231 0.10528444 0.19955592 0.00049132]

rule11: children = 3.0
probabilities_array:[0.         0.         0.1421043  0.12468875 0.15571271 0.03203041
 0.06117758 0.17011715 0.12492518 0.18924405 0.        ]

rule5: 26.637 < bmi < 30.762
probabilities_array:[0.0408979  0.06747851 0.11921668 0.04075506 0.09730904 0.05252702
 0.04374827 0.2556046  0.2715236  0.         0.01093937]


---7---
rule4: bmi < 26.637
probabilities_array:[0.04976938 0.1148636  0.08616335 0.06604154 0.07019174 0.02780114
 0.03826468 0.28423983 0.25721043 0.         0.00545428]

rule0: age < 29.374
probabilities_array:[0.2616221  0.24167    0.10551114 0.         0.         0.
 0.         0.26450166 0.         0.12255727 0.0041379 ]

rule5: 26.637 < bmi < 30.762
probabilities_array:[0.0408979  0.06747851 0.11921668 0.04075506 0.09730904 0.05252702
 0.04374827 0.2556046  0.2715236  0.         0.01093937]

rule17: smoker_yes = 1.0
probabilities_array:[0.         0.         0.         0.         0.         0.
 0.         0.27678984 0.259067   0.27935797 0.1847852 ]

rule13: children = 5.0
probabilities_array:[0.         0.         0.19488391 0.21434939 0.16378579 0.
 0.16268533 0.21707125 0.         0.         0.04722434]

rule20: region_southeast = 0.0
probabilities_array:[0.00747728 0.00421519 0.00236579 0.01767219 0.01157102 0.06672179
 0.09132472 0.2649523  0.14484394 0.12696947 0.26188633]

rule11: children = 3.0
probabilities_array:[0.         0.         0.1421043  0.12468875 0.15571271 0.03203041
 0.06117758 0.17011715 0.12492518 0.18924405 0.        ]

rule23: region_southwest = 1.0
probabilities_array:[0.14320773 0.03001655 0.         0.03083269 0.07631584 0.00121143
 0.         0.19915104 0.         0.315518   0.2037468 ]

rule14: sex_male = 0.0
probabilities_array:[0.         0.16420364 0.03114248 0.         0.08190095 0.
 0.0155797  0.18836632 0.19899876 0.10769861 0.2121095 ]

rule12: children = 4.0
probabilities_array:[0.         0.01197275 0.10982551 0.03048659 0.0686314  0.2068811
 0.16996536 0.14296694 0.25850376 0.         0.00076658]

rule9: children = 1.0
probabilities_array:[0.         0.13198338 0.17495956 0.06013989 0.06886707 0.06148919
 0.00449203 0.11745034 0.11226448 0.215855   0.05249915]

rule8: children = 0.0
probabilities_array:[2.6046547e-01 5.8480006e-02 0.0000000e+00 1.6662113e-03 2.0438455e-04
 0.0000000e+00 1.9407758e-02 1.1604283e-01 8.9207314e-02 2.5223333e-01
 2.0229267e-01]

rule22: region_southwest = 0.0
probabilities_array:[0.         0.         0.00597169 0.01538985 0.02237733 0.00136141
 0.00293581 0.0895334  0.26459908 0.3177635  0.280068  ]

rule15: sex_male = 1.0
probabilities_array:[1.8526597e-01 0.0000000e+00 0.0000000e+00 1.1754849e-01 0.0000000e+00
 2.3655295e-03 1.0807510e-04 8.1021413e-02 1.0190725e-01 2.5672978e-01
 2.5505346e-01]

rule1: 29.374 < age < 38.834
probabilities_array:[0.         0.         0.26871023 0.28408203 0.         0.
 0.         0.06937268 0.01231239 0.23007774 0.13544501]

rule19: region_northwest = 1.0
probabilities_array:[7.6970093e-02 4.1655593e-02 0.0000000e+00 1.4889899e-01 1.3928521e-01
 1.3058183e-02 8.1277642e-05 7.8198008e-02 1.9040042e-01 6.1356533e-02
 2.5009575e-01]

rule21: region_southeast = 1.0
probabilities_array:[0.07616588 0.         0.00211117 0.1078715  0.0566249  0.0021139
 0.0004705  0.06595103 0.24488354 0.24652468 0.19728296]

rule10: children = 2.0
probabilities_array:[0.         0.06597804 0.16889119 0.11220576 0.16923109 0.06203253
 0.06511743 0.05121231 0.10528444 0.19955592 0.00049132]

rule18: region_northwest = 0.0
probabilities_array:[0.00508571 0.         0.01381227 0.0060588  0.00407903 0.
 0.00232807 0.10218754 0.01304566 0.32587087 0.5275321 ]


---8---
rule5: 26.637 < bmi < 30.762
probabilities_array:[0.0408979  0.06747851 0.11921668 0.04075506 0.09730904 0.05252702
 0.04374827 0.2556046  0.2715236  0.         0.01093937]

rule12: children = 4.0
probabilities_array:[0.         0.01197275 0.10982551 0.03048659 0.0686314  0.2068811
 0.16996536 0.14296694 0.25850376 0.         0.00076658]

rule4: bmi < 26.637
probabilities_array:[0.04976938 0.1148636  0.08616335 0.06604154 0.07019174 0.02780114
 0.03826468 0.28423983 0.25721043 0.         0.00545428]

rule3: age > 48.294
probabilities_array:[0.         0.         0.00087546 0.00244504 0.00665757 0.25526914
 0.27138457 0.         0.2533036  0.206642   0.00342256]

rule17: smoker_yes = 1.0
probabilities_array:[0.         0.         0.         0.         0.         0.
 0.         0.27678984 0.259067   0.27935797 0.1847852 ]

rule21: region_southeast = 1.0
probabilities_array:[0.07616588 0.         0.00211117 0.1078715  0.0566249  0.0021139
 0.0004705  0.06595103 0.24488354 0.24652468 0.19728296]

rule22: region_southwest = 0.0
probabilities_array:[0.         0.         0.00597169 0.01538985 0.02237733 0.00136141
 0.00293581 0.0895334  0.26459908 0.3177635  0.280068  ]

rule2: 38.834 < age < 48.294
probabilities_array:[0.         0.         0.         0.1946481  0.28113925 0.01749708
 0.         0.         0.2002519  0.2309691  0.07549454]

rule14: sex_male = 0.0
probabilities_array:[0.         0.16420364 0.03114248 0.         0.08190095 0.
 0.0155797  0.18836632 0.19899876 0.10769861 0.2121095 ]

rule19: region_northwest = 1.0
probabilities_array:[7.6970093e-02 4.1655593e-02 0.0000000e+00 1.4889899e-01 1.3928521e-01
 1.3058183e-02 8.1277642e-05 7.8198008e-02 1.9040042e-01 6.1356533e-02
 2.5009575e-01]

rule11: children = 3.0
probabilities_array:[0.         0.         0.1421043  0.12468875 0.15571271 0.03203041
 0.06117758 0.17011715 0.12492518 0.18924405 0.        ]

rule20: region_southeast = 0.0
probabilities_array:[0.00747728 0.00421519 0.00236579 0.01767219 0.01157102 0.06672179
 0.09132472 0.2649523  0.14484394 0.12696947 0.26188633]

rule9: children = 1.0
probabilities_array:[0.         0.13198338 0.17495956 0.06013989 0.06886707 0.06148919
 0.00449203 0.11745034 0.11226448 0.215855   0.05249915]

rule10: children = 2.0
probabilities_array:[0.         0.06597804 0.16889119 0.11220576 0.16923109 0.06203253
 0.06511743 0.05121231 0.10528444 0.19955592 0.00049132]

rule15: sex_male = 1.0
probabilities_array:[1.8526597e-01 0.0000000e+00 0.0000000e+00 1.1754849e-01 0.0000000e+00
 2.3655295e-03 1.0807510e-04 8.1021413e-02 1.0190725e-01 2.5672978e-01
 2.5505346e-01]

rule8: children = 0.0
probabilities_array:[2.6046547e-01 5.8480006e-02 0.0000000e+00 1.6662113e-03 2.0438455e-04
 0.0000000e+00 1.9407758e-02 1.1604283e-01 8.9207314e-02 2.5223333e-01
 2.0229267e-01]


---9---
rule6: 30.762 < bmi < 34.887
probabilities_array:[0.         0.03669472 0.1930523  0.07129355 0.0740318  0.03940056
 0.         0.         0.         0.35437235 0.23115468]

rule23: region_southwest = 1.0
probabilities_array:[0.14320773 0.03001655 0.         0.03083269 0.07631584 0.00121143
 0.         0.19915104 0.         0.315518   0.2037468 ]

rule7: bmi > 34.887
probabilities_array:[0.05704108 0.         0.         0.18644884 0.00413365 0.07063674
 0.00288101 0.         0.         0.3539246  0.3249341 ]

rule22: region_southwest = 0.0
probabilities_array:[0.         0.         0.00597169 0.01538985 0.02237733 0.00136141
 0.00293581 0.0895334  0.26459908 0.3177635  0.280068  ]

rule17: smoker_yes = 1.0
probabilities_array:[0.         0.         0.         0.         0.         0.
 0.         0.27678984 0.259067   0.27935797 0.1847852 ]

rule2: 38.834 < age < 48.294
probabilities_array:[0.         0.         0.         0.1946481  0.28113925 0.01749708
 0.         0.         0.2002519  0.2309691  0.07549454]

rule3: age > 48.294
probabilities_array:[0.         0.         0.00087546 0.00244504 0.00665757 0.25526914
 0.27138457 0.         0.2533036  0.206642   0.00342256]

rule9: children = 1.0
probabilities_array:[0.         0.13198338 0.17495956 0.06013989 0.06886707 0.06148919
 0.00449203 0.11745034 0.11226448 0.215855   0.05249915]

rule8: children = 0.0
probabilities_array:[2.6046547e-01 5.8480006e-02 0.0000000e+00 1.6662113e-03 2.0438455e-04
 0.0000000e+00 1.9407758e-02 1.1604283e-01 8.9207314e-02 2.5223333e-01
 2.0229267e-01]

rule10: children = 2.0
probabilities_array:[0.         0.06597804 0.16889119 0.11220576 0.16923109 0.06203253
 0.06511743 0.05121231 0.10528444 0.19955592 0.00049132]

rule1: 29.374 < age < 38.834
probabilities_array:[0.         0.         0.26871023 0.28408203 0.         0.
 0.         0.06937268 0.01231239 0.23007774 0.13544501]

rule21: region_southeast = 1.0
probabilities_array:[0.07616588 0.         0.00211117 0.1078715  0.0566249  0.0021139
 0.0004705  0.06595103 0.24488354 0.24652468 0.19728296]

rule15: sex_male = 1.0
probabilities_array:[1.8526597e-01 0.0000000e+00 0.0000000e+00 1.1754849e-01 0.0000000e+00
 2.3655295e-03 1.0807510e-04 8.1021413e-02 1.0190725e-01 2.5672978e-01
 2.5505346e-01]

rule11: children = 3.0
probabilities_array:[0.         0.         0.1421043  0.12468875 0.15571271 0.03203041
 0.06117758 0.17011715 0.12492518 0.18924405 0.        ]

rule18: region_northwest = 0.0
probabilities_array:[0.00508571 0.         0.01381227 0.0060588  0.00407903 0.
 0.00232807 0.10218754 0.01304566 0.32587087 0.5275321 ]

rule0: age < 29.374
probabilities_array:[0.2616221  0.24167    0.10551114 0.         0.         0.
 0.         0.26450166 0.         0.12255727 0.0041379 ]

rule20: region_southeast = 0.0
probabilities_array:[0.00747728 0.00421519 0.00236579 0.01767219 0.01157102 0.06672179
 0.09132472 0.2649523  0.14484394 0.12696947 0.26188633]

rule14: sex_male = 0.0
probabilities_array:[0.         0.16420364 0.03114248 0.         0.08190095 0.
 0.0155797  0.18836632 0.19899876 0.10769861 0.2121095 ]

rule19: region_northwest = 1.0
probabilities_array:[7.6970093e-02 4.1655593e-02 0.0000000e+00 1.4889899e-01 1.3928521e-01
 1.3058183e-02 8.1277642e-05 7.8198008e-02 1.9040042e-01 6.1356533e-02
 2.5009575e-01]

