R2: 0.8343363010938272

MAE: 2724.255740553208

MSE: 25242695.377767716

Accuracy: 0.4434389140271493

F1: 0.4272802162457724

Confusion Matrix: [[28, 4, 3, 0, 0, 0, 0, 0, 0, 0, 0, 0, 0], [10, 10, 4, 0, 0, 0, 0, 0, 0, 0, 0, 0, 0], [6, 10, 13, 8, 2, 0, 0, 0, 0, 0, 0, 0, 0], [1, 1, 3, 7, 6, 0, 0, 0, 0, 1, 0, 0, 0], [3, 0, 0, 8, 8, 9, 2, 0, 0, 0, 0, 0, 0], [1, 0, 0, 2, 0, 21, 5, 1, 0, 0, 0, 0, 0], [0, 0, 0, 1, 1, 14, 8, 15, 5, 4, 0, 0, 0], [1, 1, 0, 0, 0, 4, 4, 16, 12, 5, 0, 0, 0], [1, 1, 1, 0, 0, 0, 0, 7, 8, 6, 0, 1, 0], [0, 0, 0, 0, 0, 0, 3, 10, 5, 11, 2, 0, 0], [0, 2, 1, 1, 1, 3, 0, 1, 1, 3, 22, 3, 4], [0, 0, 0, 2, 0, 2, 2, 4, 5, 3, 4, 11, 2], [0, 0, 0, 0, 0, 0, 0, 0, 0, 0, 1, 7, 33]]

Uncertainties: {'class0': [0.00011629805521806702, 0.005033814813941717, 0.03189396858215332, 0.08736913651227951, 0.12308070063591003], 'class1': [0.00011629805521806702, 0.005033814813941717, 0.03189396858215332, 0.044603388756513596, 0.07959134876728058], 'class2': [0.00011629805521806702, 0.0010349666699767113, 0.002367632696405053, 0.005033814813941717, 0.03189396858215332], 'class3': [0.00011629805521806702, 0.0010349666699767113, 0.0029683043248951435, 0.005033814813941717, 0.044603388756513596], 'class4': [0.00011629805521806702, 0.0010349666699767113, 0.002367632696405053, 0.0029683043248951435, 0.005033814813941717], 'class5': [0.00011629805521806702, 0.0010349666699767113, 0.002367632696405053, 0.005033814813941717, 0.0441579669713974], 'class6': [0.00011629805521806702, 0.0006161150522530079, 0.0010349666699767113, 0.002367632696405053, 0.0029683043248951435], 'class7': [0.00011629805521806702, 0.0006161150522530079, 0.0010349666699767113, 0.002367632696405053, 0.005033814813941717], 'class8': [0.00011629805521806702, 0.0006161150522530079, 0.0010349666699767113, 0.002367632696405053, 0.0029683043248951435], 'class9': [0.0006161150522530079, 0.0010349666699767113, 0.002367632696405053, 0.005033814813941717, 0.03189396858215332], 'class10': [0.0006161150522530079, 0.0010349666699767113, 0.002367632696405053, 0.0029683043248951435, 0.005033814813941717], 'class11': [0.0006161150522530079, 0.0010349666699767113, 0.002367632696405053, 0.03189396858215332, 0.07959134876728058], 'class12': [0.0006161150522530079, 0.0010349666699767113, 0.002367632696405053, 0.0441579669713974, 0.044603388756513596]}

Most important rules
-----------------------------

---0---
rule0: age < 29.254
probabilities_array:[0.20208883 0.19861105 0.20629084 0.         0.         0.
 0.         0.         0.         0.15492573 0.0249215  0.18126811
 0.         0.03189397]

rule23: region_southwest = 1.0
probabilities_array:[0.19642334 0.         0.05101198 0.09316482 0.02272644 0.09542002
 0.         0.02280838 0.00085071 0.         0.12894362 0.18411754
 0.08113753 0.12339568]

rule8: children = 0.0
probabilities_array:[0.19167371 0.12348707 0.         0.0145781  0.00039665 0.0009964
 0.00245205 0.00130504 0.07397071 0.11064679 0.03955972 0.18660282
 0.13125023 0.1230807 ]

rule15: sex_male = 1.0
probabilities_array:[1.8974546e-01 0.0000000e+00 1.9835930e-03 1.2551411e-04 4.2409748e-02
 3.3566471e-02 9.7023975e-03 3.9919373e-02 1.2703934e-04 4.0719984e-03
 1.2781736e-01 1.5555708e-01 2.2071443e-01 1.7425945e-01]

rule21: region_southeast = 1.0
probabilities_array:[0.15226169 0.         0.08548015 0.         0.05668301 0.05087846
 0.00097217 0.00219464 0.05846455 0.         0.09852715 0.15225917
 0.20268123 0.13959782]

rule16: smoker_yes = 0.0
probabilities_array:[9.48283076e-02 7.88747817e-02 1.06662504e-01 1.25139818e-01
 1.31223708e-01 1.26125142e-01 1.08776584e-01 1.19485825e-01
 1.00670479e-01 6.72164885e-03 0.00000000e+00 1.37491769e-03
 0.00000000e+00 1.16298055e-04]

rule4: bmi < 26.453
probabilities_array:[0.07607552 0.08865386 0.04207217 0.09536663 0.05827669 0.07851423
 0.1022943  0.04553114 0.06076699 0.14673515 0.17776302 0.02291652
 0.         0.00503381]

rule19: region_northwest = 1.0
probabilities_array:[0.07976819 0.0643433  0.04485855 0.09028222 0.09936581 0.04124754
 0.         0.04938222 0.00525246 0.         0.14072    0.09438854
 0.20302205 0.08736914]

rule18: region_northwest = 0.0
probabilities_array:[0.06812329 0.         0.01451673 0.00911427 0.0189078  0.00337783
 0.0258596  0.00218541 0.         0.17524612 0.09307738 0.15617077
 0.23790784 0.19551297]


---1---
rule0: age < 29.254
probabilities_array:[0.20208883 0.19861105 0.20629084 0.         0.         0.
 0.         0.         0.         0.15492573 0.0249215  0.18126811
 0.         0.03189397]

rule8: children = 0.0
probabilities_array:[0.19167371 0.12348707 0.         0.0145781  0.00039665 0.0009964
 0.00245205 0.00130504 0.07397071 0.11064679 0.03955972 0.18660282
 0.13125023 0.1230807 ]

rule14: sex_male = 0.0
probabilities_array:[0.         0.1130475  0.05235362 0.11465875 0.04190202 0.06668743
 0.0029268  0.0023836  0.00073135 0.18590678 0.09905667 0.12113171
 0.11495081 0.08426295]

rule4: bmi < 26.453
probabilities_array:[0.07607552 0.08865386 0.04207217 0.09536663 0.05827669 0.07851423
 0.1022943  0.04553114 0.06076699 0.14673515 0.17776302 0.02291652
 0.         0.00503381]

rule5: 26.453 < bmi < 30.553
probabilities_array:[0.         0.08766513 0.05001562 0.08620311 0.01078282 0.03322827
 0.1101235  0.02775947 0.01621368 0.10642744 0.24958195 0.14240757
 0.         0.07959135]

rule16: smoker_yes = 0.0
probabilities_array:[9.48283076e-02 7.88747817e-02 1.06662504e-01 1.25139818e-01
 1.31223708e-01 1.26125142e-01 1.08776584e-01 1.19485825e-01
 1.00670479e-01 6.72164885e-03 0.00000000e+00 1.37491769e-03
 0.00000000e+00 1.16298055e-04]

rule9: children = 1.0
probabilities_array:[0.00356502 0.07118892 0.13329938 0.11671292 0.04847666 0.17763238
 0.10819627 0.         0.01583601 0.         0.08731098 0.01570505
 0.17747293 0.04460339]

rule20: region_southeast = 0.0
probabilities_array:[0.         0.07093295 0.00641027 0.03865253 0.01451636 0.00299304
 0.0194438  0.02623793 0.03071658 0.22077315 0.16858213 0.1645878
 0.12189575 0.11425766]

rule19: region_northwest = 1.0
probabilities_array:[0.07976819 0.0643433  0.04485855 0.09028222 0.09936581 0.04124754
 0.         0.04938222 0.00525246 0.         0.14072    0.09438854
 0.20302205 0.08736914]


---2---
rule0: age < 29.254
probabilities_array:[0.20208883 0.19861105 0.20629084 0.         0.         0.
 0.         0.         0.         0.15492573 0.0249215  0.18126811
 0.         0.03189397]

rule9: children = 1.0
probabilities_array:[0.00356502 0.07118892 0.13329938 0.11671292 0.04847666 0.17763238
 0.10819627 0.         0.01583601 0.         0.08731098 0.01570505
 0.17747293 0.04460339]

rule16: smoker_yes = 0.0
probabilities_array:[9.48283076e-02 7.88747817e-02 1.06662504e-01 1.25139818e-01
 1.31223708e-01 1.26125142e-01 1.08776584e-01 1.19485825e-01
 1.00670479e-01 6.72164885e-03 0.00000000e+00 1.37491769e-03
 0.00000000e+00 1.16298055e-04]

rule10: children = 2.0
probabilities_array:[0.         0.0170685  0.10116415 0.0582523  0.07293461 0.09109746
 0.10857601 0.04387239 0.06701837 0.06701791 0.13526319 0.08306009
 0.15364009 0.00103497]

rule11: children = 3.0
probabilities_array:[0.         0.         0.08722898 0.00963107 0.11615249 0.07514187
 0.11022507 0.0525347  0.04776074 0.06224722 0.11354474 0.15059155
 0.17257404 0.00236763]

rule21: region_southeast = 1.0
probabilities_array:[0.15226169 0.         0.08548015 0.         0.05668301 0.05087846
 0.00097217 0.00219464 0.05846455 0.         0.09852715 0.15225917
 0.20268123 0.13959782]

rule14: sex_male = 0.0
probabilities_array:[0.         0.1130475  0.05235362 0.11465875 0.04190202 0.06668743
 0.0029268  0.0023836  0.00073135 0.18590678 0.09905667 0.12113171
 0.11495081 0.08426295]

rule5: 26.453 < bmi < 30.553
probabilities_array:[0.         0.08766513 0.05001562 0.08620311 0.01078282 0.03322827
 0.1101235  0.02775947 0.01621368 0.10642744 0.24958195 0.14240757
 0.         0.07959135]

rule23: region_southwest = 1.0
probabilities_array:[0.19642334 0.         0.05101198 0.09316482 0.02272644 0.09542002
 0.         0.02280838 0.00085071 0.         0.12894362 0.18411754
 0.08113753 0.12339568]

rule1: 29.254 < age < 38.779
probabilities_array:[0.         0.         0.04802188 0.2469374  0.24923214 0.
 0.         0.         0.         0.         0.15912491 0.02036572
 0.19383521 0.08248274]

rule4: bmi < 26.453
probabilities_array:[0.07607552 0.08865386 0.04207217 0.09536663 0.05827669 0.07851423
 0.1022943  0.04553114 0.06076699 0.14673515 0.17776302 0.02291652
 0.         0.00503381]

rule19: region_northwest = 1.0
probabilities_array:[0.07976819 0.0643433  0.04485855 0.09028222 0.09936581 0.04124754
 0.         0.04938222 0.00525246 0.         0.14072    0.09438854
 0.20302205 0.08736914]


---3---
rule1: 29.254 < age < 38.779
probabilities_array:[0.         0.         0.04802188 0.2469374  0.24923214 0.
 0.         0.         0.         0.         0.15912491 0.02036572
 0.19383521 0.08248274]

rule13: children = 5.0
probabilities_array:[0.         0.         0.         0.22173905 0.22855842 0.
 0.144057   0.         0.17421746 0.         0.22845976 0.
 0.         0.0029683 ]

rule16: smoker_yes = 0.0
probabilities_array:[9.48283076e-02 7.88747817e-02 1.06662504e-01 1.25139818e-01
 1.31223708e-01 1.26125142e-01 1.08776584e-01 1.19485825e-01
 1.00670479e-01 6.72164885e-03 0.00000000e+00 1.37491769e-03
 0.00000000e+00 1.16298055e-04]

rule9: children = 1.0
probabilities_array:[0.00356502 0.07118892 0.13329938 0.11671292 0.04847666 0.17763238
 0.10819627 0.         0.01583601 0.         0.08731098 0.01570505
 0.17747293 0.04460339]

rule14: sex_male = 0.0
probabilities_array:[0.         0.1130475  0.05235362 0.11465875 0.04190202 0.06668743
 0.0029268  0.0023836  0.00073135 0.18590678 0.09905667 0.12113171
 0.11495081 0.08426295]

rule4: bmi < 26.453
probabilities_array:[0.07607552 0.08865386 0.04207217 0.09536663 0.05827669 0.07851423
 0.1022943  0.04553114 0.06076699 0.14673515 0.17776302 0.02291652
 0.         0.00503381]

rule19: region_northwest = 1.0
probabilities_array:[0.07976819 0.0643433  0.04485855 0.09028222 0.09936581 0.04124754
 0.         0.04938222 0.00525246 0.         0.14072    0.09438854
 0.20302205 0.08736914]

rule23: region_southwest = 1.0
probabilities_array:[0.19642334 0.         0.05101198 0.09316482 0.02272644 0.09542002
 0.         0.02280838 0.00085071 0.         0.12894362 0.18411754
 0.08113753 0.12339568]

rule5: 26.453 < bmi < 30.553
probabilities_array:[0.         0.08766513 0.05001562 0.08620311 0.01078282 0.03322827
 0.1101235  0.02775947 0.01621368 0.10642744 0.24958195 0.14240757
 0.         0.07959135]

rule10: children = 2.0
probabilities_array:[0.         0.0170685  0.10116415 0.0582523  0.07293461 0.09109746
 0.10857601 0.04387239 0.06701837 0.06701791 0.13526319 0.08306009
 0.15364009 0.00103497]


---4---
rule1: 29.254 < age < 38.779
probabilities_array:[0.         0.         0.04802188 0.2469374  0.24923214 0.
 0.         0.         0.         0.         0.15912491 0.02036572
 0.19383521 0.08248274]

rule13: children = 5.0
probabilities_array:[0.         0.         0.         0.22173905 0.22855842 0.
 0.144057   0.         0.17421746 0.         0.22845976 0.
 0.         0.0029683 ]

rule16: smoker_yes = 0.0
probabilities_array:[9.48283076e-02 7.88747817e-02 1.06662504e-01 1.25139818e-01
 1.31223708e-01 1.26125142e-01 1.08776584e-01 1.19485825e-01
 1.00670479e-01 6.72164885e-03 0.00000000e+00 1.37491769e-03
 0.00000000e+00 1.16298055e-04]

rule11: children = 3.0
probabilities_array:[0.         0.         0.08722898 0.00963107 0.11615249 0.07514187
 0.11022507 0.0525347  0.04776074 0.06224722 0.11354474 0.15059155
 0.17257404 0.00236763]

rule19: region_northwest = 1.0
probabilities_array:[0.07976819 0.0643433  0.04485855 0.09028222 0.09936581 0.04124754
 0.         0.04938222 0.00525246 0.         0.14072    0.09438854
 0.20302205 0.08736914]

rule10: children = 2.0
probabilities_array:[0.         0.0170685  0.10116415 0.0582523  0.07293461 0.09109746
 0.10857601 0.04387239 0.06701837 0.06701791 0.13526319 0.08306009
 0.15364009 0.00103497]

rule7: bmi > 34.653
probabilities_array:[0.         0.0008974  0.00072877 0.01405535 0.10357375 0.00112518
 0.00970022 0.2130191  0.         0.         0.         0.
 0.31921962 0.3376806 ]

rule12: children = 4.0
probabilities_array:[0.         0.         0.         0.         0.0788237  0.19706672
 0.         0.2304824  0.00592647 0.24090976 0.         0.
 0.11658386 0.13020723]

rule4: bmi < 26.453
probabilities_array:[0.07607552 0.08865386 0.04207217 0.09536663 0.05827669 0.07851423
 0.1022943  0.04553114 0.06076699 0.14673515 0.17776302 0.02291652
 0.         0.00503381]

rule2: 38.779 < age < 48.304
probabilities_array:[0.         0.         0.         0.         0.05180369 0.23542014
 0.2367491  0.         0.         0.         0.18765104 0.
 0.24421804 0.04415797]

rule21: region_southeast = 1.0
probabilities_array:[0.15226169 0.         0.08548015 0.         0.05668301 0.05087846
 0.00097217 0.00219464 0.05846455 0.         0.09852715 0.15225917
 0.20268123 0.13959782]

rule9: children = 1.0
probabilities_array:[0.00356502 0.07118892 0.13329938 0.11671292 0.04847666 0.17763238
 0.10819627 0.         0.01583601 0.         0.08731098 0.01570505
 0.17747293 0.04460339]


---5---
rule2: 38.779 < age < 48.304
probabilities_array:[0.         0.         0.         0.         0.05180369 0.23542014
 0.2367491  0.         0.         0.         0.18765104 0.
 0.24421804 0.04415797]

rule12: children = 4.0
probabilities_array:[0.         0.         0.         0.         0.0788237  0.19706672
 0.         0.2304824  0.00592647 0.24090976 0.         0.
 0.11658386 0.13020723]

rule9: children = 1.0
probabilities_array:[0.00356502 0.07118892 0.13329938 0.11671292 0.04847666 0.17763238
 0.10819627 0.         0.01583601 0.         0.08731098 0.01570505
 0.17747293 0.04460339]

rule16: smoker_yes = 0.0
probabilities_array:[9.48283076e-02 7.88747817e-02 1.06662504e-01 1.25139818e-01
 1.31223708e-01 1.26125142e-01 1.08776584e-01 1.19485825e-01
 1.00670479e-01 6.72164885e-03 0.00000000e+00 1.37491769e-03
 0.00000000e+00 1.16298055e-04]

rule10: children = 2.0
probabilities_array:[0.         0.0170685  0.10116415 0.0582523  0.07293461 0.09109746
 0.10857601 0.04387239 0.06701837 0.06701791 0.13526319 0.08306009
 0.15364009 0.00103497]

rule23: region_southwest = 1.0
probabilities_array:[0.19642334 0.         0.05101198 0.09316482 0.02272644 0.09542002
 0.         0.02280838 0.00085071 0.         0.12894362 0.18411754
 0.08113753 0.12339568]

rule4: bmi < 26.453
probabilities_array:[0.07607552 0.08865386 0.04207217 0.09536663 0.05827669 0.07851423
 0.1022943  0.04553114 0.06076699 0.14673515 0.17776302 0.02291652
 0.         0.00503381]

rule11: children = 3.0
probabilities_array:[0.         0.         0.08722898 0.00963107 0.11615249 0.07514187
 0.11022507 0.0525347  0.04776074 0.06224722 0.11354474 0.15059155
 0.17257404 0.00236763]

rule14: sex_male = 0.0
probabilities_array:[0.         0.1130475  0.05235362 0.11465875 0.04190202 0.06668743
 0.0029268  0.0023836  0.00073135 0.18590678 0.09905667 0.12113171
 0.11495081 0.08426295]

rule21: region_southeast = 1.0
probabilities_array:[0.15226169 0.         0.08548015 0.         0.05668301 0.05087846
 0.00097217 0.00219464 0.05846455 0.         0.09852715 0.15225917
 0.20268123 0.13959782]


---6---
rule2: 38.779 < age < 48.304
probabilities_array:[0.         0.         0.         0.         0.05180369 0.23542014
 0.2367491  0.         0.         0.         0.18765104 0.
 0.24421804 0.04415797]

rule13: children = 5.0
probabilities_array:[0.         0.         0.         0.22173905 0.22855842 0.
 0.144057   0.         0.17421746 0.         0.22845976 0.
 0.         0.0029683 ]

rule11: children = 3.0
probabilities_array:[0.         0.         0.08722898 0.00963107 0.11615249 0.07514187
 0.11022507 0.0525347  0.04776074 0.06224722 0.11354474 0.15059155
 0.17257404 0.00236763]

rule16: smoker_yes = 0.0
probabilities_array:[9.48283076e-02 7.88747817e-02 1.06662504e-01 1.25139818e-01
 1.31223708e-01 1.26125142e-01 1.08776584e-01 1.19485825e-01
 1.00670479e-01 6.72164885e-03 0.00000000e+00 1.37491769e-03
 0.00000000e+00 1.16298055e-04]

rule10: children = 2.0
probabilities_array:[0.         0.0170685  0.10116415 0.0582523  0.07293461 0.09109746
 0.10857601 0.04387239 0.06701837 0.06701791 0.13526319 0.08306009
 0.15364009 0.00103497]

rule9: children = 1.0
probabilities_array:[0.00356502 0.07118892 0.13329938 0.11671292 0.04847666 0.17763238
 0.10819627 0.         0.01583601 0.         0.08731098 0.01570505
 0.17747293 0.04460339]

rule4: bmi < 26.453
probabilities_array:[0.07607552 0.08865386 0.04207217 0.09536663 0.05827669 0.07851423
 0.1022943  0.04553114 0.06076699 0.14673515 0.17776302 0.02291652
 0.         0.00503381]

rule5: 26.453 < bmi < 30.553
probabilities_array:[0.         0.08766513 0.05001562 0.08620311 0.01078282 0.03322827
 0.1101235  0.02775947 0.01621368 0.10642744 0.24958195 0.14240757
 0.         0.07959135]

rule3: age > 48.304
probabilities_array:[0.         0.         0.0009559  0.         0.00038404 0.
 0.05738324 0.18957484 0.19322862 0.14947203 0.04545645 0.16406667
 0.19886203 0.00061612]


---7---
rule12: children = 4.0
probabilities_array:[0.         0.         0.         0.         0.0788237  0.19706672
 0.         0.2304824  0.00592647 0.24090976 0.         0.
 0.11658386 0.13020723]

rule3: age > 48.304
probabilities_array:[0.         0.         0.0009559  0.         0.00038404 0.
 0.05738324 0.18957484 0.19322862 0.14947203 0.04545645 0.16406667
 0.19886203 0.00061612]

rule7: bmi > 34.653
probabilities_array:[0.         0.0008974  0.00072877 0.01405535 0.10357375 0.00112518
 0.00970022 0.2130191  0.         0.         0.         0.
 0.31921962 0.3376806 ]

rule16: smoker_yes = 0.0
probabilities_array:[9.48283076e-02 7.88747817e-02 1.06662504e-01 1.25139818e-01
 1.31223708e-01 1.26125142e-01 1.08776584e-01 1.19485825e-01
 1.00670479e-01 6.72164885e-03 0.00000000e+00 1.37491769e-03
 0.00000000e+00 1.16298055e-04]

rule11: children = 3.0
probabilities_array:[0.         0.         0.08722898 0.00963107 0.11615249 0.07514187
 0.11022507 0.0525347  0.04776074 0.06224722 0.11354474 0.15059155
 0.17257404 0.00236763]

rule4: bmi < 26.453
probabilities_array:[0.07607552 0.08865386 0.04207217 0.09536663 0.05827669 0.07851423
 0.1022943  0.04553114 0.06076699 0.14673515 0.17776302 0.02291652
 0.         0.00503381]

rule19: region_northwest = 1.0
probabilities_array:[0.07976819 0.0643433  0.04485855 0.09028222 0.09936581 0.04124754
 0.         0.04938222 0.00525246 0.         0.14072    0.09438854
 0.20302205 0.08736914]

rule10: children = 2.0
probabilities_array:[0.         0.0170685  0.10116415 0.0582523  0.07293461 0.09109746
 0.10857601 0.04387239 0.06701837 0.06701791 0.13526319 0.08306009
 0.15364009 0.00103497]


---8---
rule3: age > 48.304
probabilities_array:[0.         0.         0.0009559  0.         0.00038404 0.
 0.05738324 0.18957484 0.19322862 0.14947203 0.04545645 0.16406667
 0.19886203 0.00061612]

rule13: children = 5.0
probabilities_array:[0.         0.         0.         0.22173905 0.22855842 0.
 0.144057   0.         0.17421746 0.         0.22845976 0.
 0.         0.0029683 ]

rule16: smoker_yes = 0.0
probabilities_array:[9.48283076e-02 7.88747817e-02 1.06662504e-01 1.25139818e-01
 1.31223708e-01 1.26125142e-01 1.08776584e-01 1.19485825e-01
 1.00670479e-01 6.72164885e-03 0.00000000e+00 1.37491769e-03
 0.00000000e+00 1.16298055e-04]

rule10: children = 2.0
probabilities_array:[0.         0.0170685  0.10116415 0.0582523  0.07293461 0.09109746
 0.10857601 0.04387239 0.06701837 0.06701791 0.13526319 0.08306009
 0.15364009 0.00103497]

rule8: children = 0.0
probabilities_array:[0.19167371 0.12348707 0.         0.0145781  0.00039665 0.0009964
 0.00245205 0.00130504 0.07397071 0.11064679 0.03955972 0.18660282
 0.13125023 0.1230807 ]

rule4: bmi < 26.453
probabilities_array:[0.07607552 0.08865386 0.04207217 0.09536663 0.05827669 0.07851423
 0.1022943  0.04553114 0.06076699 0.14673515 0.17776302 0.02291652
 0.         0.00503381]

rule21: region_southeast = 1.0
probabilities_array:[0.15226169 0.         0.08548015 0.         0.05668301 0.05087846
 0.00097217 0.00219464 0.05846455 0.         0.09852715 0.15225917
 0.20268123 0.13959782]

rule11: children = 3.0
probabilities_array:[0.         0.         0.08722898 0.00963107 0.11615249 0.07514187
 0.11022507 0.0525347  0.04776074 0.06224722 0.11354474 0.15059155
 0.17257404 0.00236763]


---9---
rule12: children = 4.0
probabilities_array:[0.         0.         0.         0.         0.0788237  0.19706672
 0.         0.2304824  0.00592647 0.24090976 0.         0.
 0.11658386 0.13020723]

rule20: region_southeast = 0.0
probabilities_array:[0.         0.07093295 0.00641027 0.03865253 0.01451636 0.00299304
 0.0194438  0.02623793 0.03071658 0.22077315 0.16858213 0.1645878
 0.12189575 0.11425766]

rule14: sex_male = 0.0
probabilities_array:[0.         0.1130475  0.05235362 0.11465875 0.04190202 0.06668743
 0.0029268  0.0023836  0.00073135 0.18590678 0.09905667 0.12113171
 0.11495081 0.08426295]

rule0: age < 29.254
probabilities_array:[0.20208883 0.19861105 0.20629084 0.         0.         0.
 0.         0.         0.         0.15492573 0.0249215  0.18126811
 0.         0.03189397]

rule3: age > 48.304
probabilities_array:[0.         0.         0.0009559  0.         0.00038404 0.
 0.05738324 0.18957484 0.19322862 0.14947203 0.04545645 0.16406667
 0.19886203 0.00061612]

rule4: bmi < 26.453
probabilities_array:[0.07607552 0.08865386 0.04207217 0.09536663 0.05827669 0.07851423
 0.1022943  0.04553114 0.06076699 0.14673515 0.17776302 0.02291652
 0.         0.00503381]

rule18: region_northwest = 0.0
probabilities_array:[0.06812329 0.         0.01451673 0.00911427 0.0189078  0.00337783
 0.0258596  0.00218541 0.         0.17524612 0.09307738 0.15617077
 0.23790784 0.19551297]

rule5: 26.453 < bmi < 30.553
probabilities_array:[0.         0.08766513 0.05001562 0.08620311 0.01078282 0.03322827
 0.1101235  0.02775947 0.01621368 0.10642744 0.24958195 0.14240757
 0.         0.07959135]

rule8: children = 0.0
probabilities_array:[0.19167371 0.12348707 0.         0.0145781  0.00039665 0.0009964
 0.00245205 0.00130504 0.07397071 0.11064679 0.03955972 0.18660282
 0.13125023 0.1230807 ]

rule22: region_southwest = 0.0
probabilities_array:[0.         0.04717296 0.         0.00857562 0.02654001 0.00333096
 0.01456274 0.00161447 0.00033886 0.11300672 0.20377731 0.08292815
 0.26946038 0.22869194]

rule10: children = 2.0
probabilities_array:[0.         0.0170685  0.10116415 0.0582523  0.07293461 0.09109746
 0.10857601 0.04387239 0.06701837 0.06701791 0.13526319 0.08306009
 0.15364009 0.00103497]

rule11: children = 3.0
probabilities_array:[0.         0.         0.08722898 0.00963107 0.11615249 0.07514187
 0.11022507 0.0525347  0.04776074 0.06224722 0.11354474 0.15059155
 0.17257404 0.00236763]

rule17: smoker_yes = 1.0
probabilities_array:[0.         0.         0.         0.         0.         0.
 0.         0.         0.         0.07558155 0.22314034 0.23319799
 0.24714822 0.22093195]

rule6: 30.553 < bmi < 34.653
probabilities_array:[0.03387526 0.         0.01161726 0.         0.00344421 0.01180562
 0.         0.00053357 0.         0.07398826 0.         0.27327213
 0.2754085  0.3160552 ]


---10---
rule5: 26.453 < bmi < 30.553
probabilities_array:[0.         0.08766513 0.05001562 0.08620311 0.01078282 0.03322827
 0.1101235  0.02775947 0.01621368 0.10642744 0.24958195 0.14240757
 0.         0.07959135]

rule13: children = 5.0
probabilities_array:[0.         0.         0.         0.22173905 0.22855842 0.
 0.144057   0.         0.17421746 0.         0.22845976 0.
 0.         0.0029683 ]

rule2: 38.779 < age < 48.304
probabilities_array:[0.         0.         0.         0.         0.05180369 0.23542014
 0.2367491  0.         0.         0.         0.18765104 0.
 0.24421804 0.04415797]

rule4: bmi < 26.453
probabilities_array:[0.07607552 0.08865386 0.04207217 0.09536663 0.05827669 0.07851423
 0.1022943  0.04553114 0.06076699 0.14673515 0.17776302 0.02291652
 0.         0.00503381]

rule17: smoker_yes = 1.0
probabilities_array:[0.         0.         0.         0.         0.         0.
 0.         0.         0.         0.07558155 0.22314034 0.23319799
 0.24714822 0.22093195]

rule22: region_southwest = 0.0
probabilities_array:[0.         0.04717296 0.         0.00857562 0.02654001 0.00333096
 0.01456274 0.00161447 0.00033886 0.11300672 0.20377731 0.08292815
 0.26946038 0.22869194]

rule20: region_southeast = 0.0
probabilities_array:[0.         0.07093295 0.00641027 0.03865253 0.01451636 0.00299304
 0.0194438  0.02623793 0.03071658 0.22077315 0.16858213 0.1645878
 0.12189575 0.11425766]

rule1: 29.254 < age < 38.779
probabilities_array:[0.         0.         0.04802188 0.2469374  0.24923214 0.
 0.         0.         0.         0.         0.15912491 0.02036572
 0.19383521 0.08248274]

rule10: children = 2.0
probabilities_array:[0.         0.0170685  0.10116415 0.0582523  0.07293461 0.09109746
 0.10857601 0.04387239 0.06701837 0.06701791 0.13526319 0.08306009
 0.15364009 0.00103497]

rule19: region_northwest = 1.0
probabilities_array:[0.07976819 0.0643433  0.04485855 0.09028222 0.09936581 0.04124754
 0.         0.04938222 0.00525246 0.         0.14072    0.09438854
 0.20302205 0.08736914]

rule11: children = 3.0
probabilities_array:[0.         0.         0.08722898 0.00963107 0.11615249 0.07514187
 0.11022507 0.0525347  0.04776074 0.06224722 0.11354474 0.15059155
 0.17257404 0.00236763]

rule23: region_southwest = 1.0
probabilities_array:[0.19642334 0.         0.05101198 0.09316482 0.02272644 0.09542002
 0.         0.02280838 0.00085071 0.         0.12894362 0.18411754
 0.08113753 0.12339568]

rule15: sex_male = 1.0
probabilities_array:[1.8974546e-01 0.0000000e+00 1.9835930e-03 1.2551411e-04 4.2409748e-02
 3.3566471e-02 9.7023975e-03 3.9919373e-02 1.2703934e-04 4.0719984e-03
 1.2781736e-01 1.5555708e-01 2.2071443e-01 1.7425945e-01]

rule14: sex_male = 0.0
probabilities_array:[0.         0.1130475  0.05235362 0.11465875 0.04190202 0.06668743
 0.0029268  0.0023836  0.00073135 0.18590678 0.09905667 0.12113171
 0.11495081 0.08426295]

rule21: region_southeast = 1.0
probabilities_array:[0.15226169 0.         0.08548015 0.         0.05668301 0.05087846
 0.00097217 0.00219464 0.05846455 0.         0.09852715 0.15225917
 0.20268123 0.13959782]

rule9: children = 1.0
probabilities_array:[0.00356502 0.07118892 0.13329938 0.11671292 0.04847666 0.17763238
 0.10819627 0.         0.01583601 0.         0.08731098 0.01570505
 0.17747293 0.04460339]

rule18: region_northwest = 0.0
probabilities_array:[0.06812329 0.         0.01451673 0.00911427 0.0189078  0.00337783
 0.0258596  0.00218541 0.         0.17524612 0.09307738 0.15617077
 0.23790784 0.19551297]

rule3: age > 48.304
probabilities_array:[0.         0.         0.0009559  0.         0.00038404 0.
 0.05738324 0.18957484 0.19322862 0.14947203 0.04545645 0.16406667
 0.19886203 0.00061612]


---11---
rule6: 30.553 < bmi < 34.653
probabilities_array:[0.03387526 0.         0.01161726 0.         0.00344421 0.01180562
 0.         0.00053357 0.         0.07398826 0.         0.27327213
 0.2754085  0.3160552 ]

rule17: smoker_yes = 1.0
probabilities_array:[0.         0.         0.         0.         0.         0.
 0.         0.         0.         0.07558155 0.22314034 0.23319799
 0.24714822 0.22093195]

rule0: age < 29.254
probabilities_array:[0.20208883 0.19861105 0.20629084 0.         0.         0.
 0.         0.         0.         0.15492573 0.0249215  0.18126811
 0.         0.03189397]

rule3: age > 48.304
probabilities_array:[0.         0.         0.0009559  0.         0.00038404 0.
 0.05738324 0.18957484 0.19322862 0.14947203 0.04545645 0.16406667
 0.19886203 0.00061612]

rule8: children = 0.0
probabilities_array:[0.19167371 0.12348707 0.         0.0145781  0.00039665 0.0009964
 0.00245205 0.00130504 0.07397071 0.11064679 0.03955972 0.18660282
 0.13125023 0.1230807 ]

rule23: region_southwest = 1.0
probabilities_array:[0.19642334 0.         0.05101198 0.09316482 0.02272644 0.09542002
 0.         0.02280838 0.00085071 0.         0.12894362 0.18411754
 0.08113753 0.12339568]

rule11: children = 3.0
probabilities_array:[0.         0.         0.08722898 0.00963107 0.11615249 0.07514187
 0.11022507 0.0525347  0.04776074 0.06224722 0.11354474 0.15059155
 0.17257404 0.00236763]

rule20: region_southeast = 0.0
probabilities_array:[0.         0.07093295 0.00641027 0.03865253 0.01451636 0.00299304
 0.0194438  0.02623793 0.03071658 0.22077315 0.16858213 0.1645878
 0.12189575 0.11425766]

rule5: 26.453 < bmi < 30.553
probabilities_array:[0.         0.08766513 0.05001562 0.08620311 0.01078282 0.03322827
 0.1101235  0.02775947 0.01621368 0.10642744 0.24958195 0.14240757
 0.         0.07959135]

rule21: region_southeast = 1.0
probabilities_array:[0.15226169 0.         0.08548015 0.         0.05668301 0.05087846
 0.00097217 0.00219464 0.05846455 0.         0.09852715 0.15225917
 0.20268123 0.13959782]

rule15: sex_male = 1.0
probabilities_array:[1.8974546e-01 0.0000000e+00 1.9835930e-03 1.2551411e-04 4.2409748e-02
 3.3566471e-02 9.7023975e-03 3.9919373e-02 1.2703934e-04 4.0719984e-03
 1.2781736e-01 1.5555708e-01 2.2071443e-01 1.7425945e-01]

rule18: region_northwest = 0.0
probabilities_array:[0.06812329 0.         0.01451673 0.00911427 0.0189078  0.00337783
 0.0258596  0.00218541 0.         0.17524612 0.09307738 0.15617077
 0.23790784 0.19551297]

rule14: sex_male = 0.0
probabilities_array:[0.         0.1130475  0.05235362 0.11465875 0.04190202 0.06668743
 0.0029268  0.0023836  0.00073135 0.18590678 0.09905667 0.12113171
 0.11495081 0.08426295]

rule19: region_northwest = 1.0
probabilities_array:[0.07976819 0.0643433  0.04485855 0.09028222 0.09936581 0.04124754
 0.         0.04938222 0.00525246 0.         0.14072    0.09438854
 0.20302205 0.08736914]

rule10: children = 2.0
probabilities_array:[0.         0.0170685  0.10116415 0.0582523  0.07293461 0.09109746
 0.10857601 0.04387239 0.06701837 0.06701791 0.13526319 0.08306009
 0.15364009 0.00103497]

rule22: region_southwest = 0.0
probabilities_array:[0.         0.04717296 0.         0.00857562 0.02654001 0.00333096
 0.01456274 0.00161447 0.00033886 0.11300672 0.20377731 0.08292815
 0.26946038 0.22869194]


---12---
rule2: 38.779 < age < 48.304
probabilities_array:[0.         0.         0.         0.         0.05180369 0.23542014
 0.2367491  0.         0.         0.         0.18765104 0.
 0.24421804 0.04415797]

rule7: bmi > 34.653
probabilities_array:[0.         0.0008974  0.00072877 0.01405535 0.10357375 0.00112518
 0.00970022 0.2130191  0.         0.         0.         0.
 0.31921962 0.3376806 ]

rule22: region_southwest = 0.0
probabilities_array:[0.         0.04717296 0.         0.00857562 0.02654001 0.00333096
 0.01456274 0.00161447 0.00033886 0.11300672 0.20377731 0.08292815
 0.26946038 0.22869194]

rule3: age > 48.304
probabilities_array:[0.         0.         0.0009559  0.         0.00038404 0.
 0.05738324 0.18957484 0.19322862 0.14947203 0.04545645 0.16406667
 0.19886203 0.00061612]

rule17: smoker_yes = 1.0
probabilities_array:[0.         0.         0.         0.         0.         0.
 0.         0.         0.         0.07558155 0.22314034 0.23319799
 0.24714822 0.22093195]

rule18: region_northwest = 0.0
probabilities_array:[0.06812329 0.         0.01451673 0.00911427 0.0189078  0.00337783
 0.0258596  0.00218541 0.         0.17524612 0.09307738 0.15617077
 0.23790784 0.19551297]

rule6: 30.553 < bmi < 34.653
probabilities_array:[0.03387526 0.         0.01161726 0.         0.00344421 0.01180562
 0.         0.00053357 0.         0.07398826 0.         0.27327213
 0.2754085  0.3160552 ]

rule19: region_northwest = 1.0
probabilities_array:[0.07976819 0.0643433  0.04485855 0.09028222 0.09936581 0.04124754
 0.         0.04938222 0.00525246 0.         0.14072    0.09438854
 0.20302205 0.08736914]

rule15: sex_male = 1.0
probabilities_array:[1.8974546e-01 0.0000000e+00 1.9835930e-03 1.2551411e-04 4.2409748e-02
 3.3566471e-02 9.7023975e-03 3.9919373e-02 1.2703934e-04 4.0719984e-03
 1.2781736e-01 1.5555708e-01 2.2071443e-01 1.7425945e-01]

rule1: 29.254 < age < 38.779
probabilities_array:[0.         0.         0.04802188 0.2469374  0.24923214 0.
 0.         0.         0.         0.         0.15912491 0.02036572
 0.19383521 0.08248274]

rule21: region_southeast = 1.0
probabilities_array:[0.15226169 0.         0.08548015 0.         0.05668301 0.05087846
 0.00097217 0.00219464 0.05846455 0.         0.09852715 0.15225917
 0.20268123 0.13959782]

rule11: children = 3.0
probabilities_array:[0.         0.         0.08722898 0.00963107 0.11615249 0.07514187
 0.11022507 0.0525347  0.04776074 0.06224722 0.11354474 0.15059155
 0.17257404 0.00236763]

rule9: children = 1.0
probabilities_array:[0.00356502 0.07118892 0.13329938 0.11671292 0.04847666 0.17763238
 0.10819627 0.         0.01583601 0.         0.08731098 0.01570505
 0.17747293 0.04460339]

rule10: children = 2.0
probabilities_array:[0.         0.0170685  0.10116415 0.0582523  0.07293461 0.09109746
 0.10857601 0.04387239 0.06701837 0.06701791 0.13526319 0.08306009
 0.15364009 0.00103497]

rule8: children = 0.0
probabilities_array:[0.19167371 0.12348707 0.         0.0145781  0.00039665 0.0009964
 0.00245205 0.00130504 0.07397071 0.11064679 0.03955972 0.18660282
 0.13125023 0.1230807 ]

rule20: region_southeast = 0.0
probabilities_array:[0.         0.07093295 0.00641027 0.03865253 0.01451636 0.00299304
 0.0194438  0.02623793 0.03071658 0.22077315 0.16858213 0.1645878
 0.12189575 0.11425766]

rule14: sex_male = 0.0
probabilities_array:[0.         0.1130475  0.05235362 0.11465875 0.04190202 0.06668743
 0.0029268  0.0023836  0.00073135 0.18590678 0.09905667 0.12113171
 0.11495081 0.08426295]

rule12: children = 4.0
probabilities_array:[0.         0.         0.         0.         0.0788237  0.19706672
 0.         0.2304824  0.00592647 0.24090976 0.         0.
 0.11658386 0.13020723]

rule23: region_southwest = 1.0
probabilities_array:[0.19642334 0.         0.05101198 0.09316482 0.02272644 0.09542002
 0.         0.02280838 0.00085071 0.         0.12894362 0.18411754
 0.08113753 0.12339568]

