R2: 0.8667491312244465

MAE: 2569.8652816702365

MSE: 21430790.121744215

Accuracy: 0.5497737556561086

F1: 0.52961279175164

Confusion Matrix: [[42, 8, 0, 0, 0, 0, 0, 0, 0], [14, 19, 11, 0, 0, 0, 0, 0, 0], [0, 8, 46, 7, 0, 0, 0, 0, 0], [1, 0, 13, 19, 3, 0, 1, 0, 0], [0, 0, 2, 14, 11, 21, 7, 0, 0], [1, 1, 1, 0, 2, 19, 25, 0, 0], [1, 2, 1, 2, 1, 10, 14, 3, 6], [1, 3, 4, 0, 0, 4, 14, 24, 2], [0, 0, 0, 0, 0, 2, 0, 3, 49]]

Uncertainties: {'class0': [0.0, 0.0, 0.08701815456151962, 0.12758733332157135, 0.12936356663703918], 'class1': [0.0, 0.0, 0.0, 0.0, 0.08701815456151962], 'class2': [0.0, 0.0, 0.0, 0.0, 0.0], 'class3': [0.0, 0.0, 0.0, 0.0, 0.0], 'class4': [0.0, 0.0, 0.0, 0.0, 0.0], 'class5': [0.0, 0.0, 0.0, 0.0, 0.0], 'class6': [0.0, 0.0, 0.0, 0.0, 0.0], 'class7': [0.0, 0.0, 0.0, 0.0, 0.0], 'class8': [0.0, 0.0, 0.0, 0.0, 0.004252171143889427]}

Most important rules
-----------------------------

---0---
rule0: age < 29.560
probabilities_array:[0.27259433 0.28061014 0.         0.         0.         0.
 0.13307396 0.         0.22670348 0.08701815]

rule8: children = 0.0
probabilities_array:[0.27430773 0.02316917 0.01301409 0.00405302 0.         0.
 0.21055196 0.06305401 0.19447918 0.21737082]

rule16: smoker_yes = 0.0
probabilities_array:[0.20976934 0.19804955 0.19541526 0.17130533 0.11934166 0.09275689
 0.0117736  0.00158853 0.         0.        ]

rule23: region_southwest = 1.0
probabilities_array:[0.21787567 0.12918457 0.10884844 0.10508517 0.         0.03658
 0.         0.13659589 0.13824297 0.12758733]

rule21: region_southeast = 1.0
probabilities_array:[0.2163334  0.03063776 0.05689953 0.00711213 0.         0.
 0.05468624 0.25343156 0.2377571  0.14314231]

rule15: sex_male = 1.0
probabilities_array:[0.22407839 0.         0.         0.0125447  0.         0.
 0.07974039 0.14039801 0.25931016 0.2839283 ]

rule4: bmi < 26.585
probabilities_array:[0.09726679 0.11379562 0.09297712 0.08733932 0.10469396 0.15242048
 0.16519679 0.18630998 0.         0.        ]

rule7: bmi > 34.774
probabilities_array:[0.10621118 0.00760586 0.02326754 0.00087022 0.         0.08324378
 0.2276937  0.         0.3538421  0.19726567]

rule18: region_northwest = 0.0
probabilities_array:[0.07475948 0.0142618  0.         0.         0.06099242 0.00176497
 0.12559807 0.17593321 0.28520325 0.26148674]

rule5: 26.585 < bmi < 30.680
probabilities_array:[0.04767875 0.17131813 0.09062304 0.00286604 0.02886517 0.17094287
 0.00950574 0.34883663 0.         0.12936357]


---1---
rule0: age < 29.560
probabilities_array:[0.27259433 0.28061014 0.         0.         0.         0.
 0.13307396 0.         0.22670348 0.08701815]

rule9: children = 1.0
probabilities_array:[0.01729047 0.24399355 0.16385405 0.13844004 0.06877931 0.01736764
 0.         0.14695637 0.10812242 0.09519609]

rule16: smoker_yes = 0.0
probabilities_array:[0.20976934 0.19804955 0.19541526 0.17130533 0.11934166 0.09275689
 0.0117736  0.00158853 0.         0.        ]

rule5: 26.585 < bmi < 30.680
probabilities_array:[0.04767875 0.17131813 0.09062304 0.00286604 0.02886517 0.17094287
 0.00950574 0.34883663 0.         0.12936357]

rule14: sex_male = 0.0
probabilities_array:[0.         0.16124135 0.12371341 0.         0.01356847 0.03588464
 0.15122116 0.13014017 0.09098035 0.29325047]

rule4: bmi < 26.585
probabilities_array:[0.09726679 0.11379562 0.09297712 0.08733932 0.10469396 0.15242048
 0.16519679 0.18630998 0.         0.        ]

rule23: region_southwest = 1.0
probabilities_array:[0.21787567 0.12918457 0.10884844 0.10508517 0.         0.03658
 0.         0.13659589 0.13824297 0.12758733]

rule6: 30.680 < bmi < 34.774
probabilities_array:[0.0000000e+00 1.3943578e-01 1.9877811e-01 4.8407750e-05 1.8858121e-04
 0.0000000e+00 1.0816557e-01 0.0000000e+00 3.3909786e-01 2.1428566e-01]

rule10: children = 2.0
probabilities_array:[0.         0.09670733 0.06724492 0.11928327 0.1374352  0.13711195
 0.15590286 0.08967798 0.19663642 0.        ]

rule11: children = 3.0
probabilities_array:[0.         0.08191679 0.02655895 0.06472228 0.11516969 0.12586218
 0.2109905  0.18180779 0.19297181 0.        ]

rule19: region_northwest = 1.0
probabilities_array:[0.04005556 0.07167823 0.05340595 0.21302383 0.         0.11784403
 0.04141598 0.09043867 0.07465195 0.2974857 ]


---2---
rule1: 29.560 < age < 39.102
probabilities_array:[0.00000000e+00 5.78923282e-05 3.32423985e-01 1.29663929e-01
 0.00000000e+00 0.00000000e+00 3.11474642e-03 3.37922513e-01
 1.82181478e-01 1.46355145e-02]

rule12: children = 4.0
probabilities_array:[0.         0.         0.3016316  0.00183044 0.00703752 0.2531493
 0.3184245  0.05974297 0.05818365 0.        ]

rule16: smoker_yes = 0.0
probabilities_array:[0.20976934 0.19804955 0.19541526 0.17130533 0.11934166 0.09275689
 0.0117736  0.00158853 0.         0.        ]

rule6: 30.680 < bmi < 34.774
probabilities_array:[0.0000000e+00 1.3943578e-01 1.9877811e-01 4.8407750e-05 1.8858121e-04
 0.0000000e+00 1.0816557e-01 0.0000000e+00 3.3909786e-01 2.1428566e-01]

rule9: children = 1.0
probabilities_array:[0.01729047 0.24399355 0.16385405 0.13844004 0.06877931 0.01736764
 0.         0.14695637 0.10812242 0.09519609]

rule13: children = 5.0
probabilities_array:[0.         0.         0.12326014 0.32536164 0.29533815 0.24353795
 0.         0.01193458 0.0005675  0.        ]

rule23: region_southwest = 1.0
probabilities_array:[0.21787567 0.12918457 0.10884844 0.10508517 0.         0.03658
 0.         0.13659589 0.13824297 0.12758733]

rule4: bmi < 26.585
probabilities_array:[0.09726679 0.11379562 0.09297712 0.08733932 0.10469396 0.15242048
 0.16519679 0.18630998 0.         0.        ]

rule14: sex_male = 0.0
probabilities_array:[0.         0.16124135 0.12371341 0.         0.01356847 0.03588464
 0.15122116 0.13014017 0.09098035 0.29325047]

rule5: 26.585 < bmi < 30.680
probabilities_array:[0.04767875 0.17131813 0.09062304 0.00286604 0.02886517 0.17094287
 0.00950574 0.34883663 0.         0.12936357]

rule10: children = 2.0
probabilities_array:[0.         0.09670733 0.06724492 0.11928327 0.1374352  0.13711195
 0.15590286 0.08967798 0.19663642 0.        ]

rule21: region_southeast = 1.0
probabilities_array:[0.2163334  0.03063776 0.05689953 0.00711213 0.         0.
 0.05468624 0.25343156 0.2377571  0.14314231]


---3---
rule13: children = 5.0
probabilities_array:[0.         0.         0.12326014 0.32536164 0.29533815 0.24353795
 0.         0.01193458 0.0005675  0.        ]

rule2: 39.102 < age < 48.643
probabilities_array:[0.00206017 0.         0.00519276 0.25265625 0.26877534 0.0235257
 0.         0.23509057 0.20844707 0.00425217]

rule16: smoker_yes = 0.0
probabilities_array:[0.20976934 0.19804955 0.19541526 0.17130533 0.11934166 0.09275689
 0.0117736  0.00158853 0.         0.        ]

rule19: region_northwest = 1.0
probabilities_array:[0.04005556 0.07167823 0.05340595 0.21302383 0.         0.11784403
 0.04141598 0.09043867 0.07465195 0.2974857 ]

rule1: 29.560 < age < 39.102
probabilities_array:[0.00000000e+00 5.78923282e-05 3.32423985e-01 1.29663929e-01
 0.00000000e+00 0.00000000e+00 3.11474642e-03 3.37922513e-01
 1.82181478e-01 1.46355145e-02]

rule9: children = 1.0
probabilities_array:[0.01729047 0.24399355 0.16385405 0.13844004 0.06877931 0.01736764
 0.         0.14695637 0.10812242 0.09519609]

rule10: children = 2.0
probabilities_array:[0.         0.09670733 0.06724492 0.11928327 0.1374352  0.13711195
 0.15590286 0.08967798 0.19663642 0.        ]

rule23: region_southwest = 1.0
probabilities_array:[0.21787567 0.12918457 0.10884844 0.10508517 0.         0.03658
 0.         0.13659589 0.13824297 0.12758733]

rule4: bmi < 26.585
probabilities_array:[0.09726679 0.11379562 0.09297712 0.08733932 0.10469396 0.15242048
 0.16519679 0.18630998 0.         0.        ]

rule11: children = 3.0
probabilities_array:[0.         0.08191679 0.02655895 0.06472228 0.11516969 0.12586218
 0.2109905  0.18180779 0.19297181 0.        ]


---4---
rule13: children = 5.0
probabilities_array:[0.         0.         0.12326014 0.32536164 0.29533815 0.24353795
 0.         0.01193458 0.0005675  0.        ]

rule2: 39.102 < age < 48.643
probabilities_array:[0.00206017 0.         0.00519276 0.25265625 0.26877534 0.0235257
 0.         0.23509057 0.20844707 0.00425217]

rule10: children = 2.0
probabilities_array:[0.         0.09670733 0.06724492 0.11928327 0.1374352  0.13711195
 0.15590286 0.08967798 0.19663642 0.        ]

rule3: age > 48.643
probabilities_array:[1.8843008e-05 0.0000000e+00 0.0000000e+00 0.0000000e+00 1.3012901e-01
 2.1445300e-01 2.0030797e-01 2.7145025e-01 1.8364090e-01 0.0000000e+00]

rule16: smoker_yes = 0.0
probabilities_array:[0.20976934 0.19804955 0.19541526 0.17130533 0.11934166 0.09275689
 0.0117736  0.00158853 0.         0.        ]

rule11: children = 3.0
probabilities_array:[0.         0.08191679 0.02655895 0.06472228 0.11516969 0.12586218
 0.2109905  0.18180779 0.19297181 0.        ]

rule4: bmi < 26.585
probabilities_array:[0.09726679 0.11379562 0.09297712 0.08733932 0.10469396 0.15242048
 0.16519679 0.18630998 0.         0.        ]

rule9: children = 1.0
probabilities_array:[0.01729047 0.24399355 0.16385405 0.13844004 0.06877931 0.01736764
 0.         0.14695637 0.10812242 0.09519609]

rule18: region_northwest = 0.0
probabilities_array:[0.07475948 0.0142618  0.         0.         0.06099242 0.00176497
 0.12559807 0.17593321 0.28520325 0.26148674]


---5---
rule12: children = 4.0
probabilities_array:[0.         0.         0.3016316  0.00183044 0.00703752 0.2531493
 0.3184245  0.05974297 0.05818365 0.        ]

rule13: children = 5.0
probabilities_array:[0.         0.         0.12326014 0.32536164 0.29533815 0.24353795
 0.         0.01193458 0.0005675  0.        ]

rule3: age > 48.643
probabilities_array:[1.8843008e-05 0.0000000e+00 0.0000000e+00 0.0000000e+00 1.3012901e-01
 2.1445300e-01 2.0030797e-01 2.7145025e-01 1.8364090e-01 0.0000000e+00]

rule4: bmi < 26.585
probabilities_array:[0.09726679 0.11379562 0.09297712 0.08733932 0.10469396 0.15242048
 0.16519679 0.18630998 0.         0.        ]

rule5: 26.585 < bmi < 30.680
probabilities_array:[0.04767875 0.17131813 0.09062304 0.00286604 0.02886517 0.17094287
 0.00950574 0.34883663 0.         0.12936357]

rule10: children = 2.0
probabilities_array:[0.         0.09670733 0.06724492 0.11928327 0.1374352  0.13711195
 0.15590286 0.08967798 0.19663642 0.        ]

rule11: children = 3.0
probabilities_array:[0.         0.08191679 0.02655895 0.06472228 0.11516969 0.12586218
 0.2109905  0.18180779 0.19297181 0.        ]

rule16: smoker_yes = 0.0
probabilities_array:[0.20976934 0.19804955 0.19541526 0.17130533 0.11934166 0.09275689
 0.0117736  0.00158853 0.         0.        ]

rule19: region_northwest = 1.0
probabilities_array:[0.04005556 0.07167823 0.05340595 0.21302383 0.         0.11784403
 0.04141598 0.09043867 0.07465195 0.2974857 ]

rule7: bmi > 34.774
probabilities_array:[0.10621118 0.00760586 0.02326754 0.00087022 0.         0.08324378
 0.2276937  0.         0.3538421  0.19726567]


---6---
rule12: children = 4.0
probabilities_array:[0.         0.         0.3016316  0.00183044 0.00703752 0.2531493
 0.3184245  0.05974297 0.05818365 0.        ]

rule20: region_southeast = 0.0
probabilities_array:[0.00171926 0.02837423 0.         0.         0.02932009 0.03552939
 0.34262368 0.09448083 0.17516159 0.29279095]

rule11: children = 3.0
probabilities_array:[0.         0.08191679 0.02655895 0.06472228 0.11516969 0.12586218
 0.2109905  0.18180779 0.19297181 0.        ]

rule3: age > 48.643
probabilities_array:[1.8843008e-05 0.0000000e+00 0.0000000e+00 0.0000000e+00 1.3012901e-01
 2.1445300e-01 2.0030797e-01 2.7145025e-01 1.8364090e-01 0.0000000e+00]

rule7: bmi > 34.774
probabilities_array:[0.10621118 0.00760586 0.02326754 0.00087022 0.         0.08324378
 0.2276937  0.         0.3538421  0.19726567]

rule22: region_southwest = 0.0
probabilities_array:[3.90034802e-02 4.09677951e-03 0.00000000e+00 9.02608677e-04
 1.51485833e-03 2.56254687e-04 2.40131155e-01 1.16299555e-01
 3.29693854e-01 2.68101335e-01]

rule4: bmi < 26.585
probabilities_array:[0.09726679 0.11379562 0.09297712 0.08733932 0.10469396 0.15242048
 0.16519679 0.18630998 0.         0.        ]

rule8: children = 0.0
probabilities_array:[0.27430773 0.02316917 0.01301409 0.00405302 0.         0.
 0.21055196 0.06305401 0.19447918 0.21737082]

rule10: children = 2.0
probabilities_array:[0.         0.09670733 0.06724492 0.11928327 0.1374352  0.13711195
 0.15590286 0.08967798 0.19663642 0.        ]

rule17: smoker_yes = 1.0
probabilities_array:[0.         0.         0.         0.         0.         0.
 0.16227548 0.2929508  0.321185   0.22358873]

rule0: age < 29.560
probabilities_array:[0.27259433 0.28061014 0.         0.         0.         0.
 0.13307396 0.         0.22670348 0.08701815]

rule14: sex_male = 0.0
probabilities_array:[0.         0.16124135 0.12371341 0.         0.01356847 0.03588464
 0.15122116 0.13014017 0.09098035 0.29325047]

rule18: region_northwest = 0.0
probabilities_array:[0.07475948 0.0142618  0.         0.         0.06099242 0.00176497
 0.12559807 0.17593321 0.28520325 0.26148674]

rule6: 30.680 < bmi < 34.774
probabilities_array:[0.0000000e+00 1.3943578e-01 1.9877811e-01 4.8407750e-05 1.8858121e-04
 0.0000000e+00 1.0816557e-01 0.0000000e+00 3.3909786e-01 2.1428566e-01]

rule15: sex_male = 1.0
probabilities_array:[0.22407839 0.         0.         0.0125447  0.         0.
 0.07974039 0.14039801 0.25931016 0.2839283 ]

rule21: region_southeast = 1.0
probabilities_array:[0.2163334  0.03063776 0.05689953 0.00711213 0.         0.
 0.05468624 0.25343156 0.2377571  0.14314231]


---7---
rule1: 29.560 < age < 39.102
probabilities_array:[0.00000000e+00 5.78923282e-05 3.32423985e-01 1.29663929e-01
 0.00000000e+00 0.00000000e+00 3.11474642e-03 3.37922513e-01
 1.82181478e-01 1.46355145e-02]

rule5: 26.585 < bmi < 30.680
probabilities_array:[0.04767875 0.17131813 0.09062304 0.00286604 0.02886517 0.17094287
 0.00950574 0.34883663 0.         0.12936357]

rule3: age > 48.643
probabilities_array:[1.8843008e-05 0.0000000e+00 0.0000000e+00 0.0000000e+00 1.3012901e-01
 2.1445300e-01 2.0030797e-01 2.7145025e-01 1.8364090e-01 0.0000000e+00]

rule2: 39.102 < age < 48.643
probabilities_array:[0.00206017 0.         0.00519276 0.25265625 0.26877534 0.0235257
 0.         0.23509057 0.20844707 0.00425217]

rule17: smoker_yes = 1.0
probabilities_array:[0.         0.         0.         0.         0.         0.
 0.16227548 0.2929508  0.321185   0.22358873]

rule21: region_southeast = 1.0
probabilities_array:[0.2163334  0.03063776 0.05689953 0.00711213 0.         0.
 0.05468624 0.25343156 0.2377571  0.14314231]

rule4: bmi < 26.585
probabilities_array:[0.09726679 0.11379562 0.09297712 0.08733932 0.10469396 0.15242048
 0.16519679 0.18630998 0.         0.        ]

rule11: children = 3.0
probabilities_array:[0.         0.08191679 0.02655895 0.06472228 0.11516969 0.12586218
 0.2109905  0.18180779 0.19297181 0.        ]

rule9: children = 1.0
probabilities_array:[0.01729047 0.24399355 0.16385405 0.13844004 0.06877931 0.01736764
 0.         0.14695637 0.10812242 0.09519609]

rule18: region_northwest = 0.0
probabilities_array:[0.07475948 0.0142618  0.         0.         0.06099242 0.00176497
 0.12559807 0.17593321 0.28520325 0.26148674]

rule23: region_southwest = 1.0
probabilities_array:[0.21787567 0.12918457 0.10884844 0.10508517 0.         0.03658
 0.         0.13659589 0.13824297 0.12758733]

rule15: sex_male = 1.0
probabilities_array:[0.22407839 0.         0.         0.0125447  0.         0.
 0.07974039 0.14039801 0.25931016 0.2839283 ]

rule14: sex_male = 0.0
probabilities_array:[0.         0.16124135 0.12371341 0.         0.01356847 0.03588464
 0.15122116 0.13014017 0.09098035 0.29325047]

rule10: children = 2.0
probabilities_array:[0.         0.09670733 0.06724492 0.11928327 0.1374352  0.13711195
 0.15590286 0.08967798 0.19663642 0.        ]

rule22: region_southwest = 0.0
probabilities_array:[3.90034802e-02 4.09677951e-03 0.00000000e+00 9.02608677e-04
 1.51485833e-03 2.56254687e-04 2.40131155e-01 1.16299555e-01
 3.29693854e-01 2.68101335e-01]

rule20: region_southeast = 0.0
probabilities_array:[0.00171926 0.02837423 0.         0.         0.02932009 0.03552939
 0.34262368 0.09448083 0.17516159 0.29279095]

rule19: region_northwest = 1.0
probabilities_array:[0.04005556 0.07167823 0.05340595 0.21302383 0.         0.11784403
 0.04141598 0.09043867 0.07465195 0.2974857 ]

rule12: children = 4.0
probabilities_array:[0.         0.         0.3016316  0.00183044 0.00703752 0.2531493
 0.3184245  0.05974297 0.05818365 0.        ]

rule8: children = 0.0
probabilities_array:[0.27430773 0.02316917 0.01301409 0.00405302 0.         0.
 0.21055196 0.06305401 0.19447918 0.21737082]


---8---
rule7: bmi > 34.774
probabilities_array:[0.10621118 0.00760586 0.02326754 0.00087022 0.         0.08324378
 0.2276937  0.         0.3538421  0.19726567]

rule6: 30.680 < bmi < 34.774
probabilities_array:[0.0000000e+00 1.3943578e-01 1.9877811e-01 4.8407750e-05 1.8858121e-04
 0.0000000e+00 1.0816557e-01 0.0000000e+00 3.3909786e-01 2.1428566e-01]

rule17: smoker_yes = 1.0
probabilities_array:[0.         0.         0.         0.         0.         0.
 0.16227548 0.2929508  0.321185   0.22358873]

rule22: region_southwest = 0.0
probabilities_array:[3.90034802e-02 4.09677951e-03 0.00000000e+00 9.02608677e-04
 1.51485833e-03 2.56254687e-04 2.40131155e-01 1.16299555e-01
 3.29693854e-01 2.68101335e-01]

rule18: region_northwest = 0.0
probabilities_array:[0.07475948 0.0142618  0.         0.         0.06099242 0.00176497
 0.12559807 0.17593321 0.28520325 0.26148674]

rule2: 39.102 < age < 48.643
probabilities_array:[0.00206017 0.         0.00519276 0.25265625 0.26877534 0.0235257
 0.         0.23509057 0.20844707 0.00425217]

rule0: age < 29.560
probabilities_array:[0.27259433 0.28061014 0.         0.         0.         0.
 0.13307396 0.         0.22670348 0.08701815]

rule21: region_southeast = 1.0
probabilities_array:[0.2163334  0.03063776 0.05689953 0.00711213 0.         0.
 0.05468624 0.25343156 0.2377571  0.14314231]

rule10: children = 2.0
probabilities_array:[0.         0.09670733 0.06724492 0.11928327 0.1374352  0.13711195
 0.15590286 0.08967798 0.19663642 0.        ]

rule11: children = 3.0
probabilities_array:[0.         0.08191679 0.02655895 0.06472228 0.11516969 0.12586218
 0.2109905  0.18180779 0.19297181 0.        ]

rule15: sex_male = 1.0
probabilities_array:[0.22407839 0.         0.         0.0125447  0.         0.
 0.07974039 0.14039801 0.25931016 0.2839283 ]

rule3: age > 48.643
probabilities_array:[1.8843008e-05 0.0000000e+00 0.0000000e+00 0.0000000e+00 1.3012901e-01
 2.1445300e-01 2.0030797e-01 2.7145025e-01 1.8364090e-01 0.0000000e+00]

rule1: 29.560 < age < 39.102
probabilities_array:[0.00000000e+00 5.78923282e-05 3.32423985e-01 1.29663929e-01
 0.00000000e+00 0.00000000e+00 3.11474642e-03 3.37922513e-01
 1.82181478e-01 1.46355145e-02]

rule8: children = 0.0
probabilities_array:[0.27430773 0.02316917 0.01301409 0.00405302 0.         0.
 0.21055196 0.06305401 0.19447918 0.21737082]

rule20: region_southeast = 0.0
probabilities_array:[0.00171926 0.02837423 0.         0.         0.02932009 0.03552939
 0.34262368 0.09448083 0.17516159 0.29279095]

rule23: region_southwest = 1.0
probabilities_array:[0.21787567 0.12918457 0.10884844 0.10508517 0.         0.03658
 0.         0.13659589 0.13824297 0.12758733]

rule9: children = 1.0
probabilities_array:[0.01729047 0.24399355 0.16385405 0.13844004 0.06877931 0.01736764
 0.         0.14695637 0.10812242 0.09519609]

rule14: sex_male = 0.0
probabilities_array:[0.         0.16124135 0.12371341 0.         0.01356847 0.03588464
 0.15122116 0.13014017 0.09098035 0.29325047]

rule12: children = 4.0
probabilities_array:[0.         0.         0.3016316  0.00183044 0.00703752 0.2531493
 0.3184245  0.05974297 0.05818365 0.        ]

rule19: region_northwest = 1.0
probabilities_array:[0.04005556 0.07167823 0.05340595 0.21302383 0.         0.11784403
 0.04141598 0.09043867 0.07465195 0.2974857 ]

