R2: 0.8384055616028537

MAE: 2963.7390373294006

MSE: 28523820.988745384

Accuracy: 0.251131221719457

F1: 0.21297380956318382

Confusion Matrix: [[24, 11, 0, 0, 1, 0, 0, 0, 2, 1, 0, 0, 2, 0], [8, 10, 1, 3, 0, 1, 0, 1, 1, 2, 1, 0, 0, 0], [4, 2, 1, 1, 8, 1, 1, 1, 2, 2, 0, 0, 2, 0], [2, 0, 5, 2, 12, 2, 0, 0, 1, 1, 4, 2, 1, 5], [2, 1, 1, 5, 7, 5, 1, 0, 0, 4, 1, 4, 1, 4], [0, 1, 0, 3, 12, 3, 5, 0, 0, 2, 1, 3, 1, 5], [3, 0, 0, 1, 6, 4, 1, 2, 4, 0, 2, 2, 0, 3], [1, 0, 1, 1, 2, 1, 0, 2, 9, 2, 1, 0, 2, 4], [4, 0, 0, 0, 1, 5, 0, 1, 8, 5, 0, 0, 3, 1], [2, 0, 0, 0, 0, 1, 0, 5, 12, 5, 1, 0, 2, 1], [1, 0, 1, 0, 1, 1, 0, 1, 6, 3, 6, 3, 6, 7], [3, 0, 0, 0, 1, 2, 0, 0, 1, 0, 5, 6, 0, 6], [2, 0, 0, 0, 1, 0, 0, 0, 3, 1, 1, 2, 7, 2], [0, 0, 0, 0, 1, 2, 0, 1, 0, 1, 1, 4, 10, 29]]

Uncertainties: {'class0': [], 'class1': [], 'class2': [], 'class3': [], 'class4': [], 'class5': [], 'class6': [], 'class7': [], 'class8': [], 'class9': [], 'class10': [], 'class11': [], 'class12': [], 'class13': []}

Most important rules
-----------------------------

---0---

---1---

---2---

---3---

---4---

---5---

---6---

---7---

---8---

---9---

---10---

---11---

---12---

---13---
