R2: 0.6334946266810324


MAE: 49776.84516698106


MSE: 4908351736.702977


Accuracy: 0.31635349383440986


F1: 0.2987988859503079


Most important rules
-----------------------------

---0---
rule28: median_income < 2.593
probabilities_array:[0.26073322 0.24942663 0.173798   0.15120944 0.10237608 0.03687131
 0.01159753 0.00933984 0.00079612 0.         0.00385177]

rule12: total_rooms < 1163.181
probabilities_array:[0.2526001  0.12454371 0.0983488  0.21039292 0.13389523 0.06379768
 0.04331326 0.0415056  0.01661198 0.00256685 0.01242385]

rule33: ocean_proximity_INLAND = 1.0
probabilities_array:[0.2991665  0.24156576 0.21434258 0.01658248 0.00399908 0.
 0.01857404 0.         0.         0.         0.20576951]

rule22: 1420.010 < population < 2192.837
probabilities_array:[0.24665627 0.11130626 0.09484402 0.18301673 0.11924095 0.07236677
 0.04460975 0.03707623 0.00868224 0.         0.08220085]

rule23: population > 2192.837
probabilities_array:[0.20957284 0.07606873 0.11703748 0.2093876  0.16544509 0.08800931
 0.05996211 0.04911479 0.0097642  0.         0.0156379 ]

rule6: 35.622 < latitude < 37.067
probabilities_array:[0.37470362 0.04428847 0.         0.         0.         0.
 0.02377301 0.         0.         0.         0.5572349 ]

rule10: 28.685 < housing_median_age < 37.195
probabilities_array:[0.23951603 0.06168958 0.02844469 0.02889001 0.08246711 0.12318227
 0.03830661 0.         0.         0.06090543 0.3365982 ]

rule38: ocean_proximity_NEAR OCEAN = 0.0
probabilities_array:[2.3874852e-01 1.3966376e-01 2.8186938e-02 2.8822331e-02 8.4107049e-02
 8.4139504e-02 2.9274283e-02 8.5492311e-03 2.5041259e-04 2.2972455e-04
 3.5802826e-01]

rule36: ocean_proximity_NEAR BAY = 0.0
probabilities_array:[2.3501536e-01 1.2475159e-01 1.2141500e-01 2.8893257e-02 7.7009881e-03
 5.3832857e-03 4.2080287e-02 5.1706441e-02 8.9800321e-03 2.7589645e-04
 3.7379795e-01]

rule1: -120.907 < longitude < -119.554
probabilities_array:[0.16887026 0.18825306 0.2062502  0.08732709 0.         0.
 0.         0.         0.00843553 0.1477547  0.19310914]

rule13: 1163.181 < total_rooms < 2634.879
probabilities_array:[0.16130641 0.10951013 0.0730925  0.11736134 0.15186733 0.0603222
 0.08999215 0.06803455 0.00167648 0.         0.16683693]

rule25: 240.237 < households < 498.418
probabilities_array:[0.23195554 0.05685906 0.11777198 0.06770828 0.02952091 0.00523114
 0.         0.00259441 0.05282025 0.         0.43553838]

rule11: housing_median_age > 37.195
probabilities_array:[0.16283731 0.08005608 0.08898157 0.0255337  0.         0.
 0.0012563  0.01193624 0.11044502 0.2872817  0.23167199]

rule5: 34.177 < latitude < 35.622
probabilities_array:[0.14357533 0.05718681 0.06501345 0.09572809 0.08568916 0.19918779
 0.13400911 0.08700737 0.00208362 0.         0.13051926]

rule21: 647.183 < population < 1420.010
probabilities_array:[1.6215001e-01 1.5821677e-01 8.9468518e-03 3.9180350e-02 8.5024402e-04
 2.8766383e-04 2.1906415e-04 0.0000000e+00 1.1424022e-01 1.9431393e-01
 3.2159489e-01]

rule17: 251.954 < total_bedrooms < 536.022
probabilities_array:[2.0075059e-01 6.0979530e-02 5.7002168e-02 8.6685933e-02 6.4524189e-02
 2.2857585e-04 3.6639284e-02 2.2700992e-03 2.6971831e-03 0.0000000e+00
 4.8822236e-01]

rule2: -119.554 < longitude < -118.201
probabilities_array:[0.11884718 0.16404635 0.02778451 0.00065875 0.00686968 0.0100136
 0.12098277 0.02648628 0.12875803 0.22246216 0.17309076]

rule16: total_bedrooms < 251.954
probabilities_array:[0.14695086 0.03321099 0.07900749 0.03081312 0.03062888 0.10615029
 0.         0.0465143  0.         0.0423782  0.48434582]

rule24: households < 240.237
probabilities_array:[0.10919543 0.11617084 0.07703073 0.06370693 0.07033912 0.
 0.11123864 0.         0.         0.05213486 0.4001834 ]

rule3: longitude > -118.201
probabilities_array:[6.13019653e-02 7.35487491e-02 1.01535715e-01 1.62547782e-01
 1.94732592e-01 1.55705720e-01 1.43046036e-01 5.11109233e-02
 8.29786528e-03 1.00523466e-04 4.80720848e-02]

rule26: 498.418 < households < 756.599
probabilities_array:[0.10735044 0.01948921 0.01926232 0.02265418 0.         0.07710741
 0.08962124 0.12484062 0.01617461 0.06195365 0.46154633]

rule34: ocean_proximity_ISLAND = 0.0
probabilities_array:[0.14257899 0.11685769 0.0368013  0.04068345 0.0016555  0.0042945
 0.01245349 0.01530676 0.00425416 0.00067165 0.6244425 ]

rule8: housing_median_age < 20.176
probabilities_array:[0.05232416 0.09110544 0.14004478 0.15292901 0.15002534 0.09325144
 0.07748561 0.06898259 0.09347501 0.         0.08037668]

rule9: 20.176 < housing_median_age < 28.685
probabilities_array:[6.8510555e-02 5.7292666e-02 4.6564311e-02 0.0000000e+00 3.6021616e-02
 1.1272493e-01 1.3460217e-01 1.0999157e-01 1.1246805e-01 1.2687584e-04
 3.2169721e-01]


---1---
rule28: median_income < 2.593
probabilities_array:[0.26073322 0.24942663 0.173798   0.15120944 0.10237608 0.03687131
 0.01159753 0.00933984 0.00079612 0.         0.00385177]

rule37: ocean_proximity_NEAR BAY = 1.0
probabilities_array:[0.00609588 0.28007138 0.10784502 0.02309866 0.         0.06658942
 0.         0.         0.10472476 0.22440688 0.187168  ]

rule39: ocean_proximity_NEAR OCEAN = 1.0
probabilities_array:[0.02915882 0.21311668 0.09789351 0.02939023 0.         0.
 0.02954433 0.08654568 0.13048753 0.30395627 0.0799069 ]

rule33: ocean_proximity_INLAND = 1.0
probabilities_array:[0.2991665  0.24156576 0.21434258 0.01658248 0.00399908 0.
 0.01857404 0.         0.         0.         0.20576951]

rule1: -120.907 < longitude < -119.554
probabilities_array:[0.16887026 0.18825306 0.2062502  0.08732709 0.         0.
 0.         0.         0.00843553 0.1477547  0.19310914]

rule7: latitude > 37.067
probabilities_array:[0.         0.15523742 0.24142708 0.19377846 0.07061268 0.0531817
 0.04580509 0.05970506 0.02175556 0.03673484 0.12176204]

rule2: -119.554 < longitude < -118.201
probabilities_array:[0.11884718 0.16404635 0.02778451 0.00065875 0.00686968 0.0100136
 0.12098277 0.02648628 0.12875803 0.22246216 0.17309076]

rule12: total_rooms < 1163.181
probabilities_array:[0.2526001  0.12454371 0.0983488  0.21039292 0.13389523 0.06379768
 0.04331326 0.0415056  0.01661198 0.00256685 0.01242385]

rule29: 2.593 < median_income < 3.876
probabilities_array:[0.01979657 0.11420091 0.15953949 0.17879139 0.18125546 0.12749322
 0.07302344 0.08070899 0.04687724 0.00085585 0.01745739]

rule21: 647.183 < population < 1420.010
probabilities_array:[1.6215001e-01 1.5821677e-01 8.9468518e-03 3.9180350e-02 8.5024402e-04
 2.8766383e-04 2.1906415e-04 0.0000000e+00 1.1424022e-01 1.9431393e-01
 3.2159489e-01]

rule22: 1420.010 < population < 2192.837
probabilities_array:[0.24665627 0.11130626 0.09484402 0.18301673 0.11924095 0.07236677
 0.04460975 0.03707623 0.00868224 0.         0.08220085]

rule4: latitude < 34.177
probabilities_array:[0.         0.11295291 0.1948997  0.11074291 0.01206659 0.04316884
 0.00523212 0.07091806 0.13203934 0.21782768 0.10015186]

rule13: 1163.181 < total_rooms < 2634.879
probabilities_array:[0.16130641 0.10951013 0.0730925  0.11736134 0.15186733 0.0603222
 0.08999215 0.06803455 0.00167648 0.         0.16683693]

rule38: ocean_proximity_NEAR OCEAN = 0.0
probabilities_array:[2.3874852e-01 1.3966376e-01 2.8186938e-02 2.8822331e-02 8.4107049e-02
 8.4139504e-02 2.9274283e-02 8.5492311e-03 2.5041259e-04 2.2972455e-04
 3.5802826e-01]

rule8: housing_median_age < 20.176
probabilities_array:[0.05232416 0.09110544 0.14004478 0.15292901 0.15002534 0.09325144
 0.07748561 0.06898259 0.09347501 0.         0.08037668]

rule36: ocean_proximity_NEAR BAY = 0.0
probabilities_array:[2.3501536e-01 1.2475159e-01 1.2141500e-01 2.8893257e-02 7.7009881e-03
 5.3832857e-03 4.2080287e-02 5.1706441e-02 8.9800321e-03 2.7589645e-04
 3.7379795e-01]

rule23: population > 2192.837
probabilities_array:[0.20957284 0.07606873 0.11703748 0.2093876  0.16544509 0.08800931
 0.05996211 0.04911479 0.0097642  0.         0.0156379 ]

rule3: longitude > -118.201
probabilities_array:[6.13019653e-02 7.35487491e-02 1.01535715e-01 1.62547782e-01
 1.94732592e-01 1.55705720e-01 1.43046036e-01 5.11109233e-02
 8.29786528e-03 1.00523466e-04 4.80720848e-02]

rule24: households < 240.237
probabilities_array:[0.10919543 0.11617084 0.07703073 0.06370693 0.07033912 0.
 0.11123864 0.         0.         0.05213486 0.4001834 ]

rule11: housing_median_age > 37.195
probabilities_array:[0.16283731 0.08005608 0.08898157 0.0255337  0.         0.
 0.0012563  0.01193624 0.11044502 0.2872817  0.23167199]

rule27: households > 756.599
probabilities_array:[0.         0.07539    0.         0.         0.01513342 0.03665145
 0.115072   0.11100881 0.23605417 0.22188596 0.18880424]

rule5: 34.177 < latitude < 35.622
probabilities_array:[0.14357533 0.05718681 0.06501345 0.09572809 0.08568916 0.19918779
 0.13400911 0.08700737 0.00208362 0.         0.13051926]

rule34: ocean_proximity_ISLAND = 0.0
probabilities_array:[0.14257899 0.11685769 0.0368013  0.04068345 0.0016555  0.0042945
 0.01245349 0.01530676 0.00425416 0.00067165 0.6244425 ]

rule10: 28.685 < housing_median_age < 37.195
probabilities_array:[0.23951603 0.06168958 0.02844469 0.02889001 0.08246711 0.12318227
 0.03830661 0.         0.         0.06090543 0.3365982 ]


---2---
rule7: latitude > 37.067
probabilities_array:[0.         0.15523742 0.24142708 0.19377846 0.07061268 0.0531817
 0.04580509 0.05970506 0.02175556 0.03673484 0.12176204]

rule4: latitude < 34.177
probabilities_array:[0.         0.11295291 0.1948997  0.11074291 0.01206659 0.04316884
 0.00523212 0.07091806 0.13203934 0.21782768 0.10015186]

rule28: median_income < 2.593
probabilities_array:[0.26073322 0.24942663 0.173798   0.15120944 0.10237608 0.03687131
 0.01159753 0.00933984 0.00079612 0.         0.00385177]

rule33: ocean_proximity_INLAND = 1.0
probabilities_array:[0.2991665  0.24156576 0.21434258 0.01658248 0.00399908 0.
 0.01857404 0.         0.         0.         0.20576951]

rule1: -120.907 < longitude < -119.554
probabilities_array:[0.16887026 0.18825306 0.2062502  0.08732709 0.         0.
 0.         0.         0.00843553 0.1477547  0.19310914]

rule29: 2.593 < median_income < 3.876
probabilities_array:[0.01979657 0.11420091 0.15953949 0.17879139 0.18125546 0.12749322
 0.07302344 0.08070899 0.04687724 0.00085585 0.01745739]

rule8: housing_median_age < 20.176
probabilities_array:[0.05232416 0.09110544 0.14004478 0.15292901 0.15002534 0.09325144
 0.07748561 0.06898259 0.09347501 0.         0.08037668]

rule23: population > 2192.837
probabilities_array:[0.20957284 0.07606873 0.11703748 0.2093876  0.16544509 0.08800931
 0.05996211 0.04911479 0.0097642  0.         0.0156379 ]

rule12: total_rooms < 1163.181
probabilities_array:[0.2526001  0.12454371 0.0983488  0.21039292 0.13389523 0.06379768
 0.04331326 0.0415056  0.01661198 0.00256685 0.01242385]

rule3: longitude > -118.201
probabilities_array:[6.13019653e-02 7.35487491e-02 1.01535715e-01 1.62547782e-01
 1.94732592e-01 1.55705720e-01 1.43046036e-01 5.11109233e-02
 8.29786528e-03 1.00523466e-04 4.80720848e-02]

rule39: ocean_proximity_NEAR OCEAN = 1.0
probabilities_array:[0.02915882 0.21311668 0.09789351 0.02939023 0.         0.
 0.02954433 0.08654568 0.13048753 0.30395627 0.0799069 ]

rule37: ocean_proximity_NEAR BAY = 1.0
probabilities_array:[0.00609588 0.28007138 0.10784502 0.02309866 0.         0.06658942
 0.         0.         0.10472476 0.22440688 0.187168  ]

rule22: 1420.010 < population < 2192.837
probabilities_array:[0.24665627 0.11130626 0.09484402 0.18301673 0.11924095 0.07236677
 0.04460975 0.03707623 0.00868224 0.         0.08220085]

rule36: ocean_proximity_NEAR BAY = 0.0
probabilities_array:[2.3501536e-01 1.2475159e-01 1.2141500e-01 2.8893257e-02 7.7009881e-03
 5.3832857e-03 4.2080287e-02 5.1706441e-02 8.9800321e-03 2.7589645e-04
 3.7379795e-01]

rule11: housing_median_age > 37.195
probabilities_array:[0.16283731 0.08005608 0.08898157 0.0255337  0.         0.
 0.0012563  0.01193624 0.11044502 0.2872817  0.23167199]

rule25: 240.237 < households < 498.418
probabilities_array:[0.23195554 0.05685906 0.11777198 0.06770828 0.02952091 0.00523114
 0.         0.00259441 0.05282025 0.         0.43553838]

rule13: 1163.181 < total_rooms < 2634.879
probabilities_array:[0.16130641 0.10951013 0.0730925  0.11736134 0.15186733 0.0603222
 0.08999215 0.06803455 0.00167648 0.         0.16683693]

rule30: 3.876 < median_income < 5.159
probabilities_array:[0.         0.0204094  0.0572306  0.13170464 0.16228843 0.17406142
 0.13865466 0.14745624 0.11351332 0.04927655 0.00540479]

rule5: 34.177 < latitude < 35.622
probabilities_array:[0.14357533 0.05718681 0.06501345 0.09572809 0.08568916 0.19918779
 0.13400911 0.08700737 0.00208362 0.         0.13051926]

rule24: households < 240.237
probabilities_array:[0.10919543 0.11617084 0.07703073 0.06370693 0.07033912 0.
 0.11123864 0.         0.         0.05213486 0.4001834 ]

rule16: total_bedrooms < 251.954
probabilities_array:[0.14695086 0.03321099 0.07900749 0.03081312 0.03062888 0.10615029
 0.         0.0465143  0.         0.0423782  0.48434582]


---3---
rule12: total_rooms < 1163.181
probabilities_array:[0.2526001  0.12454371 0.0983488  0.21039292 0.13389523 0.06379768
 0.04331326 0.0415056  0.01661198 0.00256685 0.01242385]

rule23: population > 2192.837
probabilities_array:[0.20957284 0.07606873 0.11703748 0.2093876  0.16544509 0.08800931
 0.05996211 0.04911479 0.0097642  0.         0.0156379 ]

rule29: 2.593 < median_income < 3.876
probabilities_array:[0.01979657 0.11420091 0.15953949 0.17879139 0.18125546 0.12749322
 0.07302344 0.08070899 0.04687724 0.00085585 0.01745739]

rule7: latitude > 37.067
probabilities_array:[0.         0.15523742 0.24142708 0.19377846 0.07061268 0.0531817
 0.04580509 0.05970506 0.02175556 0.03673484 0.12176204]

rule22: 1420.010 < population < 2192.837
probabilities_array:[0.24665627 0.11130626 0.09484402 0.18301673 0.11924095 0.07236677
 0.04460975 0.03707623 0.00868224 0.         0.08220085]

rule3: longitude > -118.201
probabilities_array:[6.13019653e-02 7.35487491e-02 1.01535715e-01 1.62547782e-01
 1.94732592e-01 1.55705720e-01 1.43046036e-01 5.11109233e-02
 8.29786528e-03 1.00523466e-04 4.80720848e-02]

rule28: median_income < 2.593
probabilities_array:[0.26073322 0.24942663 0.173798   0.15120944 0.10237608 0.03687131
 0.01159753 0.00933984 0.00079612 0.         0.00385177]

rule8: housing_median_age < 20.176
probabilities_array:[0.05232416 0.09110544 0.14004478 0.15292901 0.15002534 0.09325144
 0.07748561 0.06898259 0.09347501 0.         0.08037668]

rule30: 3.876 < median_income < 5.159
probabilities_array:[0.         0.0204094  0.0572306  0.13170464 0.16228843 0.17406142
 0.13865466 0.14745624 0.11351332 0.04927655 0.00540479]

rule4: latitude < 34.177
probabilities_array:[0.         0.11295291 0.1948997  0.11074291 0.01206659 0.04316884
 0.00523212 0.07091806 0.13203934 0.21782768 0.10015186]

rule13: 1163.181 < total_rooms < 2634.879
probabilities_array:[0.16130641 0.10951013 0.0730925  0.11736134 0.15186733 0.0603222
 0.08999215 0.06803455 0.00167648 0.         0.16683693]

rule5: 34.177 < latitude < 35.622
probabilities_array:[0.14357533 0.05718681 0.06501345 0.09572809 0.08568916 0.19918779
 0.13400911 0.08700737 0.00208362 0.         0.13051926]

rule1: -120.907 < longitude < -119.554
probabilities_array:[0.16887026 0.18825306 0.2062502  0.08732709 0.         0.
 0.         0.         0.00843553 0.1477547  0.19310914]

rule17: 251.954 < total_bedrooms < 536.022
probabilities_array:[2.0075059e-01 6.0979530e-02 5.7002168e-02 8.6685933e-02 6.4524189e-02
 2.2857585e-04 3.6639284e-02 2.2700992e-03 2.6971831e-03 0.0000000e+00
 4.8822236e-01]


---4---
rule3: longitude > -118.201
probabilities_array:[6.13019653e-02 7.35487491e-02 1.01535715e-01 1.62547782e-01
 1.94732592e-01 1.55705720e-01 1.43046036e-01 5.11109233e-02
 8.29786528e-03 1.00523466e-04 4.80720848e-02]

rule29: 2.593 < median_income < 3.876
probabilities_array:[0.01979657 0.11420091 0.15953949 0.17879139 0.18125546 0.12749322
 0.07302344 0.08070899 0.04687724 0.00085585 0.01745739]

rule23: population > 2192.837
probabilities_array:[0.20957284 0.07606873 0.11703748 0.2093876  0.16544509 0.08800931
 0.05996211 0.04911479 0.0097642  0.         0.0156379 ]

rule30: 3.876 < median_income < 5.159
probabilities_array:[0.         0.0204094  0.0572306  0.13170464 0.16228843 0.17406142
 0.13865466 0.14745624 0.11351332 0.04927655 0.00540479]

rule8: housing_median_age < 20.176
probabilities_array:[0.05232416 0.09110544 0.14004478 0.15292901 0.15002534 0.09325144
 0.07748561 0.06898259 0.09347501 0.         0.08037668]

rule12: total_rooms < 1163.181
probabilities_array:[0.2526001  0.12454371 0.0983488  0.21039292 0.13389523 0.06379768
 0.04331326 0.0415056  0.01661198 0.00256685 0.01242385]

rule13: 1163.181 < total_rooms < 2634.879
probabilities_array:[0.16130641 0.10951013 0.0730925  0.11736134 0.15186733 0.0603222
 0.08999215 0.06803455 0.00167648 0.         0.16683693]

rule22: 1420.010 < population < 2192.837
probabilities_array:[0.24665627 0.11130626 0.09484402 0.18301673 0.11924095 0.07236677
 0.04460975 0.03707623 0.00868224 0.         0.08220085]

rule28: median_income < 2.593
probabilities_array:[0.26073322 0.24942663 0.173798   0.15120944 0.10237608 0.03687131
 0.01159753 0.00933984 0.00079612 0.         0.00385177]

rule32: ocean_proximity_INLAND = 0.0
probabilities_array:[0.         0.00490986 0.01722243 0.02922512 0.08752145 0.15359181
 0.19546686 0.18299523 0.17870432 0.14761908 0.00274384]

rule5: 34.177 < latitude < 35.622
probabilities_array:[0.14357533 0.05718681 0.06501345 0.09572809 0.08568916 0.19918779
 0.13400911 0.08700737 0.00208362 0.         0.13051926]

rule7: latitude > 37.067
probabilities_array:[0.         0.15523742 0.24142708 0.19377846 0.07061268 0.0531817
 0.04580509 0.05970506 0.02175556 0.03673484 0.12176204]

rule10: 28.685 < housing_median_age < 37.195
probabilities_array:[0.23951603 0.06168958 0.02844469 0.02889001 0.08246711 0.12318227
 0.03830661 0.         0.         0.06090543 0.3365982 ]

rule38: ocean_proximity_NEAR OCEAN = 0.0
probabilities_array:[2.3874852e-01 1.3966376e-01 2.8186938e-02 2.8822331e-02 8.4107049e-02
 8.4139504e-02 2.9274283e-02 8.5492311e-03 2.5041259e-04 2.2972455e-04
 3.5802826e-01]

rule24: households < 240.237
probabilities_array:[0.10919543 0.11617084 0.07703073 0.06370693 0.07033912 0.
 0.11123864 0.         0.         0.05213486 0.4001834 ]

rule31: median_income > 5.159
probabilities_array:[0.         0.00703099 0.00701682 0.02292674 0.04173028 0.06031131
 0.09226141 0.19984774 0.24785738 0.31237775 0.00863951]


---5---
rule5: 34.177 < latitude < 35.622
probabilities_array:[0.14357533 0.05718681 0.06501345 0.09572809 0.08568916 0.19918779
 0.13400911 0.08700737 0.00208362 0.         0.13051926]

rule30: 3.876 < median_income < 5.159
probabilities_array:[0.         0.0204094  0.0572306  0.13170464 0.16228843 0.17406142
 0.13865466 0.14745624 0.11351332 0.04927655 0.00540479]

rule32: ocean_proximity_INLAND = 0.0
probabilities_array:[0.         0.00490986 0.01722243 0.02922512 0.08752145 0.15359181
 0.19546686 0.18299523 0.17870432 0.14761908 0.00274384]

rule3: longitude > -118.201
probabilities_array:[6.13019653e-02 7.35487491e-02 1.01535715e-01 1.62547782e-01
 1.94732592e-01 1.55705720e-01 1.43046036e-01 5.11109233e-02
 8.29786528e-03 1.00523466e-04 4.80720848e-02]

rule29: 2.593 < median_income < 3.876
probabilities_array:[0.01979657 0.11420091 0.15953949 0.17879139 0.18125546 0.12749322
 0.07302344 0.08070899 0.04687724 0.00085585 0.01745739]

rule23: population > 2192.837
probabilities_array:[0.20957284 0.07606873 0.11703748 0.2093876  0.16544509 0.08800931
 0.05996211 0.04911479 0.0097642  0.         0.0156379 ]

rule8: housing_median_age < 20.176
probabilities_array:[0.05232416 0.09110544 0.14004478 0.15292901 0.15002534 0.09325144
 0.07748561 0.06898259 0.09347501 0.         0.08037668]

rule10: 28.685 < housing_median_age < 37.195
probabilities_array:[0.23951603 0.06168958 0.02844469 0.02889001 0.08246711 0.12318227
 0.03830661 0.         0.         0.06090543 0.3365982 ]

rule9: 20.176 < housing_median_age < 28.685
probabilities_array:[6.8510555e-02 5.7292666e-02 4.6564311e-02 0.0000000e+00 3.6021616e-02
 1.1272493e-01 1.3460217e-01 1.0999157e-01 1.1246805e-01 1.2687584e-04
 3.2169721e-01]

rule20: population < 647.183
probabilities_array:[1.7474161e-04 3.2456283e-02 1.2186073e-02 0.0000000e+00 4.5863446e-03
 8.1188962e-02 7.3902391e-02 6.9972038e-02 2.3803411e-01 4.0625936e-01
 8.1239693e-02]

rule22: 1420.010 < population < 2192.837
probabilities_array:[0.24665627 0.11130626 0.09484402 0.18301673 0.11924095 0.07236677
 0.04460975 0.03707623 0.00868224 0.         0.08220085]

rule12: total_rooms < 1163.181
probabilities_array:[0.2526001  0.12454371 0.0983488  0.21039292 0.13389523 0.06379768
 0.04331326 0.0415056  0.01661198 0.00256685 0.01242385]

rule19: total_bedrooms > 820.090
probabilities_array:[1.65276751e-02 1.15338275e-02 2.46797670e-02 8.09023259e-05
 0.00000000e+00 8.91279578e-02 1.04026340e-01 5.71510270e-02
 5.12730852e-02 3.42386931e-01 3.03212553e-01]

rule31: median_income > 5.159
probabilities_array:[0.         0.00703099 0.00701682 0.02292674 0.04173028 0.06031131
 0.09226141 0.19984774 0.24785738 0.31237775 0.00863951]

rule16: total_bedrooms < 251.954
probabilities_array:[0.14695086 0.03321099 0.07900749 0.03081312 0.03062888 0.10615029
 0.         0.0465143  0.         0.0423782  0.48434582]

rule37: ocean_proximity_NEAR BAY = 1.0
probabilities_array:[0.00609588 0.28007138 0.10784502 0.02309866 0.         0.06658942
 0.         0.         0.10472476 0.22440688 0.187168  ]

rule38: ocean_proximity_NEAR OCEAN = 0.0
probabilities_array:[2.3874852e-01 1.3966376e-01 2.8186938e-02 2.8822331e-02 8.4107049e-02
 8.4139504e-02 2.9274283e-02 8.5492311e-03 2.5041259e-04 2.2972455e-04
 3.5802826e-01]

rule13: 1163.181 < total_rooms < 2634.879
probabilities_array:[0.16130641 0.10951013 0.0730925  0.11736134 0.15186733 0.0603222
 0.08999215 0.06803455 0.00167648 0.         0.16683693]

rule7: latitude > 37.067
probabilities_array:[0.         0.15523742 0.24142708 0.19377846 0.07061268 0.0531817
 0.04580509 0.05970506 0.02175556 0.03673484 0.12176204]

rule26: 498.418 < households < 756.599
probabilities_array:[0.10735044 0.01948921 0.01926232 0.02265418 0.         0.07710741
 0.08962124 0.12484062 0.01617461 0.06195365 0.46154633]


---6---
rule32: ocean_proximity_INLAND = 0.0
probabilities_array:[0.         0.00490986 0.01722243 0.02922512 0.08752145 0.15359181
 0.19546686 0.18299523 0.17870432 0.14761908 0.00274384]

rule30: 3.876 < median_income < 5.159
probabilities_array:[0.         0.0204094  0.0572306  0.13170464 0.16228843 0.17406142
 0.13865466 0.14745624 0.11351332 0.04927655 0.00540479]

rule3: longitude > -118.201
probabilities_array:[6.13019653e-02 7.35487491e-02 1.01535715e-01 1.62547782e-01
 1.94732592e-01 1.55705720e-01 1.43046036e-01 5.11109233e-02
 8.29786528e-03 1.00523466e-04 4.80720848e-02]

rule5: 34.177 < latitude < 35.622
probabilities_array:[0.14357533 0.05718681 0.06501345 0.09572809 0.08568916 0.19918779
 0.13400911 0.08700737 0.00208362 0.         0.13051926]

rule2: -119.554 < longitude < -118.201
probabilities_array:[0.11884718 0.16404635 0.02778451 0.00065875 0.00686968 0.0100136
 0.12098277 0.02648628 0.12875803 0.22246216 0.17309076]

rule0: longitude < -120.907
probabilities_array:[0.02732331 0.         0.         0.02885549 0.02097921 0.04288735
 0.12794404 0.21573725 0.16284066 0.12755416 0.24587843]

rule27: households > 756.599
probabilities_array:[0.         0.07539    0.         0.         0.01513342 0.03665145
 0.115072   0.11100881 0.23605417 0.22188596 0.18880424]

rule31: median_income > 5.159
probabilities_array:[0.         0.00703099 0.00701682 0.02292674 0.04173028 0.06031131
 0.09226141 0.19984774 0.24785738 0.31237775 0.00863951]

rule9: 20.176 < housing_median_age < 28.685
probabilities_array:[6.8510555e-02 5.7292666e-02 4.6564311e-02 0.0000000e+00 3.6021616e-02
 1.1272493e-01 1.3460217e-01 1.0999157e-01 1.1246805e-01 1.2687584e-04
 3.2169721e-01]

rule14: 2634.879 < total_rooms < 4106.577
probabilities_array:[1.97380185e-02 3.96081731e-02 4.66495194e-02 0.00000000e+00
 1.12667689e-02 2.84954673e-04 1.02015026e-01 6.27724454e-02
 1.85105339e-01 3.03586662e-01 2.28973091e-01]

rule13: 1163.181 < total_rooms < 2634.879
probabilities_array:[0.16130641 0.10951013 0.0730925  0.11736134 0.15186733 0.0603222
 0.08999215 0.06803455 0.00167648 0.         0.16683693]

rule19: total_bedrooms > 820.090
probabilities_array:[1.65276751e-02 1.15338275e-02 2.46797670e-02 8.09023259e-05
 0.00000000e+00 8.91279578e-02 1.04026340e-01 5.71510270e-02
 5.12730852e-02 3.42386931e-01 3.03212553e-01]

rule29: 2.593 < median_income < 3.876
probabilities_array:[0.01979657 0.11420091 0.15953949 0.17879139 0.18125546 0.12749322
 0.07302344 0.08070899 0.04687724 0.00085585 0.01745739]

rule8: housing_median_age < 20.176
probabilities_array:[0.05232416 0.09110544 0.14004478 0.15292901 0.15002534 0.09325144
 0.07748561 0.06898259 0.09347501 0.         0.08037668]

rule20: population < 647.183
probabilities_array:[1.7474161e-04 3.2456283e-02 1.2186073e-02 0.0000000e+00 4.5863446e-03
 8.1188962e-02 7.3902391e-02 6.9972038e-02 2.3803411e-01 4.0625936e-01
 8.1239693e-02]

rule24: households < 240.237
probabilities_array:[0.10919543 0.11617084 0.07703073 0.06370693 0.07033912 0.
 0.11123864 0.         0.         0.05213486 0.4001834 ]

rule23: population > 2192.837
probabilities_array:[0.20957284 0.07606873 0.11703748 0.2093876  0.16544509 0.08800931
 0.05996211 0.04911479 0.0097642  0.         0.0156379 ]

rule26: 498.418 < households < 756.599
probabilities_array:[0.10735044 0.01948921 0.01926232 0.02265418 0.         0.07710741
 0.08962124 0.12484062 0.01617461 0.06195365 0.46154633]

rule12: total_rooms < 1163.181
probabilities_array:[0.2526001  0.12454371 0.0983488  0.21039292 0.13389523 0.06379768
 0.04331326 0.0415056  0.01661198 0.00256685 0.01242385]

rule22: 1420.010 < population < 2192.837
probabilities_array:[0.24665627 0.11130626 0.09484402 0.18301673 0.11924095 0.07236677
 0.04460975 0.03707623 0.00868224 0.         0.08220085]

rule7: latitude > 37.067
probabilities_array:[0.         0.15523742 0.24142708 0.19377846 0.07061268 0.0531817
 0.04580509 0.05970506 0.02175556 0.03673484 0.12176204]


---7---
rule31: median_income > 5.159
probabilities_array:[0.         0.00703099 0.00701682 0.02292674 0.04173028 0.06031131
 0.09226141 0.19984774 0.24785738 0.31237775 0.00863951]

rule32: ocean_proximity_INLAND = 0.0
probabilities_array:[0.         0.00490986 0.01722243 0.02922512 0.08752145 0.15359181
 0.19546686 0.18299523 0.17870432 0.14761908 0.00274384]

rule0: longitude < -120.907
probabilities_array:[0.02732331 0.         0.         0.02885549 0.02097921 0.04288735
 0.12794404 0.21573725 0.16284066 0.12755416 0.24587843]

rule30: 3.876 < median_income < 5.159
probabilities_array:[0.         0.0204094  0.0572306  0.13170464 0.16228843 0.17406142
 0.13865466 0.14745624 0.11351332 0.04927655 0.00540479]

rule27: households > 756.599
probabilities_array:[0.         0.07539    0.         0.         0.01513342 0.03665145
 0.115072   0.11100881 0.23605417 0.22188596 0.18880424]

rule39: ocean_proximity_NEAR OCEAN = 1.0
probabilities_array:[0.02915882 0.21311668 0.09789351 0.02939023 0.         0.
 0.02954433 0.08654568 0.13048753 0.30395627 0.0799069 ]

rule29: 2.593 < median_income < 3.876
probabilities_array:[0.01979657 0.11420091 0.15953949 0.17879139 0.18125546 0.12749322
 0.07302344 0.08070899 0.04687724 0.00085585 0.01745739]

rule5: 34.177 < latitude < 35.622
probabilities_array:[0.14357533 0.05718681 0.06501345 0.09572809 0.08568916 0.19918779
 0.13400911 0.08700737 0.00208362 0.         0.13051926]

rule9: 20.176 < housing_median_age < 28.685
probabilities_array:[6.8510555e-02 5.7292666e-02 4.6564311e-02 0.0000000e+00 3.6021616e-02
 1.1272493e-01 1.3460217e-01 1.0999157e-01 1.1246805e-01 1.2687584e-04
 3.2169721e-01]

rule35: ocean_proximity_ISLAND = 1.0
probabilities_array:[0.         0.         0.         0.         0.         0.
 0.         0.12452223 0.         0.43317458 0.44230324]

rule26: 498.418 < households < 756.599
probabilities_array:[0.10735044 0.01948921 0.01926232 0.02265418 0.         0.07710741
 0.08962124 0.12484062 0.01617461 0.06195365 0.46154633]

rule20: population < 647.183
probabilities_array:[1.7474161e-04 3.2456283e-02 1.2186073e-02 0.0000000e+00 4.5863446e-03
 8.1188962e-02 7.3902391e-02 6.9972038e-02 2.3803411e-01 4.0625936e-01
 8.1239693e-02]

rule4: latitude < 34.177
probabilities_array:[0.         0.11295291 0.1948997  0.11074291 0.01206659 0.04316884
 0.00523212 0.07091806 0.13203934 0.21782768 0.10015186]

rule8: housing_median_age < 20.176
probabilities_array:[0.05232416 0.09110544 0.14004478 0.15292901 0.15002534 0.09325144
 0.07748561 0.06898259 0.09347501 0.         0.08037668]

rule15: total_rooms > 4106.577
probabilities_array:[0.0000000e+00 3.0595638e-02 3.0275971e-02 3.7871356e-04 0.0000000e+00
 1.1794576e-03 3.7130318e-05 6.6883415e-02 2.7236876e-01 4.6252760e-01
 1.3575332e-01]

rule13: 1163.181 < total_rooms < 2634.879
probabilities_array:[0.16130641 0.10951013 0.0730925  0.11736134 0.15186733 0.0603222
 0.08999215 0.06803455 0.00167648 0.         0.16683693]

rule7: latitude > 37.067
probabilities_array:[0.         0.15523742 0.24142708 0.19377846 0.07061268 0.0531817
 0.04580509 0.05970506 0.02175556 0.03673484 0.12176204]

rule3: longitude > -118.201
probabilities_array:[6.13019653e-02 7.35487491e-02 1.01535715e-01 1.62547782e-01
 1.94732592e-01 1.55705720e-01 1.43046036e-01 5.11109233e-02
 8.29786528e-03 1.00523466e-04 4.80720848e-02]

rule14: 2634.879 < total_rooms < 4106.577
probabilities_array:[1.97380185e-02 3.96081731e-02 4.66495194e-02 0.00000000e+00
 1.12667689e-02 2.84954673e-04 1.02015026e-01 6.27724454e-02
 1.85105339e-01 3.03586662e-01 2.28973091e-01]

rule23: population > 2192.837
probabilities_array:[0.20957284 0.07606873 0.11703748 0.2093876  0.16544509 0.08800931
 0.05996211 0.04911479 0.0097642  0.         0.0156379 ]

rule12: total_rooms < 1163.181
probabilities_array:[0.2526001  0.12454371 0.0983488  0.21039292 0.13389523 0.06379768
 0.04331326 0.0415056  0.01661198 0.00256685 0.01242385]


---8---
rule31: median_income > 5.159
probabilities_array:[0.         0.00703099 0.00701682 0.02292674 0.04173028 0.06031131
 0.09226141 0.19984774 0.24785738 0.31237775 0.00863951]

rule15: total_rooms > 4106.577
probabilities_array:[0.0000000e+00 3.0595638e-02 3.0275971e-02 3.7871356e-04 0.0000000e+00
 1.1794576e-03 3.7130318e-05 6.6883415e-02 2.7236876e-01 4.6252760e-01
 1.3575332e-01]

rule20: population < 647.183
probabilities_array:[1.7474161e-04 3.2456283e-02 1.2186073e-02 0.0000000e+00 4.5863446e-03
 8.1188962e-02 7.3902391e-02 6.9972038e-02 2.3803411e-01 4.0625936e-01
 8.1239693e-02]

rule27: households > 756.599
probabilities_array:[0.         0.07539    0.         0.         0.01513342 0.03665145
 0.115072   0.11100881 0.23605417 0.22188596 0.18880424]

rule32: ocean_proximity_INLAND = 0.0
probabilities_array:[0.         0.00490986 0.01722243 0.02922512 0.08752145 0.15359181
 0.19546686 0.18299523 0.17870432 0.14761908 0.00274384]

rule14: 2634.879 < total_rooms < 4106.577
probabilities_array:[1.97380185e-02 3.96081731e-02 4.66495194e-02 0.00000000e+00
 1.12667689e-02 2.84954673e-04 1.02015026e-01 6.27724454e-02
 1.85105339e-01 3.03586662e-01 2.28973091e-01]

rule0: longitude < -120.907
probabilities_array:[0.02732331 0.         0.         0.02885549 0.02097921 0.04288735
 0.12794404 0.21573725 0.16284066 0.12755416 0.24587843]

rule39: ocean_proximity_NEAR OCEAN = 1.0
probabilities_array:[0.02915882 0.21311668 0.09789351 0.02939023 0.         0.
 0.02954433 0.08654568 0.13048753 0.30395627 0.0799069 ]

rule4: latitude < 34.177
probabilities_array:[0.         0.11295291 0.1948997  0.11074291 0.01206659 0.04316884
 0.00523212 0.07091806 0.13203934 0.21782768 0.10015186]

rule30: 3.876 < median_income < 5.159
probabilities_array:[0.         0.0204094  0.0572306  0.13170464 0.16228843 0.17406142
 0.13865466 0.14745624 0.11351332 0.04927655 0.00540479]

rule2: -119.554 < longitude < -118.201
probabilities_array:[0.11884718 0.16404635 0.02778451 0.00065875 0.00686968 0.0100136
 0.12098277 0.02648628 0.12875803 0.22246216 0.17309076]

rule8: housing_median_age < 20.176
probabilities_array:[0.05232416 0.09110544 0.14004478 0.15292901 0.15002534 0.09325144
 0.07748561 0.06898259 0.09347501 0.         0.08037668]

rule37: ocean_proximity_NEAR BAY = 1.0
probabilities_array:[0.00609588 0.28007138 0.10784502 0.02309866 0.         0.06658942
 0.         0.         0.10472476 0.22440688 0.187168  ]

rule11: housing_median_age > 37.195
probabilities_array:[0.16283731 0.08005608 0.08898157 0.0255337  0.         0.
 0.0012563  0.01193624 0.11044502 0.2872817  0.23167199]

rule21: 647.183 < population < 1420.010
probabilities_array:[1.6215001e-01 1.5821677e-01 8.9468518e-03 3.9180350e-02 8.5024402e-04
 2.8766383e-04 2.1906415e-04 0.0000000e+00 1.1424022e-01 1.9431393e-01
 3.2159489e-01]

rule9: 20.176 < housing_median_age < 28.685
probabilities_array:[6.8510555e-02 5.7292666e-02 4.6564311e-02 0.0000000e+00 3.6021616e-02
 1.1272493e-01 1.3460217e-01 1.0999157e-01 1.1246805e-01 1.2687584e-04
 3.2169721e-01]

rule29: 2.593 < median_income < 3.876
probabilities_array:[0.01979657 0.11420091 0.15953949 0.17879139 0.18125546 0.12749322
 0.07302344 0.08070899 0.04687724 0.00085585 0.01745739]


---9---
rule15: total_rooms > 4106.577
probabilities_array:[0.0000000e+00 3.0595638e-02 3.0275971e-02 3.7871356e-04 0.0000000e+00
 1.1794576e-03 3.7130318e-05 6.6883415e-02 2.7236876e-01 4.6252760e-01
 1.3575332e-01]

rule20: population < 647.183
probabilities_array:[1.7474161e-04 3.2456283e-02 1.2186073e-02 0.0000000e+00 4.5863446e-03
 8.1188962e-02 7.3902391e-02 6.9972038e-02 2.3803411e-01 4.0625936e-01
 8.1239693e-02]

rule31: median_income > 5.159
probabilities_array:[0.         0.00703099 0.00701682 0.02292674 0.04173028 0.06031131
 0.09226141 0.19984774 0.24785738 0.31237775 0.00863951]

rule39: ocean_proximity_NEAR OCEAN = 1.0
probabilities_array:[0.02915882 0.21311668 0.09789351 0.02939023 0.         0.
 0.02954433 0.08654568 0.13048753 0.30395627 0.0799069 ]

rule35: ocean_proximity_ISLAND = 1.0
probabilities_array:[0.         0.         0.         0.         0.         0.
 0.         0.12452223 0.         0.43317458 0.44230324]

rule19: total_bedrooms > 820.090
probabilities_array:[1.65276751e-02 1.15338275e-02 2.46797670e-02 8.09023259e-05
 0.00000000e+00 8.91279578e-02 1.04026340e-01 5.71510270e-02
 5.12730852e-02 3.42386931e-01 3.03212553e-01]

rule14: 2634.879 < total_rooms < 4106.577
probabilities_array:[1.97380185e-02 3.96081731e-02 4.66495194e-02 0.00000000e+00
 1.12667689e-02 2.84954673e-04 1.02015026e-01 6.27724454e-02
 1.85105339e-01 3.03586662e-01 2.28973091e-01]

rule11: housing_median_age > 37.195
probabilities_array:[0.16283731 0.08005608 0.08898157 0.0255337  0.         0.
 0.0012563  0.01193624 0.11044502 0.2872817  0.23167199]

rule4: latitude < 34.177
probabilities_array:[0.         0.11295291 0.1948997  0.11074291 0.01206659 0.04316884
 0.00523212 0.07091806 0.13203934 0.21782768 0.10015186]

rule2: -119.554 < longitude < -118.201
probabilities_array:[0.11884718 0.16404635 0.02778451 0.00065875 0.00686968 0.0100136
 0.12098277 0.02648628 0.12875803 0.22246216 0.17309076]

rule37: ocean_proximity_NEAR BAY = 1.0
probabilities_array:[0.00609588 0.28007138 0.10784502 0.02309866 0.         0.06658942
 0.         0.         0.10472476 0.22440688 0.187168  ]

rule27: households > 756.599
probabilities_array:[0.         0.07539    0.         0.         0.01513342 0.03665145
 0.115072   0.11100881 0.23605417 0.22188596 0.18880424]

rule32: ocean_proximity_INLAND = 0.0
probabilities_array:[0.         0.00490986 0.01722243 0.02922512 0.08752145 0.15359181
 0.19546686 0.18299523 0.17870432 0.14761908 0.00274384]

rule21: 647.183 < population < 1420.010
probabilities_array:[1.6215001e-01 1.5821677e-01 8.9468518e-03 3.9180350e-02 8.5024402e-04
 2.8766383e-04 2.1906415e-04 0.0000000e+00 1.1424022e-01 1.9431393e-01
 3.2159489e-01]

rule1: -120.907 < longitude < -119.554
probabilities_array:[0.16887026 0.18825306 0.2062502  0.08732709 0.         0.
 0.         0.         0.00843553 0.1477547  0.19310914]

rule0: longitude < -120.907
probabilities_array:[0.02732331 0.         0.         0.02885549 0.02097921 0.04288735
 0.12794404 0.21573725 0.16284066 0.12755416 0.24587843]

rule30: 3.876 < median_income < 5.159
probabilities_array:[0.         0.0204094  0.0572306  0.13170464 0.16228843 0.17406142
 0.13865466 0.14745624 0.11351332 0.04927655 0.00540479]

rule10: 28.685 < housing_median_age < 37.195
probabilities_array:[0.23951603 0.06168958 0.02844469 0.02889001 0.08246711 0.12318227
 0.03830661 0.         0.         0.06090543 0.3365982 ]

