MSE: 2.734479465138491e-06

Accuracy: 0.42311365807067813

F1: 0.29680023066328715

Confusion Matrix: [[250, 25, 157, 19, 0, 0, 0], [125, 41, 229, 39, 0, 0, 0], [102, 42, 348, 150, 3, 1, 1], [26, 6, 141, 622, 27, 4, 30], [2, 2, 14, 305, 31, 13, 29], [0, 0, 2, 132, 28, 5, 22], [0, 0, 3, 86, 41, 6, 32]]

Uncertainties: {'class0': [0.044144824147224426, 0.08698461949825287, 0.09467332065105438, 0.09558828175067902, 0.1405395269393921], 'class1': [0.04289722442626953, 0.044144824147224426, 0.08698461949825287, 0.09467332065105438, 0.09558828175067902], 'class2': [0.04289722442626953, 0.044144824147224426, 0.08698461949825287, 0.09467332065105438, 0.09558828175067902], 'class3': [0.0, 0.005325016565620899, 0.04289722442626953, 0.08698461949825287, 0.09467332065105438], 'class4': [0.0, 0.005325016565620899, 0.04289722442626953, 0.09467332065105438, 0.09558828175067902], 'class5': [0.0, 0.005325016565620899, 0.04289722442626953, 0.09467332065105438, 0.09558828175067902], 'class6': [0.0, 0.005325016565620899, 0.09558828175067902, 0.21930845081806183, 0.29390984773635864], 'class7': [], 'class8': [], 'class9': []}

y_test: [-0.001, 0.002, 0.001, 0.001, 0.001, -0.002, 0.001, -0.001, 0.002, 0.001, -0.002, 0.006, -0.001, 0.001, -0.001, 0.001, -0.001, -0.001, -0.001, 0.001, -0.001, 0.001, -0.002, -0.002, 0.003, 0.001, -0.002, 0.001, -0.002, 0.002, -0.002, -0.001, -0.002, 0.001, 0.001, -0.001, -0.001, 0.002, 0.001, 0.001, -0.002, 0.001, 0.001, -0.004, 0.002, 0.002, -0.002, 0.001, 0.005, 0.001, 0.002, 0.005, 0.001, 0.002, -0.001, 0.002, 0.002, -0.001, -0.003, 0.002, -0.002, 0.001, -0.003, -0.007, 0.002, 0.002, 0.002, -0.003, 0.003, -0.001, 0.005, -0.001, -0.002, -0.002, -0.001, 0.001, -0.002, -0.001, -0.002, 0.002, -0.002, 0.002, -0.001, 0.001, -0.004, 0.001, 0.001, 0.001, -0.002, 0.001, 0.013, -0.003, -0.003, -0.002, 0.001, -0.001, -0.001, -0.001, -0.003, 0.002, -0.001, 0.001, -0.004, -0.001, 0.001, -0.003, 0.002, -0.001, -0.005, 0.003, 0.004, 0.003, -0.002, 0.001, 0.001, 0.001, 0.002, 0.002, 0.003, 0.002, -0.001, -0.003, -0.005, 0.002, -0.002, -0.002, -0.001, -0.002, -0.001, 0.001, -0.001, 0.003, 0.001, -0.003, -0.004, -0.001, -0.001, 0.002, -0.003, 0.001, -0.002, -0.001, 0.003, 0.004, -0.002, -0.005, -0.002, 0.003, -0.001, 0.001, 0.002, -0.002, -0.001, 0.003, -0.002, 0.001, -0.001, 0.002, -0.002, 0.001, 0.003, 0.001, -0.001, -0.002, 0.003, -0.003, -0.001, 0.001, 0.003, -0.001, -0.001, 0.002, -0.001, -0.001, 0.002, 0.002, 0.005, -0.002, 0.001, -0.001, 0.002, -0.001, 0.007, 0.001, 0.001, -0.001, 0.001, -0.002, -0.001, -0.004, -0.001, -0.002, -0.001, 0.001, -0.002, -0.001, 0.001, -0.001, -0.004, 0.001, -0.002, 0.001, -0.002, 0.001, 0.002, 0.001, 0.001, -0.001, 0.005, 0.001, 0.001, -0.002, -0.001, -0.002, 0.002, 0.001, -0.001, -0.003, 0.002, -0.004, -0.004, 0.003, -0.003, -0.001, -0.002, 0.001, -0.002, 0.001, 0.002, 0.002, -0.002, 0.001, -0.001, -0.002, 0.001, 0.004, -0.002, -0.001, -0.002, 0.001, -0.003, 0.004, 0.001, -0.001, 0.001, 0.001, 0.002, -0.001, 0.001, -0.003, 0.001, 0.003, -0.003, 0.001, 0.002, 0.002, -0.005, -0.005, -0.004, -0.002, -0.002, 0.001, 0.001, 0.001, -0.002, 0.001, 0.003, -0.004, -0.003, -0.002, -0.001, -0.001, 0.001, 0.001, 0.001, -0.002, 0.003, 0.001, 0.003, 0.001, 0.001, -0.001, -0.004, -0.004, 0.001, 0.002, -0.001, 0.001, -0.004, 0.001, -0.002, -0.011, 0.003, 0.002, -0.004, 0.001, 0.002, -0.003, 0.001, 0.002, 0.002, 0.002, 0.003, -0.001, 0.002, 0.001, 0.001, -0.002, -0.003, 0.003, -0.002, -0.003, -0.005, -0.001, 0.004, -0.002, -0.003, 0.001, -0.005, 0.001, 0.002, 0.001, 0.003, -0.001, 0.001, -0.002, -0.001, -0.002, 0.001, 0.002, -0.002, -0.001, -0.003, 0.003, -0.001, 0.001, -0.001, -0.001, 0.001, 0.002, 0.002, 0.002, 0.001, -0.001, -0.003, 0.006, -0.003, -0.004, -0.002, 0.001, -0.001, -0.001, -0.001, -0.001, 0.001, -0.002, 0.002, 0.002, 0.003, -0.002, 0.001, 0.001, 0.001, -0.002, -0.001, -0.005, 0.001, 0.001, 0.001, 0.003, -0.001, 0.001, 0.001, -0.002, 0.001, 0.001, -0.003, -0.001, -0.006, 0.002, 0.002, 0.003, 0.001, 0.001, 0.001, 0.001, -0.002, -0.006, -0.001, 0.001, 0.002, 0.001, 0.002, 0.001, 0.002, 0.002, -0.001, -0.001, 0.001, -0.001, 0.002, -0.002, -0.003, -0.002, -0.006, -0.002, -0.002, -0.001, 0.001, 0.001, 0.001, -0.001, 0.004, -0.002, 0.003, 0.005, 0.001, 0.004, 0.001, 0.002, 0.002, -0.003, 0.003, -0.001, -0.002, 0.002, 0.001, 0.003, 0.001, -0.001, 0.004, 0.003, -0.004, -0.002, -0.001, 0.001, -0.005, 0.001, -0.004, -0.002, -0.004, 0.001, -0.001, -0.001, 0.001, 0.004, -0.001, 0.001, -0.002, -0.001, 0.001, -0.002, -0.001, 0.001, -0.001, -0.003, 0.001, 0.003, -0.001, -0.001, -0.007, -0.002, -0.008, 0.001, -0.008, -0.001, -0.003, -0.006, -0.001, -0.005, 0.001, -0.003, 0.002, 0.001, -0.002, -0.009, -0.002, -0.005, -0.002, -0.002, 0.005, 0.001, -0.001, 0.001, 0.002, -0.001, -0.001, 0.001, 0.002, -0.002, -0.002, -0.001, 0.001, -0.003, 0.001, 0.001, 0.001, 0.001, 0.001, 0.004, 0.003, 0.003, -0.002, -0.004, 0.004, 0.002, -0.002, -0.002, -0.003, -0.001, 0.002, 0.001, 0.003, -0.001, -0.002, 0.001, 0.001, 0.003, 0.001, 0.002, 0.001, -0.001, 0.004, 0.005, 0.001, -0.001, -0.002, -0.002, 0.001, 0.003, -0.001, 0.001, -0.001, 0.003, -0.001, -0.002, 0.001, -0.002, 0.004, 0.001, 0.001, -0.001, 0.001, 0.001, -0.001, 0.001, -0.003, -0.004, 0.001, 0.001, 0.001, 0.003, -0.003, -0.001, 0.001, -0.004, -0.001, -0.002, -0.001, 0.001, 0.005, -0.002, -0.001, -0.001, 0.002, -0.001, -0.001, 0.002, -0.001, -0.002, -0.001, -0.001, 0.001, -0.001, -0.003, 0.001, -0.004, -0.007, -0.002, -0.001, 0.001, 0.001, -0.002, -0.004, 0.001, -0.002, -0.003, -0.005, -0.001, -0.006, 0.001, 0.001, 0.002, 0.002, -0.002, -0.003, -0.001, -0.002, 0.003, -0.003, 0.002, 0.002, -0.001, 0.001, -0.004, -0.002, -0.001, 0.001, -0.003, 0.001, -0.002, 0.003, -0.002, -0.001, 0.001, -0.001, 0.006, 0.001, 0.001, -0.002, -0.002, 0.001, 0.002, -0.006, -0.003, 0.001, 0.003, -0.002, 0.002, 0.001, -0.008, 0.001, -0.001, -0.002, -0.001, -0.001, -0.002, -0.001, 0.001, -0.003, -0.001, 0.001, 0.001, 0.001, 0.003, 0.003, -0.006, -0.001, 0.001, 0.001, -0.002, -0.002, 0.001, -0.002, -0.005, 0.003, -0.001, -0.001, -0.002, -0.002, 0.005, -0.001, 0.002, 0.001, 0.001, -0.002, 0.002, 0.002, 0.001, 0.001, 0.002, -0.002, 0.001, -0.002, -0.001, 0.001, 0.005, -0.001, 0.001, -0.002, -0.001, -0.003, 0.001, 0.001, -0.002, -0.001, -0.003, -0.002, 0.001, 0.004, -0.001, 0.001, 0.003, 0.001, 0.001, 0.002, -0.003, 0.004, 0.005, 0.001, 0.003, -0.002, 0.001, -0.003, -0.001, 0.002, 0.003, 0.001, -0.001, 0.001, 0.002, -0.001, -0.003, 0.001, 0.001, -0.001, -0.001, -0.002, 0.001, -0.001, -0.003, -0.001, -0.003, -0.002, 0.003, -0.001, 0.001, -0.001, -0.002, -0.002, -0.005, -0.002, -0.004, -0.001, -0.002, 0.002, 0.001, -0.002, -0.002, -0.001, 0.002, -0.001, -0.001, 0.002, 0.001, -0.001, -0.001, -0.001, -0.001, -0.001, -0.001, -0.003, -0.001, 0.002, -0.001, 0.001, -0.005, 0.003, 0.001, -0.002, 0.001, -0.001, -0.001, 0.001, 0.002, -0.002, 0.003, 0.002, 0.001, -0.003, 0.001, -0.002, 0.001, 0.003, -0.004, -0.001, -0.003, -0.002, -0.002, -0.002, -0.003, -0.001, 0.001, 0.002, 0.003, -0.001, -0.004, -0.002, 0.003, -0.003, 0.001, 0.001, -0.002, -0.002, -0.001, 0.001, 0.002, 0.002, -0.001, 0.001, -0.001, -0.002, 0.007, 0.002, 0.004, -0.004, -0.001, 0.001, -0.005, -0.002, 0.002, -0.001, 0.001, 0.001, -0.001, -0.003, -0.003, -0.002, -0.002, -0.001, -0.001, -0.011, 0.002, 0.002, 0.001, 0.001, -0.001, 0.002, 0.002, -0.001, -0.002, -0.003, 0.003, -0.001, -0.001, 0.002, 0.004, 0.001, 0.001, 0.001, 0.001, 0.001, 0.002, -0.001, 0.001, 0.001, -0.005, 0.005, -0.002, -0.001, 0.002, -0.004, 0.001, 0.001, -0.003, -0.006, -0.001, -0.001, -0.003, 0.002, -0.001, -0.001, -0.003, 0.001, 0.004, -0.003, 0.002, 0.002, -0.001, -0.002, -0.004, -0.002, -0.003, -0.001, -0.002, -0.001, 0.001, -0.002, -0.003, -0.004, 0.002, -0.003, 0.004, -0.001, 0.001, -0.003, 0.001, -0.002, -0.001, 0.001, -0.002, -0.003, -0.004, -0.004, 0.002, 0.009, 0.002, -0.001, 0.001, 0.004, 0.001, 0.001, -0.002, 0.001, -0.003, 0.001, -0.002, -0.005, 0.004, 0.002, 0.001, 0.001, -0.004, 0.001, 0.002, -0.002, 0.001, -0.001, -0.004, -0.005, 0.001, -0.001, -0.004, 0.001, 0.001, -0.001, 0.002, -0.001, 0.001, 0.001, 0.001, 0.002, 0.002, 0.003, -0.002, 0.001, -0.008, 0.002, -0.002, 0.002, -0.001, 0.003, 0.004, 0.001, 0.001, 0.004, -0.001, -0.003, 0.003, -0.001, 0.001, -0.003, -0.002, 0.003, 0.002, 0.001, -0.002, 0.001, 0.002, 0.004, 0.002, -0.002, 0.001, -0.004, -0.002, -0.003, 0.001, -0.001, 0.004, 0.004, 0.003, -0.003, 0.001, -0.002, -0.003, 0.001, 0.001, -0.002, 0.002, -0.002, -0.001, -0.001, 0.002, -0.001, -0.001, 0.002, 0.001, -0.003, -0.002, 0.001, -0.002, -0.001, -0.004, 0.002, -0.004, 0.001, 0.001, 0.002, 0.001, -0.002, 0.002, 0.004, -0.001, 0.002, 0.001, -0.002, -0.004, 0.003, -0.006, 0.001, -0.002, -0.002, -0.001, 0.004, 0.001, -0.001, -0.001, 0.002, -0.002, 0.001, -0.003, 0.003, 0.001, 0.001, 0.002, 0.002, -0.001, -0.004, -0.002, -0.001, 0.002, 0.002, 0.002, 0.003, -0.002, -0.001, 0.001, -0.001, -0.001, 0.001, 0.001, 0.002, 0.001, 0.001, 0.005, 0.001, 0.006, 0.001, -0.001, 0.001, -0.001, 0.004, -0.001, 0.001, 0.001, 0.001, -0.001, 0.001, -0.002, -0.002, 0.001, -0.002, 0.004, 0.001, 0.002, 0.002, -0.001, 0.001, -0.002, -0.002, 0.001, -0.001, -0.002, 0.001, 0.002, 0.003, 0.002, 0.004, -0.001, 0.001, -0.004, -0.001, 0.001, 0.001, 0.001, 0.005, -0.002, -0.002, -0.004, -0.002, 0.001, 0.001, 0.003, 0.001, -0.002, 0.001, 0.002, 0.004, 0.001, -0.002, -0.001, -0.003, -0.001, 0.004, -0.001, 0.002, 0.002, 0.001, -0.004, -0.001, -0.002, -0.002, 0.001, -0.003, -0.001, -0.001, -0.003, 0.001, -0.001, 0.001, 0.001, -0.002, -0.001, -0.004, -0.001, 0.003, -0.001, -0.002, -0.002, 0.001, -0.004, 0.001, 0.002, -0.002, -0.002, -0.006, -0.001, -0.001, 0.002, 0.001, 0.001, -0.001, 0.002, -0.001, -0.002, -0.002, 0.001, -0.003, 0.001, 0.001, -0.001, 0.001, 0.001, 0.003, -0.001, 0.001, -0.006, 0.003, 0.003, 0.001, -0.001, 0.004, 0.002, -0.001, -0.002, 0.001, -0.001, -0.003, -0.002, 0.001, -0.002, 0.001, 0.001, -0.004, 0.001, -0.002, -0.002, 0.001, -0.005, 0.001, -0.004, 0.001, -0.003, 0.002, -0.004, 0.002, -0.001, -0.002, 0.002, 0.001, -0.004, 0.001, 0.002, 0.001, 0.001, 0.001, 0.002, -0.005, -0.001, -0.001, -0.001, 0.001, -0.002, -0.002, 0.001, 0.001, 0.001, 0.002, -0.001, 0.001, 0.001, -0.003, -0.002, 0.001, -0.001, 0.001, 0.001, 0.001, -0.001, 0.003, 0.001, 0.001, -0.001, 0.001, -0.002, 0.001, 0.001, -0.002, 0.003, 0.003, 0.002, -0.003, -0.006, 0.001, -0.004, -0.001, 0.001, 0.005, -0.004, 0.001, -0.001, -0.001, -0.001, -0.001, 0.001, 0.001, -0.003, 0.004, -0.001, 0.001, 0.003, 0.001, 0.006, -0.002, -0.002, -0.003, -0.001, -0.001, -0.001, -0.004, 0.001, 0.001, 0.001, 0.001, -0.003, 0.001, 0.002, -0.002, -0.001, -0.003, -0.002, 0.001, 0.001, 0.002, -0.001, -0.002, 0.002, 0.004, 0.002, -0.002, 0.001, 0.001, 0.001, 0.004, -0.002, 0.003, 0.004, 0.002, -0.003, 0.004, 0.001, 0.001, 0.002, 0.003, -0.002, 0.001, -0.001, -0.001, 0.002, -0.002, 0.001, -0.002, 0.001, -0.001, -0.001, 0.001, -0.004, -0.002, -0.002, 0.001, -0.002, 0.001, -0.001, -0.001, -0.003, 0.001, 0.001, -0.003, 0.002, -0.001, -0.002, -0.002, -0.002, 0.001, 0.001, -0.005, 0.002, -0.003, -0.001, 0.001, -0.003, 0.001, 0.001, 0.003, 0.001, -0.002, -0.001, -0.006, -0.006, -0.002, 0.001, 0.004, -0.002, -0.003, -0.001, -0.004, 0.003, -0.004, 0.001, 0.004, -0.003, -0.003, 0.002, -0.002, 0.002, 0.002, -0.001, -0.001, 0.001, -0.001, 0.003, -0.002, -0.004, 0.004, -0.001, 0.002, 0.003, 0.001, 0.003, 0.004, 0.001, 0.001, -0.002, 0.001, 0.002, -0.001, 0.003, 0.002, 0.004, 0.001, 0.002, -0.003, -0.001, 0.001, -0.001, -0.002, 0.002, 0.002, 0.001, -0.001, -0.001, 0.001, -0.003, 0.003, 0.001, 0.001, -0.002, -0.003, 0.003, -0.003, -0.001, -0.003, 0.001, 0.001, 0.002, 0.004, 0.001, 0.001, -0.001, -0.002, 0.002, 0.001, -0.002, 0.001, -0.001, -0.002, 0.002, 0.001, 0.002, 0.004, 0.001, 0.001, -0.002, -0.001, 0.001, -0.003, 0.001, 0.001, 0.003, 0.001, -0.001, 0.001, 0.003, -0.004, 0.003, 0.001, 0.001, -0.001, -0.001, -0.003, 0.001, 0.001, -0.001, 0.002, -0.002, 0.002, -0.006, 0.001, -0.002, -0.001, 0.005, -0.002, -0.002, 0.001, -0.002, 0.002, 0.001, 0.003, -0.002, -0.002, -0.002, 0.001, 0.001, 0.001, 0.003, 0.001, 0.001, 0.003, 0.001, 0.001, 0.001, 0.002, -0.002, 0.001, -0.003, 0.001, -0.002, 0.001, 0.003, 0.001, -0.001, -0.002, -0.001, 0.002, -0.002, 0.001, 0.001, -0.001, 0.002, 0.001, 0.001, 0.001, -0.001, -0.003, 0.002, 0.001, -0.005, -0.003, 0.003, -0.002, -0.007, -0.002, 0.001, -0.001, -0.002, -0.001, -0.002, 0.005, 0.002, -0.001, 0.007, -0.001, 0.007, -0.003, 0.001, -0.003, -0.003, -0.001, -0.001, -0.002, -0.001, -0.001, 0.002, -0.005, 0.001, 0.001, -0.001, -0.002, 0.001, -0.001, 0.001, -0.001, 0.001, 0.001, 0.002, -0.001, -0.001, 0.001, 0.001, -0.004, 0.001, -0.003, -0.001, -0.002, -0.003, -0.002, 0.003, 0.001, -0.001, -0.001, -0.001, -0.003, 0.001, 0.003, -0.001, 0.003, 0.002, -0.004, 0.001, -0.001, 0.003, 0.004, 0.001, 0.001, -0.003, -0.006, -0.001, -0.002, -0.003, 0.004, -0.001, -0.003, -0.002, -0.004, 0.001, -0.003, 0.003, -0.004, 0.001, 0.001, -0.006, 0.001, 0.002, -0.001, -0.001, -0.002, 0.001, 0.003, 0.001, -0.003, -0.006, -0.002, -0.001, 0.002, 0.001, 0.001, -0.002, 0.001, -0.001, -0.001, -0.007, 0.003, -0.001, -0.001, -0.001, 0.001, -0.001, -0.001, -0.001, -0.002, 0.002, 0.001, -0.003, 0.002, 0.001, 0.001, -0.002, -0.001, -0.001, -0.001, -0.001, -0.002, 0.002, -0.006, 0.004, 0.001, 0.001, 0.001, -0.001, -0.001, -0.002, 0.002, 0.002, 0.001, 0.001, -0.003, 0.001, -0.001, -0.003, 0.002, 0.001, -0.001, 0.001, -0.006, 0.003, 0.001, 0.001, 0.002, -0.004, -0.001, 0.001, -0.005, -0.001, -0.002, -0.001, -0.002, -0.001, -0.001, -0.002, 0.002, -0.001, 0.002, 0.001, 0.001, -0.002, 0.001, -0.002, 0.001, 0.001, -0.001, 0.001, 0.004, -0.003, -0.003, 0.005, -0.002, 0.001, 0.003, 0.002, -0.003, -0.003, -0.001, 0.002, -0.003, 0.001, -0.001, -0.001, -0.003, -0.001, -0.002, -0.002, -0.001, 0.001, -0.001, -0.001, 0.004, 0.002, 0.005, 0.002, 0.004, -0.006, -0.002, -0.001, -0.002, 0.001, -0.004, -0.001, 0.001, 0.002, -0.001, -0.001, -0.002, -0.001, -0.002, -0.002, 0.001, 0.001, -0.002, -0.001, -0.001, -0.001, -0.003, -0.001, 0.001, 0.002, -0.004, -0.002, 0.004, -0.001, 0.002, -0.001, -0.002, -0.001, -0.001, 0.001, 0.002, 0.002, 0.001, -0.002, -0.002, 0.002, 0.004, -0.003, -0.001, 0.001, -0.002, 0.001, -0.003, 0.001, 0.001, 0.001, -0.001, -0.003, -0.001, -0.001, 0.001, 0.003, -0.001, -0.001, -0.002, 0.001, -0.006, 0.002, -0.002, -0.001, -0.001, 0.002, 0.001, 0.002, -0.001, -0.001, 0.002, 0.001, 0.004, 0.001, -0.001, 0.001, -0.003, -0.003, 0.003, -0.002, 0.001, 0.002, 0.001, 0.003, -0.003, -0.001, 0.001, 0.002, 0.001, 0.001, 0.002, -0.001, 0.001, 0.001, 0.001, -0.001, -0.001, 0.002, 0.001, -0.001, 0.001, -0.002, 0.001, -0.002, 0.002, -0.001, 0.001, -0.003, 0.001, 0.004, 0.001, 0.001, -0.001, -0.001, 0.001, -0.001, 0.003, -0.001, -0.003, -0.002, -0.003, -0.002, 0.002, 0.001, -0.002, -0.002, 0.002, -0.003, -0.001, 0.002, -0.002, -0.002, -0.005, 0.002, 0.001, -0.001, -0.003, -0.001, -0.003, 0.001, -0.002, 0.001, -0.001, -0.003, 0.004, 0.001, 0.001, -0.002, 0.001, -0.001, -0.001, -0.002, -0.003, 0.004, -0.003, 0.003, -0.006, 0.002, -0.002, 0.002, 0.002, 0.001, 0.001, 0.002, -0.002, -0.001, -0.003, 0.004, 0.003, 0.002, -0.001, -0.005, 0.001, 0.002, -0.001, -0.003, -0.003, 0.002, -0.002, 0.001, 0.002, -0.001, 0.001, -0.001, -0.001, 0.003, -0.004, 0.001, 0.002, -0.002, 0.006, -0.001, 0.002, -0.001, -0.004, 0.002, 0.001, -0.001, -0.001, -0.001, -0.001, -0.001, 0.001, 0.003, 0.003, 0.002, -0.006, 0.001, 0.003, 0.001, 0.004, 0.006, 0.003, -0.001, 0.002, -0.001, 0.001, 0.002, -0.002, 0.003, 0.001, 0.001, 0.004, -0.004, -0.003, 0.002, 0.001, 0.003, -0.002, -0.004, -0.001, 0.001, -0.001, -0.004, -0.002, 0.001, 0.002, 0.003, 0.001, -0.001, 0.001, -0.001, 0.001, 0.001, -0.001, -0.004, 0.001, -0.001, -0.002, 0.001, 0.001, 0.003, 0.002, -0.002, 0.004, 0.002, -0.002, -0.001, -0.001, -0.002, -0.003, -0.001, 0.001, 0.003, 0.002, 0.001, -0.004, -0.004, -0.003, 0.001, 0.003, -0.001, 0.002, -0.001, 0.003, -0.001, 0.001, 0.002, -0.001, 0.003, -0.001, -0.001, -0.002, 0.001, -0.003, 0.002, -0.001, 0.002, -0.002, -0.001, 0.002, 0.004, 0.004, 0.001, 0.001, -0.003, 0.001, 0.001, 0.004, 0.002, -0.003, -0.001, 0.001, 0.004, -0.001, 0.004, -0.001, -0.002, 0.001, -0.001, -0.003, 0.004, -0.001, 0.003, 0.002, 0.004, 0.002, 0.001, -0.001, -0.003, 0.002, -0.003, -0.002, 0.001, -0.002, -0.002, 0.002, 0.001, 0.001, -0.003, 0.001, -0.003, -0.001, 0.001, 0.003, 0.002, 0.001, 0.001, 0.002, 0.003, 0.002, 0.001, -0.002, 0.001, -0.001, -0.003, 0.001, 0.002, 0.003, -0.002, -0.001, -0.001, -0.002, 0.001, 0.001, -0.004, 0.002, -0.001, 0.001, -0.001, -0.002, 0.003, 0.001, 0.001, -0.001, -0.001, 0.001, 0.003, -0.001, -0.003, 0.001, -0.003, 0.005, 0.001, 0.002, -0.003, -0.001, 0.003, -0.002, -0.003, -0.003, 0.003, 0.004, 0.001, 0.003, 0.001, -0.003, 0.001, 0.005, 0.002, 0.001, 0.004, 0.001, 0.002, 0.008, -0.003, 0.001, 0.003, -0.001, -0.004, -0.002, 0.006, -0.004, 0.001, 0.002, -0.001, 0.001, -0.001, -0.002, -0.001, -0.001, -0.001, 0.003, 0.001, -0.001, 0.002, -0.001, -0.003, 0.001, 0.001, 0.004, 0.001, -0.005, 0.002, -0.003, 0.001, -0.003, 0.002, -0.001, 0.005, 0.004, 0.001, 0.003, -0.001, -0.003, -0.004, 0.001, 0.001, -0.002, 0.002, -0.003, 0.002, 0.001, -0.004, 0.001, -0.002, 0.001, -0.001, -0.001, -0.001, -0.003, -0.002, -0.002, 0.001, -0.002, -0.001, 0.003, -0.003, -0.002, -0.003, 0.001, -0.007, -0.003, -0.001, 0.003, 0.002, 0.001, -0.001, -0.006, 0.001, -0.001, -0.002, 0.001, -0.003, 0.002, -0.001, 0.004, 0.001, -0.001, -0.003, 0.001, -0.001, -0.002, -0.003, 0.002, 0.002, 0.001, 0.001, -0.002, 0.005, 0.001, -0.002, -0.003, 0.001, -0.001, 0.001, 0.001, 0.001, 0.001, 0.001, 0.001, -0.001, 0.001, -0.001, 0.002, 0.001, 0.003, 0.002, 0.001, 0.001, 0.001, -0.001, 0.001, -0.001, -0.001, 0.001, 0.003, 0.002, -0.002, -0.002, 0.002, 0.001, -0.003, -0.002, -0.001, 0.002, -0.004, -0.003, 0.002, -0.006, -0.001, -0.003, -0.004, -0.001, -0.002, -0.004, 0.002, -0.003, 0.002, -0.001, -0.001, -0.001, -0.005, 0.004, -0.003, 0.001, -0.002, 0.003, -0.003, -0.001, 0.002, 0.001, -0.002, 0.002, -0.001, 0.004, -0.002, 0.003, -0.001, 0.002, 0.005, -0.001, 0.002, -0.001, 0.003, -0.001, 0.001, 0.001, 0.001, 0.001, 0.004, 0.001, -0.002, 0.004, 0.002, -0.001, 0.002, -0.003, -0.003, 0.003, 0.001, -0.004, 0.002, -0.004, -0.001, -0.001, -0.001, 0.001, 0.004, -0.001, 0.003, 0.004, 0.002, -0.001, 0.003, -0.002, 0.001, -0.001, 0.001, -0.001, -0.003, -0.003, -0.006, -0.002, 0.004, -0.001, 0.002, 0.001, -0.003, 0.003, -0.004, -0.001, 0.002, 0.003, -0.001, -0.001, -0.001, -0.002, 0.001, 0.001, -0.003, 0.002, -0.002, 0.002, -0.001, -0.002, -0.001, 0.002, -0.002, 0.001, 0.001, 0.002, -0.003, -0.003, 0.001, 0.001, 0.001, -0.001, 0.002, -0.004, -0.001, 0.003, -0.001, -0.001, 0.002, 0.001, 0.001, 0.002, -0.001, -0.001, 0.004, -0.001, 0.001, 0.001, -0.002, 0.002, 0.002, 0.005, 0.001, -0.004, -0.002, 0.002, 0.004, 0.002, 0.002, -0.003, -0.002, 0.003, 0.001, 0.001, 0.004, 0.003, 0.002, 0.002, 0.001, 0.003, -0.001, -0.003, 0.003, 0.001, 0.001, -0.003, -0.001, 0.002, -0.001, -0.001, 0.002, 0.001, 0.001, 0.001, -0.001, 0.001, 0.003, 0.002, 0.002, 0.005, 0.001, -0.004, 0.001, 0.002, -0.001, 0.001, -0.001, 0.002, 0.002, -0.002, 0.001, -0.002, 0.001, -0.001, 0.001, 0.002, 0.001, -0.001, -0.003, 0.001, -0.002, 0.001, 0.001, -0.002, 0.002, 0.001, 0.002, 0.002, -0.001, -0.002, 0.003, 0.001, -0.003, 0.001, -0.006, -0.001, -0.005, 0.002, 0.002, 0.002, -0.007, -0.003, -0.001, -0.001, -0.005, 0.003, -0.001, -0.002, 0.003, 0.001, 0.003, -0.001, 0.002, 0.001, 0.001, -0.001, 0.001, 0.003, 0.001, 0.001, 0.005, 0.001, -0.001, -0.003, -0.002, -0.001, -0.001, 0.001, -0.001, -0.002, 0.001, 0.001, 0.004, 0.002, -0.001, -0.002, 0.001, 0.001, 0.001, 0.001, -0.005, 0.001, 0.002, -0.001, 0.001, 0.003, -0.001, -0.001, 0.001, -0.001, -0.002, -0.001, -0.001, 0.001, 0.002, -0.002, 0.002, -0.002, -0.004, -0.002, 0.002, -0.004, 0.002, 0.001, -0.004, -0.004, 0.003, 0.005, -0.003, 0.001, -0.001, 0.001, -0.001, 0.001, -0.002, -0.004, 0.002, -0.002, -0.002, -0.004, 0.002, 0.004, -0.001, -0.001, 0.003, 0.002, -0.002, -0.003, -0.002, 0.001, -0.008, 0.001, 0.005, -0.002, -0.001, 0.002, -0.001, 0.001, 0.002, 0.005, 0.004, 0.002, 0.001, 0.004, -0.002, 0.001, 0.001, 0.001, 0.003, -0.003, -0.004, 0.001, 0.006, -0.001, 0.001, 0.002, -0.004, 0.001, -0.001, 0.003, 0.001, 0.001, 0.001, -0.002, 0.002, -0.001, 0.003, -0.002, -0.003, 0.002, -0.001, -0.003, 0.001, 0.002, -0.002, 0.001, -0.001, 0.001, -0.003, 0.001, 0.002, -0.005, -0.003, -0.002, -0.002, -0.005, 0.003, -0.001, -0.001, -0.002, -0.001, 0.002, -0.001, -0.001, 0.001, -0.001, 0.001, 0.003, 0.002, 0.005, -0.001, 0.003, -0.005, 0.003, -0.001, -0.001, 0.001, -0.001, -0.001, -0.003, 0.002, 0.002, -0.002, 0.003, 0.002, 0.001, 0.001, -0.001, 0.001, -0.001, -0.001, 0.001, -0.005, 0.003, -0.001, 0.002, -0.003, 0.001, -0.001, 0.004, -0.003, 0.002, -0.001, 0.002, -0.002, -0.002, -0.006, -0.001, 0.002, -0.001, 0.001, -0.001, 0.001, 0.001, -0.007, -0.003, -0.001, 0.001, 0.001, -0.007, -0.003, -0.004, -0.006, -0.002, 0.004, -0.002, 0.001, 0.001, 0.001, 0.004, -0.002, -0.001, 0.001, -0.004, 0.001, 0.001, 0.004, -0.003, 0.001, -0.001, -0.001, -0.001, 0.001, 0.002, -0.001, 0.001, 0.001, 0.003, -0.003, 0.003, 0.002, 0.001, 0.001, 0.002, 0.001, 0.001, 0.004, 0.001, 0.006, 0.001, 0.002, 0.002, -0.003, -0.002, 0.005, 0.006, -0.003, -0.002, -0.002, 0.001, -0.001, 0.002, -0.002, 0.001, -0.003, -0.002, 0.003, -0.001, -0.001, -0.001, 0.002, 0.001, 0.001, -0.001, 0.002, 0.002, -0.001, 0.001, 0.002, 0.001, -0.002, 0.005, 0.005, 0.002, -0.006, 0.003, -0.007, 0.003, -0.001, -0.001, 0.002, 0.001, 0.001, -0.002, 0.002, 0.001, 0.003, -0.003, 0.006, 0.002, -0.001, -0.002, -0.005, -0.003, 0.001, 0.001, 0.001, -0.001, -0.003, -0.001, -0.001, 0.002, -0.005, -0.001, 0.002, -0.004, 0.002, -0.003, -0.001, -0.003, -0.001, 0.002, 0.001, -0.002, -0.002, -0.001, -0.001, 0.003, -0.004, 0.005, -0.001, -0.005, -0.001, 0.001, -0.001, -0.002, -0.003, 0.001, -0.002, 0.004, 0.003, 0.001, -0.002, -0.001, 0.001, 0.002, 0.001, 0.001, 0.002, -0.001, 0.001, 0.001, -0.003, -0.001, 0.001, 0.003, 0.001, 0.001, 0.002, 0.001, 0.004, -0.005, -0.001, 0.001, -0.005, 0.001, -0.001, -0.001, 0.001, -0.008, 0.001, 0.004, -0.001, -0.001, -0.003, -0.002, -0.005, 0.003, -0.001, 0.001, 0.001, 0.001, 0.001, 0.001, 0.001, 0.001, -0.005, -0.001, 0.001, 0.001, 0.002, 0.001, -0.006, -0.002, -0.002, -0.001, 0.001, 0.002, -0.002, -0.002, -0.001, 0.004, 0.001, 0.004, -0.003, -0.004, -0.005, -0.003, -0.003, -0.001, 0.003, -0.001, -0.005, 0.001, 0.001, -0.002, 0.004, -0.001, -0.001, -0.002, 0.003, -0.003, -0.001, -0.001, -0.001, 0.001, 0.002, 0.002, 0.001, 0.001, 0.003, -0.001, 0.001, 0.001, 0.001, 0.001, -0.004, -0.002, 0.001, -0.003, -0.001, 0.001, -0.001, -0.001, 0.001, -0.002, 0.003, 0.002, -0.001, 0.001, 0.002, 0.001, 0.001, 0.001, 0.001, 0.001, -0.001, 0.004, -0.002, 0.001, 0.001, -0.003, -0.001, -0.002, 0.002, -0.001, -0.002, -0.002, -0.002, 0.001, -0.001, -0.001, 0.001, -0.001, -0.004, -0.002, -0.002, -0.001, 0.001, 0.001, 0.001, -0.002, -0.004, 0.001, -0.003, 0.001, 0.001, 0.001, -0.001, 0.002, 0.001, -0.001, -0.001, -0.001, -0.002, -0.001, 0.001, 0.001, 0.001, -0.004, -0.001, -0.006, 0.002, 0.002, 0.001, 0.002, 0.002, -0.001, -0.001, -0.001, -0.001, -0.001, 0.001, 0.001, -0.001, -0.006, -0.001, -0.004, 0.001, 0.002, -0.005, 0.002, 0.002, 0.001, 0.001, -0.002, 0.002, 0.006, -0.001, 0.001, 0.004, 0.001, -0.001, -0.002, -0.002, -0.001, 0.003, -0.001, -0.003, -0.001, 0.001, -0.003, 0.003, -0.001, 0.001, 0.001, 0.001, 0.001, 0.001, -0.004, 0.001, 0.002, 0.003, -0.001, -0.002, 0.004, -0.004, -0.001, 0.001, 0.001, -0.002, -0.002, 0.001, -0.002, 0.003, -0.001, -0.001, 0.001, 0.001, -0.003, 0.001, -0.002, -0.003, 0.001, 0.003, -0.001, 0.001, 0.001, 0.002, -0.003, 0.003, 0.002, -0.006, 0.002, 0.001, 0.006, 0.001, 0.001, -0.002, 0.003, -0.004, -0.001, 0.002, 0.001, 0.002, 0.002, 0.001, -0.002, -0.001, 0.001, -0.002, 0.002, 0.002, 0.008, -0.003, -0.001, 0.003, -0.002, -0.002, 0.001, 0.003, -0.004, 0.001, 0.005, 0.002, -0.001, -0.003, -0.001, 0.001, -0.001, 0.004, -0.003, -0.001, 0.002, -0.002, -0.002, 0.004, -0.001, -0.002, 0.001, -0.004, 0.002, -0.001, -0.002, 0.001, -0.002, -0.002, 0.002, 0.002, -0.002, 0.002, -0.005, 0.001, 0.004, -0.001, 0.005, -0.001, 0.003, -0.004, -0.003, 0.001, -0.002, -0.002, 0.001, 0.001, -0.001, -0.002, -0.004, 0.001, 0.002, 0.002, 0.001, 0.001, -0.001, -0.002, 0.002, -0.001, 0.001, -0.004, 0.002, 0.001, 0.001, -0.002, 0.004, 0.002, -0.002, 0.005, 0.002, 0.003, -0.002, -0.002, 0.004, 0.001, -0.004, 0.001, -0.002, -0.001, -0.002, -0.002, 0.001, -0.002, -0.002, 0.002, 0.002, -0.002, 0.001, 0.001, -0.002, 0.001, 0.001, 0.002, -0.001, 0.001, 0.001]

buck_pred: [3, 3, 3, 2, 3, 2, 1, 2, 3, 2, 2, 4, 2, 0, 3, 4, 2, 4, 0, 3, 1, 3, 3, 1, 6, 3, 1, 3, 2, 4, 1, 2, 2, 2, 3, 1, 2, 3, 2, 4, 2, 3, 3, 2, 3, 3, 2, 3, 3, 0, 3, 3, 3, 4, 2, 3, 3, 2, 2, 3, 2, 3, 1, 0, 3, 3, 3, 2, 6, 2, 3, 1, 2, 2, 3, 3, 3, 0, 2, 3, 0, 3, 5, 2, 0, 3, 2, 3, 0, 2, 3, 3, 2, 2, 3, 2, 2, 3, 2, 4, 3, 3, 0, 2, 3, 2, 3, 0, 2, 4, 3, 3, 1, 3, 3, 0, 3, 3, 3, 3, 0, 0, 0, 3, 2, 1, 2, 0, 2, 3, 3, 3, 3, 3, 0, 2, 2, 3, 0, 3, 2, 2, 5, 4, 0, 0, 2, 6, 3, 4, 3, 2, 2, 3, 0, 3, 2, 3, 0, 3, 3, 3, 0, 3, 6, 0, 2, 3, 3, 0, 3, 3, 2, 0, 3, 3, 4, 2, 2, 2, 3, 2, 3, 2, 2, 0, 2, 0, 2, 2, 0, 0, 2, 4, 2, 2, 3, 2, 0, 3, 2, 3, 2, 3, 6, 3, 3, 2, 4, 2, 2, 2, 2, 2, 6, 6, 2, 2, 3, 2, 0, 3, 2, 2, 2, 4, 2, 3, 3, 3, 0, 2, 0, 0, 3, 4, 0, 2, 2, 3, 1, 3, 3, 2, 3, 3, 3, 2, 3, 2, 3, 4, 2, 3, 3, 3, 0, 2, 0, 2, 2, 3, 2, 4, 2, 3, 3, 0, 0, 2, 2, 1, 2, 3, 3, 1, 4, 3, 3, 3, 3, 0, 2, 0, 3, 3, 3, 2, 0, 3, 1, 0, 3, 3, 1, 2, 3, 0, 3, 3, 3, 3, 3, 3, 3, 3, 3, 0, 0, 4, 2, 2, 0, 1, 4, 3, 2, 3, 3, 3, 4, 3, 3, 3, 2, 0, 2, 0, 4, 3, 2, 2, 0, 3, 3, 2, 2, 3, 6, 3, 3, 3, 2, 2, 2, 3, 2, 2, 3, 3, 2, 1, 2, 2, 3, 1, 3, 3, 3, 0, 2, 2, 3, 1, 3, 0, 0, 3, 3, 3, 2, 3, 3, 0, 6, 3, 2, 2, 3, 3, 3, 3, 0, 3, 2, 3, 3, 0, 2, 3, 3, 3, 5, 3, 2, 4, 0, 2, 3, 3, 2, 2, 2, 2, 0, 0, 2, 2, 3, 3, 3, 0, 3, 0, 3, 5, 2, 3, 6, 3, 3, 0, 3, 2, 2, 3, 3, 3, 3, 2, 3, 3, 2, 2, 3, 3, 2, 3, 0, 2, 2, 3, 1, 0, 3, 4, 2, 3, 0, 2, 3, 2, 2, 3, 2, 2, 3, 6, 2, 2, 3, 1, 0, 3, 0, 2, 0, 0, 1, 0, 6, 0, 3, 3, 0, 0, 1, 0, 2, 1, 6, 3, 2, 3, 3, 1, 2, 3, 3, 0, 3, 1, 3, 0, 3, 3, 3, 3, 3, 3, 3, 3, 2, 0, 4, 3, 0, 0, 0, 3, 3, 3, 3, 0, 2, 3, 3, 3, 3, 3, 3, 3, 3, 3, 2, 0, 0, 2, 2, 3, 2, 3, 3, 3, 1, 0, 3, 2, 3, 2, 3, 0, 2, 3, 2, 3, 0, 1, 3, 2, 3, 4, 0, 2, 3, 2, 2, 2, 3, 3, 6, 2, 2, 0, 6, 2, 1, 3, 2, 2, 0, 0, 3, 2, 3, 3, 0, 0, 2, 1, 2, 3, 2, 2, 3, 2, 0, 2, 2, 2, 6, 3, 3, 3, 2, 0, 0, 3, 3, 0, 3, 3, 0, 3, 0, 2, 0, 3, 0, 3, 3, 3, 2, 2, 3, 2, 4, 3, 3, 2, 2, 3, 6, 3, 0, 3, 6, 2, 3, 0, 1, 3, 3, 2, 1, 2, 2, 3, 3, 2, 2, 3, 3, 3, 3, 3, 0, 2, 2, 2, 2, 2, 3, 2, 0, 3, 3, 3, 3, 2, 4, 1, 3, 3, 3, 2, 3, 3, 2, 3, 3, 0, 3, 2, 2, 3, 2, 0, 3, 1, 3, 1, 3, 4, 2, 3, 0, 0, 3, 3, 0, 3, 4, 3, 3, 3, 0, 3, 6, 3, 3, 2, 3, 0, 2, 2, 3, 3, 0, 3, 6, 2, 2, 3, 3, 2, 2, 3, 3, 2, 0, 1, 2, 2, 6, 2, 3, 2, 2, 2, 0, 2, 0, 2, 2, 3, 3, 0, 0, 1, 3, 0, 2, 3, 3, 2, 0, 2, 2, 4, 3, 0, 2, 4, 3, 3, 0, 3, 3, 3, 2, 3, 3, 2, 3, 0, 5, 3, 3, 2, 3, 2, 3, 3, 2, 0, 2, 2, 0, 2, 2, 2, 3, 5, 3, 2, 0, 2, 4, 2, 3, 3, 2, 2, 3, 3, 3, 5, 3, 4, 0, 2, 4, 3, 3, 0, 3, 2, 0, 3, 3, 2, 3, 3, 3, 2, 2, 2, 0, 2, 2, 0, 4, 3, 2, 3, 0, 4, 3, 2, 3, 0, 3, 2, 3, 3, 3, 6, 3, 4, 3, 3, 3, 6, 5, 3, 3, 6, 0, 2, 4, 0, 3, 3, 2, 0, 1, 2, 0, 3, 2, 0, 0, 3, 3, 2, 3, 6, 0, 2, 2, 0, 1, 2, 2, 2, 3, 2, 0, 2, 6, 0, 3, 2, 2, 2, 3, 0, 2, 3, 2, 2, 0, 2, 3, 3, 3, 0, 3, 5, 3, 3, 0, 3, 2, 3, 2, 0, 4, 3, 3, 3, 0, 3, 3, 2, 3, 2, 2, 0, 3, 2, 3, 3, 3, 0, 3, 0, 4, 3, 3, 2, 3, 4, 0, 3, 0, 3, 2, 2, 3, 3, 6, 3, 3, 6, 2, 0, 3, 3, 3, 2, 2, 2, 3, 3, 3, 3, 3, 3, 3, 0, 2, 2, 2, 0, 4, 1, 3, 4, 3, 1, 3, 0, 0, 2, 3, 0, 3, 2, 2, 0, 3, 2, 3, 3, 3, 0, 3, 3, 2, 3, 0, 3, 2, 3, 3, 3, 3, 0, 3, 3, 0, 3, 3, 2, 0, 3, 2, 3, 2, 2, 2, 3, 3, 0, 2, 3, 3, 3, 0, 3, 6, 1, 3, 3, 2, 0, 2, 3, 3, 3, 3, 3, 2, 3, 3, 0, 2, 3, 3, 3, 3, 3, 3, 3, 3, 2, 2, 3, 0, 2, 0, 3, 3, 3, 0, 2, 2, 1, 3, 2, 3, 6, 3, 3, 2, 3, 2, 3, 3, 2, 0, 3, 6, 6, 5, 4, 3, 3, 0, 0, 3, 3, 2, 6, 2, 2, 0, 2, 3, 3, 3, 2, 0, 2, 3, 3, 3, 2, 2, 1, 2, 3, 2, 3, 3, 3, 0, 1, 2, 1, 3, 0, 2, 2, 2, 3, 2, 6, 3, 3, 0, 2, 2, 4, 2, 0, 0, 2, 0, 2, 2, 2, 1, 0, 3, 2, 3, 3, 3, 1, 2, 3, 2, 2, 3, 0, 3, 2, 2, 3, 3, 6, 2, 3, 0, 4, 3, 3, 2, 4, 4, 2, 2, 2, 2, 2, 2, 3, 2, 3, 6, 2, 3, 0, 2, 3, 2, 2, 0, 3, 0, 4, 1, 3, 2, 2, 3, 6, 2, 5, 3, 3, 3, 3, 3, 0, 3, 3, 2, 3, 2, 2, 3, 3, 3, 4, 3, 3, 3, 2, 2, 3, 3, 5, 3, 2, 2, 3, 3, 3, 0, 3, 2, 3, 3, 2, 6, 3, 3, 2, 2, 3, 0, 2, 3, 3, 0, 3, 2, 3, 2, 2, 3, 3, 0, 4, 2, 3, 3, 3, 3, 0, 2, 2, 0, 3, 0, 0, 3, 2, 0, 3, 2, 2, 1, 0, 3, 0, 0, 3, 3, 6, 2, 2, 5, 6, 3, 1, 3, 0, 3, 3, 0, 3, 4, 3, 2, 3, 3, 6, 3, 4, 0, 3, 3, 0, 3, 2, 3, 0, 6, 0, 2, 3, 2, 3, 2, 0, 0, 3, 3, 3, 1, 2, 3, 2, 3, 3, 2, 2, 0, 3, 3, 0, 3, 2, 2, 2, 3, 3, 3, 3, 3, 3, 2, 0, 0, 0, 3, 4, 0, 2, 2, 2, 6, 0, 2, 3, 1, 0, 3, 2, 3, 3, 0, 2, 2, 2, 3, 3, 0, 6, 3, 6, 3, 2, 6, 4, 3, 3, 0, 5, 3, 3, 3, 4, 3, 2, 2, 2, 3, 3, 2, 2, 4, 3, 3, 2, 3, 2, 2, 3, 2, 3, 0, 0, 6, 0, 3, 0, 3, 3, 3, 3, 3, 3, 2, 0, 3, 4, 0, 3, 2, 1, 3, 6, 3, 3, 3, 3, 2, 2, 3, 0, 3, 3, 3, 3, 2, 3, 4, 0, 2, 3, 2, 3, 3, 0, 0, 3, 2, 3, 2, 6, 2, 3, 0, 0, 6, 2, 0, 2, 0, 3, 3, 5, 0, 0, 2, 3, 2, 3, 3, 3, 3, 3, 3, 2, 4, 3, 1, 3, 0, 3, 0, 3, 3, 3, 0, 2, 3, 3, 0, 3, 3, 3, 3, 3, 3, 3, 3, 0, 3, 3, 3, 2, 4, 2, 0, 0, 2, 1, 2, 1, 0, 3, 3, 2, 3, 1, 5, 2, 0, 2, 2, 2, 2, 3, 0, 2, 3, 0, 3, 3, 3, 1, 2, 2, 3, 2, 3, 3, 3, 2, 2, 3, 3, 2, 3, 1, 0, 2, 0, 2, 3, 4, 0, 2, 3, 0, 3, 3, 3, 3, 3, 0, 6, 2, 3, 3, 3, 3, 2, 0, 3, 0, 2, 4, 2, 2, 1, 1, 3, 0, 4, 0, 2, 2, 0, 2, 4, 3, 3, 3, 3, 3, 3, 0, 0, 2, 2, 3, 3, 2, 1, 6, 2, 2, 0, 3, 3, 2, 2, 0, 2, 0, 0, 1, 3, 2, 0, 3, 3, 3, 3, 2, 3, 2, 2, 2, 6, 2, 3, 2, 3, 3, 2, 1, 0, 3, 3, 3, 2, 1, 3, 2, 0, 3, 2, 3, 2, 0, 3, 3, 3, 3, 0, 3, 3, 2, 2, 2, 2, 2, 2, 1, 0, 4, 3, 3, 0, 1, 2, 3, 2, 3, 2, 2, 3, 3, 2, 0, 3, 0, 3, 4, 3, 1, 0, 1, 6, 2, 4, 0, 2, 0, 2, 2, 2, 2, 3, 1, 1, 4, 3, 3, 3, 3, 0, 0, 0, 2, 3, 2, 2, 6, 3, 3, 2, 0, 3, 0, 0, 3, 3, 2, 2, 2, 1, 0, 3, 3, 3, 0, 0, 6, 3, 3, 2, 0, 2, 2, 3, 3, 3, 3, 0, 0, 5, 3, 2, 2, 2, 2, 3, 0, 6, 3, 2, 3, 2, 2, 2, 3, 3, 0, 0, 2, 3, 0, 3, 2, 2, 2, 3, 3, 3, 2, 3, 3, 3, 6, 3, 2, 3, 0, 3, 3, 2, 3, 3, 3, 3, 0, 4, 3, 3, 3, 2, 3, 2, 3, 3, 2, 3, 2, 4, 3, 0, 3, 3, 3, 2, 2, 2, 3, 2, 3, 6, 2, 2, 2, 2, 2, 2, 3, 3, 2, 1, 0, 2, 3, 2, 2, 2, 3, 0, 2, 3, 2, 2, 0, 6, 0, 2, 0, 2, 0, 3, 2, 3, 3, 1, 3, 3, 0, 1, 3, 3, 3, 0, 0, 5, 0, 3, 0, 3, 0, 3, 3, 3, 3, 3, 2, 3, 2, 3, 6, 3, 2, 0, 2, 3, 2, 2, 0, 3, 0, 3, 1, 0, 2, 2, 3, 3, 0, 2, 3, 2, 4, 2, 3, 2, 0, 3, 3, 0, 0, 2, 2, 2, 1, 3, 4, 5, 0, 3, 3, 2, 3, 4, 3, 1, 3, 2, 3, 3, 0, 6, 3, 3, 6, 0, 3, 2, 2, 3, 2, 0, 3, 3, 2, 0, 2, 6, 3, 5, 3, 0, 2, 3, 3, 3, 2, 1, 3, 2, 2, 0, 3, 4, 5, 2, 4, 3, 0, 0, 3, 2, 2, 2, 3, 3, 3, 3, 2, 2, 0, 3, 3, 0, 3, 2, 6, 2, 3, 3, 2, 4, 3, 2, 2, 6, 2, 3, 2, 3, 0, 2, 6, 4, 4, 3, 3, 1, 2, 3, 4, 3, 2, 2, 3, 3, 0, 3, 2, 2, 3, 2, 0, 4, 0, 3, 3, 2, 3, 3, 1, 0, 4, 0, 2, 3, 0, 0, 4, 3, 3, 2, 4, 2, 2, 0, 3, 6, 3, 3, 3, 3, 3, 3, 2, 3, 2, 2, 6, 3, 6, 2, 2, 2, 0, 3, 2, 2, 3, 0, 2, 0, 2, 3, 2, 3, 2, 2, 3, 3, 2, 2, 2, 2, 6, 3, 3, 0, 2, 3, 1, 2, 0, 4, 4, 3, 3, 3, 0, 3, 6, 3, 3, 6, 3, 3, 3, 2, 2, 3, 1, 0, 2, 6, 0, 3, 3, 2, 3, 2, 0, 3, 3, 3, 4, 3, 3, 4, 1, 0, 0, 3, 6, 2, 2, 4, 2, 3, 0, 3, 2, 6, 6, 6, 3, 3, 0, 0, 3, 3, 2, 3, 0, 3, 3, 0, 3, 0, 3, 0, 2, 3, 0, 2, 2, 4, 2, 3, 3, 0, 2, 3, 6, 0, 2, 2, 3, 3, 4, 2, 0, 4, 3, 2, 3, 2, 6, 2, 3, 3, 2, 2, 3, 0, 1, 0, 3, 3, 3, 3, 2, 3, 3, 0, 0, 2, 0, 3, 6, 3, 3, 3, 3, 2, 2, 2, 4, 3, 4, 3, 3, 3, 3, 2, 1, 0, 2, 3, 3, 3, 2, 0, 3, 6, 2, 3, 3, 3, 0, 0, 3, 2, 2, 0, 0, 2, 3, 2, 3, 2, 3, 2, 3, 2, 1, 4, 2, 3, 2, 3, 2, 2, 3, 3, 2, 3, 0, 6, 0, 3, 0, 6, 3, 2, 5, 3, 3, 0, 3, 2, 2, 2, 3, 2, 0, 6, 3, 2, 3, 2, 3, 3, 3, 2, 6, 0, 2, 3, 2, 3, 3, 2, 3, 3, 3, 3, 3, 0, 3, 2, 3, 2, 0, 0, 0, 2, 3, 2, 4, 3, 0, 3, 3, 2, 3, 3, 2, 3, 2, 3, 3, 3, 2, 3, 2, 3, 2, 3, 0, 3, 2, 3, 3, 3, 0, 0, 3, 3, 2, 0, 6, 2, 2, 3, 2, 2, 4, 3, 3, 3, 3, 1, 3, 2, 3, 2, 2, 3, 3, 6, 2, 0, 1, 3, 4, 3, 3, 1, 3, 3, 0, 3, 4, 3, 3, 3, 3, 3, 1, 0, 4, 2, 3, 0, 3, 3, 2, 2, 0, 3, 3, 3, 2, 3, 3, 3, 3, 3, 3, 2, 3, 2, 0, 3, 0, 3, 3, 2, 3, 0, 3, 2, 3, 3, 3, 1, 0, 3, 2, 2, 3, 0, 3, 3, 3, 3, 2, 2, 4, 2, 2, 2, 0, 2, 0, 3, 3, 3, 0, 2, 2, 0, 2, 3, 0, 0, 3, 3, 4, 2, 3, 3, 2, 2, 4, 6, 2, 3, 3, 3, 0, 0, 0, 2, 3, 2, 2, 0, 4, 3, 4, 3, 3, 2, 3, 3, 2, 3, 1, 0, 3, 3, 3, 3, 2, 3, 3, 0, 2, 2, 3, 3, 3, 2, 3, 2, 2, 2, 2, 0, 3, 3, 0, 0, 3, 6, 2, 4, 0, 3, 3, 3, 2, 0, 3, 2, 0, 2, 4, 3, 2, 2, 4, 3, 0, 2, 3, 2, 0, 3, 4, 2, 2, 3, 3, 3, 6, 3, 3, 3, 2, 3, 0, 6, 3, 2, 3, 0, 0, 3, 6, 2, 3, 3, 2, 1, 2, 3, 3, 2, 3, 2, 3, 2, 3, 2, 0, 3, 2, 0, 0, 5, 3, 2, 2, 3, 2, 3, 3, 2, 2, 0, 0, 0, 3, 2, 0, 2, 2, 3, 2, 3, 3, 3, 3, 4, 3, 3, 2, 3, 2, 3, 0, 3, 3, 2, 2, 0, 3, 5, 0, 3, 6, 2, 3, 3, 2, 2, 2, 3, 0, 3, 1, 3, 2, 3, 2, 3, 2, 3, 3, 3, 1, 2, 0, 3, 3, 2, 3, 2, 3, 3, 2, 0, 2, 4, 3, 0, 2, 0, 0, 3, 3, 2, 3, 3, 2, 4, 2, 3, 3, 0, 3, 3, 6, 0, 3, 3, 2, 3, 3, 3, 2, 3, 3, 6, 2, 3, 0, 3, 3, 6, 2, 4, 3, 3, 3, 3, 5, 4, 2, 2, 3, 5, 2, 0, 0, 3, 2, 6, 1, 3, 0, 0, 3, 3, 2, 2, 3, 3, 3, 0, 4, 3, 3, 3, 6, 3, 2, 6, 3, 3, 0, 3, 2, 3, 2, 2, 3, 3, 3, 0, 3, 3, 3, 0, 3, 3, 3, 2, 3, 2, 4, 3, 3, 2, 0, 2, 3, 3, 2, 2, 5, 2, 6, 0, 2, 0, 2, 4, 3, 0, 3, 0, 2, 6, 0, 4, 2, 2, 3, 3, 1, 2, 0, 3, 1, 3, 3, 3, 0, 2, 3, 3, 3, 3, 6, 3, 3, 3, 0, 3, 2, 6, 3, 6, 2, 3, 3, 0, 3, 3, 0, 3, 2, 2, 2, 0, 3, 4, 0, 1, 0, 1, 0, 3, 3, 3, 2, 3, 3, 3, 3, 3, 0, 2, 0, 3, 3, 3, 0, 2, 2, 3, 3, 3, 0, 2, 2, 4, 3, 6, 0, 0, 0, 2, 2, 2, 5, 2, 0, 3, 2, 1, 3, 2, 2, 2, 3, 0, 2, 3, 2, 3, 3, 3, 3, 0, 3, 3, 3, 3, 3, 0, 2, 0, 3, 0, 3, 3, 2, 3, 3, 3, 6, 3, 0, 3, 3, 2, 3, 3, 3, 3, 2, 3, 2, 3, 3, 0, 3, 1, 3, 3, 2, 0, 2, 3, 0, 2, 0, 2, 1, 2, 0, 2, 3, 3, 3, 2, 0, 3, 0, 3, 3, 3, 0, 6, 3, 0, 2, 3, 2, 2, 3, 3, 3, 1, 2, 1, 4, 3, 2, 3, 3, 2, 2, 2, 2, 2, 3, 3, 2, 0, 2, 0, 3, 3, 0, 3, 3, 3, 3, 2, 3, 3, 3, 3, 4, 3, 2, 2, 3, 2, 3, 3, 2, 0, 6, 0, 3, 3, 3, 3, 2, 3, 3, 0, 2, 3, 4, 2, 2, 6, 0, 2, 3, 2, 2, 2, 3, 1, 4, 2, 2, 3, 3, 0, 4, 0, 3, 2, 3, 2, 3, 3, 3, 0, 3, 4, 0, 4, 3, 3, 3, 3, 2, 3, 2, 2, 3, 3, 3, 3, 2, 2, 2, 3, 1, 3, 3, 5, 3, 2, 3, 2, 0, 3, 3, 0, 3, 6, 3, 2, 2, 2, 3, 3, 3, 2, 0, 6, 0, 1, 4, 1, 1, 3, 2, 3, 3, 0, 3, 2, 2, 3, 3, 2, 3, 2, 3, 3, 2, 6, 3, 3, 2, 2, 2, 2, 0, 2, 3, 0, 1, 0, 3, 3, 3, 6, 3, 1, 3, 3, 3, 0, 2, 3, 3, 3, 2, 4, 3, 0, 3, 3, 3, 1, 2, 3, 2, 0, 2, 1, 3, 3, 2, 3, 2, 0, 3, 3, 2, 3, 3, 2, 3, 2, 2, 0, 3, 3]

bins: [-0.014, -0.003, -0.002, -0.001, 0.001, 0.002, 0.003, 0.012]

Most important rules
-----------------------------

---0---
rule0: climbRate < -3.645
probabilities_array:[0.33310586 0.32677057 0.27921915 0.01675965 0.         0.
 0.         0.         0.         0.         0.04414482]

rule1: -3.645 < climbRate < -0.340
probabilities_array:[0.2958623  0.24030575 0.24565053 0.12587604 0.0053208  0.
 0.         0.         0.         0.         0.08698462]

rule16: diffClb < -0.120
probabilities_array:[0.41308352 0.18774256 0.         0.         0.         0.
 0.         0.         0.         0.         0.3991739 ]

rule12: curRoll < -0.009
probabilities_array:[0.23874073 0.14002252 0.21084629 0.18838273 0.06732358 0.
 0.00140577 0.         0.         0.         0.15327834]

rule9: -0.004 < RollRate < 0.000
probabilities_array:[0.25456765 0.2549332  0.12638503 0.05376249 0.         0.01196644
 0.01890229 0.         0.         0.         0.27948287]

rule14: 0.002 < curRoll < 0.012
probabilities_array:[0.20365185 0.09582949 0.24413921 0.19089988 0.11181651 0.01312354
 0.         0.         0.         0.         0.14053953]

rule23: diffDiffClb = 0.0
probabilities_array:[0.18997805 0.17533647 0.11147618 0.09069514 0.10899522 0.12277695
 0.10515364 0.         0.         0.         0.09558828]

rule15: curRoll > 0.012
probabilities_array:[0.18950695 0.12071971 0.21223943 0.2178038  0.05760275 0.00299104
 0.04431631 0.         0.         0.         0.15482   ]

rule4: Altitude < -29.320
probabilities_array:[0.21650158 0.03095129 0.1858941  0.23259154 0.00784814 0.
 0.         0.         0.         0.         0.32621336]

rule6: -12.193 < Altitude < 4.935
probabilities_array:[0.15403587 0.13444325 0.16948478 0.17592503 0.10034439 0.12726685
 0.04382642 0.         0.         0.         0.09467332]

rule10: 0.000 < RollRate < 0.004
probabilities_array:[0.1744612  0.22122285 0.07457668 0.0774906  0.08533922 0.03365866
 0.11394233 0.         0.         0.         0.21930845]

rule5: -29.320 < Altitude < -12.193
probabilities_array:[0.15705907 0.10863142 0.19050933 0.18143982 0.09287448 0.10627417
 0.         0.         0.         0.         0.1632118 ]

rule7: Altitude > 4.935
probabilities_array:[0.15965801 0.10230181 0.26136026 0.21170488 0.05525701 0.00745965
 0.01086351 0.         0.         0.         0.19139484]

rule8: RollRate < -0.004
probabilities_array:[0.16703014 0.18025923 0.30897704 0.05988508 0.         0.
 0.         0.         0.         0.         0.2838485 ]

rule13: -0.009 < curRoll < 0.002
probabilities_array:[0.14986202 0.05001845 0.19292463 0.23400694 0.06343941 0.0013943
 0.03084015 0.         0.         0.         0.27751404]


---1---
rule0: climbRate < -3.645
probabilities_array:[0.33310586 0.32677057 0.27921915 0.01675965 0.         0.
 0.         0.         0.         0.         0.04414482]

rule17: -0.120 < diffClb < -0.001
probabilities_array:[0.         0.3057716  0.33313087 0.16275784 0.         0.
 0.         0.         0.         0.         0.19833973]

rule1: -3.645 < climbRate < -0.340
probabilities_array:[0.2958623  0.24030575 0.24565053 0.12587604 0.0053208  0.
 0.         0.         0.         0.         0.08698462]

rule9: -0.004 < RollRate < 0.000
probabilities_array:[0.25456765 0.2549332  0.12638503 0.05376249 0.         0.01196644
 0.01890229 0.         0.         0.         0.27948287]

rule10: 0.000 < RollRate < 0.004
probabilities_array:[0.1744612  0.22122285 0.07457668 0.0774906  0.08533922 0.03365866
 0.11394233 0.         0.         0.         0.21930845]

rule23: diffDiffClb = 0.0
probabilities_array:[0.18997805 0.17533647 0.11147618 0.09069514 0.10899522 0.12277695
 0.10515364 0.         0.         0.         0.09558828]

rule8: RollRate < -0.004
probabilities_array:[0.16703014 0.18025923 0.30897704 0.05988508 0.         0.
 0.         0.         0.         0.         0.2838485 ]

rule6: -12.193 < Altitude < 4.935
probabilities_array:[0.15403587 0.13444325 0.16948478 0.17592503 0.10034439 0.12726685
 0.04382642 0.         0.         0.         0.09467332]

rule12: curRoll < -0.009
probabilities_array:[0.23874073 0.14002252 0.21084629 0.18838273 0.06732358 0.
 0.00140577 0.         0.         0.         0.15327834]

rule16: diffClb < -0.120
probabilities_array:[0.41308352 0.18774256 0.         0.         0.         0.
 0.         0.         0.         0.         0.3991739 ]

rule15: curRoll > 0.012
probabilities_array:[0.18950695 0.12071971 0.21223943 0.2178038  0.05760275 0.00299104
 0.04431631 0.         0.         0.         0.15482   ]

rule18: -0.001 < diffClb < 0.117
probabilities_array:[0.         0.09994698 0.13748126 0.26368108 0.28548765 0.16461828
 0.00588751 0.         0.         0.         0.04289722]

rule5: -29.320 < Altitude < -12.193
probabilities_array:[0.15705907 0.10863142 0.19050933 0.18143982 0.09287448 0.10627417
 0.         0.         0.         0.         0.1632118 ]

rule7: Altitude > 4.935
probabilities_array:[0.15965801 0.10230181 0.26136026 0.21170488 0.05525701 0.00745965
 0.01086351 0.         0.         0.         0.19139484]

rule14: 0.002 < curRoll < 0.012
probabilities_array:[0.20365185 0.09582949 0.24413921 0.19089988 0.11181651 0.01312354
 0.         0.         0.         0.         0.14053953]


---2---
rule17: -0.120 < diffClb < -0.001
probabilities_array:[0.         0.3057716  0.33313087 0.16275784 0.         0.
 0.         0.         0.         0.         0.19833973]

rule0: climbRate < -3.645
probabilities_array:[0.33310586 0.32677057 0.27921915 0.01675965 0.         0.
 0.         0.         0.         0.         0.04414482]

rule1: -3.645 < climbRate < -0.340
probabilities_array:[0.2958623  0.24030575 0.24565053 0.12587604 0.0053208  0.
 0.         0.         0.         0.         0.08698462]

rule8: RollRate < -0.004
probabilities_array:[0.16703014 0.18025923 0.30897704 0.05988508 0.         0.
 0.         0.         0.         0.         0.2838485 ]

rule7: Altitude > 4.935
probabilities_array:[0.15965801 0.10230181 0.26136026 0.21170488 0.05525701 0.00745965
 0.01086351 0.         0.         0.         0.19139484]

rule14: 0.002 < curRoll < 0.012
probabilities_array:[0.20365185 0.09582949 0.24413921 0.19089988 0.11181651 0.01312354
 0.         0.         0.         0.         0.14053953]

rule15: curRoll > 0.012
probabilities_array:[0.18950695 0.12071971 0.21223943 0.2178038  0.05760275 0.00299104
 0.04431631 0.         0.         0.         0.15482   ]

rule12: curRoll < -0.009
probabilities_array:[0.23874073 0.14002252 0.21084629 0.18838273 0.06732358 0.
 0.00140577 0.         0.         0.         0.15327834]

rule5: -29.320 < Altitude < -12.193
probabilities_array:[0.15705907 0.10863142 0.19050933 0.18143982 0.09287448 0.10627417
 0.         0.         0.         0.         0.1632118 ]

rule6: -12.193 < Altitude < 4.935
probabilities_array:[0.15403587 0.13444325 0.16948478 0.17592503 0.10034439 0.12726685
 0.04382642 0.         0.         0.         0.09467332]

rule13: -0.009 < curRoll < 0.002
probabilities_array:[0.14986202 0.05001845 0.19292463 0.23400694 0.06343941 0.0013943
 0.03084015 0.         0.         0.         0.27751404]

rule18: -0.001 < diffClb < 0.117
probabilities_array:[0.         0.09994698 0.13748126 0.26368108 0.28548765 0.16461828
 0.00588751 0.         0.         0.         0.04289722]

rule4: Altitude < -29.320
probabilities_array:[0.21650158 0.03095129 0.1858941  0.23259154 0.00784814 0.
 0.         0.         0.         0.         0.32621336]

rule23: diffDiffClb = 0.0
probabilities_array:[0.18997805 0.17533647 0.11147618 0.09069514 0.10899522 0.12277695
 0.10515364 0.         0.         0.         0.09558828]

rule9: -0.004 < RollRate < 0.000
probabilities_array:[0.25456765 0.2549332  0.12638503 0.05376249 0.         0.01196644
 0.01890229 0.         0.         0.         0.27948287]

rule2: -0.340 < climbRate < 2.965
probabilities_array:[0.         0.         0.09495693 0.27014372 0.31555584 0.1341547
 0.00951356 0.         0.         0.         0.17567526]

rule10: 0.000 < RollRate < 0.004
probabilities_array:[0.1744612  0.22122285 0.07457668 0.0774906  0.08533922 0.03365866
 0.11394233 0.         0.         0.         0.21930845]


---3---
rule18: -0.001 < diffClb < 0.117
probabilities_array:[0.         0.09994698 0.13748126 0.26368108 0.28548765 0.16461828
 0.00588751 0.         0.         0.         0.04289722]

rule2: -0.340 < climbRate < 2.965
probabilities_array:[0.         0.         0.09495693 0.27014372 0.31555584 0.1341547
 0.00951356 0.         0.         0.         0.17567526]

rule11: RollRate > 0.004
probabilities_array:[0.00738535 0.         0.         0.30756956 0.2824537  0.04552531
 0.0631563  0.         0.         0.         0.29390985]

rule15: curRoll > 0.012
probabilities_array:[0.18950695 0.12071971 0.21223943 0.2178038  0.05760275 0.00299104
 0.04431631 0.         0.         0.         0.15482   ]

rule3: climbRate > 2.965
probabilities_array:[0.         0.         0.03332689 0.17755528 0.23094259 0.25890994
 0.29926533 0.         0.         0.         0.        ]

rule7: Altitude > 4.935
probabilities_array:[0.15965801 0.10230181 0.26136026 0.21170488 0.05525701 0.00745965
 0.01086351 0.         0.         0.         0.19139484]

rule13: -0.009 < curRoll < 0.002
probabilities_array:[0.14986202 0.05001845 0.19292463 0.23400694 0.06343941 0.0013943
 0.03084015 0.         0.         0.         0.27751404]

rule14: 0.002 < curRoll < 0.012
probabilities_array:[0.20365185 0.09582949 0.24413921 0.19089988 0.11181651 0.01312354
 0.         0.         0.         0.         0.14053953]

rule12: curRoll < -0.009
probabilities_array:[0.23874073 0.14002252 0.21084629 0.18838273 0.06732358 0.
 0.00140577 0.         0.         0.         0.15327834]

rule6: -12.193 < Altitude < 4.935
probabilities_array:[0.15403587 0.13444325 0.16948478 0.17592503 0.10034439 0.12726685
 0.04382642 0.         0.         0.         0.09467332]

rule4: Altitude < -29.320
probabilities_array:[0.21650158 0.03095129 0.1858941  0.23259154 0.00784814 0.
 0.         0.         0.         0.         0.32621336]

rule5: -29.320 < Altitude < -12.193
probabilities_array:[0.15705907 0.10863142 0.19050933 0.18143982 0.09287448 0.10627417
 0.         0.         0.         0.         0.1632118 ]

rule19: diffClb > 0.117
probabilities_array:[9.5881427e-05 9.2180334e-03 3.0679844e-02 1.3374653e-01 2.4063703e-01
 2.4822468e-01 3.3207294e-01 0.0000000e+00 0.0000000e+00 0.0000000e+00
 5.3250166e-03]

rule17: -0.120 < diffClb < -0.001
probabilities_array:[0.         0.3057716  0.33313087 0.16275784 0.         0.
 0.         0.         0.         0.         0.19833973]

rule1: -3.645 < climbRate < -0.340
probabilities_array:[0.2958623  0.24030575 0.24565053 0.12587604 0.0053208  0.
 0.         0.         0.         0.         0.08698462]

rule23: diffDiffClb = 0.0
probabilities_array:[0.18997805 0.17533647 0.11147618 0.09069514 0.10899522 0.12277695
 0.10515364 0.         0.         0.         0.09558828]

rule10: 0.000 < RollRate < 0.004
probabilities_array:[0.1744612  0.22122285 0.07457668 0.0774906  0.08533922 0.03365866
 0.11394233 0.         0.         0.         0.21930845]

rule8: RollRate < -0.004
probabilities_array:[0.16703014 0.18025923 0.30897704 0.05988508 0.         0.
 0.         0.         0.         0.         0.2838485 ]


---4---
rule18: -0.001 < diffClb < 0.117
probabilities_array:[0.         0.09994698 0.13748126 0.26368108 0.28548765 0.16461828
 0.00588751 0.         0.         0.         0.04289722]

rule2: -0.340 < climbRate < 2.965
probabilities_array:[0.         0.         0.09495693 0.27014372 0.31555584 0.1341547
 0.00951356 0.         0.         0.         0.17567526]

rule19: diffClb > 0.117
probabilities_array:[9.5881427e-05 9.2180334e-03 3.0679844e-02 1.3374653e-01 2.4063703e-01
 2.4822468e-01 3.3207294e-01 0.0000000e+00 0.0000000e+00 0.0000000e+00
 5.3250166e-03]

rule3: climbRate > 2.965
probabilities_array:[0.         0.         0.03332689 0.17755528 0.23094259 0.25890994
 0.29926533 0.         0.         0.         0.        ]

rule11: RollRate > 0.004
probabilities_array:[0.00738535 0.         0.         0.30756956 0.2824537  0.04552531
 0.0631563  0.         0.         0.         0.29390985]

rule23: diffDiffClb = 0.0
probabilities_array:[0.18997805 0.17533647 0.11147618 0.09069514 0.10899522 0.12277695
 0.10515364 0.         0.         0.         0.09558828]

rule14: 0.002 < curRoll < 0.012
probabilities_array:[0.20365185 0.09582949 0.24413921 0.19089988 0.11181651 0.01312354
 0.         0.         0.         0.         0.14053953]

rule6: -12.193 < Altitude < 4.935
probabilities_array:[0.15403587 0.13444325 0.16948478 0.17592503 0.10034439 0.12726685
 0.04382642 0.         0.         0.         0.09467332]

rule5: -29.320 < Altitude < -12.193
probabilities_array:[0.15705907 0.10863142 0.19050933 0.18143982 0.09287448 0.10627417
 0.         0.         0.         0.         0.1632118 ]

rule10: 0.000 < RollRate < 0.004
probabilities_array:[0.1744612  0.22122285 0.07457668 0.0774906  0.08533922 0.03365866
 0.11394233 0.         0.         0.         0.21930845]

rule12: curRoll < -0.009
probabilities_array:[0.23874073 0.14002252 0.21084629 0.18838273 0.06732358 0.
 0.00140577 0.         0.         0.         0.15327834]

rule15: curRoll > 0.012
probabilities_array:[0.18950695 0.12071971 0.21223943 0.2178038  0.05760275 0.00299104
 0.04431631 0.         0.         0.         0.15482   ]

rule13: -0.009 < curRoll < 0.002
probabilities_array:[0.14986202 0.05001845 0.19292463 0.23400694 0.06343941 0.0013943
 0.03084015 0.         0.         0.         0.27751404]

rule7: Altitude > 4.935
probabilities_array:[0.15965801 0.10230181 0.26136026 0.21170488 0.05525701 0.00745965
 0.01086351 0.         0.         0.         0.19139484]


---5---
rule3: climbRate > 2.965
probabilities_array:[0.         0.         0.03332689 0.17755528 0.23094259 0.25890994
 0.29926533 0.         0.         0.         0.        ]

rule19: diffClb > 0.117
probabilities_array:[9.5881427e-05 9.2180334e-03 3.0679844e-02 1.3374653e-01 2.4063703e-01
 2.4822468e-01 3.3207294e-01 0.0000000e+00 0.0000000e+00 0.0000000e+00
 5.3250166e-03]

rule18: -0.001 < diffClb < 0.117
probabilities_array:[0.         0.09994698 0.13748126 0.26368108 0.28548765 0.16461828
 0.00588751 0.         0.         0.         0.04289722]

rule6: -12.193 < Altitude < 4.935
probabilities_array:[0.15403587 0.13444325 0.16948478 0.17592503 0.10034439 0.12726685
 0.04382642 0.         0.         0.         0.09467332]

rule23: diffDiffClb = 0.0
probabilities_array:[0.18997805 0.17533647 0.11147618 0.09069514 0.10899522 0.12277695
 0.10515364 0.         0.         0.         0.09558828]

rule2: -0.340 < climbRate < 2.965
probabilities_array:[0.         0.         0.09495693 0.27014372 0.31555584 0.1341547
 0.00951356 0.         0.         0.         0.17567526]

rule5: -29.320 < Altitude < -12.193
probabilities_array:[0.15705907 0.10863142 0.19050933 0.18143982 0.09287448 0.10627417
 0.         0.         0.         0.         0.1632118 ]


---6---
rule19: diffClb > 0.117
probabilities_array:[9.5881427e-05 9.2180334e-03 3.0679844e-02 1.3374653e-01 2.4063703e-01
 2.4822468e-01 3.3207294e-01 0.0000000e+00 0.0000000e+00 0.0000000e+00
 5.3250166e-03]

rule3: climbRate > 2.965
probabilities_array:[0.         0.         0.03332689 0.17755528 0.23094259 0.25890994
 0.29926533 0.         0.         0.         0.        ]

rule23: diffDiffClb = 0.0
probabilities_array:[0.18997805 0.17533647 0.11147618 0.09069514 0.10899522 0.12277695
 0.10515364 0.         0.         0.         0.09558828]

rule10: 0.000 < RollRate < 0.004
probabilities_array:[0.1744612  0.22122285 0.07457668 0.0774906  0.08533922 0.03365866
 0.11394233 0.         0.         0.         0.21930845]

rule11: RollRate > 0.004
probabilities_array:[0.00738535 0.         0.         0.30756956 0.2824537  0.04552531
 0.0631563  0.         0.         0.         0.29390985]


---7---

---8---

---9---
