R2: 0.34945469149162045

MAE: 32007948.26307572

MSE: 3398683344256727.5

Accuracy: 0.2685402029664325

F1: 0.24188547604779878

Confusion Matrix: [[77, 26, 7, 5, 1, 6, 2, 2, 1, 1], [39, 54, 9, 12, 6, 7, 2, 2, 1, 3], [14, 40, 13, 20, 5, 7, 1, 1, 2, 2], [9, 19, 20, 28, 12, 13, 7, 6, 6, 3], [13, 16, 15, 25, 13, 17, 2, 11, 6, 5], [12, 13, 15, 16, 13, 15, 5, 18, 15, 6], [4, 13, 10, 16, 10, 14, 10, 21, 18, 11], [5, 7, 12, 18, 6, 16, 9, 15, 28, 27], [6, 6, 4, 5, 3, 9, 10, 11, 30, 44], [2, 5, 2, 2, 1, 3, 4, 8, 25, 89]]

Uncertainties: {'class0': [0.015638291835784912, 0.03153414651751518, 0.0637960284948349, 0.1819954812526703, 0.23448321223258972], 'class1': [0.015638291835784912, 0.024168791249394417, 0.03153414651751518, 0.12477235496044159, 0.13834117352962494], 'class2': [0.015638291835784912, 0.019388457760214806, 0.024168791249394417, 0.03153414651751518, 0.037372589111328125], 'class3': [0.015638291835784912, 0.019388457760214806, 0.024168791249394417, 0.03153414651751518, 0.037372589111328125], 'class4': [0.015638291835784912, 0.019388457760214806, 0.024168791249394417, 0.03153414651751518, 0.037372589111328125], 'class5': [0.015638291835784912, 0.019388457760214806, 0.024168791249394417, 0.03153414651751518, 0.037372589111328125], 'class6': [0.015638291835784912, 0.019388457760214806, 0.024168791249394417, 0.03153414651751518, 0.037372589111328125], 'class7': [0.015638291835784912, 0.019388457760214806, 0.024168791249394417, 0.037372589111328125, 0.0637960284948349], 'class8': [0.019388457760214806, 0.024168791249394417, 0.037372589111328125, 0.0637960284948349, 0.0971737802028656], 'class9': [0.019388457760214806, 0.024168791249394417, 0.037372589111328125, 0.0637960284948349, 0.10338351875543594]}

Most important rules
-----------------------------

---0---
rule7: title_year > 2009.793
probabilities_array:[0.2741941  0.         0.         0.         0.         0.03534185
 0.00451491 0.0309737  0.09616598 0.20079152 0.3580179 ]

rule12: num_critic_for_reviews < 80.630
probabilities_array:[0.27017877 0.14345734 0.18713315 0.01941943 0.         0.
 0.         0.         0.         0.         0.37981132]

rule49: -128734285.204 < budget < 45141533.388
probabilities_array:[0.16766079 0.17661604 0.16778618 0.17143703 0.14999168 0.04601805
 0.05368524 0.02970428 0.00556657 0.         0.03153415]

rule36: cast_total_facebook_likes < 368.323
probabilities_array:[0.27469623 0.24287905 0.05023638 0.         0.         0.
 0.         0.         0.         0.         0.43218833]

rule33: -500.859 < actor_3_facebook_likes < 749.952
probabilities_array:[0.21440955 0.12407118 0.1495706  0.         0.         0.
 0.08922087 0.02191436 0.07697095 0.         0.32384253]

rule51: budget > 219017351.980
probabilities_array:[0.23471276 0.09328577 0.00321037 0.00043904 0.         0.
 0.         0.         0.         0.27622885 0.3921232 ]

rule6: 2003.173 < title_year < 2009.793
probabilities_array:[0.18427983 0.1115462  0.1983082  0.07126556 0.         0.
 0.05361245 0.00116019 0.         0.14534442 0.23448321]

rule8: num_voted_users < 4158.099
probabilities_array:[0.26136383 0.24729513 0.00685218 0.         0.         0.
 0.         0.         0.         0.         0.48448887]

rule16: num_user_for_reviews < 58.257
probabilities_array:[0.27028874 0.16491148 0.         0.         0.         0.
 0.         0.         0.         0.         0.5647998 ]

rule44: duration < 94.320
probabilities_array:[0.23772442 0.         0.         0.01062323 0.         0.
 0.00978961 0.         0.         0.23252258 0.50934017]

rule2: 6.457 < imdb_score < 7.204
probabilities_array:[0.1388968  0.18968788 0.         0.         0.         0.
 0.04495909 0.1277376  0.16002825 0.1566949  0.18199548]

rule41: -5281.880 < movie_facebook_likes < 9158.114
probabilities_array:[0.26546007 0.04441398 0.         0.         0.         0.
 0.         0.         0.04727697 0.03618072 0.60666823]

rule25: -2.210 < actor_1_facebook_likes < 7117.653
probabilities_array:[0.20008746 0.16608052 0.01432989 0.         0.         0.
 0.         0.         0.         0.13864563 0.48085648]

rule21: -1251.084 < director_facebook_likes < 766.564
probabilities_array:[1.4904025e-01 9.3310870e-02 0.0000000e+00 0.0000000e+00 2.0923922e-02
 0.0000000e+00 1.4115889e-04 1.8037163e-01 3.1654622e-02 1.7340757e-01
 3.5114998e-01]

rule29: -1217.903 < actor_2_facebook_likes < 1974.608
probabilities_array:[0.17610203 0.13339639 0.00438945 0.         0.         0.07370044
 0.         0.         0.         0.12300517 0.4894065 ]

rule1: 5.711 < imdb_score < 6.457
probabilities_array:[0.08991251 0.00045546 0.02238161 0.06680973 0.07001904 0.10840529
 0.09942698 0.13614342 0.13660885 0.20604116 0.06379603]

rule3: imdb_score > 7.204
probabilities_array:[0.08444451 0.259745   0.00363234 0.05764128 0.06529327 0.
 0.         0.00278225 0.         0.16360259 0.36285877]

rule9: 4158.099 < num_voted_users < 101060.703
probabilities_array:[0.04502921 0.07023057 0.13049333 0.15404469 0.15375559 0.14925711
 0.12649283 0.11722731 0.03783105 0.         0.01563829]

rule45: 94.320 < duration < 109.855
probabilities_array:[0.077895   0.13088764 0.         0.2130594  0.00369771 0.
 0.         0.08410521 0.03926949 0.01281618 0.43826932]


---1---
rule49: -128734285.204 < budget < 45141533.388
probabilities_array:[0.16766079 0.17661604 0.16778618 0.17143703 0.14999168 0.04601805
 0.05368524 0.02970428 0.00556657 0.         0.03153415]

rule3: imdb_score > 7.204
probabilities_array:[0.08444451 0.259745   0.00363234 0.05764128 0.06529327 0.
 0.         0.00278225 0.         0.16360259 0.36285877]

rule2: 6.457 < imdb_score < 7.204
probabilities_array:[0.1388968  0.18968788 0.         0.         0.         0.
 0.04495909 0.1277376  0.16002825 0.1566949  0.18199548]

rule17: 58.257 < num_user_for_reviews < 323.132
probabilities_array:[0.         0.17634523 0.17482582 0.07686158 0.05648673 0.13382366
 0.11121835 0.01024843 0.11860272 0.01681517 0.12477235]

rule36: cast_total_facebook_likes < 368.323
probabilities_array:[0.27469623 0.24287905 0.05023638 0.         0.         0.
 0.         0.         0.         0.         0.43218833]

rule8: num_voted_users < 4158.099
probabilities_array:[0.26136383 0.24729513 0.00685218 0.         0.         0.
 0.         0.         0.         0.         0.48448887]

rule5: 1996.554 < title_year < 2003.173
probabilities_array:[0.         0.11445132 0.1455073  0.15005612 0.         0.13629232
 0.01001398 0.0522423  0.08470116 0.15169495 0.15504062]

rule12: num_critic_for_reviews < 80.630
probabilities_array:[0.27017877 0.14345734 0.18713315 0.01941943 0.         0.
 0.         0.         0.         0.         0.37981132]

rule25: -2.210 < actor_1_facebook_likes < 7117.653
probabilities_array:[0.20008746 0.16608052 0.01432989 0.         0.         0.
 0.         0.         0.         0.13864563 0.48085648]

rule6: 2003.173 < title_year < 2009.793
probabilities_array:[0.18427983 0.1115462  0.1983082  0.07126556 0.         0.
 0.05361245 0.00116019 0.         0.14534442 0.23448321]

rule33: -500.859 < actor_3_facebook_likes < 749.952
probabilities_array:[0.21440955 0.12407118 0.1495706  0.         0.         0.
 0.08922087 0.02191436 0.07697095 0.         0.32384253]

rule45: 94.320 < duration < 109.855
probabilities_array:[0.077895   0.13088764 0.         0.2130594  0.00369771 0.
 0.         0.08410521 0.03926949 0.01281618 0.43826932]

rule16: num_user_for_reviews < 58.257
probabilities_array:[0.27028874 0.16491148 0.         0.         0.         0.
 0.         0.         0.         0.         0.5647998 ]

rule9: 4158.099 < num_voted_users < 101060.703
probabilities_array:[0.04502921 0.07023057 0.13049333 0.15404469 0.15375559 0.14925711
 0.12649283 0.11722731 0.03783105 0.         0.01563829]

rule29: -1217.903 < actor_2_facebook_likes < 1974.608
probabilities_array:[0.17610203 0.13339639 0.00438945 0.         0.         0.07370044
 0.         0.         0.         0.12300517 0.4894065 ]

rule46: 109.855 < duration < 125.390
probabilities_array:[0.         0.07290012 0.07118376 0.         0.03846582 0.17824471
 0.14970493 0.14164682 0.15435578 0.05364491 0.13985318]

rule21: -1251.084 < director_facebook_likes < 766.564
probabilities_array:[1.4904025e-01 9.3310870e-02 0.0000000e+00 0.0000000e+00 2.0923922e-02
 0.0000000e+00 1.4115889e-04 1.8037163e-01 3.1654622e-02 1.7340757e-01
 3.5114998e-01]

rule51: budget > 219017351.980
probabilities_array:[0.23471276 0.09328577 0.00321037 0.00043904 0.         0.
 0.         0.         0.         0.27622885 0.3921232 ]

rule14: 163.641 < num_critic_for_reviews < 246.652
probabilities_array:[0.         0.04454289 0.06378306 0.08890961 0.14235976 0.1562715
 0.08587652 0.12658162 0.11373006 0.1537761  0.02416879]

rule42: 9158.114 < movie_facebook_likes < 23598.108
probabilities_array:[0.         0.05023029 0.19719017 0.03828639 0.10380743 0.14634398
 0.09448062 0.07472681 0.11172745 0.04486563 0.13834117]


---2---
rule22: 766.564 < director_facebook_likes < 2784.211
probabilities_array:[0.         0.         0.24966706 0.09978404 0.03252962 0.02475513
 0.2059044  0.         0.         0.1857987  0.20156103]

rule42: 9158.114 < movie_facebook_likes < 23598.108
probabilities_array:[0.         0.05023029 0.19719017 0.03828639 0.10380743 0.14634398
 0.09448062 0.07472681 0.11172745 0.04486563 0.13834117]

rule49: -128734285.204 < budget < 45141533.388
probabilities_array:[0.16766079 0.17661604 0.16778618 0.17143703 0.14999168 0.04601805
 0.05368524 0.02970428 0.00556657 0.         0.03153415]

rule17: 58.257 < num_user_for_reviews < 323.132
probabilities_array:[0.         0.17634523 0.17482582 0.07686158 0.05648673 0.13382366
 0.11121835 0.01024843 0.11860272 0.01681517 0.12477235]

rule6: 2003.173 < title_year < 2009.793
probabilities_array:[0.18427983 0.1115462  0.1983082  0.07126556 0.         0.
 0.05361245 0.00116019 0.         0.14534442 0.23448321]

rule9: 4158.099 < num_voted_users < 101060.703
probabilities_array:[0.04502921 0.07023057 0.13049333 0.15404469 0.15375559 0.14925711
 0.12649283 0.11722731 0.03783105 0.         0.01563829]

rule5: 1996.554 < title_year < 2003.173
probabilities_array:[0.         0.11445132 0.1455073  0.15005612 0.         0.13629232
 0.01001398 0.0522423  0.08470116 0.15169495 0.15504062]

rule12: num_critic_for_reviews < 80.630
probabilities_array:[0.27017877 0.14345734 0.18713315 0.01941943 0.         0.
 0.         0.         0.         0.         0.37981132]

rule18: 323.132 < num_user_for_reviews < 588.006
probabilities_array:[0.         0.         0.10539193 0.15521361 0.15431914 0.13339922
 0.10648059 0.09237152 0.16999933 0.06343613 0.01938846]

rule33: -500.859 < actor_3_facebook_likes < 749.952
probabilities_array:[0.21440955 0.12407118 0.1495706  0.         0.         0.
 0.08922087 0.02191436 0.07697095 0.         0.32384253]

rule23: director_facebook_likes > 2784.211
probabilities_array:[0.0000000e+00 0.0000000e+00 1.4744584e-01 0.0000000e+00 0.0000000e+00
 6.1895560e-05 0.0000000e+00 0.0000000e+00 1.9627661e-01 2.4168251e-01
 4.1453302e-01]

rule26: 7117.653 < actor_1_facebook_likes < 14237.515
probabilities_array:[0.00952711 0.         0.0907416  0.15722372 0.09659822 0.0479845
 0.09072605 0.0571011  0.11410578 0.09618315 0.23980866]

rule4: title_year < 1996.554
probabilities_array:[0.00398922 0.0399998  0.07105738 0.08937752 0.06423371 0.10454724
 0.09628385 0.11084443 0.18308845 0.19920571 0.03737259]

rule14: 163.641 < num_critic_for_reviews < 246.652
probabilities_array:[0.         0.04454289 0.06378306 0.08890961 0.14235976 0.1562715
 0.08587652 0.12658162 0.11373006 0.1537761  0.02416879]

rule46: 109.855 < duration < 125.390
probabilities_array:[0.         0.07290012 0.07118376 0.         0.03846582 0.17824471
 0.14970493 0.14164682 0.15435578 0.05364491 0.13985318]

rule0: imdb_score < 5.711
probabilities_array:[0.         0.         0.04765353 0.1737439  0.17102142 0.21795875
 0.15412745 0.         0.12625518 0.01206606 0.09717378]


---3---
rule30: 1974.608 < actor_2_facebook_likes < 5167.119
probabilities_array:[0.00174007 0.         0.04566363 0.29462576 0.         0.
 0.01076811 0.08946409 0.08398665 0.18362904 0.29012266]

rule49: -128734285.204 < budget < 45141533.388
probabilities_array:[0.16766079 0.17661604 0.16778618 0.17143703 0.14999168 0.04601805
 0.05368524 0.02970428 0.00556657 0.         0.03153415]

rule0: imdb_score < 5.711
probabilities_array:[0.         0.         0.04765353 0.1737439  0.17102142 0.21795875
 0.15412745 0.         0.12625518 0.01206606 0.09717378]

rule18: 323.132 < num_user_for_reviews < 588.006
probabilities_array:[0.         0.         0.10539193 0.15521361 0.15431914 0.13339922
 0.10648059 0.09237152 0.16999933 0.06343613 0.01938846]

rule9: 4158.099 < num_voted_users < 101060.703
probabilities_array:[0.04502921 0.07023057 0.13049333 0.15404469 0.15375559 0.14925711
 0.12649283 0.11722731 0.03783105 0.         0.01563829]

rule5: 1996.554 < title_year < 2003.173
probabilities_array:[0.         0.11445132 0.1455073  0.15005612 0.         0.13629232
 0.01001398 0.0522423  0.08470116 0.15169495 0.15504062]

rule45: 94.320 < duration < 109.855
probabilities_array:[0.077895   0.13088764 0.         0.2130594  0.00369771 0.
 0.         0.08410521 0.03926949 0.01281618 0.43826932]

rule26: 7117.653 < actor_1_facebook_likes < 14237.515
probabilities_array:[0.00952711 0.         0.0907416  0.15722372 0.09659822 0.0479845
 0.09072605 0.0571011  0.11410578 0.09618315 0.23980866]

rule14: 163.641 < num_critic_for_reviews < 246.652
probabilities_array:[0.         0.04454289 0.06378306 0.08890961 0.14235976 0.1562715
 0.08587652 0.12658162 0.11373006 0.1537761  0.02416879]

rule4: title_year < 1996.554
probabilities_array:[0.00398922 0.0399998  0.07105738 0.08937752 0.06423371 0.10454724
 0.09628385 0.11084443 0.18308845 0.19920571 0.03737259]

rule37: 368.323 < cast_total_facebook_likes < 10814.251
probabilities_array:[0.         0.         0.03936448 0.08896695 0.13366304 0.09601159
 0.15066546 0.10761712 0.15346119 0.12686665 0.10338352]

rule22: 766.564 < director_facebook_likes < 2784.211
probabilities_array:[0.         0.         0.24966706 0.09978404 0.03252962 0.02475513
 0.2059044  0.         0.         0.1857987  0.20156103]

rule17: 58.257 < num_user_for_reviews < 323.132
probabilities_array:[0.         0.17634523 0.17482582 0.07686158 0.05648673 0.13382366
 0.11121835 0.01024843 0.11860272 0.01681517 0.12477235]

rule1: 5.711 < imdb_score < 6.457
probabilities_array:[0.08991251 0.00045546 0.02238161 0.06680973 0.07001904 0.10840529
 0.09942698 0.13614342 0.13660885 0.20604116 0.06379603]

rule6: 2003.173 < title_year < 2009.793
probabilities_array:[0.18427983 0.1115462  0.1983082  0.07126556 0.         0.
 0.05361245 0.00116019 0.         0.14534442 0.23448321]

rule38: 10814.251 < cast_total_facebook_likes < 21260.179
probabilities_array:[0.00140828 0.         0.         0.06663806 0.06170867 0.050318
 0.18257453 0.15745035 0.14920202 0.12030693 0.21039316]


---4---
rule0: imdb_score < 5.711
probabilities_array:[0.         0.         0.04765353 0.1737439  0.17102142 0.21795875
 0.15412745 0.         0.12625518 0.01206606 0.09717378]

rule9: 4158.099 < num_voted_users < 101060.703
probabilities_array:[0.04502921 0.07023057 0.13049333 0.15404469 0.15375559 0.14925711
 0.12649283 0.11722731 0.03783105 0.         0.01563829]

rule18: 323.132 < num_user_for_reviews < 588.006
probabilities_array:[0.         0.         0.10539193 0.15521361 0.15431914 0.13339922
 0.10648059 0.09237152 0.16999933 0.06343613 0.01938846]

rule49: -128734285.204 < budget < 45141533.388
probabilities_array:[0.16766079 0.17661604 0.16778618 0.17143703 0.14999168 0.04601805
 0.05368524 0.02970428 0.00556657 0.         0.03153415]

rule14: 163.641 < num_critic_for_reviews < 246.652
probabilities_array:[0.         0.04454289 0.06378306 0.08890961 0.14235976 0.1562715
 0.08587652 0.12658162 0.11373006 0.1537761  0.02416879]

rule37: 368.323 < cast_total_facebook_likes < 10814.251
probabilities_array:[0.         0.         0.03936448 0.08896695 0.13366304 0.09601159
 0.15066546 0.10761712 0.15346119 0.12686665 0.10338352]

rule31: actor_2_facebook_likes > 5167.119
probabilities_array:[0.0080437  0.         0.         0.00776973 0.16226052 0.
 0.05966631 0.0348902  0.19572198 0.16862775 0.36301976]

rule42: 9158.114 < movie_facebook_likes < 23598.108
probabilities_array:[0.         0.05023029 0.19719017 0.03828639 0.10380743 0.14634398
 0.09448062 0.07472681 0.11172745 0.04486563 0.13834117]

rule15: num_critic_for_reviews > 246.652
probabilities_array:[0.         0.         0.         0.01388595 0.13420913 0.01109523
 0.16718063 0.03183231 0.09505188 0.20211017 0.34463468]

rule13: 80.630 < num_critic_for_reviews < 163.641
probabilities_array:[0.         0.00646141 0.04195667 0.         0.09552841 0.15252128
 0.05011832 0.20813523 0.19980294 0.03285469 0.21262108]

rule26: 7117.653 < actor_1_facebook_likes < 14237.515
probabilities_array:[0.00952711 0.         0.0907416  0.15722372 0.09659822 0.0479845
 0.09072605 0.0571011  0.11410578 0.09618315 0.23980866]

rule39: cast_total_facebook_likes > 21260.179
probabilities_array:[0.00893746 0.00102312 0.         0.         0.17333487 0.
 0.         0.01349476 0.         0.19525525 0.60795456]

rule1: 5.711 < imdb_score < 6.457
probabilities_array:[0.08991251 0.00045546 0.02238161 0.06680973 0.07001904 0.10840529
 0.09942698 0.13614342 0.13660885 0.20604116 0.06379603]

rule35: actor_3_facebook_likes > 2000.762
probabilities_array:[0.         0.         0.         0.         0.15166903 0.
 0.         0.         0.         0.25975704 0.5885739 ]

rule4: title_year < 1996.554
probabilities_array:[0.00398922 0.0399998  0.07105738 0.08937752 0.06423371 0.10454724
 0.09628385 0.11084443 0.18308845 0.19920571 0.03737259]

rule10: 101060.703 < num_voted_users < 197963.307
probabilities_array:[0.         0.         0.032051   0.00911404 0.07115461 0.06912877
 0.23750521 0.22679852 0.16700399 0.         0.18724383]

rule17: 58.257 < num_user_for_reviews < 323.132
probabilities_array:[0.         0.17634523 0.17482582 0.07686158 0.05648673 0.13382366
 0.11121835 0.01024843 0.11860272 0.01681517 0.12477235]

rule34: 749.952 < actor_3_facebook_likes < 2000.762
probabilities_array:[0.         0.         0.         0.01960996 0.07252342 0.04358635
 0.10563494 0.12720051 0.1306744  0.18123408 0.31953633]

rule38: 10814.251 < cast_total_facebook_likes < 21260.179
probabilities_array:[0.00140828 0.         0.         0.06663806 0.06170867 0.050318
 0.18257453 0.15745035 0.14920202 0.12030693 0.21039316]

rule47: duration > 125.390
probabilities_array:[0.0000000e+00 3.3131342e-03 1.2931317e-02 5.3414151e-05 5.6922618e-02
 2.0384206e-01 1.8652277e-01 1.1080322e-01 1.2004687e-01 1.1388963e-01
 1.9167504e-01]

rule3: imdb_score > 7.204
probabilities_array:[0.08444451 0.259745   0.00363234 0.05764128 0.06529327 0.
 0.         0.00278225 0.         0.16360259 0.36285877]


---5---
rule0: imdb_score < 5.711
probabilities_array:[0.         0.         0.04765353 0.1737439  0.17102142 0.21795875
 0.15412745 0.         0.12625518 0.01206606 0.09717378]

rule47: duration > 125.390
probabilities_array:[0.0000000e+00 3.3131342e-03 1.2931317e-02 5.3414151e-05 5.6922618e-02
 2.0384206e-01 1.8652277e-01 1.1080322e-01 1.2004687e-01 1.1388963e-01
 1.9167504e-01]

rule46: 109.855 < duration < 125.390
probabilities_array:[0.         0.07290012 0.07118376 0.         0.03846582 0.17824471
 0.14970493 0.14164682 0.15435578 0.05364491 0.13985318]

rule14: 163.641 < num_critic_for_reviews < 246.652
probabilities_array:[0.         0.04454289 0.06378306 0.08890961 0.14235976 0.1562715
 0.08587652 0.12658162 0.11373006 0.1537761  0.02416879]

rule9: 4158.099 < num_voted_users < 101060.703
probabilities_array:[0.04502921 0.07023057 0.13049333 0.15404469 0.15375559 0.14925711
 0.12649283 0.11722731 0.03783105 0.         0.01563829]

rule18: 323.132 < num_user_for_reviews < 588.006
probabilities_array:[0.         0.         0.10539193 0.15521361 0.15431914 0.13339922
 0.10648059 0.09237152 0.16999933 0.06343613 0.01938846]

rule42: 9158.114 < movie_facebook_likes < 23598.108
probabilities_array:[0.         0.05023029 0.19719017 0.03828639 0.10380743 0.14634398
 0.09448062 0.07472681 0.11172745 0.04486563 0.13834117]

rule13: 80.630 < num_critic_for_reviews < 163.641
probabilities_array:[0.         0.00646141 0.04195667 0.         0.09552841 0.15252128
 0.05011832 0.20813523 0.19980294 0.03285469 0.21262108]

rule17: 58.257 < num_user_for_reviews < 323.132
probabilities_array:[0.         0.17634523 0.17482582 0.07686158 0.05648673 0.13382366
 0.11121835 0.01024843 0.11860272 0.01681517 0.12477235]

rule5: 1996.554 < title_year < 2003.173
probabilities_array:[0.         0.11445132 0.1455073  0.15005612 0.         0.13629232
 0.01001398 0.0522423  0.08470116 0.15169495 0.15504062]

rule1: 5.711 < imdb_score < 6.457
probabilities_array:[0.08991251 0.00045546 0.02238161 0.06680973 0.07001904 0.10840529
 0.09942698 0.13614342 0.13660885 0.20604116 0.06379603]

rule4: title_year < 1996.554
probabilities_array:[0.00398922 0.0399998  0.07105738 0.08937752 0.06423371 0.10454724
 0.09628385 0.11084443 0.18308845 0.19920571 0.03737259]

rule37: 368.323 < cast_total_facebook_likes < 10814.251
probabilities_array:[0.         0.         0.03936448 0.08896695 0.13366304 0.09601159
 0.15066546 0.10761712 0.15346119 0.12686665 0.10338352]

rule27: actor_1_facebook_likes > 14237.515
probabilities_array:[0.         0.02687393 0.         0.         0.         0.12740576
 0.08708934 0.18619771 0.11627503 0.13085726 0.32530096]

rule10: 101060.703 < num_voted_users < 197963.307
probabilities_array:[0.         0.         0.032051   0.00911404 0.07115461 0.06912877
 0.23750521 0.22679852 0.16700399 0.         0.18724383]

rule49: -128734285.204 < budget < 45141533.388
probabilities_array:[0.16766079 0.17661604 0.16778618 0.17143703 0.14999168 0.04601805
 0.05368524 0.02970428 0.00556657 0.         0.03153415]


---6---
rule10: 101060.703 < num_voted_users < 197963.307
probabilities_array:[0.         0.         0.032051   0.00911404 0.07115461 0.06912877
 0.23750521 0.22679852 0.16700399 0.         0.18724383]

rule22: 766.564 < director_facebook_likes < 2784.211
probabilities_array:[0.         0.         0.24966706 0.09978404 0.03252962 0.02475513
 0.2059044  0.         0.         0.1857987  0.20156103]

rule47: duration > 125.390
probabilities_array:[0.0000000e+00 3.3131342e-03 1.2931317e-02 5.3414151e-05 5.6922618e-02
 2.0384206e-01 1.8652277e-01 1.1080322e-01 1.2004687e-01 1.1388963e-01
 1.9167504e-01]

rule38: 10814.251 < cast_total_facebook_likes < 21260.179
probabilities_array:[0.00140828 0.         0.         0.06663806 0.06170867 0.050318
 0.18257453 0.15745035 0.14920202 0.12030693 0.21039316]

rule0: imdb_score < 5.711
probabilities_array:[0.         0.         0.04765353 0.1737439  0.17102142 0.21795875
 0.15412745 0.         0.12625518 0.01206606 0.09717378]

rule37: 368.323 < cast_total_facebook_likes < 10814.251
probabilities_array:[0.         0.         0.03936448 0.08896695 0.13366304 0.09601159
 0.15066546 0.10761712 0.15346119 0.12686665 0.10338352]

rule46: 109.855 < duration < 125.390
probabilities_array:[0.         0.07290012 0.07118376 0.         0.03846582 0.17824471
 0.14970493 0.14164682 0.15435578 0.05364491 0.13985318]

rule9: 4158.099 < num_voted_users < 101060.703
probabilities_array:[0.04502921 0.07023057 0.13049333 0.15404469 0.15375559 0.14925711
 0.12649283 0.11722731 0.03783105 0.         0.01563829]

rule15: num_critic_for_reviews > 246.652
probabilities_array:[0.         0.         0.         0.01388595 0.13420913 0.01109523
 0.16718063 0.03183231 0.09505188 0.20211017 0.34463468]

rule18: 323.132 < num_user_for_reviews < 588.006
probabilities_array:[0.         0.         0.10539193 0.15521361 0.15431914 0.13339922
 0.10648059 0.09237152 0.16999933 0.06343613 0.01938846]

rule17: 58.257 < num_user_for_reviews < 323.132
probabilities_array:[0.         0.17634523 0.17482582 0.07686158 0.05648673 0.13382366
 0.11121835 0.01024843 0.11860272 0.01681517 0.12477235]

rule1: 5.711 < imdb_score < 6.457
probabilities_array:[0.08991251 0.00045546 0.02238161 0.06680973 0.07001904 0.10840529
 0.09942698 0.13614342 0.13660885 0.20604116 0.06379603]

rule4: title_year < 1996.554
probabilities_array:[0.00398922 0.0399998  0.07105738 0.08937752 0.06423371 0.10454724
 0.09628385 0.11084443 0.18308845 0.19920571 0.03737259]

rule14: 163.641 < num_critic_for_reviews < 246.652
probabilities_array:[0.         0.04454289 0.06378306 0.08890961 0.14235976 0.1562715
 0.08587652 0.12658162 0.11373006 0.1537761  0.02416879]

rule42: 9158.114 < movie_facebook_likes < 23598.108
probabilities_array:[0.         0.05023029 0.19719017 0.03828639 0.10380743 0.14634398
 0.09448062 0.07472681 0.11172745 0.04486563 0.13834117]

rule34: 749.952 < actor_3_facebook_likes < 2000.762
probabilities_array:[0.         0.         0.         0.01960996 0.07252342 0.04358635
 0.10563494 0.12720051 0.1306744  0.18123408 0.31953633]

rule26: 7117.653 < actor_1_facebook_likes < 14237.515
probabilities_array:[0.00952711 0.         0.0907416  0.15722372 0.09659822 0.0479845
 0.09072605 0.0571011  0.11410578 0.09618315 0.23980866]

rule33: -500.859 < actor_3_facebook_likes < 749.952
probabilities_array:[0.21440955 0.12407118 0.1495706  0.         0.         0.
 0.08922087 0.02191436 0.07697095 0.         0.32384253]

rule19: num_user_for_reviews > 588.006
probabilities_array:[0.00000000e+00 0.00000000e+00 0.00000000e+00 5.07064722e-03
 4.95057926e-03 3.90269968e-04 1.21109724e-01 1.41495228e-01
 2.24225596e-03 2.16705233e-01 5.08036017e-01]

rule27: actor_1_facebook_likes > 14237.515
probabilities_array:[0.         0.02687393 0.         0.         0.         0.12740576
 0.08708934 0.18619771 0.11627503 0.13085726 0.32530096]

rule49: -128734285.204 < budget < 45141533.388
probabilities_array:[0.16766079 0.17661604 0.16778618 0.17143703 0.14999168 0.04601805
 0.05368524 0.02970428 0.00556657 0.         0.03153415]

rule6: 2003.173 < title_year < 2009.793
probabilities_array:[0.18427983 0.1115462  0.1983082  0.07126556 0.         0.
 0.05361245 0.00116019 0.         0.14534442 0.23448321]


---7---
rule10: 101060.703 < num_voted_users < 197963.307
probabilities_array:[0.         0.         0.032051   0.00911404 0.07115461 0.06912877
 0.23750521 0.22679852 0.16700399 0.         0.18724383]

rule13: 80.630 < num_critic_for_reviews < 163.641
probabilities_array:[0.         0.00646141 0.04195667 0.         0.09552841 0.15252128
 0.05011832 0.20813523 0.19980294 0.03285469 0.21262108]

rule1: 5.711 < imdb_score < 6.457
probabilities_array:[0.08991251 0.00045546 0.02238161 0.06680973 0.07001904 0.10840529
 0.09942698 0.13614342 0.13660885 0.20604116 0.06379603]

rule50: 45141533.388 < budget < 219017351.980
probabilities_array:[0.         0.         0.         0.         0.         0.
 0.05142814 0.18111971 0.20649284 0.2555859  0.30537337]

rule27: actor_1_facebook_likes > 14237.515
probabilities_array:[0.         0.02687393 0.         0.         0.         0.12740576
 0.08708934 0.18619771 0.11627503 0.13085726 0.32530096]

rule43: movie_facebook_likes > 23598.108
probabilities_array:[0.         0.         0.         0.03109402 0.         0.06154995
 0.06316255 0.202922   0.07742634 0.18045974 0.38338545]

rule38: 10814.251 < cast_total_facebook_likes < 21260.179
probabilities_array:[0.00140828 0.         0.         0.06663806 0.06170867 0.050318
 0.18257453 0.15745035 0.14920202 0.12030693 0.21039316]

rule14: 163.641 < num_critic_for_reviews < 246.652
probabilities_array:[0.         0.04454289 0.06378306 0.08890961 0.14235976 0.1562715
 0.08587652 0.12658162 0.11373006 0.1537761  0.02416879]

rule46: 109.855 < duration < 125.390
probabilities_array:[0.         0.07290012 0.07118376 0.         0.03846582 0.17824471
 0.14970493 0.14164682 0.15435578 0.05364491 0.13985318]

rule21: -1251.084 < director_facebook_likes < 766.564
probabilities_array:[1.4904025e-01 9.3310870e-02 0.0000000e+00 0.0000000e+00 2.0923922e-02
 0.0000000e+00 1.4115889e-04 1.8037163e-01 3.1654622e-02 1.7340757e-01
 3.5114998e-01]

rule9: 4158.099 < num_voted_users < 101060.703
probabilities_array:[0.04502921 0.07023057 0.13049333 0.15404469 0.15375559 0.14925711
 0.12649283 0.11722731 0.03783105 0.         0.01563829]

rule4: title_year < 1996.554
probabilities_array:[0.00398922 0.0399998  0.07105738 0.08937752 0.06423371 0.10454724
 0.09628385 0.11084443 0.18308845 0.19920571 0.03737259]

rule2: 6.457 < imdb_score < 7.204
probabilities_array:[0.1388968  0.18968788 0.         0.         0.         0.
 0.04495909 0.1277376  0.16002825 0.1566949  0.18199548]

rule37: 368.323 < cast_total_facebook_likes < 10814.251
probabilities_array:[0.         0.         0.03936448 0.08896695 0.13366304 0.09601159
 0.15066546 0.10761712 0.15346119 0.12686665 0.10338352]

rule18: 323.132 < num_user_for_reviews < 588.006
probabilities_array:[0.         0.         0.10539193 0.15521361 0.15431914 0.13339922
 0.10648059 0.09237152 0.16999933 0.06343613 0.01938846]

rule47: duration > 125.390
probabilities_array:[0.0000000e+00 3.3131342e-03 1.2931317e-02 5.3414151e-05 5.6922618e-02
 2.0384206e-01 1.8652277e-01 1.1080322e-01 1.2004687e-01 1.1388963e-01
 1.9167504e-01]

rule34: 749.952 < actor_3_facebook_likes < 2000.762
probabilities_array:[0.         0.         0.         0.01960996 0.07252342 0.04358635
 0.10563494 0.12720051 0.1306744  0.18123408 0.31953633]

rule19: num_user_for_reviews > 588.006
probabilities_array:[0.00000000e+00 0.00000000e+00 0.00000000e+00 5.07064722e-03
 4.95057926e-03 3.90269968e-04 1.21109724e-01 1.41495228e-01
 2.24225596e-03 2.16705233e-01 5.08036017e-01]

rule42: 9158.114 < movie_facebook_likes < 23598.108
probabilities_array:[0.         0.05023029 0.19719017 0.03828639 0.10380743 0.14634398
 0.09448062 0.07472681 0.11172745 0.04486563 0.13834117]

rule30: 1974.608 < actor_2_facebook_likes < 5167.119
probabilities_array:[0.00174007 0.         0.04566363 0.29462576 0.         0.
 0.01076811 0.08946409 0.08398665 0.18362904 0.29012266]

rule45: 94.320 < duration < 109.855
probabilities_array:[0.077895   0.13088764 0.         0.2130594  0.00369771 0.
 0.         0.08410521 0.03926949 0.01281618 0.43826932]

rule5: 1996.554 < title_year < 2003.173
probabilities_array:[0.         0.11445132 0.1455073  0.15005612 0.         0.13629232
 0.01001398 0.0522423  0.08470116 0.15169495 0.15504062]

rule26: 7117.653 < actor_1_facebook_likes < 14237.515
probabilities_array:[0.00952711 0.         0.0907416  0.15722372 0.09659822 0.0479845
 0.09072605 0.0571011  0.11410578 0.09618315 0.23980866]


---8---
rule4: title_year < 1996.554
probabilities_array:[0.00398922 0.0399998  0.07105738 0.08937752 0.06423371 0.10454724
 0.09628385 0.11084443 0.18308845 0.19920571 0.03737259]

rule18: 323.132 < num_user_for_reviews < 588.006
probabilities_array:[0.         0.         0.10539193 0.15521361 0.15431914 0.13339922
 0.10648059 0.09237152 0.16999933 0.06343613 0.01938846]

rule13: 80.630 < num_critic_for_reviews < 163.641
probabilities_array:[0.         0.00646141 0.04195667 0.         0.09552841 0.15252128
 0.05011832 0.20813523 0.19980294 0.03285469 0.21262108]

rule50: 45141533.388 < budget < 219017351.980
probabilities_array:[0.         0.         0.         0.         0.         0.
 0.05142814 0.18111971 0.20649284 0.2555859  0.30537337]

rule37: 368.323 < cast_total_facebook_likes < 10814.251
probabilities_array:[0.         0.         0.03936448 0.08896695 0.13366304 0.09601159
 0.15066546 0.10761712 0.15346119 0.12686665 0.10338352]

rule10: 101060.703 < num_voted_users < 197963.307
probabilities_array:[0.         0.         0.032051   0.00911404 0.07115461 0.06912877
 0.23750521 0.22679852 0.16700399 0.         0.18724383]

rule46: 109.855 < duration < 125.390
probabilities_array:[0.         0.07290012 0.07118376 0.         0.03846582 0.17824471
 0.14970493 0.14164682 0.15435578 0.05364491 0.13985318]

rule2: 6.457 < imdb_score < 7.204
probabilities_array:[0.1388968  0.18968788 0.         0.         0.         0.
 0.04495909 0.1277376  0.16002825 0.1566949  0.18199548]

rule1: 5.711 < imdb_score < 6.457
probabilities_array:[0.08991251 0.00045546 0.02238161 0.06680973 0.07001904 0.10840529
 0.09942698 0.13614342 0.13660885 0.20604116 0.06379603]

rule31: actor_2_facebook_likes > 5167.119
probabilities_array:[0.0080437  0.         0.         0.00776973 0.16226052 0.
 0.05966631 0.0348902  0.19572198 0.16862775 0.36301976]

rule38: 10814.251 < cast_total_facebook_likes < 21260.179
probabilities_array:[0.00140828 0.         0.         0.06663806 0.06170867 0.050318
 0.18257453 0.15745035 0.14920202 0.12030693 0.21039316]

rule23: director_facebook_likes > 2784.211
probabilities_array:[0.0000000e+00 0.0000000e+00 1.4744584e-01 0.0000000e+00 0.0000000e+00
 6.1895560e-05 0.0000000e+00 0.0000000e+00 1.9627661e-01 2.4168251e-01
 4.1453302e-01]

rule0: imdb_score < 5.711
probabilities_array:[0.         0.         0.04765353 0.1737439  0.17102142 0.21795875
 0.15412745 0.         0.12625518 0.01206606 0.09717378]

rule14: 163.641 < num_critic_for_reviews < 246.652
probabilities_array:[0.         0.04454289 0.06378306 0.08890961 0.14235976 0.1562715
 0.08587652 0.12658162 0.11373006 0.1537761  0.02416879]

rule17: 58.257 < num_user_for_reviews < 323.132
probabilities_array:[0.         0.17634523 0.17482582 0.07686158 0.05648673 0.13382366
 0.11121835 0.01024843 0.11860272 0.01681517 0.12477235]

rule47: duration > 125.390
probabilities_array:[0.0000000e+00 3.3131342e-03 1.2931317e-02 5.3414151e-05 5.6922618e-02
 2.0384206e-01 1.8652277e-01 1.1080322e-01 1.2004687e-01 1.1388963e-01
 1.9167504e-01]

rule42: 9158.114 < movie_facebook_likes < 23598.108
probabilities_array:[0.         0.05023029 0.19719017 0.03828639 0.10380743 0.14634398
 0.09448062 0.07472681 0.11172745 0.04486563 0.13834117]

rule11: num_voted_users > 197963.307
probabilities_array:[0.         0.         0.         0.         0.         0.
 0.         0.         0.19872102 0.2755117  0.52576727]

rule34: 749.952 < actor_3_facebook_likes < 2000.762
probabilities_array:[0.         0.         0.         0.01960996 0.07252342 0.04358635
 0.10563494 0.12720051 0.1306744  0.18123408 0.31953633]

rule26: 7117.653 < actor_1_facebook_likes < 14237.515
probabilities_array:[0.00952711 0.         0.0907416  0.15722372 0.09659822 0.0479845
 0.09072605 0.0571011  0.11410578 0.09618315 0.23980866]

rule27: actor_1_facebook_likes > 14237.515
probabilities_array:[0.         0.02687393 0.         0.         0.         0.12740576
 0.08708934 0.18619771 0.11627503 0.13085726 0.32530096]

rule5: 1996.554 < title_year < 2003.173
probabilities_array:[0.         0.11445132 0.1455073  0.15005612 0.         0.13629232
 0.01001398 0.0522423  0.08470116 0.15169495 0.15504062]

rule15: num_critic_for_reviews > 246.652
probabilities_array:[0.         0.         0.         0.01388595 0.13420913 0.01109523
 0.16718063 0.03183231 0.09505188 0.20211017 0.34463468]

rule7: title_year > 2009.793
probabilities_array:[0.2741941  0.         0.         0.         0.         0.03534185
 0.00451491 0.0309737  0.09616598 0.20079152 0.3580179 ]

rule30: 1974.608 < actor_2_facebook_likes < 5167.119
probabilities_array:[0.00174007 0.         0.04566363 0.29462576 0.         0.
 0.01076811 0.08946409 0.08398665 0.18362904 0.29012266]

rule33: -500.859 < actor_3_facebook_likes < 749.952
probabilities_array:[0.21440955 0.12407118 0.1495706  0.         0.         0.
 0.08922087 0.02191436 0.07697095 0.         0.32384253]

rule43: movie_facebook_likes > 23598.108
probabilities_array:[0.         0.         0.         0.03109402 0.         0.06154995
 0.06316255 0.202922   0.07742634 0.18045974 0.38338545]


---9---
rule1: 5.711 < imdb_score < 6.457
probabilities_array:[0.08991251 0.00045546 0.02238161 0.06680973 0.07001904 0.10840529
 0.09942698 0.13614342 0.13660885 0.20604116 0.06379603]

rule4: title_year < 1996.554
probabilities_array:[0.00398922 0.0399998  0.07105738 0.08937752 0.06423371 0.10454724
 0.09628385 0.11084443 0.18308845 0.19920571 0.03737259]

rule50: 45141533.388 < budget < 219017351.980
probabilities_array:[0.         0.         0.         0.         0.         0.
 0.05142814 0.18111971 0.20649284 0.2555859  0.30537337]

rule51: budget > 219017351.980
probabilities_array:[0.23471276 0.09328577 0.00321037 0.00043904 0.         0.
 0.         0.         0.         0.27622885 0.3921232 ]

rule14: 163.641 < num_critic_for_reviews < 246.652
probabilities_array:[0.         0.04454289 0.06378306 0.08890961 0.14235976 0.1562715
 0.08587652 0.12658162 0.11373006 0.1537761  0.02416879]

rule22: 766.564 < director_facebook_likes < 2784.211
probabilities_array:[0.         0.         0.24966706 0.09978404 0.03252962 0.02475513
 0.2059044  0.         0.         0.1857987  0.20156103]

rule23: director_facebook_likes > 2784.211
probabilities_array:[0.0000000e+00 0.0000000e+00 1.4744584e-01 0.0000000e+00 0.0000000e+00
 6.1895560e-05 0.0000000e+00 0.0000000e+00 1.9627661e-01 2.4168251e-01
 4.1453302e-01]

rule15: num_critic_for_reviews > 246.652
probabilities_array:[0.         0.         0.         0.01388595 0.13420913 0.01109523
 0.16718063 0.03183231 0.09505188 0.20211017 0.34463468]

rule11: num_voted_users > 197963.307
probabilities_array:[0.         0.         0.         0.         0.         0.
 0.         0.         0.19872102 0.2755117  0.52576727]

rule30: 1974.608 < actor_2_facebook_likes < 5167.119
probabilities_array:[0.00174007 0.         0.04566363 0.29462576 0.         0.
 0.01076811 0.08946409 0.08398665 0.18362904 0.29012266]

rule7: title_year > 2009.793
probabilities_array:[0.2741941  0.         0.         0.         0.         0.03534185
 0.00451491 0.0309737  0.09616598 0.20079152 0.3580179 ]

rule2: 6.457 < imdb_score < 7.204
probabilities_array:[0.1388968  0.18968788 0.         0.         0.         0.
 0.04495909 0.1277376  0.16002825 0.1566949  0.18199548]

rule5: 1996.554 < title_year < 2003.173
probabilities_array:[0.         0.11445132 0.1455073  0.15005612 0.         0.13629232
 0.01001398 0.0522423  0.08470116 0.15169495 0.15504062]

rule34: 749.952 < actor_3_facebook_likes < 2000.762
probabilities_array:[0.         0.         0.         0.01960996 0.07252342 0.04358635
 0.10563494 0.12720051 0.1306744  0.18123408 0.31953633]

rule44: duration < 94.320
probabilities_array:[0.23772442 0.         0.         0.01062323 0.         0.
 0.00978961 0.         0.         0.23252258 0.50934017]

rule37: 368.323 < cast_total_facebook_likes < 10814.251
probabilities_array:[0.         0.         0.03936448 0.08896695 0.13366304 0.09601159
 0.15066546 0.10761712 0.15346119 0.12686665 0.10338352]

rule21: -1251.084 < director_facebook_likes < 766.564
probabilities_array:[1.4904025e-01 9.3310870e-02 0.0000000e+00 0.0000000e+00 2.0923922e-02
 0.0000000e+00 1.4115889e-04 1.8037163e-01 3.1654622e-02 1.7340757e-01
 3.5114998e-01]

rule43: movie_facebook_likes > 23598.108
probabilities_array:[0.         0.         0.         0.03109402 0.         0.06154995
 0.06316255 0.202922   0.07742634 0.18045974 0.38338545]

rule6: 2003.173 < title_year < 2009.793
probabilities_array:[0.18427983 0.1115462  0.1983082  0.07126556 0.         0.
 0.05361245 0.00116019 0.         0.14534442 0.23448321]

rule31: actor_2_facebook_likes > 5167.119
probabilities_array:[0.0080437  0.         0.         0.00776973 0.16226052 0.
 0.05966631 0.0348902  0.19572198 0.16862775 0.36301976]

rule35: actor_3_facebook_likes > 2000.762
probabilities_array:[0.         0.         0.         0.         0.15166903 0.
 0.         0.         0.         0.25975704 0.5885739 ]

rule19: num_user_for_reviews > 588.006
probabilities_array:[0.00000000e+00 0.00000000e+00 0.00000000e+00 5.07064722e-03
 4.95057926e-03 3.90269968e-04 1.21109724e-01 1.41495228e-01
 2.24225596e-03 2.16705233e-01 5.08036017e-01]

rule3: imdb_score > 7.204
probabilities_array:[0.08444451 0.259745   0.00363234 0.05764128 0.06529327 0.
 0.         0.00278225 0.         0.16360259 0.36285877]

rule38: 10814.251 < cast_total_facebook_likes < 21260.179
probabilities_array:[0.00140828 0.         0.         0.06663806 0.06170867 0.050318
 0.18257453 0.15745035 0.14920202 0.12030693 0.21039316]

rule47: duration > 125.390
probabilities_array:[0.0000000e+00 3.3131342e-03 1.2931317e-02 5.3414151e-05 5.6922618e-02
 2.0384206e-01 1.8652277e-01 1.1080322e-01 1.2004687e-01 1.1388963e-01
 1.9167504e-01]

rule27: actor_1_facebook_likes > 14237.515
probabilities_array:[0.         0.02687393 0.         0.         0.         0.12740576
 0.08708934 0.18619771 0.11627503 0.13085726 0.32530096]

rule39: cast_total_facebook_likes > 21260.179
probabilities_array:[0.00893746 0.00102312 0.         0.         0.17333487 0.
 0.         0.01349476 0.         0.19525525 0.60795456]

rule26: 7117.653 < actor_1_facebook_likes < 14237.515
probabilities_array:[0.00952711 0.         0.0907416  0.15722372 0.09659822 0.0479845
 0.09072605 0.0571011  0.11410578 0.09618315 0.23980866]

rule25: -2.210 < actor_1_facebook_likes < 7117.653
probabilities_array:[0.20008746 0.16608052 0.01432989 0.         0.         0.
 0.         0.         0.         0.13864563 0.48085648]

rule29: -1217.903 < actor_2_facebook_likes < 1974.608
probabilities_array:[0.17610203 0.13339639 0.00438945 0.         0.         0.07370044
 0.         0.         0.         0.12300517 0.4894065 ]

rule18: 323.132 < num_user_for_reviews < 588.006
probabilities_array:[0.         0.         0.10539193 0.15521361 0.15431914 0.13339922
 0.10648059 0.09237152 0.16999933 0.06343613 0.01938846]

rule46: 109.855 < duration < 125.390
probabilities_array:[0.         0.07290012 0.07118376 0.         0.03846582 0.17824471
 0.14970493 0.14164682 0.15435578 0.05364491 0.13985318]

