R2: 0.3891371849737494

MAE: 31636103.778298203

MSE: 2918921156747556.0

Accuracy: 0.28805620608899296

F1: 0.26593029058102996

Confusion Matrix: [[89, 24, 7, 13, 5, 3, 2, 2, 0], [35, 46, 22, 18, 7, 3, 4, 2, 1], [21, 29, 15, 40, 16, 16, 6, 4, 2], [16, 22, 17, 39, 13, 13, 7, 8, 1], [14, 20, 11, 26, 20, 24, 4, 14, 7], [15, 18, 7, 26, 8, 13, 9, 25, 12], [9, 14, 11, 22, 10, 20, 14, 25, 18], [3, 7, 3, 12, 11, 20, 8, 37, 36], [3, 1, 0, 3, 6, 3, 10, 38, 96]]

Uncertainties: {'class0': [0.015935078263282776, 0.028108343482017517, 0.07718673348426819, 0.10146624594926834, 0.20011161267757416], 'class1': [0.015935078263282776, 0.028108343482017517, 0.06335356831550598, 0.07718673348426819, 0.10146624594926834], 'class2': [0.0, 0.015935078263282776, 0.028108343482017517, 0.030497033149003983, 0.06335356831550598], 'class3': [0.0, 0.015935078263282776, 0.028108343482017517, 0.030497033149003983, 0.06335356831550598], 'class4': [0.0, 0.015935078263282776, 0.028108343482017517, 0.030497033149003983, 0.06335356831550598], 'class5': [0.0, 0.015935078263282776, 0.028108343482017517, 0.030497033149003983, 0.06335356831550598], 'class6': [0.0, 0.015935078263282776, 0.028108343482017517, 0.030497033149003983, 0.06335356831550598], 'class7': [0.0, 0.015935078263282776, 0.030497033149003983, 0.06335356831550598, 0.07718673348426819], 'class8': [0.0, 0.030497033149003983, 0.06335356831550598, 0.07718673348426819, 0.10146624594926834]}

Most important rules
-----------------------------

---0---
rule51: budget > 230588990.260
probabilities_array:[2.7745068e-01 2.7396685e-01 0.0000000e+00 2.1739508e-05 0.0000000e+00
 0.0000000e+00 0.0000000e+00 0.0000000e+00 2.3141825e-01 2.1714239e-01]

rule7: title_year > 2009.675
probabilities_array:[0.2919901  0.00217458 0.         0.         0.         0.0541072
 0.1104078  0.08210336 0.19618246 0.26303452]

rule2: 6.461 < imdb_score < 7.199
probabilities_array:[0.19125287 0.13420966 0.09368775 0.         0.01980884 0.04931124
 0.12901403 0.14201409 0.16351476 0.07718673]

rule22: 762.751 < director_facebook_likes < 2752.317
probabilities_array:[0.19263366 0.07109188 0.22748998 0.         0.10541273 0.11545218
 0.07717345 0.04437736 0.06490254 0.10146625]

rule49: -133529546.435 < budget < 48529721.913
probabilities_array:[0.16781554 0.20082557 0.18646026 0.17384031 0.08471142 0.05987825
 0.06322441 0.04730919 0.         0.01593508]

rule12: num_critic_for_reviews < 80.835
probabilities_array:[0.28994855 0.18559974 0.05888937 0.         0.         0.
 0.         0.         0.         0.46556228]

rule6: 2003.119 < title_year < 2009.675
probabilities_array:[0.252457   0.         0.12883277 0.00824203 0.03949566 0.
 0.00189431 0.01254626 0.17019244 0.38633963]

rule44: duration < 94.497
probabilities_array:[0.24363545 0.         0.00795638 0.16410056 0.         0.
 0.         0.         0.214978   0.36932966]

rule16: num_user_for_reviews < 55.315
probabilities_array:[2.7851591e-01 1.9012713e-01 5.2594634e-05 0.0000000e+00 0.0000000e+00
 0.0000000e+00 0.0000000e+00 0.0000000e+00 0.0000000e+00 5.3130436e-01]

rule41: -4854.905 < movie_facebook_likes < 8729.147
probabilities_array:[0.2747884  0.03378267 0.         0.05420806 0.         0.
 0.         0.01782395 0.08521012 0.5341868 ]

rule8: num_voted_users < 3331.513
probabilities_array:[0.28948504 0.11874413 0.         0.         0.         0.
 0.         0.         0.         0.5917708 ]

rule1: 5.723 < imdb_score < 6.461
probabilities_array:[0.11939895 0.         0.         0.         0.03717938 0.08091612
 0.20721197 0.21895278 0.13622922 0.20011161]

rule33: -511.034 < actor_3_facebook_likes < 755.685
probabilities_array:[0.10867724 0.10819428 0.         0.00080313 0.         0.10149742
 0.14614657 0.0254341  0.05442274 0.45482445]

rule9: 3331.513 < num_voted_users < 101420.164
probabilities_array:[0.05570659 0.15516753 0.15281941 0.16534105 0.17695995 0.15057914
 0.09536857 0.01994933 0.         0.02810834]

rule25: -4008.210 < actor_1_facebook_likes < 7714.786
probabilities_array:[1.2560898e-01 2.3004513e-03 0.0000000e+00 0.0000000e+00 2.4963327e-02
 5.8763329e-04 2.1600653e-03 3.9705053e-02 1.2892646e-01 6.7574805e-01]

rule5: 1996.563 < title_year < 2003.119
probabilities_array:[0.06831338 0.         0.1391592  0.03681043 0.03921965 0.08397053
 0.02611529 0.00099486 0.1968358  0.40858087]


---1---
rule51: budget > 230588990.260
probabilities_array:[2.7745068e-01 2.7396685e-01 0.0000000e+00 2.1739508e-05 0.0000000e+00
 0.0000000e+00 0.0000000e+00 0.0000000e+00 2.3141825e-01 2.1714239e-01]

rule49: -133529546.435 < budget < 48529721.913
probabilities_array:[0.16781554 0.20082557 0.18646026 0.17384031 0.08471142 0.05987825
 0.06322441 0.04730919 0.         0.01593508]

rule9: 3331.513 < num_voted_users < 101420.164
probabilities_array:[0.05570659 0.15516753 0.15281941 0.16534105 0.17695995 0.15057914
 0.09536857 0.01994933 0.         0.02810834]

rule2: 6.461 < imdb_score < 7.199
probabilities_array:[0.19125287 0.13420966 0.09368775 0.         0.01980884 0.04931124
 0.12901403 0.14201409 0.16351476 0.07718673]

rule17: 55.315 < num_user_for_reviews < 331.684
probabilities_array:[0.         0.13962549 0.14060551 0.13950235 0.09646307 0.15187402
 0.06596114 0.12129192 0.0256756  0.11900093]

rule42: 8729.147 < movie_facebook_likes < 22313.199
probabilities_array:[0.         0.11647932 0.08329963 0.070214   0.1622603  0.18133342
 0.11587939 0.11370675 0.0934737  0.06335357]

rule3: imdb_score > 7.199
probabilities_array:[0.04158436 0.21269053 0.04025944 0.         0.         0.
 0.         0.         0.18748407 0.5179816 ]

rule12: num_critic_for_reviews < 80.835
probabilities_array:[0.28994855 0.18559974 0.05888937 0.         0.         0.
 0.         0.         0.         0.46556228]

rule16: num_user_for_reviews < 55.315
probabilities_array:[2.7851591e-01 1.9012713e-01 5.2594634e-05 0.0000000e+00 0.0000000e+00
 0.0000000e+00 0.0000000e+00 0.0000000e+00 0.0000000e+00 5.3130436e-01]

rule27: actor_1_facebook_likes > 19437.782
probabilities_array:[0.04850068 0.13022052 0.025512   0.06462335 0.         0.14208776
 0.08168212 0.         0.16658157 0.34079194]

rule22: 762.751 < director_facebook_likes < 2752.317
probabilities_array:[0.19263366 0.07109188 0.22748998 0.         0.10541273 0.11545218
 0.07717345 0.04437736 0.06490254 0.10146625]

rule33: -511.034 < actor_3_facebook_likes < 755.685
probabilities_array:[0.10867724 0.10819428 0.         0.00080313 0.         0.10149742
 0.14614657 0.0254341  0.05442274 0.45482445]

rule8: num_voted_users < 3331.513
probabilities_array:[0.28948504 0.11874413 0.         0.         0.         0.
 0.         0.         0.         0.5917708 ]


---2---
rule22: 762.751 < director_facebook_likes < 2752.317
probabilities_array:[0.19263366 0.07109188 0.22748998 0.         0.10541273 0.11545218
 0.07717345 0.04437736 0.06490254 0.10146625]

rule49: -133529546.435 < budget < 48529721.913
probabilities_array:[0.16781554 0.20082557 0.18646026 0.17384031 0.08471142 0.05987825
 0.06322441 0.04730919 0.         0.01593508]

rule9: 3331.513 < num_voted_users < 101420.164
probabilities_array:[0.05570659 0.15516753 0.15281941 0.16534105 0.17695995 0.15057914
 0.09536857 0.01994933 0.         0.02810834]

rule17: 55.315 < num_user_for_reviews < 331.684
probabilities_array:[0.         0.13962549 0.14060551 0.13950235 0.09646307 0.15187402
 0.06596114 0.12129192 0.0256756  0.11900093]

rule45: 94.497 < duration < 109.612
probabilities_array:[0.0518881  0.         0.21237437 0.1117385  0.03408366 0.01849539
 0.10219879 0.03517889 0.00358929 0.4304529 ]

rule18: 331.684 < num_user_for_reviews < 608.053
probabilities_array:[0.         0.03270161 0.11379965 0.17598796 0.16943045 0.1381941
 0.12348618 0.14240976 0.1039903  0.        ]

rule2: 6.461 < imdb_score < 7.199
probabilities_array:[0.19125287 0.13420966 0.09368775 0.         0.01980884 0.04931124
 0.12901403 0.14201409 0.16351476 0.07718673]

rule5: 1996.563 < title_year < 2003.119
probabilities_array:[0.06831338 0.         0.1391592  0.03681043 0.03921965 0.08397053
 0.02611529 0.00099486 0.1968358  0.40858087]

rule6: 2003.119 < title_year < 2009.675
probabilities_array:[0.252457   0.         0.12883277 0.00824203 0.03949566 0.
 0.00189431 0.01254626 0.17019244 0.38633963]

rule42: 8729.147 < movie_facebook_likes < 22313.199
probabilities_array:[0.         0.11647932 0.08329963 0.070214   0.1622603  0.18133342
 0.11587939 0.11370675 0.0934737  0.06335357]

rule46: 109.612 < duration < 124.727
probabilities_array:[0.         0.02330763 0.08953872 0.07820261 0.13171375 0.17777124
 0.08394358 0.16366197 0.03149793 0.22036247]

rule4: title_year < 1996.563
probabilities_array:[2.4409099e-04 2.6836721e-02 6.4386778e-02 8.6185455e-02 9.4634563e-02
 1.0225809e-01 1.4498740e-01 1.9538580e-01 2.5458404e-01 3.0497033e-02]

rule0: imdb_score < 5.723
probabilities_array:[0.         0.         0.05642579 0.2386402  0.21170309 0.13241743
 0.08833083 0.02307784 0.         0.24940486]

rule38: 11400.397 < cast_total_facebook_likes < 25479.688
probabilities_array:[0.00310115 0.         0.06327625 0.1344729  0.01161203 0.17689541
 0.06403058 0.04219872 0.16210224 0.34231076]


---3---
rule0: imdb_score < 5.723
probabilities_array:[0.         0.         0.05642579 0.2386402  0.21170309 0.13241743
 0.08833083 0.02307784 0.         0.24940486]

rule18: 331.684 < num_user_for_reviews < 608.053
probabilities_array:[0.         0.03270161 0.11379965 0.17598796 0.16943045 0.1381941
 0.12348618 0.14240976 0.1039903  0.        ]

rule49: -133529546.435 < budget < 48529721.913
probabilities_array:[0.16781554 0.20082557 0.18646026 0.17384031 0.08471142 0.05987825
 0.06322441 0.04730919 0.         0.01593508]

rule9: 3331.513 < num_voted_users < 101420.164
probabilities_array:[0.05570659 0.15516753 0.15281941 0.16534105 0.17695995 0.15057914
 0.09536857 0.01994933 0.         0.02810834]

rule17: 55.315 < num_user_for_reviews < 331.684
probabilities_array:[0.         0.13962549 0.14060551 0.13950235 0.09646307 0.15187402
 0.06596114 0.12129192 0.0256756  0.11900093]

rule23: director_facebook_likes > 2752.317
probabilities_array:[0.01788034 0.         0.04233796 0.15093139 0.1409728  0.
 0.         0.22745147 0.11599457 0.30443144]

rule44: duration < 94.497
probabilities_array:[0.24363545 0.         0.00795638 0.16410056 0.         0.
 0.         0.         0.214978   0.36932966]

rule38: 11400.397 < cast_total_facebook_likes < 25479.688
probabilities_array:[0.00310115 0.         0.06327625 0.1344729  0.01161203 0.17689541
 0.06403058 0.04219872 0.16210224 0.34231076]

rule15: num_critic_for_reviews > 245.421
probabilities_array:[0.         0.         0.         0.14162217 0.01660651 0.09683772
 0.0610886  0.08651507 0.19283275 0.40449715]

rule4: title_year < 1996.563
probabilities_array:[2.4409099e-04 2.6836721e-02 6.4386778e-02 8.6185455e-02 9.4634563e-02
 1.0225809e-01 1.4498740e-01 1.9538580e-01 2.5458404e-01 3.0497033e-02]

rule34: 755.685 < actor_3_facebook_likes < 2022.404
probabilities_array:[0.         0.         0.00220383 0.08810085 0.11016553 0.10580164
 0.19810663 0.1503697  0.14260283 0.20264898]

rule42: 8729.147 < movie_facebook_likes < 22313.199
probabilities_array:[0.         0.11647932 0.08329963 0.070214   0.1622603  0.18133342
 0.11587939 0.11370675 0.0934737  0.06335357]

rule45: 94.497 < duration < 109.612
probabilities_array:[0.0518881  0.         0.21237437 0.1117385  0.03408366 0.01849539
 0.10219879 0.03517889 0.00358929 0.4304529 ]

rule46: 109.612 < duration < 124.727
probabilities_array:[0.         0.02330763 0.08953872 0.07820261 0.13171375 0.17777124
 0.08394358 0.16366197 0.03149793 0.22036247]

rule14: 163.128 < num_critic_for_reviews < 245.421
probabilities_array:[0.         0.00732184 0.04028616 0.05574694 0.21625662 0.09242786
 0.10908657 0.15979399 0.20296244 0.11611761]

rule27: actor_1_facebook_likes > 19437.782
probabilities_array:[0.04850068 0.13022052 0.025512   0.06462335 0.         0.14208776
 0.08168212 0.         0.16658157 0.34079194]


---4---
rule14: 163.128 < num_critic_for_reviews < 245.421
probabilities_array:[0.         0.00732184 0.04028616 0.05574694 0.21625662 0.09242786
 0.10908657 0.15979399 0.20296244 0.11611761]

rule9: 3331.513 < num_voted_users < 101420.164
probabilities_array:[0.05570659 0.15516753 0.15281941 0.16534105 0.17695995 0.15057914
 0.09536857 0.01994933 0.         0.02810834]

rule18: 331.684 < num_user_for_reviews < 608.053
probabilities_array:[0.         0.03270161 0.11379965 0.17598796 0.16943045 0.1381941
 0.12348618 0.14240976 0.1039903  0.        ]

rule0: imdb_score < 5.723
probabilities_array:[0.         0.         0.05642579 0.2386402  0.21170309 0.13241743
 0.08833083 0.02307784 0.         0.24940486]

rule42: 8729.147 < movie_facebook_likes < 22313.199
probabilities_array:[0.         0.11647932 0.08329963 0.070214   0.1622603  0.18133342
 0.11587939 0.11370675 0.0934737  0.06335357]

rule19: num_user_for_reviews > 608.053
probabilities_array:[0.         0.         0.         0.01942008 0.1849306  0.04889121
 0.2198052  0.03945503 0.19358099 0.29391694]

rule46: 109.612 < duration < 124.727
probabilities_array:[0.         0.02330763 0.08953872 0.07820261 0.13171375 0.17777124
 0.08394358 0.16366197 0.03149793 0.22036247]

rule26: 7714.786 < actor_1_facebook_likes < 19437.782
probabilities_array:[8.1240374e-05 0.0000000e+00 0.0000000e+00 0.0000000e+00 1.6953233e-01
 0.0000000e+00 4.7265641e-02 2.3603123e-01 1.3861154e-01 4.0847805e-01]

rule23: director_facebook_likes > 2752.317
probabilities_array:[0.01788034 0.         0.04233796 0.15093139 0.1409728  0.
 0.         0.22745147 0.11599457 0.30443144]

rule22: 762.751 < director_facebook_likes < 2752.317
probabilities_array:[0.19263366 0.07109188 0.22748998 0.         0.10541273 0.11545218
 0.07717345 0.04437736 0.06490254 0.10146625]

rule4: title_year < 1996.563
probabilities_array:[2.4409099e-04 2.6836721e-02 6.4386778e-02 8.6185455e-02 9.4634563e-02
 1.0225809e-01 1.4498740e-01 1.9538580e-01 2.5458404e-01 3.0497033e-02]

rule10: 101420.164 < num_voted_users < 199508.815
probabilities_array:[0.         0.         0.01529454 0.02283377 0.10660868 0.24164627
 0.24338531 0.18462375 0.01384198 0.17176571]

rule34: 755.685 < actor_3_facebook_likes < 2022.404
probabilities_array:[0.         0.         0.00220383 0.08810085 0.11016553 0.10580164
 0.19810663 0.1503697  0.14260283 0.20264898]

rule17: 55.315 < num_user_for_reviews < 331.684
probabilities_array:[0.         0.13962549 0.14060551 0.13950235 0.09646307 0.15187402
 0.06596114 0.12129192 0.0256756  0.11900093]

rule49: -133529546.435 < budget < 48529721.913
probabilities_array:[0.16781554 0.20082557 0.18646026 0.17384031 0.08471142 0.05987825
 0.06322441 0.04730919 0.         0.01593508]

rule13: 80.835 < num_critic_for_reviews < 163.128
probabilities_array:[0.         0.00982546 0.0509326  0.0200899  0.0990753  0.18239383
 0.14175381 0.23140235 0.04334745 0.22117929]

rule29: -1226.358 < actor_2_facebook_likes < 1956.226
probabilities_array:[0.05863434 0.0332148  0.         0.         0.15279151 0.00398202
 0.00155836 0.13151953 0.11699691 0.5013026 ]

rule47: duration > 124.727
probabilities_array:[0.         0.03985734 0.         0.         0.1026191  0.16471145
 0.12984197 0.1447756  0.11850215 0.29969236]

rule39: cast_total_facebook_likes > 25479.688
probabilities_array:[0.04589431 0.00474895 0.         0.         0.10922746 0.
 0.         0.10661198 0.12566824 0.60784906]


---5---
rule10: 101420.164 < num_voted_users < 199508.815
probabilities_array:[0.         0.         0.01529454 0.02283377 0.10660868 0.24164627
 0.24338531 0.18462375 0.01384198 0.17176571]

rule42: 8729.147 < movie_facebook_likes < 22313.199
probabilities_array:[0.         0.11647932 0.08329963 0.070214   0.1622603  0.18133342
 0.11587939 0.11370675 0.0934737  0.06335357]

rule9: 3331.513 < num_voted_users < 101420.164
probabilities_array:[0.05570659 0.15516753 0.15281941 0.16534105 0.17695995 0.15057914
 0.09536857 0.01994933 0.         0.02810834]

rule13: 80.835 < num_critic_for_reviews < 163.128
probabilities_array:[0.         0.00982546 0.0509326  0.0200899  0.0990753  0.18239383
 0.14175381 0.23140235 0.04334745 0.22117929]

rule46: 109.612 < duration < 124.727
probabilities_array:[0.         0.02330763 0.08953872 0.07820261 0.13171375 0.17777124
 0.08394358 0.16366197 0.03149793 0.22036247]

rule18: 331.684 < num_user_for_reviews < 608.053
probabilities_array:[0.         0.03270161 0.11379965 0.17598796 0.16943045 0.1381941
 0.12348618 0.14240976 0.1039903  0.        ]

rule17: 55.315 < num_user_for_reviews < 331.684
probabilities_array:[0.         0.13962549 0.14060551 0.13950235 0.09646307 0.15187402
 0.06596114 0.12129192 0.0256756  0.11900093]

rule30: 1956.226 < actor_2_facebook_likes < 5138.810
probabilities_array:[0.         0.00063278 0.         0.         0.         0.18173516
 0.10324486 0.18382064 0.22614144 0.30442518]

rule38: 11400.397 < cast_total_facebook_likes < 25479.688
probabilities_array:[0.00310115 0.         0.06327625 0.1344729  0.01161203 0.17689541
 0.06403058 0.04219872 0.16210224 0.34231076]

rule47: duration > 124.727
probabilities_array:[0.         0.03985734 0.         0.         0.1026191  0.16471145
 0.12984197 0.1447756  0.11850215 0.29969236]

rule22: 762.751 < director_facebook_likes < 2752.317
probabilities_array:[0.19263366 0.07109188 0.22748998 0.         0.10541273 0.11545218
 0.07717345 0.04437736 0.06490254 0.10146625]

rule0: imdb_score < 5.723
probabilities_array:[0.         0.         0.05642579 0.2386402  0.21170309 0.13241743
 0.08833083 0.02307784 0.         0.24940486]

rule4: title_year < 1996.563
probabilities_array:[2.4409099e-04 2.6836721e-02 6.4386778e-02 8.6185455e-02 9.4634563e-02
 1.0225809e-01 1.4498740e-01 1.9538580e-01 2.5458404e-01 3.0497033e-02]

rule27: actor_1_facebook_likes > 19437.782
probabilities_array:[0.04850068 0.13022052 0.025512   0.06462335 0.         0.14208776
 0.08168212 0.         0.16658157 0.34079194]

rule34: 755.685 < actor_3_facebook_likes < 2022.404
probabilities_array:[0.         0.         0.00220383 0.08810085 0.11016553 0.10580164
 0.19810663 0.1503697  0.14260283 0.20264898]

rule14: 163.128 < num_critic_for_reviews < 245.421
probabilities_array:[0.         0.00732184 0.04028616 0.05574694 0.21625662 0.09242786
 0.10908657 0.15979399 0.20296244 0.11611761]

rule43: movie_facebook_likes > 22313.199
probabilities_array:[0.         0.         0.00385918 0.05977133 0.05325175 0.10843106
 0.13258523 0.14002097 0.16265954 0.339421  ]

rule1: 5.723 < imdb_score < 6.461
probabilities_array:[0.11939895 0.         0.         0.         0.03717938 0.08091612
 0.20721197 0.21895278 0.13622922 0.20011161]

rule49: -133529546.435 < budget < 48529721.913
probabilities_array:[0.16781554 0.20082557 0.18646026 0.17384031 0.08471142 0.05987825
 0.06322441 0.04730919 0.         0.01593508]

rule15: num_critic_for_reviews > 245.421
probabilities_array:[0.         0.         0.         0.14162217 0.01660651 0.09683772
 0.0610886  0.08651507 0.19283275 0.40449715]

rule33: -511.034 < actor_3_facebook_likes < 755.685
probabilities_array:[0.10867724 0.10819428 0.         0.00080313 0.         0.10149742
 0.14614657 0.0254341  0.05442274 0.45482445]

rule5: 1996.563 < title_year < 2003.119
probabilities_array:[0.06831338 0.         0.1391592  0.03681043 0.03921965 0.08397053
 0.02611529 0.00099486 0.1968358  0.40858087]

rule2: 6.461 < imdb_score < 7.199
probabilities_array:[0.19125287 0.13420966 0.09368775 0.         0.01980884 0.04931124
 0.12901403 0.14201409 0.16351476 0.07718673]


---6---
rule10: 101420.164 < num_voted_users < 199508.815
probabilities_array:[0.         0.         0.01529454 0.02283377 0.10660868 0.24164627
 0.24338531 0.18462375 0.01384198 0.17176571]

rule1: 5.723 < imdb_score < 6.461
probabilities_array:[0.11939895 0.         0.         0.         0.03717938 0.08091612
 0.20721197 0.21895278 0.13622922 0.20011161]

rule34: 755.685 < actor_3_facebook_likes < 2022.404
probabilities_array:[0.         0.         0.00220383 0.08810085 0.11016553 0.10580164
 0.19810663 0.1503697  0.14260283 0.20264898]

rule19: num_user_for_reviews > 608.053
probabilities_array:[0.         0.         0.         0.01942008 0.1849306  0.04889121
 0.2198052  0.03945503 0.19358099 0.29391694]

rule4: title_year < 1996.563
probabilities_array:[2.4409099e-04 2.6836721e-02 6.4386778e-02 8.6185455e-02 9.4634563e-02
 1.0225809e-01 1.4498740e-01 1.9538580e-01 2.5458404e-01 3.0497033e-02]

rule18: 331.684 < num_user_for_reviews < 608.053
probabilities_array:[0.         0.03270161 0.11379965 0.17598796 0.16943045 0.1381941
 0.12348618 0.14240976 0.1039903  0.        ]

rule2: 6.461 < imdb_score < 7.199
probabilities_array:[0.19125287 0.13420966 0.09368775 0.         0.01980884 0.04931124
 0.12901403 0.14201409 0.16351476 0.07718673]

rule13: 80.835 < num_critic_for_reviews < 163.128
probabilities_array:[0.         0.00982546 0.0509326  0.0200899  0.0990753  0.18239383
 0.14175381 0.23140235 0.04334745 0.22117929]

rule42: 8729.147 < movie_facebook_likes < 22313.199
probabilities_array:[0.         0.11647932 0.08329963 0.070214   0.1622603  0.18133342
 0.11587939 0.11370675 0.0934737  0.06335357]

rule14: 163.128 < num_critic_for_reviews < 245.421
probabilities_array:[0.         0.00732184 0.04028616 0.05574694 0.21625662 0.09242786
 0.10908657 0.15979399 0.20296244 0.11611761]

rule9: 3331.513 < num_voted_users < 101420.164
probabilities_array:[0.05570659 0.15516753 0.15281941 0.16534105 0.17695995 0.15057914
 0.09536857 0.01994933 0.         0.02810834]

rule47: duration > 124.727
probabilities_array:[0.         0.03985734 0.         0.         0.1026191  0.16471145
 0.12984197 0.1447756  0.11850215 0.29969236]

rule43: movie_facebook_likes > 22313.199
probabilities_array:[0.         0.         0.00385918 0.05977133 0.05325175 0.10843106
 0.13258523 0.14002097 0.16265954 0.339421  ]

rule7: title_year > 2009.675
probabilities_array:[0.2919901  0.00217458 0.         0.         0.         0.0541072
 0.1104078  0.08210336 0.19618246 0.26303452]

rule33: -511.034 < actor_3_facebook_likes < 755.685
probabilities_array:[0.10867724 0.10819428 0.         0.00080313 0.         0.10149742
 0.14614657 0.0254341  0.05442274 0.45482445]

rule50: 48529721.913 < budget < 230588990.260
probabilities_array:[0.         0.         0.         0.         0.         0.
 0.12555525 0.19220226 0.30308768 0.37915474]

rule30: 1956.226 < actor_2_facebook_likes < 5138.810
probabilities_array:[0.         0.00063278 0.         0.         0.         0.18173516
 0.10324486 0.18382064 0.22614144 0.30442518]

rule22: 762.751 < director_facebook_likes < 2752.317
probabilities_array:[0.19263366 0.07109188 0.22748998 0.         0.10541273 0.11545218
 0.07717345 0.04437736 0.06490254 0.10146625]

rule0: imdb_score < 5.723
probabilities_array:[0.         0.         0.05642579 0.2386402  0.21170309 0.13241743
 0.08833083 0.02307784 0.         0.24940486]

rule46: 109.612 < duration < 124.727
probabilities_array:[0.         0.02330763 0.08953872 0.07820261 0.13171375 0.17777124
 0.08394358 0.16366197 0.03149793 0.22036247]

rule49: -133529546.435 < budget < 48529721.913
probabilities_array:[0.16781554 0.20082557 0.18646026 0.17384031 0.08471142 0.05987825
 0.06322441 0.04730919 0.         0.01593508]

rule45: 94.497 < duration < 109.612
probabilities_array:[0.0518881  0.         0.21237437 0.1117385  0.03408366 0.01849539
 0.10219879 0.03517889 0.00358929 0.4304529 ]

rule17: 55.315 < num_user_for_reviews < 331.684
probabilities_array:[0.         0.13962549 0.14060551 0.13950235 0.09646307 0.15187402
 0.06596114 0.12129192 0.0256756  0.11900093]

rule27: actor_1_facebook_likes > 19437.782
probabilities_array:[0.04850068 0.13022052 0.025512   0.06462335 0.         0.14208776
 0.08168212 0.         0.16658157 0.34079194]

rule38: 11400.397 < cast_total_facebook_likes < 25479.688
probabilities_array:[0.00310115 0.         0.06327625 0.1344729  0.01161203 0.17689541
 0.06403058 0.04219872 0.16210224 0.34231076]


---7---
rule4: title_year < 1996.563
probabilities_array:[2.4409099e-04 2.6836721e-02 6.4386778e-02 8.6185455e-02 9.4634563e-02
 1.0225809e-01 1.4498740e-01 1.9538580e-01 2.5458404e-01 3.0497033e-02]

rule13: 80.835 < num_critic_for_reviews < 163.128
probabilities_array:[0.         0.00982546 0.0509326  0.0200899  0.0990753  0.18239383
 0.14175381 0.23140235 0.04334745 0.22117929]

rule1: 5.723 < imdb_score < 6.461
probabilities_array:[0.11939895 0.         0.         0.         0.03717938 0.08091612
 0.20721197 0.21895278 0.13622922 0.20011161]

rule23: director_facebook_likes > 2752.317
probabilities_array:[0.01788034 0.         0.04233796 0.15093139 0.1409728  0.
 0.         0.22745147 0.11599457 0.30443144]

rule10: 101420.164 < num_voted_users < 199508.815
probabilities_array:[0.         0.         0.01529454 0.02283377 0.10660868 0.24164627
 0.24338531 0.18462375 0.01384198 0.17176571]

rule18: 331.684 < num_user_for_reviews < 608.053
probabilities_array:[0.         0.03270161 0.11379965 0.17598796 0.16943045 0.1381941
 0.12348618 0.14240976 0.1039903  0.        ]

rule14: 163.128 < num_critic_for_reviews < 245.421
probabilities_array:[0.         0.00732184 0.04028616 0.05574694 0.21625662 0.09242786
 0.10908657 0.15979399 0.20296244 0.11611761]

rule26: 7714.786 < actor_1_facebook_likes < 19437.782
probabilities_array:[8.1240374e-05 0.0000000e+00 0.0000000e+00 0.0000000e+00 1.6953233e-01
 0.0000000e+00 4.7265641e-02 2.3603123e-01 1.3861154e-01 4.0847805e-01]

rule2: 6.461 < imdb_score < 7.199
probabilities_array:[0.19125287 0.13420966 0.09368775 0.         0.01980884 0.04931124
 0.12901403 0.14201409 0.16351476 0.07718673]

rule30: 1956.226 < actor_2_facebook_likes < 5138.810
probabilities_array:[0.         0.00063278 0.         0.         0.         0.18173516
 0.10324486 0.18382064 0.22614144 0.30442518]

rule46: 109.612 < duration < 124.727
probabilities_array:[0.         0.02330763 0.08953872 0.07820261 0.13171375 0.17777124
 0.08394358 0.16366197 0.03149793 0.22036247]

rule34: 755.685 < actor_3_facebook_likes < 2022.404
probabilities_array:[0.         0.         0.00220383 0.08810085 0.11016553 0.10580164
 0.19810663 0.1503697  0.14260283 0.20264898]

rule50: 48529721.913 < budget < 230588990.260
probabilities_array:[0.         0.         0.         0.         0.         0.
 0.12555525 0.19220226 0.30308768 0.37915474]

rule17: 55.315 < num_user_for_reviews < 331.684
probabilities_array:[0.         0.13962549 0.14060551 0.13950235 0.09646307 0.15187402
 0.06596114 0.12129192 0.0256756  0.11900093]

rule42: 8729.147 < movie_facebook_likes < 22313.199
probabilities_array:[0.         0.11647932 0.08329963 0.070214   0.1622603  0.18133342
 0.11587939 0.11370675 0.0934737  0.06335357]

rule47: duration > 124.727
probabilities_array:[0.         0.03985734 0.         0.         0.1026191  0.16471145
 0.12984197 0.1447756  0.11850215 0.29969236]

rule11: num_voted_users > 199508.815
probabilities_array:[0.         0.         0.         0.         0.         0.
 0.         0.20541643 0.2684641  0.52611953]

rule43: movie_facebook_likes > 22313.199
probabilities_array:[0.         0.         0.00385918 0.05977133 0.05325175 0.10843106
 0.13258523 0.14002097 0.16265954 0.339421  ]

rule29: -1226.358 < actor_2_facebook_likes < 1956.226
probabilities_array:[0.05863434 0.0332148  0.         0.         0.15279151 0.00398202
 0.00155836 0.13151953 0.11699691 0.5013026 ]

rule7: title_year > 2009.675
probabilities_array:[0.2919901  0.00217458 0.         0.         0.         0.0541072
 0.1104078  0.08210336 0.19618246 0.26303452]

rule15: num_critic_for_reviews > 245.421
probabilities_array:[0.         0.         0.         0.14162217 0.01660651 0.09683772
 0.0610886  0.08651507 0.19283275 0.40449715]

rule49: -133529546.435 < budget < 48529721.913
probabilities_array:[0.16781554 0.20082557 0.18646026 0.17384031 0.08471142 0.05987825
 0.06322441 0.04730919 0.         0.01593508]

rule37: -2678.894 < cast_total_facebook_likes < 11400.397
probabilities_array:[0.08171501 0.0758324  0.         0.02636944 0.         0.
 0.01216075 0.10561092 0.13750216 0.5608093 ]

rule39: cast_total_facebook_likes > 25479.688
probabilities_array:[0.04589431 0.00474895 0.         0.         0.10922746 0.
 0.         0.10661198 0.12566824 0.60784906]


---8---
rule4: title_year < 1996.563
probabilities_array:[2.4409099e-04 2.6836721e-02 6.4386778e-02 8.6185455e-02 9.4634563e-02
 1.0225809e-01 1.4498740e-01 1.9538580e-01 2.5458404e-01 3.0497033e-02]

rule50: 48529721.913 < budget < 230588990.260
probabilities_array:[0.         0.         0.         0.         0.         0.
 0.12555525 0.19220226 0.30308768 0.37915474]

rule51: budget > 230588990.260
probabilities_array:[2.7745068e-01 2.7396685e-01 0.0000000e+00 2.1739508e-05 0.0000000e+00
 0.0000000e+00 0.0000000e+00 0.0000000e+00 2.3141825e-01 2.1714239e-01]

rule14: 163.128 < num_critic_for_reviews < 245.421
probabilities_array:[0.         0.00732184 0.04028616 0.05574694 0.21625662 0.09242786
 0.10908657 0.15979399 0.20296244 0.11611761]

rule30: 1956.226 < actor_2_facebook_likes < 5138.810
probabilities_array:[0.         0.00063278 0.         0.         0.         0.18173516
 0.10324486 0.18382064 0.22614144 0.30442518]

rule2: 6.461 < imdb_score < 7.199
probabilities_array:[0.19125287 0.13420966 0.09368775 0.         0.01980884 0.04931124
 0.12901403 0.14201409 0.16351476 0.07718673]

rule7: title_year > 2009.675
probabilities_array:[0.2919901  0.00217458 0.         0.         0.         0.0541072
 0.1104078  0.08210336 0.19618246 0.26303452]

rule19: num_user_for_reviews > 608.053
probabilities_array:[0.         0.         0.         0.01942008 0.1849306  0.04889121
 0.2198052  0.03945503 0.19358099 0.29391694]

rule44: duration < 94.497
probabilities_array:[0.24363545 0.         0.00795638 0.16410056 0.         0.
 0.         0.         0.214978   0.36932966]

rule11: num_voted_users > 199508.815
probabilities_array:[0.         0.         0.         0.         0.         0.
 0.         0.20541643 0.2684641  0.52611953]

rule5: 1996.563 < title_year < 2003.119
probabilities_array:[0.06831338 0.         0.1391592  0.03681043 0.03921965 0.08397053
 0.02611529 0.00099486 0.1968358  0.40858087]

rule15: num_critic_for_reviews > 245.421
probabilities_array:[0.         0.         0.         0.14162217 0.01660651 0.09683772
 0.0610886  0.08651507 0.19283275 0.40449715]

rule34: 755.685 < actor_3_facebook_likes < 2022.404
probabilities_array:[0.         0.         0.00220383 0.08810085 0.11016553 0.10580164
 0.19810663 0.1503697  0.14260283 0.20264898]

rule27: actor_1_facebook_likes > 19437.782
probabilities_array:[0.04850068 0.13022052 0.025512   0.06462335 0.         0.14208776
 0.08168212 0.         0.16658157 0.34079194]

rule1: 5.723 < imdb_score < 6.461
probabilities_array:[0.11939895 0.         0.         0.         0.03717938 0.08091612
 0.20721197 0.21895278 0.13622922 0.20011161]

rule43: movie_facebook_likes > 22313.199
probabilities_array:[0.         0.         0.00385918 0.05977133 0.05325175 0.10843106
 0.13258523 0.14002097 0.16265954 0.339421  ]

rule38: 11400.397 < cast_total_facebook_likes < 25479.688
probabilities_array:[0.00310115 0.         0.06327625 0.1344729  0.01161203 0.17689541
 0.06403058 0.04219872 0.16210224 0.34231076]

rule6: 2003.119 < title_year < 2009.675
probabilities_array:[0.252457   0.         0.12883277 0.00824203 0.03949566 0.
 0.00189431 0.01254626 0.17019244 0.38633963]

rule18: 331.684 < num_user_for_reviews < 608.053
probabilities_array:[0.         0.03270161 0.11379965 0.17598796 0.16943045 0.1381941
 0.12348618 0.14240976 0.1039903  0.        ]

rule3: imdb_score > 7.199
probabilities_array:[0.04158436 0.21269053 0.04025944 0.         0.         0.
 0.         0.         0.18748407 0.5179816 ]

rule42: 8729.147 < movie_facebook_likes < 22313.199
probabilities_array:[0.         0.11647932 0.08329963 0.070214   0.1622603  0.18133342
 0.11587939 0.11370675 0.0934737  0.06335357]

rule47: duration > 124.727
probabilities_array:[0.         0.03985734 0.         0.         0.1026191  0.16471145
 0.12984197 0.1447756  0.11850215 0.29969236]

rule26: 7714.786 < actor_1_facebook_likes < 19437.782
probabilities_array:[8.1240374e-05 0.0000000e+00 0.0000000e+00 0.0000000e+00 1.6953233e-01
 0.0000000e+00 4.7265641e-02 2.3603123e-01 1.3861154e-01 4.0847805e-01]

rule23: director_facebook_likes > 2752.317
probabilities_array:[0.01788034 0.         0.04233796 0.15093139 0.1409728  0.
 0.         0.22745147 0.11599457 0.30443144]

rule35: actor_3_facebook_likes > 2022.404
probabilities_array:[0.0000000e+00 0.0000000e+00 4.1311025e-04 0.0000000e+00 0.0000000e+00
 0.0000000e+00 0.0000000e+00 9.0940157e-04 2.7850822e-01 7.2016931e-01]

rule21: -1226.816 < director_facebook_likes < 762.751
probabilities_array:[0.         0.0141541  0.         0.         0.         0.
 0.02858073 0.         0.24812374 0.70914143]

rule31: actor_2_facebook_likes > 5138.810
probabilities_array:[0.00438035 0.         0.00186576 0.04885164 0.         0.
 0.02739298 0.04380171 0.20531261 0.668395  ]

rule37: -2678.894 < cast_total_facebook_likes < 11400.397
probabilities_array:[0.08171501 0.0758324  0.         0.02636944 0.         0.
 0.01216075 0.10561092 0.13750216 0.5608093 ]

rule29: -1226.358 < actor_2_facebook_likes < 1956.226
probabilities_array:[0.05863434 0.0332148  0.         0.         0.15279151 0.00398202
 0.00155836 0.13151953 0.11699691 0.5013026 ]

rule22: 762.751 < director_facebook_likes < 2752.317
probabilities_array:[0.19263366 0.07109188 0.22748998 0.         0.10541273 0.11545218
 0.07717345 0.04437736 0.06490254 0.10146625]

rule39: cast_total_facebook_likes > 25479.688
probabilities_array:[0.04589431 0.00474895 0.         0.         0.10922746 0.
 0.         0.10661198 0.12566824 0.60784906]

rule25: -4008.210 < actor_1_facebook_likes < 7714.786
probabilities_array:[1.2560898e-01 2.3004513e-03 0.0000000e+00 0.0000000e+00 2.4963327e-02
 5.8763329e-04 2.1600653e-03 3.9705053e-02 1.2892646e-01 6.7574805e-01]

