MSE: 157.3636655882353

Accuracy: 0.3382352941176471

F1: 0.34281710214319283

Confusion Matrix: [[25, 7, 3, 0, 1, 0, 0, 0], [18, 9, 9, 0, 1, 0, 4, 1], [7, 18, 12, 7, 4, 2, 2, 3], [4, 11, 6, 9, 3, 2, 1, 0], [0, 6, 4, 3, 11, 6, 3, 3], [2, 3, 9, 3, 11, 11, 11, 2], [2, 1, 2, 9, 9, 3, 17, 13], [1, 0, 0, 0, 2, 2, 1, 21]]

Average Similarity: 0.4183503836317135

Similarity Matrix: [[0.212969786293294, 0.06482213438735178, 0.03478260869565217, 0.0, 0.011387163561076604, 0.0, 0.0, 0.0], [0.1477523949889462, 0.07272727272727272, 0.08792270531400966, 0.0, 0.011904761904761904, 0.0, 0.04013377926421404, 0.010111223458038422], [0.05563743551952838, 0.1482213438735178, 0.10772946859903382, 0.0841514726507714, 0.038302277432712216, 0.029264214046822744, 0.020066889632107024, 0.025278058645096056], [0.032424465733235076, 0.08695652173913043, 0.05410628019323672, 0.11079943899018234, 0.030538302277432712, 0.03177257525083612, 0.011148272017837234, 0.0], [0.0, 0.045454545454545456, 0.0391304347826087, 0.03576437587657784, 0.10041407867494823, 0.08779264214046822, 0.02954292084726867, 0.025278058645096056], [0.016212232866617538, 0.021739130434782608, 0.07874396135265702, 0.037166900420757355, 0.11128364389233954, 0.15635451505016723, 0.10144927536231883, 0.01870576339737108], [0.017317612380250553, 0.006719367588932806, 0.01932367149758454, 0.10028050490883587, 0.07556935817805384, 0.03678929765886288, 0.17447045707915274, 0.11375126390293225], [0.008106116433308769, 0.0, 0.0, 0.0, 0.017080745341614908, 0.029264214046822744, 0.01226309921962096, 0.19919110212335692]]

Uncertainties: {'class0': [0.09729280322790146, 0.11914480477571487, 0.1312703937292099, 0.13629446923732758, 0.15108124911785126], 'class1': [0.09095096588134766, 0.09729280322790146, 0.10678374022245407, 0.11914480477571487, 0.1312703937292099], 'class2': [0.06066438928246498, 0.09095096588134766, 0.09729280322790146, 0.10345765948295593, 0.10678374022245407], 'class3': [0.06066438928246498, 0.09095096588134766, 0.10345765948295593, 0.10678374022245407, 0.1312703937292099], 'class4': [0.06066438928246498, 0.09095096588134766, 0.09729280322790146, 0.10345765948295593, 0.10678374022245407], 'class5': [0.06066438928246498, 0.10345765948295593, 0.1312703937292099, 0.14224767684936523, 0.15108124911785126], 'class6': [0.06066438928246498, 0.09729280322790146, 0.10345765948295593, 0.10678374022245407, 0.11914480477571487], 'class7': [0.06066438928246498, 0.09095096588134766, 0.10345765948295593, 0.11914480477571487, 0.13629446923732758]}

y_test: [13.52, 44.61, 24.07, 15.44, 25.45, 21.18, 34.4, 35.31, 15.75, 23.4, 55.65, 27.23, 44.61, 17.6, 61.23, 45.9, 15.34, 37.43, 20.73, 17.17, 23.52, 26.26, 71.3, 50.94, 40.87, 16.89, 46.25, 14.4, 31.65, 11.41, 56.62, 29.55, 23.52, 44.64, 39.42, 46.64, 31.18, 25.62, 16.5, 21.07, 74.19, 18.2, 40.86, 31.12, 10.22, 21.65, 24.54, 74.36, 41.3, 45.37, 9.73, 39.64, 49.25, 55.94, 34.24, 37.23, 48.79, 39.05, 16.26, 30.12, 33.05, 43.38, 79.3, 9.74, 54.1, 56.5, 10.03, 29.45, 55.55, 23.85, 28.68, 65.2, 46.93, 42.03, 35.36, 44.4, 31.84, 33.3, 39.44, 12.18, 38.7, 49.8, 44.33, 2.33, 24.39, 74.99, 31.35, 42.64, 29.55, 26.91, 30.23, 23.8, 12.54, 32.05, 23.69, 33.73, 19.52, 17.57, 28.47, 54.77, 47.81, 43.7, 36.15, 62.5, 47.71, 38.41, 47.1, 12.18, 34.57, 26.74, 38.6, 39.3, 39.06, 32.53, 45.85, 42.64, 52.43, 30.08, 29.07, 27.22, 19.01, 53.1, 51.72, 29.75, 50.7, 53.39, 46.39, 34.9, 10.73, 13.71, 56.14, 42.62, 23.14, 39.94, 39.27, 39.16, 31.54, 29.89, 15.07, 44.3, 71.3, 29.07, 72.3, 7.51, 69.3, 12.05, 32.88, 39.38, 56.4, 35.08, 17.82, 22.75, 35.34, 12.79, 10.09, 25.75, 54.6, 33.31, 36.8, 13.4, 41.84, 30.96, 49.2, 47.03, 36.44, 22.53, 42.35, 41.54, 13.62, 46.68, 52.2, 25.57, 15.87, 18.03, 43.5, 44.52, 52.91, 52.01, 35.85, 56.83, 39.61, 18.02, 51.04, 53.66, 56.1, 42.55, 41.41, 12.64, 32.84, 37.44, 16.88, 82.6, 28.1, 24.4, 23.64, 21.95, 33.76, 32.4, 49.9, 24.13, 33.0, 64.9, 17.44, 30.85, 41.94, 12.45, 25.37, 26.86, 56.61, 39.84, 33.8, 75.5, 9.87, 31.18, 47.71, 54.9, 24.92, 4.78, 38.46, 67.11, 11.85, 29.79, 6.27, 55.51, 49.77, 56.14, 32.33, 65.2, 39.58, 34.56, 33.06, 19.2, 37.42, 38.89, 37.8, 21.5, 28.3, 15.69, 59.49, 41.68, 50.6, 27.94, 21.82, 39.59, 50.24, 41.05, 41.64, 41.05, 50.73, 42.13, 15.05, 38.7, 33.12, 19.42, 42.14, 67.31, 6.94, 37.91, 7.68, 66.6, 40.06, 51.73, 41.72, 26.97, 77.3, 23.52, 10.54, 27.87, 74.7, 55.9, 15.42, 52.12, 59.0, 66.7, 44.28, 26.23, 24.9, 39.7, 41.2, 46.24, 18.29, 46.2, 29.65, 40.2, 4.83, 40.87, 41.68, 18.13, 56.7, 39.4, 24.99, 47.13, 39.29, 24.05, 34.2, 28.63, 58.8, 27.92, 15.36, 25.18, 50.77, 13.66, 25.08, 22.35, 33.8, 23.84, 27.04, 40.86, 66.78, 29.72, 29.87, 16.5, 43.01, 18.13, 48.4, 73.7, 32.72, 24.5, 21.86, 66.95, 33.69, 37.91, 12.37, 50.51, 14.64, 9.01, 37.42, 53.52, 42.42, 36.59, 23.84, 15.57, 11.39, 25.61, 25.72, 17.84, 27.77, 32.4, 44.52, 24.28]

buck_pred: [0, 2, 1, 0, 1, 1, 5, 3, 0, 1, 4, 2, 2, 0, 5, 4, 0, 4, 0, 2, 5, 1, 7, 6, 4, 2, 3, 1, 1, 0, 3, 1, 0, 3, 5, 6, 4, 1, 2, 0, 7, 0, 0, 1, 0, 1, 1, 7, 6, 5, 0, 5, 0, 2, 1, 4, 6, 2, 1, 2, 2, 2, 7, 0, 7, 7, 0, 5, 4, 3, 3, 7, 6, 6, 4, 6, 1, 1, 4, 0, 4, 4, 4, 0, 6, 0, 1, 4, 7, 0, 2, 0, 0, 1, 2, 5, 0, 0, 0, 6, 6, 5, 4, 7, 4, 6, 7, 0, 5, 4, 1, 7, 2, 3, 1, 4, 4, 1, 3, 2, 2, 6, 6, 2, 7, 5, 1, 7, 1, 1, 6, 6, 6, 4, 5, 1, 5, 0, 1, 4, 7, 2, 7, 0, 7, 1, 0, 7, 7, 6, 2, 6, 5, 0, 0, 0, 5, 1, 4, 4, 6, 1, 7, 6, 3, 1, 5, 6, 0, 4, 3, 1, 0, 0, 6, 2, 6, 4, 4, 7, 5, 6, 6, 6, 7, 6, 1, 0, 3, 1, 1, 7, 7, 6, 4, 2, 3, 3, 4, 4, 1, 7, 1, 3, 5, 0, 3, 1, 3, 2, 0, 7, 0, 4, 3, 7, 2, 0, 4, 5, 0, 3, 1, 3, 5, 6, 2, 7, 1, 5, 3, 0, 1, 4, 6, 0, 4, 0, 4, 4, 3, 1, 4, 5, 4, 2, 7, 2, 6, 6, 0, 4, 6, 0, 5, 7, 0, 3, 0, 7, 3, 6, 4, 2, 7, 2, 0, 2, 4, 7, 0, 6, 7, 7, 5, 2, 1, 6, 3, 3, 2, 5, 1, 7, 0, 4, 0, 0, 7, 2, 1, 7, 1, 0, 4, 3, 7, 1, 6, 1, 7, 2, 2, 0, 3, 3, 1, 5, 6, 2, 2, 2, 6, 1, 2, 7, 0, 1, 2, 7, 2, 4, 1, 0, 2, 0, 1, 3, 2, 2, 3, 1, 2, 7, 1, 7, 0, 3, 2, 1]

bins: [3.32, 15.12125, 23.512500000000003, 29.7825, 34.39, 39.43875, 46.23, 56.845, 81.75]

Most important rules
-----------------------------

---0---
rule15: water > 194.820
probabilities_array:[0.2656519  0.28225908 0.01465072 0.23895286 0.         0.06721504
 0.         0.         0.1312704 ]

rule9: 12.619 < fly_ash < 56.231
probabilities_array:[0.24453577 0.24453858 0.         0.02973397 0.00315526 0.
 0.2643571  0.09453455 0.1191448 ]

rule28: age < 4.478
probabilities_array:[0.35447195 0.23904964 0.         0.         0.01346782 0.
 0.         0.         0.39301062]

rule11: fly_ash > 99.842
probabilities_array:[0.23749344 0.24810253 0.15410106 0.03258268 0.15035619 0.
 0.08007133 0.         0.0972928 ]

rule0: cement < 209.839
probabilities_array:[0.2536875  0.26854154 0.246917   0.03279371 0.00628461 0.
 0.00045061 0.         0.19132501]

rule23: coarse_aggregate > 1028.692
probabilities_array:[0.28416413 0.04376824 0.05907398 0.         0.         0.05221723
 0.         0.26036867 0.30040783]

rule44: Positive cement - 278.913, age - 45.645
probabilities_array:[0.29650384 0.28102484 0.01637641 0.         0.         0.
 0.         0.00261073 0.40348414]

rule16: superplasticizer < 2.391
probabilities_array:[0.22617705 0.20328878 0.10090419 0.00042048 0.15221566 0.0826147
 0.         0.         0.23437917]

rule66: Positive fly_ash - 56.231, age - 45.645
probabilities_array:[0.23250279 0.08825379 0.         0.         0.         0.16962136
 0.2222513  0.02095562 0.26641515]

rule4: blast_furnace_slag < 13.759
probabilities_array:[0.19909097 0.19022025 0.00037013 0.04795    0.22993574 0.13852544
 0.         0.02152452 0.17238295]

rule60: Positive fly_ash - 56.231, superplasticizer - 6.361
probabilities_array:[0.2052727  0.         0.02201854 0.27628568 0.00804247 0.1193058
 0.1550039  0.         0.2140709 ]

rule75: Negative water - 180.567, age - 45.645
probabilities_array:[0.1899655  0.13239883 0.05442866 0.20748241 0.         0.00062952
 0.02848727 0.2350183  0.15158947]

rule32: Positive cement - 278.913, blast_furnace_slag - 71.485
probabilities_array:[0.21706308 0.19143435 0.01275286 0.         0.         0.20447044
 0.04318659 0.05623508 0.27485755]

rule80: Positive superplasticizer - 6.361, age - 45.645
probabilities_array:[0.2044504  0.18519385 0.06821372 0.         0.         0.
 0.06102304 0.24702658 0.23409238]

rule47: Negative blast_furnace_slag - 71.485, fly_ash - 56.231
probabilities_array:[0.2038944  0.         0.01703455 0.         0.28278556 0.11624551
 0.         0.13618053 0.2438595 ]

rule68: Positive water - 180.567, superplasticizer - 6.361
probabilities_array:[0.23144305 0.06811898 0.07376521 0.03303789 0.         0.
 0.08737117 0.16588372 0.34038   ]

rule25: 723.369 < fine_aggregate < 775.941
probabilities_array:[0.16881587 0.16838384 0.         0.24624686 0.         0.
 0.09010843 0.19015063 0.13629447]

rule14: 180.567 < water < 194.820
probabilities_array:[0.17051795 0.09653233 0.17804343 0.05162668 0.13309711 0.2191012
 0.         0.         0.15108125]

rule56: Positive blast_furnace_slag - 71.485, age - 45.645
probabilities_array:[0.24245276 0.21873519 0.         0.         0.         0.01309765
 0.00482331 0.06430307 0.4565881 ]

rule27: fine_aggregate > 828.513
probabilities_array:[0.17728217 0.01536028 0.289468   0.18197137 0.04555476 0.00106539
 0.         0.         0.28929803]

rule70: Positive water - 180.567, coarse_aggregate - 976.200
probabilities_array:[0.22689678 0.         0.         0.         0.00563703 0.26131555
 0.05365298 0.         0.4524977 ]

rule76: Positive superplasticizer - 6.361, coarse_aggregate - 976.200
probabilities_array:[0.19321357 0.19485521 0.         0.03306666 0.         0.09568594
 0.10829414 0.00980663 0.36507794]

rule49: Negative blast_furnace_slag - 71.485, water - 180.567
probabilities_array:[0.16084549 0.03061936 0.16304609 0.22583142 0.00318242 0.1228627
 0.02564189 0.         0.2679707 ]

rule51: Negative blast_furnace_slag - 71.485, superplasticizer - 6.361
probabilities_array:[0.1902652  0.         0.         0.12142713 0.02306983 0.12644167
 0.11922741 0.03522606 0.3843427 ]

rule87: Negative fine_aggregate - 775.941, age - 45.645
probabilities_array:[0.16157539 0.         0.04804458 0.00752566 0.         0.
 0.3024819  0.09300168 0.38737074]

rule26: 775.941 < fine_aggregate < 828.513
probabilities_array:[0.11620457 0.05359384 0.04513607 0.26160365 0.10354105 0.21688068
 0.         0.0302591  0.17278108]

rule52: Positive blast_furnace_slag - 71.485, coarse_aggregate - 976.200
probabilities_array:[0.16702057 0.05717693 0.19543585 0.         0.         0.
 0.11234561 0.02581466 0.44220635]

rule37: Negative cement - 278.913, water - 180.567
probabilities_array:[0.14495938 0.10367893 0.13546602 0.         0.00100486 0.03454247
 0.         0.17099653 0.4093518 ]

rule40: Positive cement - 278.913, coarse_aggregate - 976.200
probabilities_array:[0.16394585 0.02725925 0.24243142 0.         0.         0.
 0.07019591 0.00098137 0.4951862 ]

rule42: Positive cement - 278.913, fine_aggregate - 775.941
probabilities_array:[0.12610827 0.         0.         0.         0.21095231 0.1665997
 0.12334899 0.00193834 0.37105235]

rule55: Negative blast_furnace_slag - 71.485, fine_aggregate - 775.941
probabilities_array:[1.23349614e-01 1.58498168e-01 1.47467935e-02 1.19875636e-04
 2.09387287e-01 1.14670545e-01 1.88983753e-02 0.00000000e+00
 3.60329270e-01]

rule62: Positive fly_ash - 56.231, coarse_aggregate - 976.200
probabilities_array:[0.12235665 0.         0.0011658  0.22013283 0.01490994 0.
 0.24612148 0.03338389 0.36192948]

rule34: Positive cement - 278.913, fly_ash - 56.231
probabilities_array:[0.12442961 0.0877688  0.         0.01894729 0.21472146 0.08957767
 0.08311242 0.         0.3814427 ]

rule13: 166.314 < water < 180.567
probabilities_array:[0.10279715 0.         0.0122322  0.         0.         0.18589287
 0.2788087  0.11744565 0.30282333]

rule79: Negative superplasticizer - 6.361, fine_aggregate - 775.941
probabilities_array:[0.1406574  0.         0.23691303 0.         0.07093312 0.03381938
 0.         0.01750141 0.5001757 ]

rule65: Negative fly_ash - 56.231, fine_aggregate - 775.941
probabilities_array:[0.09075198 0.05224694 0.11247937 0.23923449 0.         0.14327909
 0.         0.0984504  0.26355776]

rule83: Negative coarse_aggregate - 976.200, fine_aggregate - 775.941
probabilities_array:[0.10160667 0.10510343 0.08362041 0.12742552 0.00406647 0.001698
 0.2332341  0.         0.3432454 ]

rule85: Negative coarse_aggregate - 976.200, age - 45.645
probabilities_array:[0.08098986 0.1475247  0.22375797 0.199792   0.         0.00580298
 0.05106179 0.10536026 0.18571039]

rule8: fly_ash < 12.619
probabilities_array:[0.13455537 0.         0.07167758 0.05300864 0.00562011 0.
 0.         0.22486645 0.5102719 ]

rule73: Negative water - 180.567, fine_aggregate - 775.941
probabilities_array:[0.10117521 0.         0.21135154 0.16577049 0.         0.08594916
 0.         0.07412335 0.3616303 ]

rule38: Positive cement - 278.913, superplasticizer - 6.361
probabilities_array:[8.4034249e-02 9.7975247e-02 1.5367950e-01 1.8539850e-04 1.1178397e-01
 0.0000000e+00 1.2311900e-01 1.2438419e-01 3.0483842e-01]

rule63: Negative fly_ash - 56.231, coarse_aggregate - 976.200
probabilities_array:[0.08228584 0.15457948 0.19306706 0.         0.0261367  0.16969104
 0.         0.07499668 0.29924312]

rule59: Negative fly_ash - 56.231, water - 180.567
probabilities_array:[0.05988088 0.28142175 0.17370144 0.         0.00104172 0.00352198
 0.28439254 0.         0.19603968]

rule54: Positive blast_furnace_slag - 71.485, fine_aggregate - 775.941
probabilities_array:[6.34244904e-02 0.00000000e+00 1.17250726e-01 1.42750874e-01
 7.46559090e-06 0.00000000e+00 1.89331308e-01 2.24139661e-01
 2.63095558e-01]

rule64: Positive fly_ash - 56.231, fine_aggregate - 775.941
probabilities_array:[0.0603632  0.01079407 0.02225707 0.         0.24048398 0.00905448
 0.2430878  0.09889551 0.3150639 ]

rule58: Positive fly_ash - 56.231, water - 180.567
probabilities_array:[0.07279413 0.         0.         0.16461349 0.01603551 0.08225844
 0.         0.21385835 0.45044014]


---1---
rule15: water > 194.820
probabilities_array:[0.2656519  0.28225908 0.01465072 0.23895286 0.         0.06721504
 0.         0.         0.1312704 ]

rule59: Negative fly_ash - 56.231, water - 180.567
probabilities_array:[0.05988088 0.28142175 0.17370144 0.         0.00104172 0.00352198
 0.28439254 0.         0.19603968]

rule11: fly_ash > 99.842
probabilities_array:[0.23749344 0.24810253 0.15410106 0.03258268 0.15035619 0.
 0.08007133 0.         0.0972928 ]

rule0: cement < 209.839
probabilities_array:[0.2536875  0.26854154 0.246917   0.03279371 0.00628461 0.
 0.00045061 0.         0.19132501]

rule9: 12.619 < fly_ash < 56.231
probabilities_array:[0.24453577 0.24453858 0.         0.02973397 0.00315526 0.
 0.2643571  0.09453455 0.1191448 ]

rule29: 4.478 < age < 45.645
probabilities_array:[0.         0.23338538 0.24905665 0.23051175 0.05133503 0.04008933
 0.         0.10467088 0.09095097]

rule86: Positive fine_aggregate - 775.941, age - 45.645
probabilities_array:[0.01391045 0.2241421  0.03681221 0.10418548 0.2580588  0.14485502
 0.         0.04942894 0.16860694]

rule44: Positive cement - 278.913, age - 45.645
probabilities_array:[0.29650384 0.28102484 0.01637641 0.         0.         0.
 0.         0.00261073 0.40348414]

rule72: Positive water - 180.567, fine_aggregate - 775.941
probabilities_array:[0.00821015 0.24360853 0.         0.         0.17617476 0.01105679
 0.12681244 0.10424714 0.32989022]

rule46: Positive blast_furnace_slag - 71.485, fly_ash - 56.231
probabilities_array:[0.01327937 0.22715844 0.16822168 0.02191382 0.         0.
 0.2872293  0.         0.28219748]

rule4: blast_furnace_slag < 13.759
probabilities_array:[0.19909097 0.19022025 0.00037013 0.04795    0.22993574 0.13852544
 0.         0.02152452 0.17238295]

rule16: superplasticizer < 2.391
probabilities_array:[0.22617705 0.20328878 0.10090419 0.00042048 0.15221566 0.0826147
 0.         0.         0.23437917]

rule22: 976.200 < coarse_aggregate < 1028.692
probabilities_array:[0.         0.16603515 0.15338993 0.12020807 0.29133144 0.02701489
 0.13523683 0.         0.10678374]

rule25: 723.369 < fine_aggregate < 775.941
probabilities_array:[0.16881587 0.16838384 0.         0.24624686 0.         0.
 0.09010843 0.19015063 0.13629447]

rule28: age < 4.478
probabilities_array:[0.35447195 0.23904964 0.         0.         0.01346782 0.
 0.         0.         0.39301062]

rule80: Positive superplasticizer - 6.361, age - 45.645
probabilities_array:[0.2044504  0.18519385 0.06821372 0.         0.         0.
 0.06102304 0.24702658 0.23409238]

rule32: Positive cement - 278.913, blast_furnace_slag - 71.485
probabilities_array:[0.21706308 0.19143435 0.01275286 0.         0.         0.20447044
 0.04318659 0.05623508 0.27485755]

rule78: Positive superplasticizer - 6.361, fine_aggregate - 775.941
probabilities_array:[0.02448712 0.1831612  0.         0.05740735 0.01982381 0.05867796
 0.21001467 0.16829085 0.27813706]

rule71: Negative water - 180.567, coarse_aggregate - 976.200
probabilities_array:[0.00000000e+00 1.80529684e-01 1.90420836e-01 1.52208701e-01
 1.06677674e-02 2.55854247e-04 4.16723639e-02 1.15609564e-01
 3.08635294e-01]

rule76: Positive superplasticizer - 6.361, coarse_aggregate - 976.200
probabilities_array:[0.19321357 0.19485521 0.         0.03306666 0.         0.09568594
 0.10829414 0.00980663 0.36507794]

rule85: Negative coarse_aggregate - 976.200, age - 45.645
probabilities_array:[0.08098986 0.1475247  0.22375797 0.199792   0.         0.00580298
 0.05106179 0.10536026 0.18571039]

rule56: Positive blast_furnace_slag - 71.485, age - 45.645
probabilities_array:[0.24245276 0.21873519 0.         0.         0.         0.01309765
 0.00482331 0.06430307 0.4565881 ]

rule75: Negative water - 180.567, age - 45.645
probabilities_array:[0.1899655  0.13239883 0.05442866 0.20748241 0.         0.00062952
 0.02848727 0.2350183  0.15158947]

rule6: 71.485 < blast_furnace_slag < 129.211
probabilities_array:[0.02856231 0.146084   0.         0.06510756 0.         0.13203469
 0.33147174 0.06343353 0.23330615]

rule63: Negative fly_ash - 56.231, coarse_aggregate - 976.200
probabilities_array:[0.08228584 0.15457948 0.19306706 0.         0.0261367  0.16969104
 0.         0.07499668 0.29924312]

rule55: Negative blast_furnace_slag - 71.485, fine_aggregate - 775.941
probabilities_array:[1.23349614e-01 1.58498168e-01 1.47467935e-02 1.19875636e-04
 2.09387287e-01 1.14670545e-01 1.88983753e-02 0.00000000e+00
 3.60329270e-01]

rule19: superplasticizer > 10.330
probabilities_array:[0.         0.11798499 0.         0.15164936 0.01713254 0.
 0.2731343  0.23551565 0.20458315]

rule50: Positive blast_furnace_slag - 71.485, superplasticizer - 6.361
probabilities_array:[0.01861036 0.16536969 0.18899103 0.01099171 0.         0.00518486
 0.03161259 0.10660135 0.4726383 ]

rule14: 180.567 < water < 194.820
probabilities_array:[0.17051795 0.09653233 0.17804343 0.05162668 0.13309711 0.2191012
 0.         0.         0.15108125]

rule2: 278.913 < cement < 347.988
probabilities_array:[0.         0.10784686 0.         0.         0.28408128 0.03122658
 0.31724942 0.         0.25959587]

rule83: Negative coarse_aggregate - 976.200, fine_aggregate - 775.941
probabilities_array:[0.10160667 0.10510343 0.08362041 0.12742552 0.00406647 0.001698
 0.2332341  0.         0.3432454 ]

rule38: Positive cement - 278.913, superplasticizer - 6.361
probabilities_array:[8.4034249e-02 9.7975247e-02 1.5367950e-01 1.8539850e-04 1.1178397e-01
 0.0000000e+00 1.2311900e-01 1.2438419e-01 3.0483842e-01]

rule41: Negative cement - 278.913, coarse_aggregate - 976.200
probabilities_array:[0.01495655 0.08117411 0.         0.05678381 0.29335707 0.23676145
 0.00032611 0.1172227  0.1994182 ]

rule66: Positive fly_ash - 56.231, age - 45.645
probabilities_array:[0.23250279 0.08825379 0.         0.         0.         0.16962136
 0.2222513  0.02095562 0.26641515]

rule37: Negative cement - 278.913, water - 180.567
probabilities_array:[0.14495938 0.10367893 0.13546602 0.         0.00100486 0.03454247
 0.         0.17099653 0.4093518 ]

rule43: Negative cement - 278.913, fine_aggregate - 775.941
probabilities_array:[0.00716685 0.07420642 0.26508456 0.15619774 0.         0.
 0.03846481 0.19722289 0.26165667]

rule34: Positive cement - 278.913, fly_ash - 56.231
probabilities_array:[0.12442961 0.0877688  0.         0.01894729 0.21472146 0.08957767
 0.08311242 0.         0.3814427 ]

rule68: Positive water - 180.567, superplasticizer - 6.361
probabilities_array:[0.23144305 0.06811898 0.07376521 0.03303789 0.         0.
 0.08737117 0.16588372 0.34038   ]

rule26: 775.941 < fine_aggregate < 828.513
probabilities_array:[0.11620457 0.05359384 0.04513607 0.26160365 0.10354105 0.21688068
 0.         0.0302591  0.17278108]

rule1: 209.839 < cement < 278.913
probabilities_array:[0.         0.05380148 0.05230333 0.25064668 0.0223575  0.28074086
 0.1321867  0.00574074 0.20222273]


---2---
rule29: 4.478 < age < 45.645
probabilities_array:[0.         0.23338538 0.24905665 0.23051175 0.05133503 0.04008933
 0.         0.10467088 0.09095097]

rule27: fine_aggregate > 828.513
probabilities_array:[0.17728217 0.01536028 0.289468   0.18197137 0.04555476 0.00106539
 0.         0.         0.28929803]

rule0: cement < 209.839
probabilities_array:[0.2536875  0.26854154 0.246917   0.03279371 0.00628461 0.
 0.00045061 0.         0.19132501]

rule21: 923.708 < coarse_aggregate < 976.200
probabilities_array:[0.         0.04277847 0.24979757 0.00579695 0.24645747 0.09432644
 0.14466497 0.         0.2161781 ]

rule43: Negative cement - 278.913, fine_aggregate - 775.941
probabilities_array:[0.00716685 0.07420642 0.26508456 0.15619774 0.         0.
 0.03846481 0.19722289 0.26165667]

rule85: Negative coarse_aggregate - 976.200, age - 45.645
probabilities_array:[0.08098986 0.1475247  0.22375797 0.199792   0.         0.00580298
 0.05106179 0.10536026 0.18571039]

rule17: 2.391 < superplasticizer < 6.361
probabilities_array:[0.0000000e+00 1.1377957e-03 2.3054972e-01 1.9715859e-01 5.6560799e-02
 2.2873966e-01 7.3217931e-03 1.5884863e-04 2.7837265e-01]

rule7: blast_furnace_slag > 129.211
probabilities_array:[0.         0.         0.23473087 0.21241675 0.03656678 0.06347501
 0.         0.14121714 0.3115934 ]

rule18: 6.361 < superplasticizer < 10.330
probabilities_array:[0.         0.         0.19694959 0.00605241 0.00240255 0.2562976
 0.20099688 0.15640461 0.1808964 ]

rule14: 180.567 < water < 194.820
probabilities_array:[0.17051795 0.09653233 0.17804343 0.05162668 0.13309711 0.2191012
 0.         0.         0.15108125]

rule59: Negative fly_ash - 56.231, water - 180.567
probabilities_array:[0.05988088 0.28142175 0.17370144 0.         0.00104172 0.00352198
 0.28439254 0.         0.19603968]

rule11: fly_ash > 99.842
probabilities_array:[0.23749344 0.24810253 0.15410106 0.03258268 0.15035619 0.
 0.08007133 0.         0.0972928 ]

rule22: 976.200 < coarse_aggregate < 1028.692
probabilities_array:[0.         0.16603515 0.15338993 0.12020807 0.29133144 0.02701489
 0.13523683 0.         0.10678374]

rule63: Negative fly_ash - 56.231, coarse_aggregate - 976.200
probabilities_array:[0.08228584 0.15457948 0.19306706 0.         0.0261367  0.16969104
 0.         0.07499668 0.29924312]

rule73: Negative water - 180.567, fine_aggregate - 775.941
probabilities_array:[0.10117521 0.         0.21135154 0.16577049 0.         0.08594916
 0.         0.07412335 0.3616303 ]

rule71: Negative water - 180.567, coarse_aggregate - 976.200
probabilities_array:[0.00000000e+00 1.80529684e-01 1.90420836e-01 1.52208701e-01
 1.06677674e-02 2.55854247e-04 4.16723639e-02 1.15609564e-01
 3.08635294e-01]

rule40: Positive cement - 278.913, coarse_aggregate - 976.200
probabilities_array:[0.16394585 0.02725925 0.24243142 0.         0.         0.
 0.07019591 0.00098137 0.4951862 ]

rule57: Negative blast_furnace_slag - 71.485, age - 45.645
probabilities_array:[0.         0.00227788 0.1351648  0.17824978 0.20998345 0.08808099
 0.16847324 0.11431223 0.10345766]

rule46: Positive blast_furnace_slag - 71.485, fly_ash - 56.231
probabilities_array:[0.01327937 0.22715844 0.16822168 0.02191382 0.         0.
 0.2872293  0.         0.28219748]

rule49: Negative blast_furnace_slag - 71.485, water - 180.567
probabilities_array:[0.16084549 0.03061936 0.16304609 0.22583142 0.00318242 0.1228627
 0.02564189 0.         0.2679707 ]

rule79: Negative superplasticizer - 6.361, fine_aggregate - 775.941
probabilities_array:[0.1406574  0.         0.23691303 0.         0.07093312 0.03381938
 0.         0.01750141 0.5001757 ]

rule52: Positive blast_furnace_slag - 71.485, coarse_aggregate - 976.200
probabilities_array:[0.16702057 0.05717693 0.19543585 0.         0.         0.
 0.11234561 0.02581466 0.44220635]

rule38: Positive cement - 278.913, superplasticizer - 6.361
probabilities_array:[8.4034249e-02 9.7975247e-02 1.5367950e-01 1.8539850e-04 1.1178397e-01
 0.0000000e+00 1.2311900e-01 1.2438419e-01 3.0483842e-01]

rule35: Negative cement - 278.913, fly_ash - 56.231
probabilities_array:[0.0065433  0.01666461 0.19616961 0.03768547 0.         0.04585974
 0.01158527 0.19591103 0.48958096]

rule50: Positive blast_furnace_slag - 71.485, superplasticizer - 6.361
probabilities_array:[0.01861036 0.16536969 0.18899103 0.01099171 0.         0.00518486
 0.03161259 0.10660135 0.4726383 ]

rule67: Negative fly_ash - 56.231, age - 45.645
probabilities_array:[0.         0.01564507 0.13757463 0.16507722 0.22221556 0.
 0.         0.17121929 0.28826824]

rule54: Positive blast_furnace_slag - 71.485, fine_aggregate - 775.941
probabilities_array:[6.34244904e-02 0.00000000e+00 1.17250726e-01 1.42750874e-01
 7.46559090e-06 0.00000000e+00 1.89331308e-01 2.24139661e-01
 2.63095558e-01]

rule33: Negative cement - 278.913, blast_furnace_slag - 71.485
probabilities_array:[0.         0.         0.13419737 0.14699319 0.2654657  0.
 0.05709701 0.03943285 0.35681388]

rule65: Negative fly_ash - 56.231, fine_aggregate - 775.941
probabilities_array:[0.09075198 0.05224694 0.11247937 0.23923449 0.         0.14327909
 0.         0.0984504  0.26355776]

rule45: Negative cement - 278.913, age - 45.645
probabilities_array:[0.         0.         0.08527735 0.13555273 0.19149631 0.16950223
 0.21312623 0.14438066 0.06066439]

rule37: Negative cement - 278.913, water - 180.567
probabilities_array:[0.14495938 0.10367893 0.13546602 0.         0.00100486 0.03454247
 0.         0.17099653 0.4093518 ]

rule16: superplasticizer < 2.391
probabilities_array:[0.22617705 0.20328878 0.10090419 0.00042048 0.15221566 0.0826147
 0.         0.         0.23437917]

rule77: Negative superplasticizer - 6.361, coarse_aggregate - 976.200
probabilities_array:[0.         0.00208264 0.1839289  0.         0.01431276 0.
 0.02688597 0.16909195 0.6036978 ]

rule83: Negative coarse_aggregate - 976.200, fine_aggregate - 775.941
probabilities_array:[0.10160667 0.10510343 0.08362041 0.12742552 0.00406647 0.001698
 0.2332341  0.         0.3432454 ]

rule80: Positive superplasticizer - 6.361, age - 45.645
probabilities_array:[0.2044504  0.18519385 0.06821372 0.         0.         0.
 0.06102304 0.24702658 0.23409238]

rule68: Positive water - 180.567, superplasticizer - 6.361
probabilities_array:[0.23144305 0.06811898 0.07376521 0.03303789 0.         0.
 0.08737117 0.16588372 0.34038   ]

rule75: Negative water - 180.567, age - 45.645
probabilities_array:[0.1899655  0.13239883 0.05442866 0.20748241 0.         0.00062952
 0.02848727 0.2350183  0.15158947]

rule1: 209.839 < cement < 278.913
probabilities_array:[0.         0.05380148 0.05230333 0.25064668 0.0223575  0.28074086
 0.1321867  0.00574074 0.20222273]

rule23: coarse_aggregate > 1028.692
probabilities_array:[0.28416413 0.04376824 0.05907398 0.         0.         0.05221723
 0.         0.26036867 0.30040783]


---3---
rule60: Positive fly_ash - 56.231, superplasticizer - 6.361
probabilities_array:[0.2052727  0.         0.02201854 0.27628568 0.00804247 0.1193058
 0.1550039  0.         0.2140709 ]

rule26: 775.941 < fine_aggregate < 828.513
probabilities_array:[0.11620457 0.05359384 0.04513607 0.26160365 0.10354105 0.21688068
 0.         0.0302591  0.17278108]

rule25: 723.369 < fine_aggregate < 775.941
probabilities_array:[0.16881587 0.16838384 0.         0.24624686 0.         0.
 0.09010843 0.19015063 0.13629447]

rule29: 4.478 < age < 45.645
probabilities_array:[0.         0.23338538 0.24905665 0.23051175 0.05133503 0.04008933
 0.         0.10467088 0.09095097]

rule15: water > 194.820
probabilities_array:[0.2656519  0.28225908 0.01465072 0.23895286 0.         0.06721504
 0.         0.         0.1312704 ]

rule1: 209.839 < cement < 278.913
probabilities_array:[0.         0.05380148 0.05230333 0.25064668 0.0223575  0.28074086
 0.1321867  0.00574074 0.20222273]

rule81: Negative superplasticizer - 6.361, age - 45.645
probabilities_array:[0.         0.         0.01248447 0.2545752  0.25300616 0.23859423
 0.02197854 0.         0.21936142]

rule65: Negative fly_ash - 56.231, fine_aggregate - 775.941
probabilities_array:[0.09075198 0.05224694 0.11247937 0.23923449 0.         0.14327909
 0.         0.0984504  0.26355776]

rule75: Negative water - 180.567, age - 45.645
probabilities_array:[0.1899655  0.13239883 0.05442866 0.20748241 0.         0.00062952
 0.02848727 0.2350183  0.15158947]

rule49: Negative blast_furnace_slag - 71.485, water - 180.567
probabilities_array:[0.16084549 0.03061936 0.16304609 0.22583142 0.00318242 0.1228627
 0.02564189 0.         0.2679707 ]

rule85: Negative coarse_aggregate - 976.200, age - 45.645
probabilities_array:[0.08098986 0.1475247  0.22375797 0.199792   0.         0.00580298
 0.05106179 0.10536026 0.18571039]

rule57: Negative blast_furnace_slag - 71.485, age - 45.645
probabilities_array:[0.         0.00227788 0.1351648  0.17824978 0.20998345 0.08808099
 0.16847324 0.11431223 0.10345766]

rule20: coarse_aggregate < 923.708
probabilities_array:[0.04303753 0.01156852 0.         0.22007759 0.         0.13410816
 0.0834333  0.18538149 0.32239336]

rule7: blast_furnace_slag > 129.211
probabilities_array:[0.         0.         0.23473087 0.21241675 0.03656678 0.06347501
 0.         0.14121714 0.3115934 ]

rule17: 2.391 < superplasticizer < 6.361
probabilities_array:[0.0000000e+00 1.1377957e-03 2.3054972e-01 1.9715859e-01 5.6560799e-02
 2.2873966e-01 7.3217931e-03 1.5884863e-04 2.7837265e-01]

rule62: Positive fly_ash - 56.231, coarse_aggregate - 976.200
probabilities_array:[0.12235665 0.         0.0011658  0.22013283 0.01490994 0.
 0.24612148 0.03338389 0.36192948]

rule27: fine_aggregate > 828.513
probabilities_array:[0.17728217 0.01536028 0.289468   0.18197137 0.04555476 0.00106539
 0.         0.         0.28929803]

rule45: Negative cement - 278.913, age - 45.645
probabilities_array:[0.         0.         0.08527735 0.13555273 0.19149631 0.16950223
 0.21312623 0.14438066 0.06066439]

rule36: Positive cement - 278.913, water - 180.567
probabilities_array:[0.01908661 0.         0.         0.19759402 0.16559392 0.02878207
 0.21313837 0.00087998 0.37492505]

rule19: superplasticizer > 10.330
probabilities_array:[0.         0.11798499 0.         0.15164936 0.01713254 0.
 0.2731343  0.23551565 0.20458315]

rule67: Negative fly_ash - 56.231, age - 45.645
probabilities_array:[0.         0.01564507 0.13757463 0.16507722 0.22221556 0.
 0.         0.17121929 0.28826824]

rule43: Negative cement - 278.913, fine_aggregate - 775.941
probabilities_array:[0.00716685 0.07420642 0.26508456 0.15619774 0.         0.
 0.03846481 0.19722289 0.26165667]

rule22: 976.200 < coarse_aggregate < 1028.692
probabilities_array:[0.         0.16603515 0.15338993 0.12020807 0.29133144 0.02701489
 0.13523683 0.         0.10678374]

rule73: Negative water - 180.567, fine_aggregate - 775.941
probabilities_array:[0.10117521 0.         0.21135154 0.16577049 0.         0.08594916
 0.         0.07412335 0.3616303 ]

rule71: Negative water - 180.567, coarse_aggregate - 976.200
probabilities_array:[0.00000000e+00 1.80529684e-01 1.90420836e-01 1.52208701e-01
 1.06677674e-02 2.55854247e-04 4.16723639e-02 1.15609564e-01
 3.08635294e-01]

rule54: Positive blast_furnace_slag - 71.485, fine_aggregate - 775.941
probabilities_array:[6.34244904e-02 0.00000000e+00 1.17250726e-01 1.42750874e-01
 7.46559090e-06 0.00000000e+00 1.89331308e-01 2.24139661e-01
 2.63095558e-01]

rule33: Negative cement - 278.913, blast_furnace_slag - 71.485
probabilities_array:[0.         0.         0.13419737 0.14699319 0.2654657  0.
 0.05709701 0.03943285 0.35681388]

rule58: Positive fly_ash - 56.231, water - 180.567
probabilities_array:[0.07279413 0.         0.         0.16461349 0.01603551 0.08225844
 0.         0.21385835 0.45044014]

rule39: Negative cement - 278.913, superplasticizer - 6.361
probabilities_array:[0.05055506 0.         0.         0.17563081 0.         0.2614311
 0.         0.00571672 0.5066664 ]

rule86: Positive fine_aggregate - 775.941, age - 45.645
probabilities_array:[0.01391045 0.2241421  0.03681221 0.10418548 0.2580588  0.14485502
 0.         0.04942894 0.16860694]

rule83: Negative coarse_aggregate - 976.200, fine_aggregate - 775.941
probabilities_array:[0.10160667 0.10510343 0.08362041 0.12742552 0.00406647 0.001698
 0.2332341  0.         0.3432454 ]

rule51: Negative blast_furnace_slag - 71.485, superplasticizer - 6.361
probabilities_array:[0.1902652  0.         0.         0.12142713 0.02306983 0.12644167
 0.11922741 0.03522606 0.3843427 ]

rule6: 71.485 < blast_furnace_slag < 129.211
probabilities_array:[0.02856231 0.146084   0.         0.06510756 0.         0.13203469
 0.33147174 0.06343353 0.23330615]

rule41: Negative cement - 278.913, coarse_aggregate - 976.200
probabilities_array:[0.01495655 0.08117411 0.         0.05678381 0.29335707 0.23676145
 0.00032611 0.1172227  0.1994182 ]

rule53: Negative blast_furnace_slag - 71.485, coarse_aggregate - 976.200
probabilities_array:[0.00092088 0.00486515 0.         0.10596576 0.01719727 0.14680035
 0.04044185 0.09789065 0.585918  ]

rule14: 180.567 < water < 194.820
probabilities_array:[0.17051795 0.09653233 0.17804343 0.05162668 0.13309711 0.2191012
 0.         0.         0.15108125]

rule78: Positive superplasticizer - 6.361, fine_aggregate - 775.941
probabilities_array:[0.02448712 0.1831612  0.         0.05740735 0.01982381 0.05867796
 0.21001467 0.16829085 0.27813706]


---4---
rule22: 976.200 < coarse_aggregate < 1028.692
probabilities_array:[0.         0.16603515 0.15338993 0.12020807 0.29133144 0.02701489
 0.13523683 0.         0.10678374]

rule41: Negative cement - 278.913, coarse_aggregate - 976.200
probabilities_array:[0.01495655 0.08117411 0.         0.05678381 0.29335707 0.23676145
 0.00032611 0.1172227  0.1994182 ]

rule86: Positive fine_aggregate - 775.941, age - 45.645
probabilities_array:[0.01391045 0.2241421  0.03681221 0.10418548 0.2580588  0.14485502
 0.         0.04942894 0.16860694]

rule47: Negative blast_furnace_slag - 71.485, fly_ash - 56.231
probabilities_array:[0.2038944  0.         0.01703455 0.         0.28278556 0.11624551
 0.         0.13618053 0.2438595 ]

rule2: 278.913 < cement < 347.988
probabilities_array:[0.         0.10784686 0.         0.         0.28408128 0.03122658
 0.31724942 0.         0.25959587]

rule81: Negative superplasticizer - 6.361, age - 45.645
probabilities_array:[0.         0.         0.01248447 0.2545752  0.25300616 0.23859423
 0.02197854 0.         0.21936142]

rule21: 923.708 < coarse_aggregate < 976.200
probabilities_array:[0.         0.04277847 0.24979757 0.00579695 0.24645747 0.09432644
 0.14466497 0.         0.2161781 ]

rule4: blast_furnace_slag < 13.759
probabilities_array:[0.19909097 0.19022025 0.00037013 0.04795    0.22993574 0.13852544
 0.         0.02152452 0.17238295]

rule57: Negative blast_furnace_slag - 71.485, age - 45.645
probabilities_array:[0.         0.00227788 0.1351648  0.17824978 0.20998345 0.08808099
 0.16847324 0.11431223 0.10345766]

rule45: Negative cement - 278.913, age - 45.645
probabilities_array:[0.         0.         0.08527735 0.13555273 0.19149631 0.16950223
 0.21312623 0.14438066 0.06066439]

rule33: Negative cement - 278.913, blast_furnace_slag - 71.485
probabilities_array:[0.         0.         0.13419737 0.14699319 0.2654657  0.
 0.05709701 0.03943285 0.35681388]

rule69: Negative water - 180.567, superplasticizer - 6.361
probabilities_array:[0.         0.04968775 0.013148   0.01415047 0.27964732 0.16579066
 0.01505234 0.05338344 0.40914002]

rule64: Positive fly_ash - 56.231, fine_aggregate - 775.941
probabilities_array:[0.0603632  0.01079407 0.02225707 0.         0.24048398 0.00905448
 0.2430878  0.09889551 0.3150639 ]

rule67: Negative fly_ash - 56.231, age - 45.645
probabilities_array:[0.         0.01564507 0.13757463 0.16507722 0.22221556 0.
 0.         0.17121929 0.28826824]

rule74: Positive water - 180.567, age - 45.645
probabilities_array:[0.         0.         0.05983279 0.         0.24119787 0.25219932
 0.09581586 0.00140268 0.34955144]

rule12: water < 166.314
probabilities_array:[0.         0.01844683 0.         0.         0.20851731 0.
 0.2594864  0.24483654 0.26871282]

rule11: fly_ash > 99.842
probabilities_array:[0.23749344 0.24810253 0.15410106 0.03258268 0.15035619 0.
 0.08007133 0.         0.0972928 ]

rule55: Negative blast_furnace_slag - 71.485, fine_aggregate - 775.941
probabilities_array:[1.23349614e-01 1.58498168e-01 1.47467935e-02 1.19875636e-04
 2.09387287e-01 1.14670545e-01 1.88983753e-02 0.00000000e+00
 3.60329270e-01]

rule34: Positive cement - 278.913, fly_ash - 56.231
probabilities_array:[0.12442961 0.0877688  0.         0.01894729 0.21472146 0.08957767
 0.08311242 0.         0.3814427 ]

rule42: Positive cement - 278.913, fine_aggregate - 775.941
probabilities_array:[0.12610827 0.         0.         0.         0.21095231 0.1665997
 0.12334899 0.00193834 0.37105235]

rule72: Positive water - 180.567, fine_aggregate - 775.941
probabilities_array:[0.00821015 0.24360853 0.         0.         0.17617476 0.01105679
 0.12681244 0.10424714 0.32989022]

rule16: superplasticizer < 2.391
probabilities_array:[0.22617705 0.20328878 0.10090419 0.00042048 0.15221566 0.0826147
 0.         0.         0.23437917]

rule14: 180.567 < water < 194.820
probabilities_array:[0.17051795 0.09653233 0.17804343 0.05162668 0.13309711 0.2191012
 0.         0.         0.15108125]

rule84: Positive coarse_aggregate - 976.200, age - 45.645
probabilities_array:[0.06326602 0.00059745 0.         0.         0.21336782 0.18098566
 0.05733791 0.01342745 0.47101778]

rule36: Positive cement - 278.913, water - 180.567
probabilities_array:[0.01908661 0.         0.         0.19759402 0.16559392 0.02878207
 0.21313837 0.00087998 0.37492505]

rule30: 45.645 < age < 86.812
probabilities_array:[0.         0.         0.         0.         0.14473853 0.
 0.27386907 0.25098172 0.33041066]

rule26: 775.941 < fine_aggregate < 828.513
probabilities_array:[0.11620457 0.05359384 0.04513607 0.26160365 0.10354105 0.21688068
 0.         0.0302591  0.17278108]

rule24: fine_aggregate < 723.369
probabilities_array:[0.         0.         0.         0.         0.09536386 0.2820041
 0.29429528 0.186089   0.14224768]

rule38: Positive cement - 278.913, superplasticizer - 6.361
probabilities_array:[8.4034249e-02 9.7975247e-02 1.5367950e-01 1.8539850e-04 1.1178397e-01
 0.0000000e+00 1.2311900e-01 1.2438419e-01 3.0483842e-01]

rule29: 4.478 < age < 45.645
probabilities_array:[0.         0.23338538 0.24905665 0.23051175 0.05133503 0.04008933
 0.         0.10467088 0.09095097]

rule17: 2.391 < superplasticizer < 6.361
probabilities_array:[0.0000000e+00 1.1377957e-03 2.3054972e-01 1.9715859e-01 5.6560799e-02
 2.2873966e-01 7.3217931e-03 1.5884863e-04 2.7837265e-01]


---5---
rule24: fine_aggregate < 723.369
probabilities_array:[0.         0.         0.         0.         0.09536386 0.2820041
 0.29429528 0.186089   0.14224768]

rule31: age > 86.812
probabilities_array:[0.         0.         0.         0.         0.         0.2846639
 0.2968001  0.22406831 0.19446771]

rule1: 209.839 < cement < 278.913
probabilities_array:[0.         0.05380148 0.05230333 0.25064668 0.0223575  0.28074086
 0.1321867  0.00574074 0.20222273]

rule18: 6.361 < superplasticizer < 10.330
probabilities_array:[0.         0.         0.19694959 0.00605241 0.00240255 0.2562976
 0.20099688 0.15640461 0.1808964 ]

rule10: 56.231 < fly_ash < 99.842
probabilities_array:[0.        0.        0.        0.        0.        0.3119817 0.3230282
 0.        0.3649901]

rule41: Negative cement - 278.913, coarse_aggregate - 976.200
probabilities_array:[0.01495655 0.08117411 0.         0.05678381 0.29335707 0.23676145
 0.00032611 0.1172227  0.1994182 ]

rule81: Negative superplasticizer - 6.361, age - 45.645
probabilities_array:[0.         0.         0.01248447 0.2545752  0.25300616 0.23859423
 0.02197854 0.         0.21936142]

rule14: 180.567 < water < 194.820
probabilities_array:[0.17051795 0.09653233 0.17804343 0.05162668 0.13309711 0.2191012
 0.         0.         0.15108125]

rule26: 775.941 < fine_aggregate < 828.513
probabilities_array:[0.11620457 0.05359384 0.04513607 0.26160365 0.10354105 0.21688068
 0.         0.0302591  0.17278108]

rule17: 2.391 < superplasticizer < 6.361
probabilities_array:[0.0000000e+00 1.1377957e-03 2.3054972e-01 1.9715859e-01 5.6560799e-02
 2.2873966e-01 7.3217931e-03 1.5884863e-04 2.7837265e-01]

rule74: Positive water - 180.567, age - 45.645
probabilities_array:[0.         0.         0.05983279 0.         0.24119787 0.25219932
 0.09581586 0.00140268 0.34955144]

rule3: cement > 347.988
probabilities_array:[0.         0.         0.         0.         0.         0.26955608
 0.05667453 0.270644   0.40312535]

rule45: Negative cement - 278.913, age - 45.645
probabilities_array:[0.         0.         0.08527735 0.13555273 0.19149631 0.16950223
 0.21312623 0.14438066 0.06066439]

rule32: Positive cement - 278.913, blast_furnace_slag - 71.485
probabilities_array:[0.21706308 0.19143435 0.01275286 0.         0.         0.20447044
 0.04318659 0.05623508 0.27485755]

rule70: Positive water - 180.567, coarse_aggregate - 976.200
probabilities_array:[0.22689678 0.         0.         0.         0.00563703 0.26131555
 0.05365298 0.         0.4524977 ]

rule13: 166.314 < water < 180.567
probabilities_array:[0.10279715 0.         0.0122322  0.         0.         0.18589287
 0.2788087  0.11744565 0.30282333]

rule39: Negative cement - 278.913, superplasticizer - 6.361
probabilities_array:[0.05055506 0.         0.         0.17563081 0.         0.2614311
 0.         0.00571672 0.5066664 ]

rule66: Positive fly_ash - 56.231, age - 45.645
probabilities_array:[0.23250279 0.08825379 0.         0.         0.         0.16962136
 0.2222513  0.02095562 0.26641515]

rule86: Positive fine_aggregate - 775.941, age - 45.645
probabilities_array:[0.01391045 0.2241421  0.03681221 0.10418548 0.2580588  0.14485502
 0.         0.04942894 0.16860694]

rule63: Negative fly_ash - 56.231, coarse_aggregate - 976.200
probabilities_array:[0.08228584 0.15457948 0.19306706 0.         0.0261367  0.16969104
 0.         0.07499668 0.29924312]

rule4: blast_furnace_slag < 13.759
probabilities_array:[0.19909097 0.19022025 0.00037013 0.04795    0.22993574 0.13852544
 0.         0.02152452 0.17238295]

rule65: Negative fly_ash - 56.231, fine_aggregate - 775.941
probabilities_array:[0.09075198 0.05224694 0.11247937 0.23923449 0.         0.14327909
 0.         0.0984504  0.26355776]

rule42: Positive cement - 278.913, fine_aggregate - 775.941
probabilities_array:[0.12610827 0.         0.         0.         0.21095231 0.1665997
 0.12334899 0.00193834 0.37105235]

rule82: Positive coarse_aggregate - 976.200, fine_aggregate - 775.941
probabilities_array:[0.06646803 0.         0.01526625 0.         0.05888407 0.19135484
 0.00753354 0.20278516 0.45770806]

rule6: 71.485 < blast_furnace_slag < 129.211
probabilities_array:[0.02856231 0.146084   0.         0.06510756 0.         0.13203469
 0.33147174 0.06343353 0.23330615]

rule69: Negative water - 180.567, superplasticizer - 6.361
probabilities_array:[0.         0.04968775 0.013148   0.01415047 0.27964732 0.16579066
 0.01505234 0.05338344 0.40914002]

rule84: Positive coarse_aggregate - 976.200, age - 45.645
probabilities_array:[0.06326602 0.00059745 0.         0.         0.21336782 0.18098566
 0.05733791 0.01342745 0.47101778]

rule60: Positive fly_ash - 56.231, superplasticizer - 6.361
probabilities_array:[0.2052727  0.         0.02201854 0.27628568 0.00804247 0.1193058
 0.1550039  0.         0.2140709 ]

rule20: coarse_aggregate < 923.708
probabilities_array:[0.04303753 0.01156852 0.         0.22007759 0.         0.13410816
 0.0834333  0.18538149 0.32239336]

rule49: Negative blast_furnace_slag - 71.485, water - 180.567
probabilities_array:[0.16084549 0.03061936 0.16304609 0.22583142 0.00318242 0.1228627
 0.02564189 0.         0.2679707 ]

rule47: Negative blast_furnace_slag - 71.485, fly_ash - 56.231
probabilities_array:[0.2038944  0.         0.01703455 0.         0.28278556 0.11624551
 0.         0.13618053 0.2438595 ]

rule57: Negative blast_furnace_slag - 71.485, age - 45.645
probabilities_array:[0.         0.00227788 0.1351648  0.17824978 0.20998345 0.08808099
 0.16847324 0.11431223 0.10345766]

rule51: Negative blast_furnace_slag - 71.485, superplasticizer - 6.361
probabilities_array:[0.1902652  0.         0.         0.12142713 0.02306983 0.12644167
 0.11922741 0.03522606 0.3843427 ]

rule21: 923.708 < coarse_aggregate < 976.200
probabilities_array:[0.         0.04277847 0.24979757 0.00579695 0.24645747 0.09432644
 0.14466497 0.         0.2161781 ]

rule55: Negative blast_furnace_slag - 71.485, fine_aggregate - 775.941
probabilities_array:[1.23349614e-01 1.58498168e-01 1.47467935e-02 1.19875636e-04
 2.09387287e-01 1.14670545e-01 1.88983753e-02 0.00000000e+00
 3.60329270e-01]

rule16: superplasticizer < 2.391
probabilities_array:[0.22617705 0.20328878 0.10090419 0.00042048 0.15221566 0.0826147
 0.         0.         0.23437917]

rule53: Negative blast_furnace_slag - 71.485, coarse_aggregate - 976.200
probabilities_array:[0.00092088 0.00486515 0.         0.10596576 0.01719727 0.14680035
 0.04044185 0.09789065 0.585918  ]

rule76: Positive superplasticizer - 6.361, coarse_aggregate - 976.200
probabilities_array:[0.19321357 0.19485521 0.         0.03306666 0.         0.09568594
 0.10829414 0.00980663 0.36507794]

rule15: water > 194.820
probabilities_array:[0.2656519  0.28225908 0.01465072 0.23895286 0.         0.06721504
 0.         0.         0.1312704 ]

rule34: Positive cement - 278.913, fly_ash - 56.231
probabilities_array:[0.12442961 0.0877688  0.         0.01894729 0.21472146 0.08957767
 0.08311242 0.         0.3814427 ]

rule73: Negative water - 180.567, fine_aggregate - 775.941
probabilities_array:[0.10117521 0.         0.21135154 0.16577049 0.         0.08594916
 0.         0.07412335 0.3616303 ]

rule58: Positive fly_ash - 56.231, water - 180.567
probabilities_array:[0.07279413 0.         0.         0.16461349 0.01603551 0.08225844
 0.         0.21385835 0.45044014]

rule7: blast_furnace_slag > 129.211
probabilities_array:[0.         0.         0.23473087 0.21241675 0.03656678 0.06347501
 0.         0.14121714 0.3115934 ]

rule78: Positive superplasticizer - 6.361, fine_aggregate - 775.941
probabilities_array:[0.02448712 0.1831612  0.         0.05740735 0.01982381 0.05867796
 0.21001467 0.16829085 0.27813706]


---6---
rule6: 71.485 < blast_furnace_slag < 129.211
probabilities_array:[0.02856231 0.146084   0.         0.06510756 0.         0.13203469
 0.33147174 0.06343353 0.23330615]

rule24: fine_aggregate < 723.369
probabilities_array:[0.         0.         0.         0.         0.09536386 0.2820041
 0.29429528 0.186089   0.14224768]

rule31: age > 86.812
probabilities_array:[0.         0.         0.         0.         0.         0.2846639
 0.2968001  0.22406831 0.19446771]

rule2: 278.913 < cement < 347.988
probabilities_array:[0.         0.10784686 0.         0.         0.28408128 0.03122658
 0.31724942 0.         0.25959587]

rule9: 12.619 < fly_ash < 56.231
probabilities_array:[0.24453577 0.24453858 0.         0.02973397 0.00315526 0.
 0.2643571  0.09453455 0.1191448 ]

rule59: Negative fly_ash - 56.231, water - 180.567
probabilities_array:[0.05988088 0.28142175 0.17370144 0.         0.00104172 0.00352198
 0.28439254 0.         0.19603968]

rule19: superplasticizer > 10.330
probabilities_array:[0.         0.11798499 0.         0.15164936 0.01713254 0.
 0.2731343  0.23551565 0.20458315]

rule46: Positive blast_furnace_slag - 71.485, fly_ash - 56.231
probabilities_array:[0.01327937 0.22715844 0.16822168 0.02191382 0.         0.
 0.2872293  0.         0.28219748]

rule10: 56.231 < fly_ash < 99.842
probabilities_array:[0.        0.        0.        0.        0.        0.3119817 0.3230282
 0.        0.3649901]

rule45: Negative cement - 278.913, age - 45.645
probabilities_array:[0.         0.         0.08527735 0.13555273 0.19149631 0.16950223
 0.21312623 0.14438066 0.06066439]

rule13: 166.314 < water < 180.567
probabilities_array:[0.10279715 0.         0.0122322  0.         0.         0.18589287
 0.2788087  0.11744565 0.30282333]

rule12: water < 166.314
probabilities_array:[0.         0.01844683 0.         0.         0.20851731 0.
 0.2594864  0.24483654 0.26871282]

rule87: Negative fine_aggregate - 775.941, age - 45.645
probabilities_array:[0.16157539 0.         0.04804458 0.00752566 0.         0.
 0.3024819  0.09300168 0.38737074]

rule30: 45.645 < age < 86.812
probabilities_array:[0.         0.         0.         0.         0.14473853 0.
 0.27386907 0.25098172 0.33041066]

rule64: Positive fly_ash - 56.231, fine_aggregate - 775.941
probabilities_array:[0.0603632  0.01079407 0.02225707 0.         0.24048398 0.00905448
 0.2430878  0.09889551 0.3150639 ]

rule18: 6.361 < superplasticizer < 10.330
probabilities_array:[0.         0.         0.19694959 0.00605241 0.00240255 0.2562976
 0.20099688 0.15640461 0.1808964 ]

rule5: 13.759 < blast_furnace_slag < 71.485
probabilities_array:[2.5257351e-02 0.0000000e+00 2.1688154e-04 0.0000000e+00 0.0000000e+00
 0.0000000e+00 2.7510974e-01 2.9294538e-01 4.0647069e-01]

rule66: Positive fly_ash - 56.231, age - 45.645
probabilities_array:[0.23250279 0.08825379 0.         0.         0.         0.16962136
 0.2222513  0.02095562 0.26641515]

rule62: Positive fly_ash - 56.231, coarse_aggregate - 976.200
probabilities_array:[0.12235665 0.         0.0011658  0.22013283 0.01490994 0.
 0.24612148 0.03338389 0.36192948]

rule83: Negative coarse_aggregate - 976.200, fine_aggregate - 775.941
probabilities_array:[0.10160667 0.10510343 0.08362041 0.12742552 0.00406647 0.001698
 0.2332341  0.         0.3432454 ]

rule78: Positive superplasticizer - 6.361, fine_aggregate - 775.941
probabilities_array:[0.02448712 0.1831612  0.         0.05740735 0.01982381 0.05867796
 0.21001467 0.16829085 0.27813706]

rule57: Negative blast_furnace_slag - 71.485, age - 45.645
probabilities_array:[0.         0.00227788 0.1351648  0.17824978 0.20998345 0.08808099
 0.16847324 0.11431223 0.10345766]

rule54: Positive blast_furnace_slag - 71.485, fine_aggregate - 775.941
probabilities_array:[6.34244904e-02 0.00000000e+00 1.17250726e-01 1.42750874e-01
 7.46559090e-06 0.00000000e+00 1.89331308e-01 2.24139661e-01
 2.63095558e-01]

rule36: Positive cement - 278.913, water - 180.567
probabilities_array:[0.01908661 0.         0.         0.19759402 0.16559392 0.02878207
 0.21313837 0.00087998 0.37492505]

rule60: Positive fly_ash - 56.231, superplasticizer - 6.361
probabilities_array:[0.2052727  0.         0.02201854 0.27628568 0.00804247 0.1193058
 0.1550039  0.         0.2140709 ]

rule22: 976.200 < coarse_aggregate < 1028.692
probabilities_array:[0.         0.16603515 0.15338993 0.12020807 0.29133144 0.02701489
 0.13523683 0.         0.10678374]

rule21: 923.708 < coarse_aggregate < 976.200
probabilities_array:[0.         0.04277847 0.24979757 0.00579695 0.24645747 0.09432644
 0.14466497 0.         0.2161781 ]

rule1: 209.839 < cement < 278.913
probabilities_array:[0.         0.05380148 0.05230333 0.25064668 0.0223575  0.28074086
 0.1321867  0.00574074 0.20222273]

rule38: Positive cement - 278.913, superplasticizer - 6.361
probabilities_array:[8.4034249e-02 9.7975247e-02 1.5367950e-01 1.8539850e-04 1.1178397e-01
 0.0000000e+00 1.2311900e-01 1.2438419e-01 3.0483842e-01]

rule72: Positive water - 180.567, fine_aggregate - 775.941
probabilities_array:[0.00821015 0.24360853 0.         0.         0.17617476 0.01105679
 0.12681244 0.10424714 0.32989022]

rule25: 723.369 < fine_aggregate < 775.941
probabilities_array:[0.16881587 0.16838384 0.         0.24624686 0.         0.
 0.09010843 0.19015063 0.13629447]

rule42: Positive cement - 278.913, fine_aggregate - 775.941
probabilities_array:[0.12610827 0.         0.         0.         0.21095231 0.1665997
 0.12334899 0.00193834 0.37105235]

rule51: Negative blast_furnace_slag - 71.485, superplasticizer - 6.361
probabilities_array:[0.1902652  0.         0.         0.12142713 0.02306983 0.12644167
 0.11922741 0.03522606 0.3843427 ]

rule11: fly_ash > 99.842
probabilities_array:[0.23749344 0.24810253 0.15410106 0.03258268 0.15035619 0.
 0.08007133 0.         0.0972928 ]

rule76: Positive superplasticizer - 6.361, coarse_aggregate - 976.200
probabilities_array:[0.19321357 0.19485521 0.         0.03306666 0.         0.09568594
 0.10829414 0.00980663 0.36507794]

rule52: Positive blast_furnace_slag - 71.485, coarse_aggregate - 976.200
probabilities_array:[0.16702057 0.05717693 0.19543585 0.         0.         0.
 0.11234561 0.02581466 0.44220635]

rule74: Positive water - 180.567, age - 45.645
probabilities_array:[0.         0.         0.05983279 0.         0.24119787 0.25219932
 0.09581586 0.00140268 0.34955144]

rule48: Positive blast_furnace_slag - 71.485, water - 180.567
probabilities_array:[0.04254783 0.02850797 0.         0.         0.0165506  0.
 0.1477477  0.17093882 0.59370714]

rule68: Positive water - 180.567, superplasticizer - 6.361
probabilities_array:[0.23144305 0.06811898 0.07376521 0.03303789 0.         0.
 0.08737117 0.16588372 0.34038   ]

rule20: coarse_aggregate < 923.708
probabilities_array:[0.04303753 0.01156852 0.         0.22007759 0.         0.13410816
 0.0834333  0.18538149 0.32239336]

rule34: Positive cement - 278.913, fly_ash - 56.231
probabilities_array:[0.12442961 0.0877688  0.         0.01894729 0.21472146 0.08957767
 0.08311242 0.         0.3814427 ]

rule80: Positive superplasticizer - 6.361, age - 45.645
probabilities_array:[0.2044504  0.18519385 0.06821372 0.         0.         0.
 0.06102304 0.24702658 0.23409238]

rule85: Negative coarse_aggregate - 976.200, age - 45.645
probabilities_array:[0.08098986 0.1475247  0.22375797 0.199792   0.         0.00580298
 0.05106179 0.10536026 0.18571039]


---7---
rule75: Negative water - 180.567, age - 45.645
probabilities_array:[0.1899655  0.13239883 0.05442866 0.20748241 0.         0.00062952
 0.02848727 0.2350183  0.15158947]

rule80: Positive superplasticizer - 6.361, age - 45.645
probabilities_array:[0.2044504  0.18519385 0.06821372 0.         0.         0.
 0.06102304 0.24702658 0.23409238]

rule19: superplasticizer > 10.330
probabilities_array:[0.         0.11798499 0.         0.15164936 0.01713254 0.
 0.2731343  0.23551565 0.20458315]

rule23: coarse_aggregate > 1028.692
probabilities_array:[0.28416413 0.04376824 0.05907398 0.         0.         0.05221723
 0.         0.26036867 0.30040783]

rule31: age > 86.812
probabilities_array:[0.         0.         0.         0.         0.         0.2846639
 0.2968001  0.22406831 0.19446771]

rule12: water < 166.314
probabilities_array:[0.         0.01844683 0.         0.         0.20851731 0.
 0.2594864  0.24483654 0.26871282]

rule5: 13.759 < blast_furnace_slag < 71.485
probabilities_array:[2.5257351e-02 0.0000000e+00 2.1688154e-04 0.0000000e+00 0.0000000e+00
 0.0000000e+00 2.7510974e-01 2.9294538e-01 4.0647069e-01]

rule30: 45.645 < age < 86.812
probabilities_array:[0.         0.         0.         0.         0.14473853 0.
 0.27386907 0.25098172 0.33041066]

rule54: Positive blast_furnace_slag - 71.485, fine_aggregate - 775.941
probabilities_array:[6.34244904e-02 0.00000000e+00 1.17250726e-01 1.42750874e-01
 7.46559090e-06 0.00000000e+00 1.89331308e-01 2.24139661e-01
 2.63095558e-01]

rule25: 723.369 < fine_aggregate < 775.941
probabilities_array:[0.16881587 0.16838384 0.         0.24624686 0.         0.
 0.09010843 0.19015063 0.13629447]

rule3: cement > 347.988
probabilities_array:[0.         0.         0.         0.         0.         0.26955608
 0.05667453 0.270644   0.40312535]

rule24: fine_aggregate < 723.369
probabilities_array:[0.         0.         0.         0.         0.09536386 0.2820041
 0.29429528 0.186089   0.14224768]

rule43: Negative cement - 278.913, fine_aggregate - 775.941
probabilities_array:[0.00716685 0.07420642 0.26508456 0.15619774 0.         0.
 0.03846481 0.19722289 0.26165667]

rule45: Negative cement - 278.913, age - 45.645
probabilities_array:[0.         0.         0.08527735 0.13555273 0.19149631 0.16950223
 0.21312623 0.14438066 0.06066439]

rule18: 6.361 < superplasticizer < 10.330
probabilities_array:[0.         0.         0.19694959 0.00605241 0.00240255 0.2562976
 0.20099688 0.15640461 0.1808964 ]

rule20: coarse_aggregate < 923.708
probabilities_array:[0.04303753 0.01156852 0.         0.22007759 0.         0.13410816
 0.0834333  0.18538149 0.32239336]

rule67: Negative fly_ash - 56.231, age - 45.645
probabilities_array:[0.         0.01564507 0.13757463 0.16507722 0.22221556 0.
 0.         0.17121929 0.28826824]

rule78: Positive superplasticizer - 6.361, fine_aggregate - 775.941
probabilities_array:[0.02448712 0.1831612  0.         0.05740735 0.01982381 0.05867796
 0.21001467 0.16829085 0.27813706]

rule58: Positive fly_ash - 56.231, water - 180.567
probabilities_array:[0.07279413 0.         0.         0.16461349 0.01603551 0.08225844
 0.         0.21385835 0.45044014]

rule8: fly_ash < 12.619
probabilities_array:[0.13455537 0.         0.07167758 0.05300864 0.00562011 0.
 0.         0.22486645 0.5102719 ]

rule82: Positive coarse_aggregate - 976.200, fine_aggregate - 775.941
probabilities_array:[0.06646803 0.         0.01526625 0.         0.05888407 0.19135484
 0.00753354 0.20278516 0.45770806]

rule68: Positive water - 180.567, superplasticizer - 6.361
probabilities_array:[0.23144305 0.06811898 0.07376521 0.03303789 0.         0.
 0.08737117 0.16588372 0.34038   ]

rule47: Negative blast_furnace_slag - 71.485, fly_ash - 56.231
probabilities_array:[0.2038944  0.         0.01703455 0.         0.28278556 0.11624551
 0.         0.13618053 0.2438595 ]

rule57: Negative blast_furnace_slag - 71.485, age - 45.645
probabilities_array:[0.         0.00227788 0.1351648  0.17824978 0.20998345 0.08808099
 0.16847324 0.11431223 0.10345766]

rule37: Negative cement - 278.913, water - 180.567
probabilities_array:[0.14495938 0.10367893 0.13546602 0.         0.00100486 0.03454247
 0.         0.17099653 0.4093518 ]

rule35: Negative cement - 278.913, fly_ash - 56.231
probabilities_array:[0.0065433  0.01666461 0.19616961 0.03768547 0.         0.04585974
 0.01158527 0.19591103 0.48958096]

rule7: blast_furnace_slag > 129.211
probabilities_array:[0.         0.         0.23473087 0.21241675 0.03656678 0.06347501
 0.         0.14121714 0.3115934 ]

rule29: 4.478 < age < 45.645
probabilities_array:[0.         0.23338538 0.24905665 0.23051175 0.05133503 0.04008933
 0.         0.10467088 0.09095097]

rule41: Negative cement - 278.913, coarse_aggregate - 976.200
probabilities_array:[0.01495655 0.08117411 0.         0.05678381 0.29335707 0.23676145
 0.00032611 0.1172227  0.1994182 ]

rule38: Positive cement - 278.913, superplasticizer - 6.361
probabilities_array:[8.4034249e-02 9.7975247e-02 1.5367950e-01 1.8539850e-04 1.1178397e-01
 0.0000000e+00 1.2311900e-01 1.2438419e-01 3.0483842e-01]

rule85: Negative coarse_aggregate - 976.200, age - 45.645
probabilities_array:[0.08098986 0.1475247  0.22375797 0.199792   0.         0.00580298
 0.05106179 0.10536026 0.18571039]

rule9: 12.619 < fly_ash < 56.231
probabilities_array:[0.24453577 0.24453858 0.         0.02973397 0.00315526 0.
 0.2643571  0.09453455 0.1191448 ]

rule61: Negative fly_ash - 56.231, superplasticizer - 6.361
probabilities_array:[0.         0.06969238 0.06958339 0.         0.03284789 0.
 0.00487505 0.21215896 0.6108423 ]

rule13: 166.314 < water < 180.567
probabilities_array:[0.10279715 0.         0.0122322  0.         0.         0.18589287
 0.2788087  0.11744565 0.30282333]

rule71: Negative water - 180.567, coarse_aggregate - 976.200
probabilities_array:[0.00000000e+00 1.80529684e-01 1.90420836e-01 1.52208701e-01
 1.06677674e-02 2.55854247e-04 4.16723639e-02 1.15609564e-01
 3.08635294e-01]

rule65: Negative fly_ash - 56.231, fine_aggregate - 775.941
probabilities_array:[0.09075198 0.05224694 0.11247937 0.23923449 0.         0.14327909
 0.         0.0984504  0.26355776]

rule72: Positive water - 180.567, fine_aggregate - 775.941
probabilities_array:[0.00821015 0.24360853 0.         0.         0.17617476 0.01105679
 0.12681244 0.10424714 0.32989022]

rule48: Positive blast_furnace_slag - 71.485, water - 180.567
probabilities_array:[0.04254783 0.02850797 0.         0.         0.0165506  0.
 0.1477477  0.17093882 0.59370714]

rule64: Positive fly_ash - 56.231, fine_aggregate - 775.941
probabilities_array:[0.0603632  0.01079407 0.02225707 0.         0.24048398 0.00905448
 0.2430878  0.09889551 0.3150639 ]

rule77: Negative superplasticizer - 6.361, coarse_aggregate - 976.200
probabilities_array:[0.         0.00208264 0.1839289  0.         0.01431276 0.
 0.02688597 0.16909195 0.6036978 ]

rule87: Negative fine_aggregate - 775.941, age - 45.645
probabilities_array:[0.16157539 0.         0.04804458 0.00752566 0.         0.
 0.3024819  0.09300168 0.38737074]

rule50: Positive blast_furnace_slag - 71.485, superplasticizer - 6.361
probabilities_array:[0.01861036 0.16536969 0.18899103 0.01099171 0.         0.00518486
 0.03161259 0.10660135 0.4726383 ]

rule63: Negative fly_ash - 56.231, coarse_aggregate - 976.200
probabilities_array:[0.08228584 0.15457948 0.19306706 0.         0.0261367  0.16969104
 0.         0.07499668 0.29924312]

rule6: 71.485 < blast_furnace_slag < 129.211
probabilities_array:[0.02856231 0.146084   0.         0.06510756 0.         0.13203469
 0.33147174 0.06343353 0.23330615]

rule73: Negative water - 180.567, fine_aggregate - 775.941
probabilities_array:[0.10117521 0.         0.21135154 0.16577049 0.         0.08594916
 0.         0.07412335 0.3616303 ]

rule86: Positive fine_aggregate - 775.941, age - 45.645
probabilities_array:[0.01391045 0.2241421  0.03681221 0.10418548 0.2580588  0.14485502
 0.         0.04942894 0.16860694]

rule32: Positive cement - 278.913, blast_furnace_slag - 71.485
probabilities_array:[0.21706308 0.19143435 0.01275286 0.         0.         0.20447044
 0.04318659 0.05623508 0.27485755]

rule53: Negative blast_furnace_slag - 71.485, coarse_aggregate - 976.200
probabilities_array:[0.00092088 0.00486515 0.         0.10596576 0.01719727 0.14680035
 0.04044185 0.09789065 0.585918  ]

