R2: 0.4989464268056957


MAE: 9.246789881067599


Accuracy: 0.1948951203145042


F1: 0.20294117647058824


Most important rules
-----------------------------

---0---
rule0: cement < 205.825
probabilities_array:[0.27299786 0.28921354 0.1893157  0.00758543 0.05505899 0.00852405
 0.11976736 0.         0.         0.01983467 0.         0.
 0.03770241]

rule27: fine_aggregate > 827.505
probabilities_array:[0.2523135  0.         0.06742836 0.24349733 0.12531087 0.09261598
 0.01165768 0.         0.06130305 0.03748414 0.01902901 0.
 0.08936004]

rule15: water > 196.058
probabilities_array:[2.0710993e-01 1.9301524e-02 1.8298107e-01 5.5116639e-02 9.0124264e-02
 1.9357534e-01 5.2798553e-03 1.2641530e-01 2.6635604e-02 7.1894616e-02
 2.1534355e-02 3.1469921e-05 0.0000000e+00]

rule16: superplasticizer < 2.245
probabilities_array:[0.190649   0.2594444  0.0119932  0.12696931 0.00333124 0.2273831
 0.06340933 0.03198981 0.         0.02433825 0.         0.00761253
 0.0528799 ]

rule23: coarse_aggregate > 1025.238
probabilities_array:[0.18473312 0.00079521 0.10318751 0.03212577 0.         0.06787169
 0.         0.01025008 0.00585444 0.18818492 0.12266827 0.2237692
 0.06055976]

rule29: 2.265 < age < 46.322
probabilities_array:[0.14873147 0.16133973 0.17625071 0.15633869 0.13823038 0.08234701
 0.02332192 0.03401268 0.02765906 0.0347767  0.01371097 0.00020047
 0.00308028]

rule28: age < 2.265
probabilities_array:[0.36864677 0.         0.         0.         0.         0.
 0.         0.         0.         0.         0.         0.
 0.63135326]

rule14: 181.690 < water < 196.058
probabilities_array:[0.12055036 0.0469423  0.05401367 0.1729288  0.05263189 0.13988423
 0.01460988 0.26101774 0.04199026 0.07671536 0.         0.00541022
 0.01330532]

rule11: fly_ash > 98.561
probabilities_array:[0.11167476 0.10469703 0.01562317 0.10900264 0.07199351 0.142879
 0.15875538 0.06325439 0.05591885 0.05296355 0.09018286 0.
 0.02305494]

rule1: 205.825 < cement < 276.035
probabilities_array:[7.2168805e-02 0.0000000e+00 2.9602237e-02 1.7292345e-02 2.2638316e-01
 6.4317316e-02 0.0000000e+00 1.1597374e-01 1.7237437e-01 2.0928428e-01
 4.9181715e-02 1.8315249e-04 4.3238875e-02]

rule17: 2.245 < superplasticizer < 6.072
probabilities_array:[0.05928273 0.         0.08076223 0.15115383 0.15728316 0.05740875
 0.04147371 0.07434024 0.14920154 0.05869136 0.09678412 0.06945962
 0.0041588 ]

rule21: 923.200 < coarse_aggregate < 974.219
probabilities_array:[0.05594122 0.         0.04171848 0.00084618 0.06835658 0.01713054
 0.2160766  0.02746653 0.02701387 0.18924792 0.05472369 0.22689214
 0.07458626]

rule8: fly_ash < 12.420
probabilities_array:[0.06951432 0.         0.         0.         0.         0.0020706
 0.00143313 0.         0.11724515 0.         0.24532221 0.29236957
 0.272045  ]

rule5: 16.899 < blast_furnace_slag < 75.785
probabilities_array:[0.07033438 0.         0.         0.04955057 0.         0.09882116
 0.         0.         0.         0.15388241 0.22458182 0.1008428
 0.3019868 ]


---1---
rule0: cement < 205.825
probabilities_array:[0.27299786 0.28921354 0.1893157  0.00758543 0.05505899 0.00852405
 0.11976736 0.         0.         0.01983467 0.         0.
 0.03770241]

rule16: superplasticizer < 2.245
probabilities_array:[0.190649   0.2594444  0.0119932  0.12696931 0.00333124 0.2273831
 0.06340933 0.03198981 0.         0.02433825 0.         0.00761253
 0.0528799 ]

rule4: blast_furnace_slag < 16.899
probabilities_array:[2.1479763e-02 1.8669970e-01 1.4839655e-01 5.9703976e-02 5.6591421e-02
 1.8680270e-05 2.7325818e-01 5.0648697e-02 1.3687919e-01 0.0000000e+00
 7.9676146e-03 3.3461727e-02 2.4894470e-02]

rule29: 2.265 < age < 46.322
probabilities_array:[0.14873147 0.16133973 0.17625071 0.15633869 0.13823038 0.08234701
 0.02332192 0.03401268 0.02765906 0.0347767  0.01371097 0.00020047
 0.00308028]

rule9: 12.420 < fly_ash < 55.491
probabilities_array:[0.         0.15028298 0.         0.         0.25606453 0.
 0.         0.         0.         0.32951078 0.         0.17042373
 0.09371802]

rule6: 75.785 < blast_furnace_slag < 134.671
probabilities_array:[0.         0.12208209 0.04145292 0.         0.00527841 0.00252784
 0.         0.         0.17239054 0.23482445 0.08983833 0.21753468
 0.1140708 ]

rule22: 974.219 < coarse_aggregate < 1025.238
probabilities_array:[0.         0.10898852 0.07020762 0.03337012 0.00098923 0.00580766
 0.16534574 0.05822981 0.13523714 0.21641526 0.11812745 0.02872184
 0.0585596 ]

rule11: fly_ash > 98.561
probabilities_array:[0.11167476 0.10469703 0.01562317 0.10900264 0.07199351 0.142879
 0.15875538 0.06325439 0.05591885 0.05296355 0.09018286 0.
 0.02305494]

rule19: superplasticizer > 9.899
probabilities_array:[0.00000000e+00 7.82145262e-02 1.20143630e-02 9.98224365e-04
 0.00000000e+00 1.24396995e-01 2.08007023e-05 2.24034339e-01
 4.17716894e-03 1.74738050e-01 8.81260931e-02 2.43595526e-01
 4.96839173e-02]

rule2: 276.035 < cement < 346.245
probabilities_array:[0.         0.06164644 0.02534998 0.01242667 0.01322209 0.05506952
 0.22235593 0.06160328 0.1580679  0.13753201 0.1143234  0.12754439
 0.01085831]

rule13: 167.321 < water < 181.690
probabilities_array:[0.029015   0.05427898 0.06963789 0.02186185 0.01339439 0.17847575
 0.04538523 0.272366   0.0285743  0.10479937 0.         0.15819803
 0.0240132 ]

rule14: 181.690 < water < 196.058
probabilities_array:[0.12055036 0.0469423  0.05401367 0.1729288  0.05263189 0.13988423
 0.01460988 0.26101774 0.04199026 0.07671536 0.         0.00541022
 0.01330532]


---2---
rule10: 55.491 < fly_ash < 98.561
probabilities_array:[0.         0.         0.20013379 0.09979717 0.0550003  0.04181043
 0.04144889 0.21444042 0.05989491 0.10077912 0.1866949  0.
 0.        ]

rule15: water > 196.058
probabilities_array:[2.0710993e-01 1.9301524e-02 1.8298107e-01 5.5116639e-02 9.0124264e-02
 1.9357534e-01 5.2798553e-03 1.2641530e-01 2.6635604e-02 7.1894616e-02
 2.1534355e-02 3.1469921e-05 0.0000000e+00]

rule0: cement < 205.825
probabilities_array:[0.27299786 0.28921354 0.1893157  0.00758543 0.05505899 0.00852405
 0.11976736 0.         0.         0.01983467 0.         0.
 0.03770241]

rule29: 2.265 < age < 46.322
probabilities_array:[0.14873147 0.16133973 0.17625071 0.15633869 0.13823038 0.08234701
 0.02332192 0.03401268 0.02765906 0.0347767  0.01371097 0.00020047
 0.00308028]

rule4: blast_furnace_slag < 16.899
probabilities_array:[2.1479763e-02 1.8669970e-01 1.4839655e-01 5.9703976e-02 5.6591421e-02
 1.8680270e-05 2.7325818e-01 5.0648697e-02 1.3687919e-01 0.0000000e+00
 7.9676146e-03 3.3461727e-02 2.4894470e-02]

rule26: 772.477 < fine_aggregate < 827.505
probabilities_array:[0.         0.02760191 0.14931242 0.         0.05467566 0.03600283
 0.08408264 0.18821646 0.07729188 0.         0.02185658 0.266766
 0.09419362]

rule23: coarse_aggregate > 1025.238
probabilities_array:[0.18473312 0.00079521 0.10318751 0.03212577 0.         0.06787169
 0.         0.01025008 0.00585444 0.18818492 0.12266827 0.2237692
 0.06055976]

rule17: 2.245 < superplasticizer < 6.072
probabilities_array:[0.05928273 0.         0.08076223 0.15115383 0.15728316 0.05740875
 0.04147371 0.07434024 0.14920154 0.05869136 0.09678412 0.06945962
 0.0041588 ]

rule13: 167.321 < water < 181.690
probabilities_array:[0.029015   0.05427898 0.06963789 0.02186185 0.01339439 0.17847575
 0.04538523 0.272366   0.0285743  0.10479937 0.         0.15819803
 0.0240132 ]

rule22: 974.219 < coarse_aggregate < 1025.238
probabilities_array:[0.         0.10898852 0.07020762 0.03337012 0.00098923 0.00580766
 0.16534574 0.05822981 0.13523714 0.21641526 0.11812745 0.02872184
 0.0585596 ]

rule27: fine_aggregate > 827.505
probabilities_array:[0.2523135  0.         0.06742836 0.24349733 0.12531087 0.09261598
 0.01165768 0.         0.06130305 0.03748414 0.01902901 0.
 0.08936004]

rule25: 717.449 < fine_aggregate < 772.477
probabilities_array:[0.         0.         0.06322183 0.02145641 0.         0.11199774
 0.         0.12341748 0.         0.20652051 0.19313245 0.22248392
 0.0577696 ]

rule14: 181.690 < water < 196.058
probabilities_array:[0.12055036 0.0469423  0.05401367 0.1729288  0.05263189 0.13988423
 0.01460988 0.26101774 0.04199026 0.07671536 0.         0.00541022
 0.01330532]

rule18: 6.072 < superplasticizer < 9.899
probabilities_array:[0.03189416 0.         0.04824503 0.1776609  0.15354992 0.02610807
 0.02022389 0.00476757 0.22094843 0.01801611 0.2577264  0.0085841
 0.03227558]


---3---
rule7: blast_furnace_slag > 134.671
probabilities_array:[0.0040735  0.         0.00119339 0.255591   0.18002062 0.01165237
 0.0924965  0.11847624 0.04106702 0.         0.06687824 0.15916736
 0.0693837 ]

rule27: fine_aggregate > 827.505
probabilities_array:[0.2523135  0.         0.06742836 0.24349733 0.12531087 0.09261598
 0.01165768 0.         0.06130305 0.03748414 0.01902901 0.
 0.08936004]

rule18: 6.072 < superplasticizer < 9.899
probabilities_array:[0.03189416 0.         0.04824503 0.1776609  0.15354992 0.02610807
 0.02022389 0.00476757 0.22094843 0.01801611 0.2577264  0.0085841
 0.03227558]

rule14: 181.690 < water < 196.058
probabilities_array:[0.12055036 0.0469423  0.05401367 0.1729288  0.05263189 0.13988423
 0.01460988 0.26101774 0.04199026 0.07671536 0.         0.00541022
 0.01330532]

rule29: 2.265 < age < 46.322
probabilities_array:[0.14873147 0.16133973 0.17625071 0.15633869 0.13823038 0.08234701
 0.02332192 0.03401268 0.02765906 0.0347767  0.01371097 0.00020047
 0.00308028]

rule17: 2.245 < superplasticizer < 6.072
probabilities_array:[0.05928273 0.         0.08076223 0.15115383 0.15728316 0.05740875
 0.04147371 0.07434024 0.14920154 0.05869136 0.09678412 0.06945962
 0.0041588 ]

rule16: superplasticizer < 2.245
probabilities_array:[0.190649   0.2594444  0.0119932  0.12696931 0.00333124 0.2273831
 0.06340933 0.03198981 0.         0.02433825 0.         0.00761253
 0.0528799 ]

rule11: fly_ash > 98.561
probabilities_array:[0.11167476 0.10469703 0.01562317 0.10900264 0.07199351 0.142879
 0.15875538 0.06325439 0.05591885 0.05296355 0.09018286 0.
 0.02305494]

rule10: 55.491 < fly_ash < 98.561
probabilities_array:[0.         0.         0.20013379 0.09979717 0.0550003  0.04181043
 0.04144889 0.21444042 0.05989491 0.10077912 0.1866949  0.
 0.        ]

rule4: blast_furnace_slag < 16.899
probabilities_array:[2.1479763e-02 1.8669970e-01 1.4839655e-01 5.9703976e-02 5.6591421e-02
 1.8680270e-05 2.7325818e-01 5.0648697e-02 1.3687919e-01 0.0000000e+00
 7.9676146e-03 3.3461727e-02 2.4894470e-02]

rule15: water > 196.058
probabilities_array:[2.0710993e-01 1.9301524e-02 1.8298107e-01 5.5116639e-02 9.0124264e-02
 1.9357534e-01 5.2798553e-03 1.2641530e-01 2.6635604e-02 7.1894616e-02
 2.1534355e-02 3.1469921e-05 0.0000000e+00]


---4---
rule9: 12.420 < fly_ash < 55.491
probabilities_array:[0.         0.15028298 0.         0.         0.25606453 0.
 0.         0.         0.         0.32951078 0.         0.17042373
 0.09371802]

rule1: 205.825 < cement < 276.035
probabilities_array:[7.2168805e-02 0.0000000e+00 2.9602237e-02 1.7292345e-02 2.2638316e-01
 6.4317316e-02 0.0000000e+00 1.1597374e-01 1.7237437e-01 2.0928428e-01
 4.9181715e-02 1.8315249e-04 4.3238875e-02]

rule7: blast_furnace_slag > 134.671
probabilities_array:[0.0040735  0.         0.00119339 0.255591   0.18002062 0.01165237
 0.0924965  0.11847624 0.04106702 0.         0.06687824 0.15916736
 0.0693837 ]

rule17: 2.245 < superplasticizer < 6.072
probabilities_array:[0.05928273 0.         0.08076223 0.15115383 0.15728316 0.05740875
 0.04147371 0.07434024 0.14920154 0.05869136 0.09678412 0.06945962
 0.0041588 ]

rule18: 6.072 < superplasticizer < 9.899
probabilities_array:[0.03189416 0.         0.04824503 0.1776609  0.15354992 0.02610807
 0.02022389 0.00476757 0.22094843 0.01801611 0.2577264  0.0085841
 0.03227558]

rule29: 2.265 < age < 46.322
probabilities_array:[0.14873147 0.16133973 0.17625071 0.15633869 0.13823038 0.08234701
 0.02332192 0.03401268 0.02765906 0.0347767  0.01371097 0.00020047
 0.00308028]

rule27: fine_aggregate > 827.505
probabilities_array:[0.2523135  0.         0.06742836 0.24349733 0.12531087 0.09261598
 0.01165768 0.         0.06130305 0.03748414 0.01902901 0.
 0.08936004]

rule15: water > 196.058
probabilities_array:[2.0710993e-01 1.9301524e-02 1.8298107e-01 5.5116639e-02 9.0124264e-02
 1.9357534e-01 5.2798553e-03 1.2641530e-01 2.6635604e-02 7.1894616e-02
 2.1534355e-02 3.1469921e-05 0.0000000e+00]

rule11: fly_ash > 98.561
probabilities_array:[0.11167476 0.10469703 0.01562317 0.10900264 0.07199351 0.142879
 0.15875538 0.06325439 0.05591885 0.05296355 0.09018286 0.
 0.02305494]

rule24: fine_aggregate < 717.449
probabilities_array:[0.         0.01868515 0.         0.01859538 0.07076624 0.02253806
 0.14494887 0.07515936 0.16652152 0.0973688  0.2088448  0.16901824
 0.00755361]

rule21: 923.200 < coarse_aggregate < 974.219
probabilities_array:[0.05594122 0.         0.04171848 0.00084618 0.06835658 0.01713054
 0.2160766  0.02746653 0.02701387 0.18924792 0.05472369 0.22689214
 0.07458626]

rule4: blast_furnace_slag < 16.899
probabilities_array:[2.1479763e-02 1.8669970e-01 1.4839655e-01 5.9703976e-02 5.6591421e-02
 1.8680270e-05 2.7325818e-01 5.0648697e-02 1.3687919e-01 0.0000000e+00
 7.9676146e-03 3.3461727e-02 2.4894470e-02]

rule10: 55.491 < fly_ash < 98.561
probabilities_array:[0.         0.         0.20013379 0.09979717 0.0550003  0.04181043
 0.04144889 0.21444042 0.05989491 0.10077912 0.1866949  0.
 0.        ]

rule30: 46.322 < age < 90.379
probabilities_array:[0.         0.         0.         0.01827384 0.05313114 0.14061798
 0.14249961 0.08242588 0.10382311 0.14703824 0.15926604 0.15292415
 0.        ]

rule0: cement < 205.825
probabilities_array:[0.27299786 0.28921354 0.1893157  0.00758543 0.05505899 0.00852405
 0.11976736 0.         0.         0.01983467 0.         0.
 0.03770241]

rule14: 181.690 < water < 196.058
probabilities_array:[0.12055036 0.0469423  0.05401367 0.1729288  0.05263189 0.13988423
 0.01460988 0.26101774 0.04199026 0.07671536 0.         0.00541022
 0.01330532]

rule26: 772.477 < fine_aggregate < 827.505
probabilities_array:[0.         0.02760191 0.14931242 0.         0.05467566 0.03600283
 0.08408264 0.18821646 0.07729188 0.         0.02185658 0.266766
 0.09419362]


---5---
rule16: superplasticizer < 2.245
probabilities_array:[0.190649   0.2594444  0.0119932  0.12696931 0.00333124 0.2273831
 0.06340933 0.03198981 0.         0.02433825 0.         0.00761253
 0.0528799 ]

rule15: water > 196.058
probabilities_array:[2.0710993e-01 1.9301524e-02 1.8298107e-01 5.5116639e-02 9.0124264e-02
 1.9357534e-01 5.2798553e-03 1.2641530e-01 2.6635604e-02 7.1894616e-02
 2.1534355e-02 3.1469921e-05 0.0000000e+00]

rule13: 167.321 < water < 181.690
probabilities_array:[0.029015   0.05427898 0.06963789 0.02186185 0.01339439 0.17847575
 0.04538523 0.272366   0.0285743  0.10479937 0.         0.15819803
 0.0240132 ]

rule20: coarse_aggregate < 923.200
probabilities_array:[0.03372196 0.03240504 0.         0.02127821 0.03914446 0.17249794
 0.         0.04005058 0.18281025 0.         0.23695858 0.21164194
 0.02949106]

rule30: 46.322 < age < 90.379
probabilities_array:[0.         0.         0.         0.01827384 0.05313114 0.14061798
 0.14249961 0.08242588 0.10382311 0.14703824 0.15926604 0.15292415
 0.        ]

rule11: fly_ash > 98.561
probabilities_array:[0.11167476 0.10469703 0.01562317 0.10900264 0.07199351 0.142879
 0.15875538 0.06325439 0.05591885 0.05296355 0.09018286 0.
 0.02305494]

rule14: 181.690 < water < 196.058
probabilities_array:[0.12055036 0.0469423  0.05401367 0.1729288  0.05263189 0.13988423
 0.01460988 0.26101774 0.04199026 0.07671536 0.         0.00541022
 0.01330532]

rule19: superplasticizer > 9.899
probabilities_array:[0.00000000e+00 7.82145262e-02 1.20143630e-02 9.98224365e-04
 0.00000000e+00 1.24396995e-01 2.08007023e-05 2.24034339e-01
 4.17716894e-03 1.74738050e-01 8.81260931e-02 2.43595526e-01
 4.96839173e-02]

rule25: 717.449 < fine_aggregate < 772.477
probabilities_array:[0.         0.         0.06322183 0.02145641 0.         0.11199774
 0.         0.12341748 0.         0.20652051 0.19313245 0.22248392
 0.0577696 ]

rule27: fine_aggregate > 827.505
probabilities_array:[0.2523135  0.         0.06742836 0.24349733 0.12531087 0.09261598
 0.01165768 0.         0.06130305 0.03748414 0.01902901 0.
 0.08936004]

rule29: 2.265 < age < 46.322
probabilities_array:[0.14873147 0.16133973 0.17625071 0.15633869 0.13823038 0.08234701
 0.02332192 0.03401268 0.02765906 0.0347767  0.01371097 0.00020047
 0.00308028]

rule5: 16.899 < blast_furnace_slag < 75.785
probabilities_array:[0.07033438 0.         0.         0.04955057 0.         0.09882116
 0.         0.         0.         0.15388241 0.22458182 0.1008428
 0.3019868 ]

rule23: coarse_aggregate > 1025.238
probabilities_array:[0.18473312 0.00079521 0.10318751 0.03212577 0.         0.06787169
 0.         0.01025008 0.00585444 0.18818492 0.12266827 0.2237692
 0.06055976]

rule1: 205.825 < cement < 276.035
probabilities_array:[7.2168805e-02 0.0000000e+00 2.9602237e-02 1.7292345e-02 2.2638316e-01
 6.4317316e-02 0.0000000e+00 1.1597374e-01 1.7237437e-01 2.0928428e-01
 4.9181715e-02 1.8315249e-04 4.3238875e-02]

rule17: 2.245 < superplasticizer < 6.072
probabilities_array:[0.05928273 0.         0.08076223 0.15115383 0.15728316 0.05740875
 0.04147371 0.07434024 0.14920154 0.05869136 0.09678412 0.06945962
 0.0041588 ]

rule2: 276.035 < cement < 346.245
probabilities_array:[0.         0.06164644 0.02534998 0.01242667 0.01322209 0.05506952
 0.22235593 0.06160328 0.1580679  0.13753201 0.1143234  0.12754439
 0.01085831]

rule10: 55.491 < fly_ash < 98.561
probabilities_array:[0.         0.         0.20013379 0.09979717 0.0550003  0.04181043
 0.04144889 0.21444042 0.05989491 0.10077912 0.1866949  0.
 0.        ]

rule3: cement > 346.245
probabilities_array:[0.         0.         0.         0.0129001  0.         0.05187719
 0.04048835 0.08990692 0.13014121 0.         0.23220752 0.24457167
 0.19790706]


---6---
rule4: blast_furnace_slag < 16.899
probabilities_array:[2.1479763e-02 1.8669970e-01 1.4839655e-01 5.9703976e-02 5.6591421e-02
 1.8680270e-05 2.7325818e-01 5.0648697e-02 1.3687919e-01 0.0000000e+00
 7.9676146e-03 3.3461727e-02 2.4894470e-02]

rule2: 276.035 < cement < 346.245
probabilities_array:[0.         0.06164644 0.02534998 0.01242667 0.01322209 0.05506952
 0.22235593 0.06160328 0.1580679  0.13753201 0.1143234  0.12754439
 0.01085831]

rule21: 923.200 < coarse_aggregate < 974.219
probabilities_array:[0.05594122 0.         0.04171848 0.00084618 0.06835658 0.01713054
 0.2160766  0.02746653 0.02701387 0.18924792 0.05472369 0.22689214
 0.07458626]

rule22: 974.219 < coarse_aggregate < 1025.238
probabilities_array:[0.         0.10898852 0.07020762 0.03337012 0.00098923 0.00580766
 0.16534574 0.05822981 0.13523714 0.21641526 0.11812745 0.02872184
 0.0585596 ]

rule11: fly_ash > 98.561
probabilities_array:[0.11167476 0.10469703 0.01562317 0.10900264 0.07199351 0.142879
 0.15875538 0.06325439 0.05591885 0.05296355 0.09018286 0.
 0.02305494]

rule24: fine_aggregate < 717.449
probabilities_array:[0.         0.01868515 0.         0.01859538 0.07076624 0.02253806
 0.14494887 0.07515936 0.16652152 0.0973688  0.2088448  0.16901824
 0.00755361]

rule30: 46.322 < age < 90.379
probabilities_array:[0.         0.         0.         0.01827384 0.05313114 0.14061798
 0.14249961 0.08242588 0.10382311 0.14703824 0.15926604 0.15292415
 0.        ]

rule0: cement < 205.825
probabilities_array:[0.27299786 0.28921354 0.1893157  0.00758543 0.05505899 0.00852405
 0.11976736 0.         0.         0.01983467 0.         0.
 0.03770241]

rule7: blast_furnace_slag > 134.671
probabilities_array:[0.0040735  0.         0.00119339 0.255591   0.18002062 0.01165237
 0.0924965  0.11847624 0.04106702 0.         0.06687824 0.15916736
 0.0693837 ]

rule26: 772.477 < fine_aggregate < 827.505
probabilities_array:[0.         0.02760191 0.14931242 0.         0.05467566 0.03600283
 0.08408264 0.18821646 0.07729188 0.         0.02185658 0.266766
 0.09419362]

rule16: superplasticizer < 2.245
probabilities_array:[0.190649   0.2594444  0.0119932  0.12696931 0.00333124 0.2273831
 0.06340933 0.03198981 0.         0.02433825 0.         0.00761253
 0.0528799 ]

rule13: 167.321 < water < 181.690
probabilities_array:[0.029015   0.05427898 0.06963789 0.02186185 0.01339439 0.17847575
 0.04538523 0.272366   0.0285743  0.10479937 0.         0.15819803
 0.0240132 ]

rule10: 55.491 < fly_ash < 98.561
probabilities_array:[0.         0.         0.20013379 0.09979717 0.0550003  0.04181043
 0.04144889 0.21444042 0.05989491 0.10077912 0.1866949  0.
 0.        ]

rule17: 2.245 < superplasticizer < 6.072
probabilities_array:[0.05928273 0.         0.08076223 0.15115383 0.15728316 0.05740875
 0.04147371 0.07434024 0.14920154 0.05869136 0.09678412 0.06945962
 0.0041588 ]


---7---
rule13: 167.321 < water < 181.690
probabilities_array:[0.029015   0.05427898 0.06963789 0.02186185 0.01339439 0.17847575
 0.04538523 0.272366   0.0285743  0.10479937 0.         0.15819803
 0.0240132 ]

rule14: 181.690 < water < 196.058
probabilities_array:[0.12055036 0.0469423  0.05401367 0.1729288  0.05263189 0.13988423
 0.01460988 0.26101774 0.04199026 0.07671536 0.         0.00541022
 0.01330532]

rule10: 55.491 < fly_ash < 98.561
probabilities_array:[0.         0.         0.20013379 0.09979717 0.0550003  0.04181043
 0.04144889 0.21444042 0.05989491 0.10077912 0.1866949  0.
 0.        ]

rule19: superplasticizer > 9.899
probabilities_array:[0.00000000e+00 7.82145262e-02 1.20143630e-02 9.98224365e-04
 0.00000000e+00 1.24396995e-01 2.08007023e-05 2.24034339e-01
 4.17716894e-03 1.74738050e-01 8.81260931e-02 2.43595526e-01
 4.96839173e-02]

rule26: 772.477 < fine_aggregate < 827.505
probabilities_array:[0.         0.02760191 0.14931242 0.         0.05467566 0.03600283
 0.08408264 0.18821646 0.07729188 0.         0.02185658 0.266766
 0.09419362]

rule15: water > 196.058
probabilities_array:[2.0710993e-01 1.9301524e-02 1.8298107e-01 5.5116639e-02 9.0124264e-02
 1.9357534e-01 5.2798553e-03 1.2641530e-01 2.6635604e-02 7.1894616e-02
 2.1534355e-02 3.1469921e-05 0.0000000e+00]

rule25: 717.449 < fine_aggregate < 772.477
probabilities_array:[0.         0.         0.06322183 0.02145641 0.         0.11199774
 0.         0.12341748 0.         0.20652051 0.19313245 0.22248392
 0.0577696 ]

rule1: 205.825 < cement < 276.035
probabilities_array:[7.2168805e-02 0.0000000e+00 2.9602237e-02 1.7292345e-02 2.2638316e-01
 6.4317316e-02 0.0000000e+00 1.1597374e-01 1.7237437e-01 2.0928428e-01
 4.9181715e-02 1.8315249e-04 4.3238875e-02]

rule7: blast_furnace_slag > 134.671
probabilities_array:[0.0040735  0.         0.00119339 0.255591   0.18002062 0.01165237
 0.0924965  0.11847624 0.04106702 0.         0.06687824 0.15916736
 0.0693837 ]

rule31: age > 90.379
probabilities_array:[0.         0.         0.         0.01850539 0.         0.00752747
 0.         0.10427821 0.11648216 0.09618019 0.27630267 0.3119086
 0.06881533]

rule30: 46.322 < age < 90.379
probabilities_array:[0.         0.         0.         0.01827384 0.05313114 0.14061798
 0.14249961 0.08242588 0.10382311 0.14703824 0.15926604 0.15292415
 0.        ]

rule24: fine_aggregate < 717.449
probabilities_array:[0.         0.01868515 0.         0.01859538 0.07076624 0.02253806
 0.14494887 0.07515936 0.16652152 0.0973688  0.2088448  0.16901824
 0.00755361]

rule17: 2.245 < superplasticizer < 6.072
probabilities_array:[0.05928273 0.         0.08076223 0.15115383 0.15728316 0.05740875
 0.04147371 0.07434024 0.14920154 0.05869136 0.09678412 0.06945962
 0.0041588 ]

rule3: cement > 346.245
probabilities_array:[0.         0.         0.         0.0129001  0.         0.05187719
 0.04048835 0.08990692 0.13014121 0.         0.23220752 0.24457167
 0.19790706]

rule11: fly_ash > 98.561
probabilities_array:[0.11167476 0.10469703 0.01562317 0.10900264 0.07199351 0.142879
 0.15875538 0.06325439 0.05591885 0.05296355 0.09018286 0.
 0.02305494]

rule2: 276.035 < cement < 346.245
probabilities_array:[0.         0.06164644 0.02534998 0.01242667 0.01322209 0.05506952
 0.22235593 0.06160328 0.1580679  0.13753201 0.1143234  0.12754439
 0.01085831]

rule22: 974.219 < coarse_aggregate < 1025.238
probabilities_array:[0.         0.10898852 0.07020762 0.03337012 0.00098923 0.00580766
 0.16534574 0.05822981 0.13523714 0.21641526 0.11812745 0.02872184
 0.0585596 ]

rule4: blast_furnace_slag < 16.899
probabilities_array:[2.1479763e-02 1.8669970e-01 1.4839655e-01 5.9703976e-02 5.6591421e-02
 1.8680270e-05 2.7325818e-01 5.0648697e-02 1.3687919e-01 0.0000000e+00
 7.9676146e-03 3.3461727e-02 2.4894470e-02]


---8---
rule18: 6.072 < superplasticizer < 9.899
probabilities_array:[0.03189416 0.         0.04824503 0.1776609  0.15354992 0.02610807
 0.02022389 0.00476757 0.22094843 0.01801611 0.2577264  0.0085841
 0.03227558]

rule20: coarse_aggregate < 923.200
probabilities_array:[0.03372196 0.03240504 0.         0.02127821 0.03914446 0.17249794
 0.         0.04005058 0.18281025 0.         0.23695858 0.21164194
 0.02949106]

rule24: fine_aggregate < 717.449
probabilities_array:[0.         0.01868515 0.         0.01859538 0.07076624 0.02253806
 0.14494887 0.07515936 0.16652152 0.0973688  0.2088448  0.16901824
 0.00755361]

rule1: 205.825 < cement < 276.035
probabilities_array:[7.2168805e-02 0.0000000e+00 2.9602237e-02 1.7292345e-02 2.2638316e-01
 6.4317316e-02 0.0000000e+00 1.1597374e-01 1.7237437e-01 2.0928428e-01
 4.9181715e-02 1.8315249e-04 4.3238875e-02]

rule2: 276.035 < cement < 346.245
probabilities_array:[0.         0.06164644 0.02534998 0.01242667 0.01322209 0.05506952
 0.22235593 0.06160328 0.1580679  0.13753201 0.1143234  0.12754439
 0.01085831]

rule6: 75.785 < blast_furnace_slag < 134.671
probabilities_array:[0.         0.12208209 0.04145292 0.         0.00527841 0.00252784
 0.         0.         0.17239054 0.23482445 0.08983833 0.21753468
 0.1140708 ]

rule17: 2.245 < superplasticizer < 6.072
probabilities_array:[0.05928273 0.         0.08076223 0.15115383 0.15728316 0.05740875
 0.04147371 0.07434024 0.14920154 0.05869136 0.09678412 0.06945962
 0.0041588 ]

rule4: blast_furnace_slag < 16.899
probabilities_array:[2.1479763e-02 1.8669970e-01 1.4839655e-01 5.9703976e-02 5.6591421e-02
 1.8680270e-05 2.7325818e-01 5.0648697e-02 1.3687919e-01 0.0000000e+00
 7.9676146e-03 3.3461727e-02 2.4894470e-02]

rule22: 974.219 < coarse_aggregate < 1025.238
probabilities_array:[0.         0.10898852 0.07020762 0.03337012 0.00098923 0.00580766
 0.16534574 0.05822981 0.13523714 0.21641526 0.11812745 0.02872184
 0.0585596 ]

rule31: age > 90.379
probabilities_array:[0.         0.         0.         0.01850539 0.         0.00752747
 0.         0.10427821 0.11648216 0.09618019 0.27630267 0.3119086
 0.06881533]

rule3: cement > 346.245
probabilities_array:[0.         0.         0.         0.0129001  0.         0.05187719
 0.04048835 0.08990692 0.13014121 0.         0.23220752 0.24457167
 0.19790706]

rule30: 46.322 < age < 90.379
probabilities_array:[0.         0.         0.         0.01827384 0.05313114 0.14061798
 0.14249961 0.08242588 0.10382311 0.14703824 0.15926604 0.15292415
 0.        ]

rule8: fly_ash < 12.420
probabilities_array:[0.06951432 0.         0.         0.         0.         0.0020706
 0.00143313 0.         0.11724515 0.         0.24532221 0.29236957
 0.272045  ]

rule26: 772.477 < fine_aggregate < 827.505
probabilities_array:[0.         0.02760191 0.14931242 0.         0.05467566 0.03600283
 0.08408264 0.18821646 0.07729188 0.         0.02185658 0.266766
 0.09419362]

rule10: 55.491 < fly_ash < 98.561
probabilities_array:[0.         0.         0.20013379 0.09979717 0.0550003  0.04181043
 0.04144889 0.21444042 0.05989491 0.10077912 0.1866949  0.
 0.        ]

rule27: fine_aggregate > 827.505
probabilities_array:[0.2523135  0.         0.06742836 0.24349733 0.12531087 0.09261598
 0.01165768 0.         0.06130305 0.03748414 0.01902901 0.
 0.08936004]

rule11: fly_ash > 98.561
probabilities_array:[0.11167476 0.10469703 0.01562317 0.10900264 0.07199351 0.142879
 0.15875538 0.06325439 0.05591885 0.05296355 0.09018286 0.
 0.02305494]

rule12: water < 167.321
probabilities_array:[0.         0.         0.         0.00060964 0.00043467 0.
 0.0048258  0.         0.05898791 0.09704316 0.27720964 0.28122208
 0.27966702]

rule14: 181.690 < water < 196.058
probabilities_array:[0.12055036 0.0469423  0.05401367 0.1729288  0.05263189 0.13988423
 0.01460988 0.26101774 0.04199026 0.07671536 0.         0.00541022
 0.01330532]


---9---
rule9: 12.420 < fly_ash < 55.491
probabilities_array:[0.         0.15028298 0.         0.         0.25606453 0.
 0.         0.         0.         0.32951078 0.         0.17042373
 0.09371802]

rule6: 75.785 < blast_furnace_slag < 134.671
probabilities_array:[0.         0.12208209 0.04145292 0.         0.00527841 0.00252784
 0.         0.         0.17239054 0.23482445 0.08983833 0.21753468
 0.1140708 ]

rule22: 974.219 < coarse_aggregate < 1025.238
probabilities_array:[0.         0.10898852 0.07020762 0.03337012 0.00098923 0.00580766
 0.16534574 0.05822981 0.13523714 0.21641526 0.11812745 0.02872184
 0.0585596 ]

rule1: 205.825 < cement < 276.035
probabilities_array:[7.2168805e-02 0.0000000e+00 2.9602237e-02 1.7292345e-02 2.2638316e-01
 6.4317316e-02 0.0000000e+00 1.1597374e-01 1.7237437e-01 2.0928428e-01
 4.9181715e-02 1.8315249e-04 4.3238875e-02]

rule25: 717.449 < fine_aggregate < 772.477
probabilities_array:[0.         0.         0.06322183 0.02145641 0.         0.11199774
 0.         0.12341748 0.         0.20652051 0.19313245 0.22248392
 0.0577696 ]

rule23: coarse_aggregate > 1025.238
probabilities_array:[0.18473312 0.00079521 0.10318751 0.03212577 0.         0.06787169
 0.         0.01025008 0.00585444 0.18818492 0.12266827 0.2237692
 0.06055976]

rule21: 923.200 < coarse_aggregate < 974.219
probabilities_array:[0.05594122 0.         0.04171848 0.00084618 0.06835658 0.01713054
 0.2160766  0.02746653 0.02701387 0.18924792 0.05472369 0.22689214
 0.07458626]

rule19: superplasticizer > 9.899
probabilities_array:[0.00000000e+00 7.82145262e-02 1.20143630e-02 9.98224365e-04
 0.00000000e+00 1.24396995e-01 2.08007023e-05 2.24034339e-01
 4.17716894e-03 1.74738050e-01 8.81260931e-02 2.43595526e-01
 4.96839173e-02]

rule30: 46.322 < age < 90.379
probabilities_array:[0.         0.         0.         0.01827384 0.05313114 0.14061798
 0.14249961 0.08242588 0.10382311 0.14703824 0.15926604 0.15292415
 0.        ]

rule2: 276.035 < cement < 346.245
probabilities_array:[0.         0.06164644 0.02534998 0.01242667 0.01322209 0.05506952
 0.22235593 0.06160328 0.1580679  0.13753201 0.1143234  0.12754439
 0.01085831]

rule5: 16.899 < blast_furnace_slag < 75.785
probabilities_array:[0.07033438 0.         0.         0.04955057 0.         0.09882116
 0.         0.         0.         0.15388241 0.22458182 0.1008428
 0.3019868 ]

rule13: 167.321 < water < 181.690
probabilities_array:[0.029015   0.05427898 0.06963789 0.02186185 0.01339439 0.17847575
 0.04538523 0.272366   0.0285743  0.10479937 0.         0.15819803
 0.0240132 ]

rule10: 55.491 < fly_ash < 98.561
probabilities_array:[0.         0.         0.20013379 0.09979717 0.0550003  0.04181043
 0.04144889 0.21444042 0.05989491 0.10077912 0.1866949  0.
 0.        ]

rule24: fine_aggregate < 717.449
probabilities_array:[0.         0.01868515 0.         0.01859538 0.07076624 0.02253806
 0.14494887 0.07515936 0.16652152 0.0973688  0.2088448  0.16901824
 0.00755361]

rule31: age > 90.379
probabilities_array:[0.         0.         0.         0.01850539 0.         0.00752747
 0.         0.10427821 0.11648216 0.09618019 0.27630267 0.3119086
 0.06881533]

rule14: 181.690 < water < 196.058
probabilities_array:[0.12055036 0.0469423  0.05401367 0.1729288  0.05263189 0.13988423
 0.01460988 0.26101774 0.04199026 0.07671536 0.         0.00541022
 0.01330532]

rule15: water > 196.058
probabilities_array:[2.0710993e-01 1.9301524e-02 1.8298107e-01 5.5116639e-02 9.0124264e-02
 1.9357534e-01 5.2798553e-03 1.2641530e-01 2.6635604e-02 7.1894616e-02
 2.1534355e-02 3.1469921e-05 0.0000000e+00]

rule12: water < 167.321
probabilities_array:[0.         0.         0.         0.00060964 0.00043467 0.
 0.0048258  0.         0.05898791 0.09704316 0.27720964 0.28122208
 0.27966702]

rule17: 2.245 < superplasticizer < 6.072
probabilities_array:[0.05928273 0.         0.08076223 0.15115383 0.15728316 0.05740875
 0.04147371 0.07434024 0.14920154 0.05869136 0.09678412 0.06945962
 0.0041588 ]

rule11: fly_ash > 98.561
probabilities_array:[0.11167476 0.10469703 0.01562317 0.10900264 0.07199351 0.142879
 0.15875538 0.06325439 0.05591885 0.05296355 0.09018286 0.
 0.02305494]


---10---
rule31: age > 90.379
probabilities_array:[0.         0.         0.         0.01850539 0.         0.00752747
 0.         0.10427821 0.11648216 0.09618019 0.27630267 0.3119086
 0.06881533]

rule18: 6.072 < superplasticizer < 9.899
probabilities_array:[0.03189416 0.         0.04824503 0.1776609  0.15354992 0.02610807
 0.02022389 0.00476757 0.22094843 0.01801611 0.2577264  0.0085841
 0.03227558]

rule20: coarse_aggregate < 923.200
probabilities_array:[0.03372196 0.03240504 0.         0.02127821 0.03914446 0.17249794
 0.         0.04005058 0.18281025 0.         0.23695858 0.21164194
 0.02949106]

rule24: fine_aggregate < 717.449
probabilities_array:[0.         0.01868515 0.         0.01859538 0.07076624 0.02253806
 0.14494887 0.07515936 0.16652152 0.0973688  0.2088448  0.16901824
 0.00755361]

rule12: water < 167.321
probabilities_array:[0.         0.         0.         0.00060964 0.00043467 0.
 0.0048258  0.         0.05898791 0.09704316 0.27720964 0.28122208
 0.27966702]

rule10: 55.491 < fly_ash < 98.561
probabilities_array:[0.         0.         0.20013379 0.09979717 0.0550003  0.04181043
 0.04144889 0.21444042 0.05989491 0.10077912 0.1866949  0.
 0.        ]

rule3: cement > 346.245
probabilities_array:[0.         0.         0.         0.0129001  0.         0.05187719
 0.04048835 0.08990692 0.13014121 0.         0.23220752 0.24457167
 0.19790706]

rule25: 717.449 < fine_aggregate < 772.477
probabilities_array:[0.         0.         0.06322183 0.02145641 0.         0.11199774
 0.         0.12341748 0.         0.20652051 0.19313245 0.22248392
 0.0577696 ]

rule8: fly_ash < 12.420
probabilities_array:[0.06951432 0.         0.         0.         0.         0.0020706
 0.00143313 0.         0.11724515 0.         0.24532221 0.29236957
 0.272045  ]

rule30: 46.322 < age < 90.379
probabilities_array:[0.         0.         0.         0.01827384 0.05313114 0.14061798
 0.14249961 0.08242588 0.10382311 0.14703824 0.15926604 0.15292415
 0.        ]

rule5: 16.899 < blast_furnace_slag < 75.785
probabilities_array:[0.07033438 0.         0.         0.04955057 0.         0.09882116
 0.         0.         0.         0.15388241 0.22458182 0.1008428
 0.3019868 ]

rule23: coarse_aggregate > 1025.238
probabilities_array:[0.18473312 0.00079521 0.10318751 0.03212577 0.         0.06787169
 0.         0.01025008 0.00585444 0.18818492 0.12266827 0.2237692
 0.06055976]

rule2: 276.035 < cement < 346.245
probabilities_array:[0.         0.06164644 0.02534998 0.01242667 0.01322209 0.05506952
 0.22235593 0.06160328 0.1580679  0.13753201 0.1143234  0.12754439
 0.01085831]

rule22: 974.219 < coarse_aggregate < 1025.238
probabilities_array:[0.         0.10898852 0.07020762 0.03337012 0.00098923 0.00580766
 0.16534574 0.05822981 0.13523714 0.21641526 0.11812745 0.02872184
 0.0585596 ]

rule17: 2.245 < superplasticizer < 6.072
probabilities_array:[0.05928273 0.         0.08076223 0.15115383 0.15728316 0.05740875
 0.04147371 0.07434024 0.14920154 0.05869136 0.09678412 0.06945962
 0.0041588 ]

rule11: fly_ash > 98.561
probabilities_array:[0.11167476 0.10469703 0.01562317 0.10900264 0.07199351 0.142879
 0.15875538 0.06325439 0.05591885 0.05296355 0.09018286 0.
 0.02305494]

rule19: superplasticizer > 9.899
probabilities_array:[0.00000000e+00 7.82145262e-02 1.20143630e-02 9.98224365e-04
 0.00000000e+00 1.24396995e-01 2.08007023e-05 2.24034339e-01
 4.17716894e-03 1.74738050e-01 8.81260931e-02 2.43595526e-01
 4.96839173e-02]

rule6: 75.785 < blast_furnace_slag < 134.671
probabilities_array:[0.         0.12208209 0.04145292 0.         0.00527841 0.00252784
 0.         0.         0.17239054 0.23482445 0.08983833 0.21753468
 0.1140708 ]

rule7: blast_furnace_slag > 134.671
probabilities_array:[0.0040735  0.         0.00119339 0.255591   0.18002062 0.01165237
 0.0924965  0.11847624 0.04106702 0.         0.06687824 0.15916736
 0.0693837 ]

rule21: 923.200 < coarse_aggregate < 974.219
probabilities_array:[0.05594122 0.         0.04171848 0.00084618 0.06835658 0.01713054
 0.2160766  0.02746653 0.02701387 0.18924792 0.05472369 0.22689214
 0.07458626]

rule1: 205.825 < cement < 276.035
probabilities_array:[7.2168805e-02 0.0000000e+00 2.9602237e-02 1.7292345e-02 2.2638316e-01
 6.4317316e-02 0.0000000e+00 1.1597374e-01 1.7237437e-01 2.0928428e-01
 4.9181715e-02 1.8315249e-04 4.3238875e-02]


---11---
rule31: age > 90.379
probabilities_array:[0.         0.         0.         0.01850539 0.         0.00752747
 0.         0.10427821 0.11648216 0.09618019 0.27630267 0.3119086
 0.06881533]

rule26: 772.477 < fine_aggregate < 827.505
probabilities_array:[0.         0.02760191 0.14931242 0.         0.05467566 0.03600283
 0.08408264 0.18821646 0.07729188 0.         0.02185658 0.266766
 0.09419362]

rule19: superplasticizer > 9.899
probabilities_array:[0.00000000e+00 7.82145262e-02 1.20143630e-02 9.98224365e-04
 0.00000000e+00 1.24396995e-01 2.08007023e-05 2.24034339e-01
 4.17716894e-03 1.74738050e-01 8.81260931e-02 2.43595526e-01
 4.96839173e-02]

rule8: fly_ash < 12.420
probabilities_array:[0.06951432 0.         0.         0.         0.         0.0020706
 0.00143313 0.         0.11724515 0.         0.24532221 0.29236957
 0.272045  ]

rule23: coarse_aggregate > 1025.238
probabilities_array:[0.18473312 0.00079521 0.10318751 0.03212577 0.         0.06787169
 0.         0.01025008 0.00585444 0.18818492 0.12266827 0.2237692
 0.06055976]

rule21: 923.200 < coarse_aggregate < 974.219
probabilities_array:[0.05594122 0.         0.04171848 0.00084618 0.06835658 0.01713054
 0.2160766  0.02746653 0.02701387 0.18924792 0.05472369 0.22689214
 0.07458626]

rule25: 717.449 < fine_aggregate < 772.477
probabilities_array:[0.         0.         0.06322183 0.02145641 0.         0.11199774
 0.         0.12341748 0.         0.20652051 0.19313245 0.22248392
 0.0577696 ]

rule20: coarse_aggregate < 923.200
probabilities_array:[0.03372196 0.03240504 0.         0.02127821 0.03914446 0.17249794
 0.         0.04005058 0.18281025 0.         0.23695858 0.21164194
 0.02949106]

rule12: water < 167.321
probabilities_array:[0.         0.         0.         0.00060964 0.00043467 0.
 0.0048258  0.         0.05898791 0.09704316 0.27720964 0.28122208
 0.27966702]

rule3: cement > 346.245
probabilities_array:[0.         0.         0.         0.0129001  0.         0.05187719
 0.04048835 0.08990692 0.13014121 0.         0.23220752 0.24457167
 0.19790706]

rule6: 75.785 < blast_furnace_slag < 134.671
probabilities_array:[0.         0.12208209 0.04145292 0.         0.00527841 0.00252784
 0.         0.         0.17239054 0.23482445 0.08983833 0.21753468
 0.1140708 ]

rule24: fine_aggregate < 717.449
probabilities_array:[0.         0.01868515 0.         0.01859538 0.07076624 0.02253806
 0.14494887 0.07515936 0.16652152 0.0973688  0.2088448  0.16901824
 0.00755361]

rule9: 12.420 < fly_ash < 55.491
probabilities_array:[0.         0.15028298 0.         0.         0.25606453 0.
 0.         0.         0.         0.32951078 0.         0.17042373
 0.09371802]

rule13: 167.321 < water < 181.690
probabilities_array:[0.029015   0.05427898 0.06963789 0.02186185 0.01339439 0.17847575
 0.04538523 0.272366   0.0285743  0.10479937 0.         0.15819803
 0.0240132 ]

rule30: 46.322 < age < 90.379
probabilities_array:[0.         0.         0.         0.01827384 0.05313114 0.14061798
 0.14249961 0.08242588 0.10382311 0.14703824 0.15926604 0.15292415
 0.        ]

rule7: blast_furnace_slag > 134.671
probabilities_array:[0.0040735  0.         0.00119339 0.255591   0.18002062 0.01165237
 0.0924965  0.11847624 0.04106702 0.         0.06687824 0.15916736
 0.0693837 ]

rule2: 276.035 < cement < 346.245
probabilities_array:[0.         0.06164644 0.02534998 0.01242667 0.01322209 0.05506952
 0.22235593 0.06160328 0.1580679  0.13753201 0.1143234  0.12754439
 0.01085831]

rule5: 16.899 < blast_furnace_slag < 75.785
probabilities_array:[0.07033438 0.         0.         0.04955057 0.         0.09882116
 0.         0.         0.         0.15388241 0.22458182 0.1008428
 0.3019868 ]

rule17: 2.245 < superplasticizer < 6.072
probabilities_array:[0.05928273 0.         0.08076223 0.15115383 0.15728316 0.05740875
 0.04147371 0.07434024 0.14920154 0.05869136 0.09678412 0.06945962
 0.0041588 ]

