R2: 0.59767519312579


MAE: 8.153145742082996


Accuracy: 0.27819539732822374


F1: 0.29411764705882354


Most important rules
-----------------------------

---0---
rule0: cement < 210.861
probabilities_array:[0.31398308 0.326682   0.09967694 0.11601459 0.0457338  0.04666336
 0.00394795 0.01911439 0.02661099 0.         0.00157279]

rule15: water > 195.925
probabilities_array:[0.28747013 0.04834912 0.19303341 0.0480097  0.23757994 0.05159641
 0.0740801  0.0391304  0.02075063 0.         0.        ]

rule28: age < 3.344
probabilities_array:[0.30322975 0.28993055 0.26768145 0.         0.03998956 0.00558644
 0.         0.         0.         0.         0.09358231]

rule14: 181.757 < water < 195.925
probabilities_array:[0.27929908 0.08933685 0.09482002 0.08722936 0.17130496 0.08056247
 0.13631828 0.02966171 0.01171067 0.         0.01975662]

rule27: fine_aggregate > 829.285
probabilities_array:[0.32905826 0.14543593 0.01627009 0.17618594 0.01489752 0.
 0.03639843 0.04098354 0.         0.03732248 0.20344786]

rule16: superplasticizer < 2.046
probabilities_array:[0.24392477 0.29957753 0.03801173 0.02118276 0.13634473 0.11104558
 0.         0.         0.01053159 0.         0.13938135]

rule4: blast_furnace_slag < 15.080
probabilities_array:[0.20114845 0.2447031  0.13143934 0.03605698 0.04686382 0.20032278
 0.02250062 0.         0.01767894 0.06656873 0.03271719]

rule23: coarse_aggregate > 1024.315
probabilities_array:[0.17971456 0.00145317 0.06855663 0.         0.01643763 0.
 0.24188876 0.20223832 0.02507191 0.19446504 0.07017402]

rule13: 167.590 < water < 181.757
probabilities_array:[0.1868908  0.06532693 0.1316599  0.24789503 0.         0.
 0.02919657 0.16142942 0.         0.04783962 0.12976174]

rule8: fly_ash < 10.919
probabilities_array:[0.23252125 0.11907538 0.         0.         0.01914249 0.
 0.00384185 0.         0.04704977 0.26468557 0.31368378]

rule20: coarse_aggregate < 919.199
probabilities_array:[0.18065381 0.10532306 0.         0.         0.20867372 0.0596455
 0.08204309 0.01126354 0.03057331 0.20057686 0.12124721]

rule1: 210.861 < cement < 281.725
probabilities_array:[0.12380003 0.1832288  0.04593816 0.18557829 0.11973526 0.
 0.02565832 0.18779835 0.08185627 0.00658928 0.03981717]

rule5: 15.080 < blast_furnace_slag < 71.703
probabilities_array:[0.10485835 0.         0.06782024 0.         0.1360479  0.
 0.08743597 0.05859536 0.18865971 0.26652437 0.09005806]

rule11: fly_ash > 96.597
probabilities_array:[0.09077658 0.09898443 0.06272148 0.11580165 0.09126943 0.170305
 0.08824138 0.1300112  0.10307707 0.00504004 0.04377176]

rule17: 2.046 < superplasticizer < 6.068
probabilities_array:[0.08216681 0.         0.15819961 0.1164332  0.03858916 0.05614149
 0.25002924 0.00888975 0.1059581  0.16383637 0.0197563 ]

rule26: 775.806 < fine_aggregate < 829.285
probabilities_array:[0.07417949 0.1526404  0.15119202 0.04582721 0.11579486 0.10128502
 0.1821533  0.02323835 0.00238316 0.12372844 0.0275777 ]

rule22: 971.757 < coarse_aggregate < 1024.315
probabilities_array:[0.06336897 0.10940398 0.13060299 0.12116595 0.0212309  0.05076573
 0.13220185 0.10881743 0.18313856 0.00040815 0.0788955 ]

rule7: blast_furnace_slag > 128.326
probabilities_array:[0.0626836  0.         0.00059786 0.15950117 0.04443611 0.19963346
 0.08968924 0.09528979 0.09764355 0.16280831 0.08771702]

rule18: 6.068 < superplasticizer < 10.089
probabilities_array:[0.05336891 0.01744835 0.16437036 0.10286441 0.0421937  0.
 0.07042123 0.16419972 0.22077817 0.09683443 0.06752072]

rule6: 71.703 < blast_furnace_slag < 128.326
probabilities_array:[0.05467179 0.10995301 0.         0.         0.09096866 0.
 0.11685958 0.17468989 0.15641764 0.12866971 0.16776966]

rule10: 53.758 < fly_ash < 96.597
probabilities_array:[0.04468386 0.00552952 0.19268832 0.07901821 0.10498421 0.10790559
 0.19388397 0.22468111 0.03843448 0.         0.00819083]


---1---
rule0: cement < 210.861
probabilities_array:[0.31398308 0.326682   0.09967694 0.11601459 0.0457338  0.04666336
 0.00394795 0.01911439 0.02661099 0.         0.00157279]

rule28: age < 3.344
probabilities_array:[0.30322975 0.28993055 0.26768145 0.         0.03998956 0.00558644
 0.         0.         0.         0.         0.09358231]

rule16: superplasticizer < 2.046
probabilities_array:[0.24392477 0.29957753 0.03801173 0.02118276 0.13634473 0.11104558
 0.         0.         0.01053159 0.         0.13938135]

rule4: blast_furnace_slag < 15.080
probabilities_array:[0.20114845 0.2447031  0.13143934 0.03605698 0.04686382 0.20032278
 0.02250062 0.         0.01767894 0.06656873 0.03271719]

rule9: 10.919 < fly_ash < 53.758
probabilities_array:[0.         0.23645    0.         0.         0.29936478 0.
 0.         0.01329077 0.36303383 0.08786058 0.        ]

rule25: 722.328 < fine_aggregate < 775.806
probabilities_array:[0.         0.21160291 0.12919092 0.         0.1710884  0.07863067
 0.         0.01547274 0.1068133  0.22340554 0.06379554]

rule1: 210.861 < cement < 281.725
probabilities_array:[0.12380003 0.1832288  0.04593816 0.18557829 0.11973526 0.
 0.02565832 0.18779835 0.08185627 0.00658928 0.03981717]

rule26: 775.806 < fine_aggregate < 829.285
probabilities_array:[0.07417949 0.1526404  0.15119202 0.04582721 0.11579486 0.10128502
 0.1821533  0.02323835 0.00238316 0.12372844 0.0275777 ]

rule27: fine_aggregate > 829.285
probabilities_array:[0.32905826 0.14543593 0.01627009 0.17618594 0.01489752 0.
 0.03639843 0.04098354 0.         0.03732248 0.20344786]

rule22: 971.757 < coarse_aggregate < 1024.315
probabilities_array:[0.06336897 0.10940398 0.13060299 0.12116595 0.0212309  0.05076573
 0.13220185 0.10881743 0.18313856 0.00040815 0.0788955 ]

rule11: fly_ash > 96.597
probabilities_array:[0.09077658 0.09898443 0.06272148 0.11580165 0.09126943 0.170305
 0.08824138 0.1300112  0.10307707 0.00504004 0.04377176]

rule20: coarse_aggregate < 919.199
probabilities_array:[0.18065381 0.10532306 0.         0.         0.20867372 0.0596455
 0.08204309 0.01126354 0.03057331 0.20057686 0.12124721]

rule6: 71.703 < blast_furnace_slag < 128.326
probabilities_array:[0.05467179 0.10995301 0.         0.         0.09096866 0.
 0.11685958 0.17468989 0.15641764 0.12866971 0.16776966]

rule14: 181.757 < water < 195.925
probabilities_array:[0.27929908 0.08933685 0.09482002 0.08722936 0.17130496 0.08056247
 0.13631828 0.02966171 0.01171067 0.         0.01975662]

rule2: 281.725 < cement < 352.589
probabilities_array:[0.01552413 0.09039412 0.0789748  0.         0.1376653  0.12179422
 0.15437861 0.17060252 0.15777335 0.0354471  0.03744594]

rule8: fly_ash < 10.919
probabilities_array:[0.23252125 0.11907538 0.         0.         0.01914249 0.
 0.00384185 0.         0.04704977 0.26468557 0.31368378]

rule19: superplasticizer > 10.089
probabilities_array:[0.         0.08216432 0.         0.         0.11056278 0.19660051
 0.01839795 0.20229946 0.10369331 0.19797912 0.08830248]

rule13: 167.590 < water < 181.757
probabilities_array:[0.1868908  0.06532693 0.1316599  0.24789503 0.         0.
 0.02919657 0.16142942 0.         0.04783962 0.12976174]

rule15: water > 195.925
probabilities_array:[0.28747013 0.04834912 0.19303341 0.0480097  0.23757994 0.05159641
 0.0740801  0.0391304  0.02075063 0.         0.        ]


---2---
rule28: age < 3.344
probabilities_array:[0.30322975 0.28993055 0.26768145 0.         0.03998956 0.00558644
 0.         0.         0.         0.         0.09358231]

rule15: water > 195.925
probabilities_array:[0.28747013 0.04834912 0.19303341 0.0480097  0.23757994 0.05159641
 0.0740801  0.0391304  0.02075063 0.         0.        ]

rule10: 53.758 < fly_ash < 96.597
probabilities_array:[0.04468386 0.00552952 0.19268832 0.07901821 0.10498421 0.10790559
 0.19388397 0.22468111 0.03843448 0.         0.00819083]

rule17: 2.046 < superplasticizer < 6.068
probabilities_array:[0.08216681 0.         0.15819961 0.1164332  0.03858916 0.05614149
 0.25002924 0.00888975 0.1059581  0.16383637 0.0197563 ]

rule18: 6.068 < superplasticizer < 10.089
probabilities_array:[0.05336891 0.01744835 0.16437036 0.10286441 0.0421937  0.
 0.07042123 0.16419972 0.22077817 0.09683443 0.06752072]

rule26: 775.806 < fine_aggregate < 829.285
probabilities_array:[0.07417949 0.1526404  0.15119202 0.04582721 0.11579486 0.10128502
 0.1821533  0.02323835 0.00238316 0.12372844 0.0275777 ]

rule4: blast_furnace_slag < 15.080
probabilities_array:[0.20114845 0.2447031  0.13143934 0.03605698 0.04686382 0.20032278
 0.02250062 0.         0.01767894 0.06656873 0.03271719]

rule25: 722.328 < fine_aggregate < 775.806
probabilities_array:[0.         0.21160291 0.12919092 0.         0.1710884  0.07863067
 0.         0.01547274 0.1068133  0.22340554 0.06379554]

rule22: 971.757 < coarse_aggregate < 1024.315
probabilities_array:[0.06336897 0.10940398 0.13060299 0.12116595 0.0212309  0.05076573
 0.13220185 0.10881743 0.18313856 0.00040815 0.0788955 ]

rule29: 3.344 < age < 43.171
probabilities_array:[0.         0.02536452 0.11722244 0.1493942  0.10830923 0.10045618
 0.0892967  0.20839155 0.12246712 0.06867537 0.01042264]

rule13: 167.590 < water < 181.757
probabilities_array:[0.1868908  0.06532693 0.1316599  0.24789503 0.         0.
 0.02919657 0.16142942 0.         0.04783962 0.12976174]

rule0: cement < 210.861
probabilities_array:[0.31398308 0.326682   0.09967694 0.11601459 0.0457338  0.04666336
 0.00394795 0.01911439 0.02661099 0.         0.00157279]

rule14: 181.757 < water < 195.925
probabilities_array:[0.27929908 0.08933685 0.09482002 0.08722936 0.17130496 0.08056247
 0.13631828 0.02966171 0.01171067 0.         0.01975662]

rule2: 281.725 < cement < 352.589
probabilities_array:[0.01552413 0.09039412 0.0789748  0.         0.1376653  0.12179422
 0.15437861 0.17060252 0.15777335 0.0354471  0.03744594]

rule23: coarse_aggregate > 1024.315
probabilities_array:[0.17971456 0.00145317 0.06855663 0.         0.01643763 0.
 0.24188876 0.20223832 0.02507191 0.19446504 0.07017402]

rule21: 919.199 < coarse_aggregate < 971.757
probabilities_array:[0.03226665 0.02354623 0.07524005 0.23974751 0.00451323 0.08682211
 0.01003236 0.05699266 0.19344397 0.12375709 0.15363814]

rule5: 15.080 < blast_furnace_slag < 71.703
probabilities_array:[0.10485835 0.         0.06782024 0.         0.1360479  0.
 0.08743597 0.05859536 0.18865971 0.26652437 0.09005806]

rule11: fly_ash > 96.597
probabilities_array:[0.09077658 0.09898443 0.06272148 0.11580165 0.09126943 0.170305
 0.08824138 0.1300112  0.10307707 0.00504004 0.04377176]

rule1: 210.861 < cement < 281.725
probabilities_array:[0.12380003 0.1832288  0.04593816 0.18557829 0.11973526 0.
 0.02565832 0.18779835 0.08185627 0.00658928 0.03981717]


---3---
rule13: 167.590 < water < 181.757
probabilities_array:[0.1868908  0.06532693 0.1316599  0.24789503 0.         0.
 0.02919657 0.16142942 0.         0.04783962 0.12976174]

rule21: 919.199 < coarse_aggregate < 971.757
probabilities_array:[0.03226665 0.02354623 0.07524005 0.23974751 0.00451323 0.08682211
 0.01003236 0.05699266 0.19344397 0.12375709 0.15363814]

rule1: 210.861 < cement < 281.725
probabilities_array:[0.12380003 0.1832288  0.04593816 0.18557829 0.11973526 0.
 0.02565832 0.18779835 0.08185627 0.00658928 0.03981717]

rule29: 3.344 < age < 43.171
probabilities_array:[0.         0.02536452 0.11722244 0.1493942  0.10830923 0.10045618
 0.0892967  0.20839155 0.12246712 0.06867537 0.01042264]

rule7: blast_furnace_slag > 128.326
probabilities_array:[0.0626836  0.         0.00059786 0.15950117 0.04443611 0.19963346
 0.08968924 0.09528979 0.09764355 0.16280831 0.08771702]

rule27: fine_aggregate > 829.285
probabilities_array:[0.32905826 0.14543593 0.01627009 0.17618594 0.01489752 0.
 0.03639843 0.04098354 0.         0.03732248 0.20344786]

rule0: cement < 210.861
probabilities_array:[0.31398308 0.326682   0.09967694 0.11601459 0.0457338  0.04666336
 0.00394795 0.01911439 0.02661099 0.         0.00157279]

rule17: 2.046 < superplasticizer < 6.068
probabilities_array:[0.08216681 0.         0.15819961 0.1164332  0.03858916 0.05614149
 0.25002924 0.00888975 0.1059581  0.16383637 0.0197563 ]

rule22: 971.757 < coarse_aggregate < 1024.315
probabilities_array:[0.06336897 0.10940398 0.13060299 0.12116595 0.0212309  0.05076573
 0.13220185 0.10881743 0.18313856 0.00040815 0.0788955 ]

rule11: fly_ash > 96.597
probabilities_array:[0.09077658 0.09898443 0.06272148 0.11580165 0.09126943 0.170305
 0.08824138 0.1300112  0.10307707 0.00504004 0.04377176]

rule18: 6.068 < superplasticizer < 10.089
probabilities_array:[0.05336891 0.01744835 0.16437036 0.10286441 0.0421937  0.
 0.07042123 0.16419972 0.22077817 0.09683443 0.06752072]

rule14: 181.757 < water < 195.925
probabilities_array:[0.27929908 0.08933685 0.09482002 0.08722936 0.17130496 0.08056247
 0.13631828 0.02966171 0.01171067 0.         0.01975662]

rule10: 53.758 < fly_ash < 96.597
probabilities_array:[0.04468386 0.00552952 0.19268832 0.07901821 0.10498421 0.10790559
 0.19388397 0.22468111 0.03843448 0.         0.00819083]

rule15: water > 195.925
probabilities_array:[0.28747013 0.04834912 0.19303341 0.0480097  0.23757994 0.05159641
 0.0740801  0.0391304  0.02075063 0.         0.        ]

rule24: fine_aggregate < 722.328
probabilities_array:[0.         0.01277686 0.         0.05285702 0.02881074 0.
 0.09555752 0.05624162 0.29485637 0.36531267 0.0935872 ]

rule26: 775.806 < fine_aggregate < 829.285
probabilities_array:[0.07417949 0.1526404  0.15119202 0.04582721 0.11579486 0.10128502
 0.1821533  0.02323835 0.00238316 0.12372844 0.0275777 ]


---4---
rule9: 10.919 < fly_ash < 53.758
probabilities_array:[0.         0.23645    0.         0.         0.29936478 0.
 0.         0.01329077 0.36303383 0.08786058 0.        ]

rule15: water > 195.925
probabilities_array:[0.28747013 0.04834912 0.19303341 0.0480097  0.23757994 0.05159641
 0.0740801  0.0391304  0.02075063 0.         0.        ]

rule20: coarse_aggregate < 919.199
probabilities_array:[0.18065381 0.10532306 0.         0.         0.20867372 0.0596455
 0.08204309 0.01126354 0.03057331 0.20057686 0.12124721]

rule14: 181.757 < water < 195.925
probabilities_array:[0.27929908 0.08933685 0.09482002 0.08722936 0.17130496 0.08056247
 0.13631828 0.02966171 0.01171067 0.         0.01975662]

rule25: 722.328 < fine_aggregate < 775.806
probabilities_array:[0.         0.21160291 0.12919092 0.         0.1710884  0.07863067
 0.         0.01547274 0.1068133  0.22340554 0.06379554]

rule2: 281.725 < cement < 352.589
probabilities_array:[0.01552413 0.09039412 0.0789748  0.         0.1376653  0.12179422
 0.15437861 0.17060252 0.15777335 0.0354471  0.03744594]

rule5: 15.080 < blast_furnace_slag < 71.703
probabilities_array:[0.10485835 0.         0.06782024 0.         0.1360479  0.
 0.08743597 0.05859536 0.18865971 0.26652437 0.09005806]

rule16: superplasticizer < 2.046
probabilities_array:[0.24392477 0.29957753 0.03801173 0.02118276 0.13634473 0.11104558
 0.         0.         0.01053159 0.         0.13938135]

rule1: 210.861 < cement < 281.725
probabilities_array:[0.12380003 0.1832288  0.04593816 0.18557829 0.11973526 0.
 0.02565832 0.18779835 0.08185627 0.00658928 0.03981717]

rule26: 775.806 < fine_aggregate < 829.285
probabilities_array:[0.07417949 0.1526404  0.15119202 0.04582721 0.11579486 0.10128502
 0.1821533  0.02323835 0.00238316 0.12372844 0.0275777 ]

rule29: 3.344 < age < 43.171
probabilities_array:[0.         0.02536452 0.11722244 0.1493942  0.10830923 0.10045618
 0.0892967  0.20839155 0.12246712 0.06867537 0.01042264]

rule10: 53.758 < fly_ash < 96.597
probabilities_array:[0.04468386 0.00552952 0.19268832 0.07901821 0.10498421 0.10790559
 0.19388397 0.22468111 0.03843448 0.         0.00819083]

rule19: superplasticizer > 10.089
probabilities_array:[0.         0.08216432 0.         0.         0.11056278 0.19660051
 0.01839795 0.20229946 0.10369331 0.19797912 0.08830248]

rule11: fly_ash > 96.597
probabilities_array:[0.09077658 0.09898443 0.06272148 0.11580165 0.09126943 0.170305
 0.08824138 0.1300112  0.10307707 0.00504004 0.04377176]

rule6: 71.703 < blast_furnace_slag < 128.326
probabilities_array:[0.05467179 0.10995301 0.         0.         0.09096866 0.
 0.11685958 0.17468989 0.15641764 0.12866971 0.16776966]

rule30: 43.171 < age < 82.998
probabilities_array:[0.         0.         0.         0.03941338 0.06622756 0.1893847
 0.0401587  0.19718195 0.2153908  0.2522429  0.        ]

rule0: cement < 210.861
probabilities_array:[0.31398308 0.326682   0.09967694 0.11601459 0.0457338  0.04666336
 0.00394795 0.01911439 0.02661099 0.         0.00157279]

rule4: blast_furnace_slag < 15.080
probabilities_array:[0.20114845 0.2447031  0.13143934 0.03605698 0.04686382 0.20032278
 0.02250062 0.         0.01767894 0.06656873 0.03271719]

rule7: blast_furnace_slag > 128.326
probabilities_array:[0.0626836  0.         0.00059786 0.15950117 0.04443611 0.19963346
 0.08968924 0.09528979 0.09764355 0.16280831 0.08771702]


---5---
rule4: blast_furnace_slag < 15.080
probabilities_array:[0.20114845 0.2447031  0.13143934 0.03605698 0.04686382 0.20032278
 0.02250062 0.         0.01767894 0.06656873 0.03271719]

rule30: 43.171 < age < 82.998
probabilities_array:[0.         0.         0.         0.03941338 0.06622756 0.1893847
 0.0401587  0.19718195 0.2153908  0.2522429  0.        ]

rule7: blast_furnace_slag > 128.326
probabilities_array:[0.0626836  0.         0.00059786 0.15950117 0.04443611 0.19963346
 0.08968924 0.09528979 0.09764355 0.16280831 0.08771702]

rule19: superplasticizer > 10.089
probabilities_array:[0.         0.08216432 0.         0.         0.11056278 0.19660051
 0.01839795 0.20229946 0.10369331 0.19797912 0.08830248]

rule11: fly_ash > 96.597
probabilities_array:[0.09077658 0.09898443 0.06272148 0.11580165 0.09126943 0.170305
 0.08824138 0.1300112  0.10307707 0.00504004 0.04377176]

rule2: 281.725 < cement < 352.589
probabilities_array:[0.01552413 0.09039412 0.0789748  0.         0.1376653  0.12179422
 0.15437861 0.17060252 0.15777335 0.0354471  0.03744594]

rule10: 53.758 < fly_ash < 96.597
probabilities_array:[0.04468386 0.00552952 0.19268832 0.07901821 0.10498421 0.10790559
 0.19388397 0.22468111 0.03843448 0.         0.00819083]

rule29: 3.344 < age < 43.171
probabilities_array:[0.         0.02536452 0.11722244 0.1493942  0.10830923 0.10045618
 0.0892967  0.20839155 0.12246712 0.06867537 0.01042264]

rule26: 775.806 < fine_aggregate < 829.285
probabilities_array:[0.07417949 0.1526404  0.15119202 0.04582721 0.11579486 0.10128502
 0.1821533  0.02323835 0.00238316 0.12372844 0.0275777 ]

rule16: superplasticizer < 2.046
probabilities_array:[0.24392477 0.29957753 0.03801173 0.02118276 0.13634473 0.11104558
 0.         0.         0.01053159 0.         0.13938135]

rule14: 181.757 < water < 195.925
probabilities_array:[0.27929908 0.08933685 0.09482002 0.08722936 0.17130496 0.08056247
 0.13631828 0.02966171 0.01171067 0.         0.01975662]

rule25: 722.328 < fine_aggregate < 775.806
probabilities_array:[0.         0.21160291 0.12919092 0.         0.1710884  0.07863067
 0.         0.01547274 0.1068133  0.22340554 0.06379554]

rule21: 919.199 < coarse_aggregate < 971.757
probabilities_array:[0.03226665 0.02354623 0.07524005 0.23974751 0.00451323 0.08682211
 0.01003236 0.05699266 0.19344397 0.12375709 0.15363814]

rule31: age > 82.998
probabilities_array:[0.         0.         0.         0.00357283 0.03087462 0.06557933
 0.19252229 0.22096187 0.2345428  0.25194636 0.        ]

rule17: 2.046 < superplasticizer < 6.068
probabilities_array:[0.08216681 0.         0.15819961 0.1164332  0.03858916 0.05614149
 0.25002924 0.00888975 0.1059581  0.16383637 0.0197563 ]

rule3: cement > 352.589
probabilities_array:[0.         0.         0.         0.00309457 0.00096863 0.08312246
 0.07021577 0.00608362 0.18781617 0.30550224 0.34319648]

rule20: coarse_aggregate < 919.199
probabilities_array:[0.18065381 0.10532306 0.         0.         0.20867372 0.0596455
 0.08204309 0.01126354 0.03057331 0.20057686 0.12124721]

rule15: water > 195.925
probabilities_array:[0.28747013 0.04834912 0.19303341 0.0480097  0.23757994 0.05159641
 0.0740801  0.0391304  0.02075063 0.         0.        ]

rule22: 971.757 < coarse_aggregate < 1024.315
probabilities_array:[0.06336897 0.10940398 0.13060299 0.12116595 0.0212309  0.05076573
 0.13220185 0.10881743 0.18313856 0.00040815 0.0788955 ]

rule0: cement < 210.861
probabilities_array:[0.31398308 0.326682   0.09967694 0.11601459 0.0457338  0.04666336
 0.00394795 0.01911439 0.02661099 0.         0.00157279]


---6---
rule17: 2.046 < superplasticizer < 6.068
probabilities_array:[0.08216681 0.         0.15819961 0.1164332  0.03858916 0.05614149
 0.25002924 0.00888975 0.1059581  0.16383637 0.0197563 ]

rule23: coarse_aggregate > 1024.315
probabilities_array:[0.17971456 0.00145317 0.06855663 0.         0.01643763 0.
 0.24188876 0.20223832 0.02507191 0.19446504 0.07017402]

rule31: age > 82.998
probabilities_array:[0.         0.         0.         0.00357283 0.03087462 0.06557933
 0.19252229 0.22096187 0.2345428  0.25194636 0.        ]

rule10: 53.758 < fly_ash < 96.597
probabilities_array:[0.04468386 0.00552952 0.19268832 0.07901821 0.10498421 0.10790559
 0.19388397 0.22468111 0.03843448 0.         0.00819083]

rule26: 775.806 < fine_aggregate < 829.285
probabilities_array:[0.07417949 0.1526404  0.15119202 0.04582721 0.11579486 0.10128502
 0.1821533  0.02323835 0.00238316 0.12372844 0.0275777 ]

rule2: 281.725 < cement < 352.589
probabilities_array:[0.01552413 0.09039412 0.0789748  0.         0.1376653  0.12179422
 0.15437861 0.17060252 0.15777335 0.0354471  0.03744594]

rule14: 181.757 < water < 195.925
probabilities_array:[0.27929908 0.08933685 0.09482002 0.08722936 0.17130496 0.08056247
 0.13631828 0.02966171 0.01171067 0.         0.01975662]

rule22: 971.757 < coarse_aggregate < 1024.315
probabilities_array:[0.06336897 0.10940398 0.13060299 0.12116595 0.0212309  0.05076573
 0.13220185 0.10881743 0.18313856 0.00040815 0.0788955 ]

rule6: 71.703 < blast_furnace_slag < 128.326
probabilities_array:[0.05467179 0.10995301 0.         0.         0.09096866 0.
 0.11685958 0.17468989 0.15641764 0.12866971 0.16776966]

rule29: 3.344 < age < 43.171
probabilities_array:[0.         0.02536452 0.11722244 0.1493942  0.10830923 0.10045618
 0.0892967  0.20839155 0.12246712 0.06867537 0.01042264]

rule24: fine_aggregate < 722.328
probabilities_array:[0.         0.01277686 0.         0.05285702 0.02881074 0.
 0.09555752 0.05624162 0.29485637 0.36531267 0.0935872 ]

rule11: fly_ash > 96.597
probabilities_array:[0.09077658 0.09898443 0.06272148 0.11580165 0.09126943 0.170305
 0.08824138 0.1300112  0.10307707 0.00504004 0.04377176]

rule7: blast_furnace_slag > 128.326
probabilities_array:[0.0626836  0.         0.00059786 0.15950117 0.04443611 0.19963346
 0.08968924 0.09528979 0.09764355 0.16280831 0.08771702]

rule5: 15.080 < blast_furnace_slag < 71.703
probabilities_array:[0.10485835 0.         0.06782024 0.         0.1360479  0.
 0.08743597 0.05859536 0.18865971 0.26652437 0.09005806]

rule15: water > 195.925
probabilities_array:[0.28747013 0.04834912 0.19303341 0.0480097  0.23757994 0.05159641
 0.0740801  0.0391304  0.02075063 0.         0.        ]

rule20: coarse_aggregate < 919.199
probabilities_array:[0.18065381 0.10532306 0.         0.         0.20867372 0.0596455
 0.08204309 0.01126354 0.03057331 0.20057686 0.12124721]

rule18: 6.068 < superplasticizer < 10.089
probabilities_array:[0.05336891 0.01744835 0.16437036 0.10286441 0.0421937  0.
 0.07042123 0.16419972 0.22077817 0.09683443 0.06752072]

rule12: water < 167.590
probabilities_array:[0.         0.04305619 0.         0.         0.00035562 0.01679732
 0.08086491 0.00973055 0.2597401  0.28037563 0.3090796 ]

rule3: cement > 352.589
probabilities_array:[0.         0.         0.         0.00309457 0.00096863 0.08312246
 0.07021577 0.00608362 0.18781617 0.30550224 0.34319648]

rule30: 43.171 < age < 82.998
probabilities_array:[0.         0.         0.         0.03941338 0.06622756 0.1893847
 0.0401587  0.19718195 0.2153908  0.2522429  0.        ]


---7---
rule10: 53.758 < fly_ash < 96.597
probabilities_array:[0.04468386 0.00552952 0.19268832 0.07901821 0.10498421 0.10790559
 0.19388397 0.22468111 0.03843448 0.         0.00819083]

rule31: age > 82.998
probabilities_array:[0.         0.         0.         0.00357283 0.03087462 0.06557933
 0.19252229 0.22096187 0.2345428  0.25194636 0.        ]

rule29: 3.344 < age < 43.171
probabilities_array:[0.         0.02536452 0.11722244 0.1493942  0.10830923 0.10045618
 0.0892967  0.20839155 0.12246712 0.06867537 0.01042264]

rule30: 43.171 < age < 82.998
probabilities_array:[0.         0.         0.         0.03941338 0.06622756 0.1893847
 0.0401587  0.19718195 0.2153908  0.2522429  0.        ]

rule23: coarse_aggregate > 1024.315
probabilities_array:[0.17971456 0.00145317 0.06855663 0.         0.01643763 0.
 0.24188876 0.20223832 0.02507191 0.19446504 0.07017402]

rule19: superplasticizer > 10.089
probabilities_array:[0.         0.08216432 0.         0.         0.11056278 0.19660051
 0.01839795 0.20229946 0.10369331 0.19797912 0.08830248]

rule1: 210.861 < cement < 281.725
probabilities_array:[0.12380003 0.1832288  0.04593816 0.18557829 0.11973526 0.
 0.02565832 0.18779835 0.08185627 0.00658928 0.03981717]

rule2: 281.725 < cement < 352.589
probabilities_array:[0.01552413 0.09039412 0.0789748  0.         0.1376653  0.12179422
 0.15437861 0.17060252 0.15777335 0.0354471  0.03744594]

rule18: 6.068 < superplasticizer < 10.089
probabilities_array:[0.05336891 0.01744835 0.16437036 0.10286441 0.0421937  0.
 0.07042123 0.16419972 0.22077817 0.09683443 0.06752072]

rule6: 71.703 < blast_furnace_slag < 128.326
probabilities_array:[0.05467179 0.10995301 0.         0.         0.09096866 0.
 0.11685958 0.17468989 0.15641764 0.12866971 0.16776966]

rule13: 167.590 < water < 181.757
probabilities_array:[0.1868908  0.06532693 0.1316599  0.24789503 0.         0.
 0.02919657 0.16142942 0.         0.04783962 0.12976174]

rule11: fly_ash > 96.597
probabilities_array:[0.09077658 0.09898443 0.06272148 0.11580165 0.09126943 0.170305
 0.08824138 0.1300112  0.10307707 0.00504004 0.04377176]

rule22: 971.757 < coarse_aggregate < 1024.315
probabilities_array:[0.06336897 0.10940398 0.13060299 0.12116595 0.0212309  0.05076573
 0.13220185 0.10881743 0.18313856 0.00040815 0.0788955 ]

rule7: blast_furnace_slag > 128.326
probabilities_array:[0.0626836  0.         0.00059786 0.15950117 0.04443611 0.19963346
 0.08968924 0.09528979 0.09764355 0.16280831 0.08771702]

rule5: 15.080 < blast_furnace_slag < 71.703
probabilities_array:[0.10485835 0.         0.06782024 0.         0.1360479  0.
 0.08743597 0.05859536 0.18865971 0.26652437 0.09005806]

rule24: fine_aggregate < 722.328
probabilities_array:[0.         0.01277686 0.         0.05285702 0.02881074 0.
 0.09555752 0.05624162 0.29485637 0.36531267 0.0935872 ]

rule21: 919.199 < coarse_aggregate < 971.757
probabilities_array:[0.03226665 0.02354623 0.07524005 0.23974751 0.00451323 0.08682211
 0.01003236 0.05699266 0.19344397 0.12375709 0.15363814]


---8---
rule9: 10.919 < fly_ash < 53.758
probabilities_array:[0.         0.23645    0.         0.         0.29936478 0.
 0.         0.01329077 0.36303383 0.08786058 0.        ]

rule24: fine_aggregate < 722.328
probabilities_array:[0.         0.01277686 0.         0.05285702 0.02881074 0.
 0.09555752 0.05624162 0.29485637 0.36531267 0.0935872 ]

rule31: age > 82.998
probabilities_array:[0.         0.         0.         0.00357283 0.03087462 0.06557933
 0.19252229 0.22096187 0.2345428  0.25194636 0.        ]

rule30: 43.171 < age < 82.998
probabilities_array:[0.         0.         0.         0.03941338 0.06622756 0.1893847
 0.0401587  0.19718195 0.2153908  0.2522429  0.        ]

rule18: 6.068 < superplasticizer < 10.089
probabilities_array:[0.05336891 0.01744835 0.16437036 0.10286441 0.0421937  0.
 0.07042123 0.16419972 0.22077817 0.09683443 0.06752072]

rule12: water < 167.590
probabilities_array:[0.         0.04305619 0.         0.         0.00035562 0.01679732
 0.08086491 0.00973055 0.2597401  0.28037563 0.3090796 ]

rule5: 15.080 < blast_furnace_slag < 71.703
probabilities_array:[0.10485835 0.         0.06782024 0.         0.1360479  0.
 0.08743597 0.05859536 0.18865971 0.26652437 0.09005806]

rule22: 971.757 < coarse_aggregate < 1024.315
probabilities_array:[0.06336897 0.10940398 0.13060299 0.12116595 0.0212309  0.05076573
 0.13220185 0.10881743 0.18313856 0.00040815 0.0788955 ]

rule21: 919.199 < coarse_aggregate < 971.757
probabilities_array:[0.03226665 0.02354623 0.07524005 0.23974751 0.00451323 0.08682211
 0.01003236 0.05699266 0.19344397 0.12375709 0.15363814]

rule2: 281.725 < cement < 352.589
probabilities_array:[0.01552413 0.09039412 0.0789748  0.         0.1376653  0.12179422
 0.15437861 0.17060252 0.15777335 0.0354471  0.03744594]

rule6: 71.703 < blast_furnace_slag < 128.326
probabilities_array:[0.05467179 0.10995301 0.         0.         0.09096866 0.
 0.11685958 0.17468989 0.15641764 0.12866971 0.16776966]

rule3: cement > 352.589
probabilities_array:[0.         0.         0.         0.00309457 0.00096863 0.08312246
 0.07021577 0.00608362 0.18781617 0.30550224 0.34319648]

rule29: 3.344 < age < 43.171
probabilities_array:[0.         0.02536452 0.11722244 0.1493942  0.10830923 0.10045618
 0.0892967  0.20839155 0.12246712 0.06867537 0.01042264]

rule17: 2.046 < superplasticizer < 6.068
probabilities_array:[0.08216681 0.         0.15819961 0.1164332  0.03858916 0.05614149
 0.25002924 0.00888975 0.1059581  0.16383637 0.0197563 ]

rule25: 722.328 < fine_aggregate < 775.806
probabilities_array:[0.         0.21160291 0.12919092 0.         0.1710884  0.07863067
 0.         0.01547274 0.1068133  0.22340554 0.06379554]

rule11: fly_ash > 96.597
probabilities_array:[0.09077658 0.09898443 0.06272148 0.11580165 0.09126943 0.170305
 0.08824138 0.1300112  0.10307707 0.00504004 0.04377176]

rule19: superplasticizer > 10.089
probabilities_array:[0.         0.08216432 0.         0.         0.11056278 0.19660051
 0.01839795 0.20229946 0.10369331 0.19797912 0.08830248]

rule7: blast_furnace_slag > 128.326
probabilities_array:[0.0626836  0.         0.00059786 0.15950117 0.04443611 0.19963346
 0.08968924 0.09528979 0.09764355 0.16280831 0.08771702]

rule1: 210.861 < cement < 281.725
probabilities_array:[0.12380003 0.1832288  0.04593816 0.18557829 0.11973526 0.
 0.02565832 0.18779835 0.08185627 0.00658928 0.03981717]


---9---
rule24: fine_aggregate < 722.328
probabilities_array:[0.         0.01277686 0.         0.05285702 0.02881074 0.
 0.09555752 0.05624162 0.29485637 0.36531267 0.0935872 ]

rule30: 43.171 < age < 82.998
probabilities_array:[0.         0.         0.         0.03941338 0.06622756 0.1893847
 0.0401587  0.19718195 0.2153908  0.2522429  0.        ]

rule31: age > 82.998
probabilities_array:[0.         0.         0.         0.00357283 0.03087462 0.06557933
 0.19252229 0.22096187 0.2345428  0.25194636 0.        ]

rule5: 15.080 < blast_furnace_slag < 71.703
probabilities_array:[0.10485835 0.         0.06782024 0.         0.1360479  0.
 0.08743597 0.05859536 0.18865971 0.26652437 0.09005806]

rule25: 722.328 < fine_aggregate < 775.806
probabilities_array:[0.         0.21160291 0.12919092 0.         0.1710884  0.07863067
 0.         0.01547274 0.1068133  0.22340554 0.06379554]

rule3: cement > 352.589
probabilities_array:[0.         0.         0.         0.00309457 0.00096863 0.08312246
 0.07021577 0.00608362 0.18781617 0.30550224 0.34319648]

rule12: water < 167.590
probabilities_array:[0.         0.04305619 0.         0.         0.00035562 0.01679732
 0.08086491 0.00973055 0.2597401  0.28037563 0.3090796 ]

rule8: fly_ash < 10.919
probabilities_array:[0.23252125 0.11907538 0.         0.         0.01914249 0.
 0.00384185 0.         0.04704977 0.26468557 0.31368378]

rule23: coarse_aggregate > 1024.315
probabilities_array:[0.17971456 0.00145317 0.06855663 0.         0.01643763 0.
 0.24188876 0.20223832 0.02507191 0.19446504 0.07017402]

rule19: superplasticizer > 10.089
probabilities_array:[0.         0.08216432 0.         0.         0.11056278 0.19660051
 0.01839795 0.20229946 0.10369331 0.19797912 0.08830248]

rule20: coarse_aggregate < 919.199
probabilities_array:[0.18065381 0.10532306 0.         0.         0.20867372 0.0596455
 0.08204309 0.01126354 0.03057331 0.20057686 0.12124721]

rule17: 2.046 < superplasticizer < 6.068
probabilities_array:[0.08216681 0.         0.15819961 0.1164332  0.03858916 0.05614149
 0.25002924 0.00888975 0.1059581  0.16383637 0.0197563 ]

rule7: blast_furnace_slag > 128.326
probabilities_array:[0.0626836  0.         0.00059786 0.15950117 0.04443611 0.19963346
 0.08968924 0.09528979 0.09764355 0.16280831 0.08771702]

rule26: 775.806 < fine_aggregate < 829.285
probabilities_array:[0.07417949 0.1526404  0.15119202 0.04582721 0.11579486 0.10128502
 0.1821533  0.02323835 0.00238316 0.12372844 0.0275777 ]

rule6: 71.703 < blast_furnace_slag < 128.326
probabilities_array:[0.05467179 0.10995301 0.         0.         0.09096866 0.
 0.11685958 0.17468989 0.15641764 0.12866971 0.16776966]

rule21: 919.199 < coarse_aggregate < 971.757
probabilities_array:[0.03226665 0.02354623 0.07524005 0.23974751 0.00451323 0.08682211
 0.01003236 0.05699266 0.19344397 0.12375709 0.15363814]

rule18: 6.068 < superplasticizer < 10.089
probabilities_array:[0.05336891 0.01744835 0.16437036 0.10286441 0.0421937  0.
 0.07042123 0.16419972 0.22077817 0.09683443 0.06752072]

rule9: 10.919 < fly_ash < 53.758
probabilities_array:[0.         0.23645    0.         0.         0.29936478 0.
 0.         0.01329077 0.36303383 0.08786058 0.        ]

rule29: 3.344 < age < 43.171
probabilities_array:[0.         0.02536452 0.11722244 0.1493942  0.10830923 0.10045618
 0.0892967  0.20839155 0.12246712 0.06867537 0.01042264]

rule4: blast_furnace_slag < 15.080
probabilities_array:[0.20114845 0.2447031  0.13143934 0.03605698 0.04686382 0.20032278
 0.02250062 0.         0.01767894 0.06656873 0.03271719]

rule13: 167.590 < water < 181.757
probabilities_array:[0.1868908  0.06532693 0.1316599  0.24789503 0.         0.
 0.02919657 0.16142942 0.         0.04783962 0.12976174]

