R2: 0.634408000079854


MAE: 8.310668926505587


Accuracy: 0.2520024229725992


F1: 0.28823529411764703


Most important rules
-----------------------------

---0---
rule15: water > 196.010
probabilities_array:[0.28048414 0.02995769 0.14671429 0.18530302 0.1331219  0.15522808
 0.0069498  0.017012   0.02152037 0.01783979 0.00466382 0.
 0.00120512]

rule0: cement < 210.919
probabilities_array:[0.25553712 0.25375777 0.14972974 0.019039   0.02939144 0.10988048
 0.10564106 0.01276896 0.02333951 0.00942276 0.01374996 0.
 0.01774224]

rule28: age < 3.257
probabilities_array:[0.30873516 0.2839349  0.         0.         0.         0.02091342
 0.19796182 0.         0.         0.         0.         0.
 0.18845472]

rule14: 181.480 < water < 196.010
probabilities_array:[0.19216616 0.1351445  0.11047329 0.1383729  0.21338657 0.056114
 0.00358297 0.061966   0.05919069 0.01217576 0.01256931 0.00116773
 0.00369011]

rule27: fine_aggregate > 825.919
probabilities_array:[0.19191772 0.13561517 0.00139184 0.10668436 0.14635094 0.09525352
 0.06881233 0.         0.01885988 0.18282814 0.         0.03075981
 0.02152631]

rule16: superplasticizer < 2.184
probabilities_array:[0.22837463 0.25341868 0.08422062 0.11458193 0.         0.02498661
 0.01618751 0.         0.         0.09780383 0.         0.00184563
 0.17858043]

rule9: 12.026 < fly_ash < 55.679
probabilities_array:[0.17735016 0.         0.         0.         0.20009235 0.
 0.         0.01269567 0.         0.24310502 0.25717717 0.10957954
 0.        ]

rule20: coarse_aggregate < 921.221
probabilities_array:[0.18547812 0.00352334 0.         0.01752516 0.05187953 0.17699745
 0.         0.02510413 0.14170003 0.00612854 0.17456684 0.15223742
 0.06485951]

rule23: coarse_aggregate > 1025.649
probabilities_array:[0.1893681  0.06986155 0.00366554 0.01159657 0.         0.02074802
 0.03652567 0.01244305 0.01038418 0.11760993 0.14333145 0.28613037
 0.09833564]

rule11: fly_ash > 99.332
probabilities_array:[0.15078746 0.05277704 0.05552686 0.07749598 0.24182124 0.03470629
 0.04805789 0.01738457 0.         0.13297805 0.15432805 0.
 0.03413651]

rule1: 210.919 < cement < 281.768
probabilities_array:[0.12472099 0.00760932 0.0673799  0.00164565 0.         0.18763153
 0.         0.21426898 0.02727035 0.249232   0.         0.04447136
 0.07576988]

rule4: blast_furnace_slag < 14.896
probabilities_array:[0.10157492 0.18000144 0.07390391 0.10548867 0.07498277 0.0122711
 0.24810018 0.0392882  0.05082585 0.00114061 0.0498203  0.04783135
 0.01477074]

rule5: 14.896 < blast_furnace_slag < 73.144
probabilities_array:[0.09966145 0.         0.         0.0983051  0.02236345 0.11270064
 0.03016155 0.0411235  0.15868369 0.03932578 0.12658527 0.19860654
 0.07248312]

rule10: 55.679 < fly_ash < 99.332
probabilities_array:[0.09107714 0.02736432 0.05042263 0.05366269 0.01578571 0.08917348
 0.01606975 0.12985426 0.18966389 0.1830814  0.12602141 0.
 0.02782338]

rule8: fly_ash < 12.026
probabilities_array:[0.10034241 0.00290267 0.         0.         0.         0.08810417
 0.05469157 0.01841049 0.19578914 0.         0.19229425 0.20190835
 0.14555693]

rule21: 921.221 < coarse_aggregate < 973.435
probabilities_array:[0.06447571 0.03312868 0.11182839 0.01840045 0.14287986 0.
 0.2508     0.07432581 0.06867775 0.08827334 0.05514095 0.05795046
 0.03411863]

rule6: 73.144 < blast_furnace_slag < 131.392
probabilities_array:[0.06434879 0.02833063 0.01823496 0.         0.         0.11381483
 0.         0.05283758 0.07681216 0.19184537 0.15760945 0.14592868
 0.15023752]


---1---
rule0: cement < 210.919
probabilities_array:[0.25553712 0.25375777 0.14972974 0.019039   0.02939144 0.10988048
 0.10564106 0.01276896 0.02333951 0.00942276 0.01374996 0.
 0.01774224]

rule28: age < 3.257
probabilities_array:[0.30873516 0.2839349  0.         0.         0.         0.02091342
 0.19796182 0.         0.         0.         0.         0.
 0.18845472]

rule19: superplasticizer > 10.362
probabilities_array:[0.02406826 0.22572918 0.         0.         0.00705969 0.07445326
 0.11750863 0.15859112 0.06043901 0.0914143  0.0571054  0.15073875
 0.03289242]

rule16: superplasticizer < 2.184
probabilities_array:[0.22837463 0.25341868 0.08422062 0.11458193 0.         0.02498661
 0.01618751 0.         0.         0.09780383 0.         0.00184563
 0.17858043]

rule4: blast_furnace_slag < 14.896
probabilities_array:[0.10157492 0.18000144 0.07390391 0.10548867 0.07498277 0.0122711
 0.24810018 0.0392882  0.05082585 0.00114061 0.0498203  0.04783135
 0.01477074]

rule14: 181.480 < water < 196.010
probabilities_array:[0.19216616 0.1351445  0.11047329 0.1383729  0.21338657 0.056114
 0.00358297 0.061966   0.05919069 0.01217576 0.01256931 0.00116773
 0.00369011]

rule27: fine_aggregate > 825.919
probabilities_array:[0.19191772 0.13561517 0.00139184 0.10668436 0.14635094 0.09525352
 0.06881233 0.         0.01885988 0.18282814 0.         0.03075981
 0.02152631]

rule26: 771.812 < fine_aggregate < 825.919
probabilities_array:[0.03220945 0.13717785 0.1377364  0.02537552 0.08832386 0.00956589
 0.06267386 0.16597433 0.13682592 0.00115242 0.         0.12858965
 0.07439492]

rule22: 973.435 < coarse_aggregate < 1025.649
probabilities_array:[0.03956569 0.12347553 0.01788546 0.02624969 0.02054013 0.
 0.09704374 0.06347691 0.19004615 0.13650227 0.17605111 0.01723264
 0.09193072]

rule2: 281.768 < cement < 352.618
probabilities_array:[0.00375908 0.08627255 0.01642764 0.00286091 0.04713546 0.14244029
 0.21469893 0.12828898 0.00281078 0.22035813 0.05383443 0.05338001
 0.02773283]

rule13: 166.949 < water < 181.480
probabilities_array:[0.00763793 0.07092454 0.06075847 0.15811418 0.         0.09190419
 0.06787755 0.18497297 0.02771885 0.16394675 0.00188598 0.15157892
 0.01267966]

rule23: coarse_aggregate > 1025.649
probabilities_array:[0.1893681  0.06986155 0.00366554 0.01159657 0.         0.02074802
 0.03652567 0.01244305 0.01038418 0.11760993 0.14333145 0.28613037
 0.09833564]

rule11: fly_ash > 99.332
probabilities_array:[0.15078746 0.05277704 0.05552686 0.07749598 0.24182124 0.03470629
 0.04805789 0.01738457 0.         0.13297805 0.15432805 0.
 0.03413651]


---2---
rule29: 3.257 < age < 44.799
probabilities_array:[0.         0.01769353 0.19124544 0.19384558 0.06661364 0.13850394
 0.01226842 0.1023509  0.11548243 0.05973651 0.03929892 0.04581305
 0.01714764]

rule17: 2.184 < superplasticizer < 6.273
probabilities_array:[0.         0.         0.17211543 0.12119731 0.06235729 0.11187267
 0.04350464 0.1263137  0.151908   0.05708884 0.         0.13836366
 0.01527846]

rule0: cement < 210.919
probabilities_array:[0.25553712 0.25375777 0.14972974 0.019039   0.02939144 0.10988048
 0.10564106 0.01276896 0.02333951 0.00942276 0.01374996 0.
 0.01774224]

rule15: water > 196.010
probabilities_array:[0.28048414 0.02995769 0.14671429 0.18530302 0.1331219  0.15522808
 0.0069498  0.017012   0.02152037 0.01783979 0.00466382 0.
 0.00120512]

rule26: 771.812 < fine_aggregate < 825.919
probabilities_array:[0.03220945 0.13717785 0.1377364  0.02537552 0.08832386 0.00956589
 0.06267386 0.16597433 0.13682592 0.00115242 0.         0.12858965
 0.07439492]

rule14: 181.480 < water < 196.010
probabilities_array:[0.19216616 0.1351445  0.11047329 0.1383729  0.21338657 0.056114
 0.00358297 0.061966   0.05919069 0.01217576 0.01256931 0.00116773
 0.00369011]

rule21: 921.221 < coarse_aggregate < 973.435
probabilities_array:[0.06447571 0.03312868 0.11182839 0.01840045 0.14287986 0.
 0.2508     0.07432581 0.06867775 0.08827334 0.05514095 0.05795046
 0.03411863]

rule4: blast_furnace_slag < 14.896
probabilities_array:[0.10157492 0.18000144 0.07390391 0.10548867 0.07498277 0.0122711
 0.24810018 0.0392882  0.05082585 0.00114061 0.0498203  0.04783135
 0.01477074]

rule16: superplasticizer < 2.184
probabilities_array:[0.22837463 0.25341868 0.08422062 0.11458193 0.         0.02498661
 0.01618751 0.         0.         0.09780383 0.         0.00184563
 0.17858043]

rule1: 210.919 < cement < 281.768
probabilities_array:[0.12472099 0.00760932 0.0673799  0.00164565 0.         0.18763153
 0.         0.21426898 0.02727035 0.249232   0.         0.04447136
 0.07576988]

rule13: 166.949 < water < 181.480
probabilities_array:[0.00763793 0.07092454 0.06075847 0.15811418 0.         0.09190419
 0.06787755 0.18497297 0.02771885 0.16394675 0.00188598 0.15157892
 0.01267966]

rule11: fly_ash > 99.332
probabilities_array:[0.15078746 0.05277704 0.05552686 0.07749598 0.24182124 0.03470629
 0.04805789 0.01738457 0.         0.13297805 0.15432805 0.
 0.03413651]

rule18: 6.273 < superplasticizer < 10.362
probabilities_array:[0.         0.         0.05464217 0.15551339 0.12616658 0.01217483
 0.02401147 0.04839575 0.14733449 0.02631208 0.2686306  0.06964932
 0.0671694 ]

rule10: 55.679 < fly_ash < 99.332
probabilities_array:[0.09107714 0.02736432 0.05042263 0.05366269 0.01578571 0.08917348
 0.01606975 0.12985426 0.18966389 0.1830814  0.12602141 0.
 0.02782338]


---3---
rule29: 3.257 < age < 44.799
probabilities_array:[0.         0.01769353 0.19124544 0.19384558 0.06661364 0.13850394
 0.01226842 0.1023509  0.11548243 0.05973651 0.03929892 0.04581305
 0.01714764]

rule15: water > 196.010
probabilities_array:[0.28048414 0.02995769 0.14671429 0.18530302 0.1331219  0.15522808
 0.0069498  0.017012   0.02152037 0.01783979 0.00466382 0.
 0.00120512]

rule7: blast_furnace_slag > 131.392
probabilities_array:[0.04185596 0.00555552 0.01354824 0.19055206 0.13726692 0.00478999
 0.19995497 0.10174251 0.02241448 0.         0.09611364 0.12833309
 0.05787262]

rule13: 166.949 < water < 181.480
probabilities_array:[0.00763793 0.07092454 0.06075847 0.15811418 0.         0.09190419
 0.06787755 0.18497297 0.02771885 0.16394675 0.00188598 0.15157892
 0.01267966]

rule18: 6.273 < superplasticizer < 10.362
probabilities_array:[0.         0.         0.05464217 0.15551339 0.12616658 0.01217483
 0.02401147 0.04839575 0.14733449 0.02631208 0.2686306  0.06964932
 0.0671694 ]

rule14: 181.480 < water < 196.010
probabilities_array:[0.19216616 0.1351445  0.11047329 0.1383729  0.21338657 0.056114
 0.00358297 0.061966   0.05919069 0.01217576 0.01256931 0.00116773
 0.00369011]

rule17: 2.184 < superplasticizer < 6.273
probabilities_array:[0.         0.         0.17211543 0.12119731 0.06235729 0.11187267
 0.04350464 0.1263137  0.151908   0.05708884 0.         0.13836366
 0.01527846]

rule27: fine_aggregate > 825.919
probabilities_array:[0.19191772 0.13561517 0.00139184 0.10668436 0.14635094 0.09525352
 0.06881233 0.         0.01885988 0.18282814 0.         0.03075981
 0.02152631]

rule4: blast_furnace_slag < 14.896
probabilities_array:[0.10157492 0.18000144 0.07390391 0.10548867 0.07498277 0.0122711
 0.24810018 0.0392882  0.05082585 0.00114061 0.0498203  0.04783135
 0.01477074]

rule16: superplasticizer < 2.184
probabilities_array:[0.22837463 0.25341868 0.08422062 0.11458193 0.         0.02498661
 0.01618751 0.         0.         0.09780383 0.         0.00184563
 0.17858043]

rule5: 14.896 < blast_furnace_slag < 73.144
probabilities_array:[0.09966145 0.         0.         0.0983051  0.02236345 0.11270064
 0.03016155 0.0411235  0.15868369 0.03932578 0.12658527 0.19860654
 0.07248312]

rule11: fly_ash > 99.332
probabilities_array:[0.15078746 0.05277704 0.05552686 0.07749598 0.24182124 0.03470629
 0.04805789 0.01738457 0.         0.13297805 0.15432805 0.
 0.03413651]

rule10: 55.679 < fly_ash < 99.332
probabilities_array:[0.09107714 0.02736432 0.05042263 0.05366269 0.01578571 0.08917348
 0.01606975 0.12985426 0.18966389 0.1830814  0.12602141 0.
 0.02782338]


---4---
rule11: fly_ash > 99.332
probabilities_array:[0.15078746 0.05277704 0.05552686 0.07749598 0.24182124 0.03470629
 0.04805789 0.01738457 0.         0.13297805 0.15432805 0.
 0.03413651]

rule14: 181.480 < water < 196.010
probabilities_array:[0.19216616 0.1351445  0.11047329 0.1383729  0.21338657 0.056114
 0.00358297 0.061966   0.05919069 0.01217576 0.01256931 0.00116773
 0.00369011]

rule9: 12.026 < fly_ash < 55.679
probabilities_array:[0.17735016 0.         0.         0.         0.20009235 0.
 0.         0.01269567 0.         0.24310502 0.25717717 0.10957954
 0.        ]

rule27: fine_aggregate > 825.919
probabilities_array:[0.19191772 0.13561517 0.00139184 0.10668436 0.14635094 0.09525352
 0.06881233 0.         0.01885988 0.18282814 0.         0.03075981
 0.02152631]

rule21: 921.221 < coarse_aggregate < 973.435
probabilities_array:[0.06447571 0.03312868 0.11182839 0.01840045 0.14287986 0.
 0.2508     0.07432581 0.06867775 0.08827334 0.05514095 0.05795046
 0.03411863]

rule15: water > 196.010
probabilities_array:[0.28048414 0.02995769 0.14671429 0.18530302 0.1331219  0.15522808
 0.0069498  0.017012   0.02152037 0.01783979 0.00466382 0.
 0.00120512]

rule7: blast_furnace_slag > 131.392
probabilities_array:[0.04185596 0.00555552 0.01354824 0.19055206 0.13726692 0.00478999
 0.19995497 0.10174251 0.02241448 0.         0.09611364 0.12833309
 0.05787262]

rule18: 6.273 < superplasticizer < 10.362
probabilities_array:[0.         0.         0.05464217 0.15551339 0.12616658 0.01217483
 0.02401147 0.04839575 0.14733449 0.02631208 0.2686306  0.06964932
 0.0671694 ]

rule26: 771.812 < fine_aggregate < 825.919
probabilities_array:[0.03220945 0.13717785 0.1377364  0.02537552 0.08832386 0.00956589
 0.06267386 0.16597433 0.13682592 0.00115242 0.         0.12858965
 0.07439492]

rule4: blast_furnace_slag < 14.896
probabilities_array:[0.10157492 0.18000144 0.07390391 0.10548867 0.07498277 0.0122711
 0.24810018 0.0392882  0.05082585 0.00114061 0.0498203  0.04783135
 0.01477074]

rule29: 3.257 < age < 44.799
probabilities_array:[0.         0.01769353 0.19124544 0.19384558 0.06661364 0.13850394
 0.01226842 0.1023509  0.11548243 0.05973651 0.03929892 0.04581305
 0.01714764]

rule17: 2.184 < superplasticizer < 6.273
probabilities_array:[0.         0.         0.17211543 0.12119731 0.06235729 0.11187267
 0.04350464 0.1263137  0.151908   0.05708884 0.         0.13836366
 0.01527846]

rule30: 44.799 < age < 86.340
probabilities_array:[0.         0.         0.         0.         0.05939145 0.
 0.         0.05030673 0.         0.22087294 0.2717456  0.2788325
 0.11885074]

rule20: coarse_aggregate < 921.221
probabilities_array:[0.18547812 0.00352334 0.         0.01752516 0.05187953 0.17699745
 0.         0.02510413 0.14170003 0.00612854 0.17456684 0.15223742
 0.06485951]

rule2: 281.768 < cement < 352.618
probabilities_array:[0.00375908 0.08627255 0.01642764 0.00286091 0.04713546 0.14244029
 0.21469893 0.12828898 0.00281078 0.22035813 0.05383443 0.05338001
 0.02773283]


---5---
rule25: 717.705 < fine_aggregate < 771.812
probabilities_array:[0.02407485 0.         0.         0.         0.         0.20800658
 0.08934963 0.01395365 0.00408448 0.21710917 0.15774912 0.2056926
 0.07997996]

rule1: 210.919 < cement < 281.768
probabilities_array:[0.12472099 0.00760932 0.0673799  0.00164565 0.         0.18763153
 0.         0.21426898 0.02727035 0.249232   0.         0.04447136
 0.07576988]

rule20: coarse_aggregate < 921.221
probabilities_array:[0.18547812 0.00352334 0.         0.01752516 0.05187953 0.17699745
 0.         0.02510413 0.14170003 0.00612854 0.17456684 0.15223742
 0.06485951]

rule15: water > 196.010
probabilities_array:[0.28048414 0.02995769 0.14671429 0.18530302 0.1331219  0.15522808
 0.0069498  0.017012   0.02152037 0.01783979 0.00466382 0.
 0.00120512]

rule2: 281.768 < cement < 352.618
probabilities_array:[0.00375908 0.08627255 0.01642764 0.00286091 0.04713546 0.14244029
 0.21469893 0.12828898 0.00281078 0.22035813 0.05383443 0.05338001
 0.02773283]

rule29: 3.257 < age < 44.799
probabilities_array:[0.         0.01769353 0.19124544 0.19384558 0.06661364 0.13850394
 0.01226842 0.1023509  0.11548243 0.05973651 0.03929892 0.04581305
 0.01714764]

rule17: 2.184 < superplasticizer < 6.273
probabilities_array:[0.         0.         0.17211543 0.12119731 0.06235729 0.11187267
 0.04350464 0.1263137  0.151908   0.05708884 0.         0.13836366
 0.01527846]

rule0: cement < 210.919
probabilities_array:[0.25553712 0.25375777 0.14972974 0.019039   0.02939144 0.10988048
 0.10564106 0.01276896 0.02333951 0.00942276 0.01374996 0.
 0.01774224]

rule5: 14.896 < blast_furnace_slag < 73.144
probabilities_array:[0.09966145 0.         0.         0.0983051  0.02236345 0.11270064
 0.03016155 0.0411235  0.15868369 0.03932578 0.12658527 0.19860654
 0.07248312]

rule6: 73.144 < blast_furnace_slag < 131.392
probabilities_array:[0.06434879 0.02833063 0.01823496 0.         0.         0.11381483
 0.         0.05283758 0.07681216 0.19184537 0.15760945 0.14592868
 0.15023752]

rule27: fine_aggregate > 825.919
probabilities_array:[0.19191772 0.13561517 0.00139184 0.10668436 0.14635094 0.09525352
 0.06881233 0.         0.01885988 0.18282814 0.         0.03075981
 0.02152631]

rule13: 166.949 < water < 181.480
probabilities_array:[0.00763793 0.07092454 0.06075847 0.15811418 0.         0.09190419
 0.06787755 0.18497297 0.02771885 0.16394675 0.00188598 0.15157892
 0.01267966]

rule10: 55.679 < fly_ash < 99.332
probabilities_array:[0.09107714 0.02736432 0.05042263 0.05366269 0.01578571 0.08917348
 0.01606975 0.12985426 0.18966389 0.1830814  0.12602141 0.
 0.02782338]

rule8: fly_ash < 12.026
probabilities_array:[0.10034241 0.00290267 0.         0.         0.         0.08810417
 0.05469157 0.01841049 0.19578914 0.         0.19229425 0.20190835
 0.14555693]

rule19: superplasticizer > 10.362
probabilities_array:[0.02406826 0.22572918 0.         0.         0.00705969 0.07445326
 0.11750863 0.15859112 0.06043901 0.0914143  0.0571054  0.15073875
 0.03289242]

rule14: 181.480 < water < 196.010
probabilities_array:[0.19216616 0.1351445  0.11047329 0.1383729  0.21338657 0.056114
 0.00358297 0.061966   0.05919069 0.01217576 0.01256931 0.00116773
 0.00369011]


---6---
rule4: blast_furnace_slag < 14.896
probabilities_array:[0.10157492 0.18000144 0.07390391 0.10548867 0.07498277 0.0122711
 0.24810018 0.0392882  0.05082585 0.00114061 0.0498203  0.04783135
 0.01477074]

rule21: 921.221 < coarse_aggregate < 973.435
probabilities_array:[0.06447571 0.03312868 0.11182839 0.01840045 0.14287986 0.
 0.2508     0.07432581 0.06867775 0.08827334 0.05514095 0.05795046
 0.03411863]

rule2: 281.768 < cement < 352.618
probabilities_array:[0.00375908 0.08627255 0.01642764 0.00286091 0.04713546 0.14244029
 0.21469893 0.12828898 0.00281078 0.22035813 0.05383443 0.05338001
 0.02773283]

rule7: blast_furnace_slag > 131.392
probabilities_array:[0.04185596 0.00555552 0.01354824 0.19055206 0.13726692 0.00478999
 0.19995497 0.10174251 0.02241448 0.         0.09611364 0.12833309
 0.05787262]

rule3: cement > 352.618
probabilities_array:[0.         0.         0.         0.         0.         0.02789237
 0.18141869 0.13548934 0.1490048  0.         0.19981162 0.19635323
 0.11003001]

rule28: age < 3.257
probabilities_array:[0.30873516 0.2839349  0.         0.         0.         0.02091342
 0.19796182 0.         0.         0.         0.         0.
 0.18845472]

rule24: fine_aggregate < 717.705
probabilities_array:[0.00555281 0.03985127 0.         0.00780075 0.03208222 0.
 0.11803526 0.10577475 0.11795829 0.18527952 0.2835772  0.0702906
 0.03379728]

rule19: superplasticizer > 10.362
probabilities_array:[0.02406826 0.22572918 0.         0.         0.00705969 0.07445326
 0.11750863 0.15859112 0.06043901 0.0914143  0.0571054  0.15073875
 0.03289242]

rule0: cement < 210.919
probabilities_array:[0.25553712 0.25375777 0.14972974 0.019039   0.02939144 0.10988048
 0.10564106 0.01276896 0.02333951 0.00942276 0.01374996 0.
 0.01774224]

rule22: 973.435 < coarse_aggregate < 1025.649
probabilities_array:[0.03956569 0.12347553 0.01788546 0.02624969 0.02054013 0.
 0.09704374 0.06347691 0.19004615 0.13650227 0.17605111 0.01723264
 0.09193072]

rule12: water < 166.949
probabilities_array:[0.0000000e+00 2.5255673e-04 0.0000000e+00 0.0000000e+00 0.0000000e+00
 0.0000000e+00 1.3036641e-01 0.0000000e+00 4.6676025e-03 1.4817387e-02
 2.6907882e-01 2.5315920e-01 3.2765812e-01]

rule25: 717.705 < fine_aggregate < 771.812
probabilities_array:[0.02407485 0.         0.         0.         0.         0.20800658
 0.08934963 0.01395365 0.00408448 0.21710917 0.15774912 0.2056926
 0.07997996]

rule27: fine_aggregate > 825.919
probabilities_array:[0.19191772 0.13561517 0.00139184 0.10668436 0.14635094 0.09525352
 0.06881233 0.         0.01885988 0.18282814 0.         0.03075981
 0.02152631]

rule13: 166.949 < water < 181.480
probabilities_array:[0.00763793 0.07092454 0.06075847 0.15811418 0.         0.09190419
 0.06787755 0.18497297 0.02771885 0.16394675 0.00188598 0.15157892
 0.01267966]

rule26: 771.812 < fine_aggregate < 825.919
probabilities_array:[0.03220945 0.13717785 0.1377364  0.02537552 0.08832386 0.00956589
 0.06267386 0.16597433 0.13682592 0.00115242 0.         0.12858965
 0.07439492]

rule8: fly_ash < 12.026
probabilities_array:[0.10034241 0.00290267 0.         0.         0.         0.08810417
 0.05469157 0.01841049 0.19578914 0.         0.19229425 0.20190835
 0.14555693]

rule11: fly_ash > 99.332
probabilities_array:[0.15078746 0.05277704 0.05552686 0.07749598 0.24182124 0.03470629
 0.04805789 0.01738457 0.         0.13297805 0.15432805 0.
 0.03413651]

rule17: 2.184 < superplasticizer < 6.273
probabilities_array:[0.         0.         0.17211543 0.12119731 0.06235729 0.11187267
 0.04350464 0.1263137  0.151908   0.05708884 0.         0.13836366
 0.01527846]

rule31: age > 86.340
probabilities_array:[0.         0.         0.         0.03087083 0.01237452 0.03941559
 0.04214792 0.17075546 0.16965435 0.14770947 0.15950336 0.22756845
 0.        ]


---7---
rule1: 210.919 < cement < 281.768
probabilities_array:[0.12472099 0.00760932 0.0673799  0.00164565 0.         0.18763153
 0.         0.21426898 0.02727035 0.249232   0.         0.04447136
 0.07576988]

rule13: 166.949 < water < 181.480
probabilities_array:[0.00763793 0.07092454 0.06075847 0.15811418 0.         0.09190419
 0.06787755 0.18497297 0.02771885 0.16394675 0.00188598 0.15157892
 0.01267966]

rule31: age > 86.340
probabilities_array:[0.         0.         0.         0.03087083 0.01237452 0.03941559
 0.04214792 0.17075546 0.16965435 0.14770947 0.15950336 0.22756845
 0.        ]

rule26: 771.812 < fine_aggregate < 825.919
probabilities_array:[0.03220945 0.13717785 0.1377364  0.02537552 0.08832386 0.00956589
 0.06267386 0.16597433 0.13682592 0.00115242 0.         0.12858965
 0.07439492]

rule19: superplasticizer > 10.362
probabilities_array:[0.02406826 0.22572918 0.         0.         0.00705969 0.07445326
 0.11750863 0.15859112 0.06043901 0.0914143  0.0571054  0.15073875
 0.03289242]

rule10: 55.679 < fly_ash < 99.332
probabilities_array:[0.09107714 0.02736432 0.05042263 0.05366269 0.01578571 0.08917348
 0.01606975 0.12985426 0.18966389 0.1830814  0.12602141 0.
 0.02782338]

rule2: 281.768 < cement < 352.618
probabilities_array:[0.00375908 0.08627255 0.01642764 0.00286091 0.04713546 0.14244029
 0.21469893 0.12828898 0.00281078 0.22035813 0.05383443 0.05338001
 0.02773283]

rule17: 2.184 < superplasticizer < 6.273
probabilities_array:[0.         0.         0.17211543 0.12119731 0.06235729 0.11187267
 0.04350464 0.1263137  0.151908   0.05708884 0.         0.13836366
 0.01527846]

rule3: cement > 352.618
probabilities_array:[0.         0.         0.         0.         0.         0.02789237
 0.18141869 0.13548934 0.1490048  0.         0.19981162 0.19635323
 0.11003001]

rule24: fine_aggregate < 717.705
probabilities_array:[0.00555281 0.03985127 0.         0.00780075 0.03208222 0.
 0.11803526 0.10577475 0.11795829 0.18527952 0.2835772  0.0702906
 0.03379728]

rule29: 3.257 < age < 44.799
probabilities_array:[0.         0.01769353 0.19124544 0.19384558 0.06661364 0.13850394
 0.01226842 0.1023509  0.11548243 0.05973651 0.03929892 0.04581305
 0.01714764]

rule7: blast_furnace_slag > 131.392
probabilities_array:[0.04185596 0.00555552 0.01354824 0.19055206 0.13726692 0.00478999
 0.19995497 0.10174251 0.02241448 0.         0.09611364 0.12833309
 0.05787262]

rule21: 921.221 < coarse_aggregate < 973.435
probabilities_array:[0.06447571 0.03312868 0.11182839 0.01840045 0.14287986 0.
 0.2508     0.07432581 0.06867775 0.08827334 0.05514095 0.05795046
 0.03411863]

rule14: 181.480 < water < 196.010
probabilities_array:[0.19216616 0.1351445  0.11047329 0.1383729  0.21338657 0.056114
 0.00358297 0.061966   0.05919069 0.01217576 0.01256931 0.00116773
 0.00369011]

rule22: 973.435 < coarse_aggregate < 1025.649
probabilities_array:[0.03956569 0.12347553 0.01788546 0.02624969 0.02054013 0.
 0.09704374 0.06347691 0.19004615 0.13650227 0.17605111 0.01723264
 0.09193072]

rule18: 6.273 < superplasticizer < 10.362
probabilities_array:[0.         0.         0.05464217 0.15551339 0.12616658 0.01217483
 0.02401147 0.04839575 0.14733449 0.02631208 0.2686306  0.06964932
 0.0671694 ]

rule6: 73.144 < blast_furnace_slag < 131.392
probabilities_array:[0.06434879 0.02833063 0.01823496 0.         0.         0.11381483
 0.         0.05283758 0.07681216 0.19184537 0.15760945 0.14592868
 0.15023752]

rule30: 44.799 < age < 86.340
probabilities_array:[0.         0.         0.         0.         0.05939145 0.
 0.         0.05030673 0.         0.22087294 0.2717456  0.2788325
 0.11885074]


---8---
rule10: 55.679 < fly_ash < 99.332
probabilities_array:[0.09107714 0.02736432 0.05042263 0.05366269 0.01578571 0.08917348
 0.01606975 0.12985426 0.18966389 0.1830814  0.12602141 0.
 0.02782338]

rule22: 973.435 < coarse_aggregate < 1025.649
probabilities_array:[0.03956569 0.12347553 0.01788546 0.02624969 0.02054013 0.
 0.09704374 0.06347691 0.19004615 0.13650227 0.17605111 0.01723264
 0.09193072]

rule31: age > 86.340
probabilities_array:[0.         0.         0.         0.03087083 0.01237452 0.03941559
 0.04214792 0.17075546 0.16965435 0.14770947 0.15950336 0.22756845
 0.        ]

rule8: fly_ash < 12.026
probabilities_array:[0.10034241 0.00290267 0.         0.         0.         0.08810417
 0.05469157 0.01841049 0.19578914 0.         0.19229425 0.20190835
 0.14555693]

rule17: 2.184 < superplasticizer < 6.273
probabilities_array:[0.         0.         0.17211543 0.12119731 0.06235729 0.11187267
 0.04350464 0.1263137  0.151908   0.05708884 0.         0.13836366
 0.01527846]

rule5: 14.896 < blast_furnace_slag < 73.144
probabilities_array:[0.09966145 0.         0.         0.0983051  0.02236345 0.11270064
 0.03016155 0.0411235  0.15868369 0.03932578 0.12658527 0.19860654
 0.07248312]

rule18: 6.273 < superplasticizer < 10.362
probabilities_array:[0.         0.         0.05464217 0.15551339 0.12616658 0.01217483
 0.02401147 0.04839575 0.14733449 0.02631208 0.2686306  0.06964932
 0.0671694 ]

rule3: cement > 352.618
probabilities_array:[0.         0.         0.         0.         0.         0.02789237
 0.18141869 0.13548934 0.1490048  0.         0.19981162 0.19635323
 0.11003001]

rule20: coarse_aggregate < 921.221
probabilities_array:[0.18547812 0.00352334 0.         0.01752516 0.05187953 0.17699745
 0.         0.02510413 0.14170003 0.00612854 0.17456684 0.15223742
 0.06485951]

rule26: 771.812 < fine_aggregate < 825.919
probabilities_array:[0.03220945 0.13717785 0.1377364  0.02537552 0.08832386 0.00956589
 0.06267386 0.16597433 0.13682592 0.00115242 0.         0.12858965
 0.07439492]

rule24: fine_aggregate < 717.705
probabilities_array:[0.00555281 0.03985127 0.         0.00780075 0.03208222 0.
 0.11803526 0.10577475 0.11795829 0.18527952 0.2835772  0.0702906
 0.03379728]

rule29: 3.257 < age < 44.799
probabilities_array:[0.         0.01769353 0.19124544 0.19384558 0.06661364 0.13850394
 0.01226842 0.1023509  0.11548243 0.05973651 0.03929892 0.04581305
 0.01714764]

rule21: 921.221 < coarse_aggregate < 973.435
probabilities_array:[0.06447571 0.03312868 0.11182839 0.01840045 0.14287986 0.
 0.2508     0.07432581 0.06867775 0.08827334 0.05514095 0.05795046
 0.03411863]

rule6: 73.144 < blast_furnace_slag < 131.392
probabilities_array:[0.06434879 0.02833063 0.01823496 0.         0.         0.11381483
 0.         0.05283758 0.07681216 0.19184537 0.15760945 0.14592868
 0.15023752]

rule14: 181.480 < water < 196.010
probabilities_array:[0.19216616 0.1351445  0.11047329 0.1383729  0.21338657 0.056114
 0.00358297 0.061966   0.05919069 0.01217576 0.01256931 0.00116773
 0.00369011]

rule19: superplasticizer > 10.362
probabilities_array:[0.02406826 0.22572918 0.         0.         0.00705969 0.07445326
 0.11750863 0.15859112 0.06043901 0.0914143  0.0571054  0.15073875
 0.03289242]

rule4: blast_furnace_slag < 14.896
probabilities_array:[0.10157492 0.18000144 0.07390391 0.10548867 0.07498277 0.0122711
 0.24810018 0.0392882  0.05082585 0.00114061 0.0498203  0.04783135
 0.01477074]


---9---
rule9: 12.026 < fly_ash < 55.679
probabilities_array:[0.17735016 0.         0.         0.         0.20009235 0.
 0.         0.01269567 0.         0.24310502 0.25717717 0.10957954
 0.        ]

rule1: 210.919 < cement < 281.768
probabilities_array:[0.12472099 0.00760932 0.0673799  0.00164565 0.         0.18763153
 0.         0.21426898 0.02727035 0.249232   0.         0.04447136
 0.07576988]

rule2: 281.768 < cement < 352.618
probabilities_array:[0.00375908 0.08627255 0.01642764 0.00286091 0.04713546 0.14244029
 0.21469893 0.12828898 0.00281078 0.22035813 0.05383443 0.05338001
 0.02773283]

rule25: 717.705 < fine_aggregate < 771.812
probabilities_array:[0.02407485 0.         0.         0.         0.         0.20800658
 0.08934963 0.01395365 0.00408448 0.21710917 0.15774912 0.2056926
 0.07997996]

rule30: 44.799 < age < 86.340
probabilities_array:[0.         0.         0.         0.         0.05939145 0.
 0.         0.05030673 0.         0.22087294 0.2717456  0.2788325
 0.11885074]

rule24: fine_aggregate < 717.705
probabilities_array:[0.00555281 0.03985127 0.         0.00780075 0.03208222 0.
 0.11803526 0.10577475 0.11795829 0.18527952 0.2835772  0.0702906
 0.03379728]

rule27: fine_aggregate > 825.919
probabilities_array:[0.19191772 0.13561517 0.00139184 0.10668436 0.14635094 0.09525352
 0.06881233 0.         0.01885988 0.18282814 0.         0.03075981
 0.02152631]

rule10: 55.679 < fly_ash < 99.332
probabilities_array:[0.09107714 0.02736432 0.05042263 0.05366269 0.01578571 0.08917348
 0.01606975 0.12985426 0.18966389 0.1830814  0.12602141 0.
 0.02782338]

rule6: 73.144 < blast_furnace_slag < 131.392
probabilities_array:[0.06434879 0.02833063 0.01823496 0.         0.         0.11381483
 0.         0.05283758 0.07681216 0.19184537 0.15760945 0.14592868
 0.15023752]

rule13: 166.949 < water < 181.480
probabilities_array:[0.00763793 0.07092454 0.06075847 0.15811418 0.         0.09190419
 0.06787755 0.18497297 0.02771885 0.16394675 0.00188598 0.15157892
 0.01267966]

rule31: age > 86.340
probabilities_array:[0.         0.         0.         0.03087083 0.01237452 0.03941559
 0.04214792 0.17075546 0.16965435 0.14770947 0.15950336 0.22756845
 0.        ]

rule11: fly_ash > 99.332
probabilities_array:[0.15078746 0.05277704 0.05552686 0.07749598 0.24182124 0.03470629
 0.04805789 0.01738457 0.         0.13297805 0.15432805 0.
 0.03413651]

rule22: 973.435 < coarse_aggregate < 1025.649
probabilities_array:[0.03956569 0.12347553 0.01788546 0.02624969 0.02054013 0.
 0.09704374 0.06347691 0.19004615 0.13650227 0.17605111 0.01723264
 0.09193072]

rule23: coarse_aggregate > 1025.649
probabilities_array:[0.1893681  0.06986155 0.00366554 0.01159657 0.         0.02074802
 0.03652567 0.01244305 0.01038418 0.11760993 0.14333145 0.28613037
 0.09833564]

rule19: superplasticizer > 10.362
probabilities_array:[0.02406826 0.22572918 0.         0.         0.00705969 0.07445326
 0.11750863 0.15859112 0.06043901 0.0914143  0.0571054  0.15073875
 0.03289242]

rule21: 921.221 < coarse_aggregate < 973.435
probabilities_array:[0.06447571 0.03312868 0.11182839 0.01840045 0.14287986 0.
 0.2508     0.07432581 0.06867775 0.08827334 0.05514095 0.05795046
 0.03411863]

rule16: superplasticizer < 2.184
probabilities_array:[0.22837463 0.25341868 0.08422062 0.11458193 0.         0.02498661
 0.01618751 0.         0.         0.09780383 0.         0.00184563
 0.17858043]

rule29: 3.257 < age < 44.799
probabilities_array:[0.         0.01769353 0.19124544 0.19384558 0.06661364 0.13850394
 0.01226842 0.1023509  0.11548243 0.05973651 0.03929892 0.04581305
 0.01714764]

rule17: 2.184 < superplasticizer < 6.273
probabilities_array:[0.         0.         0.17211543 0.12119731 0.06235729 0.11187267
 0.04350464 0.1263137  0.151908   0.05708884 0.         0.13836366
 0.01527846]


---10---
rule24: fine_aggregate < 717.705
probabilities_array:[0.00555281 0.03985127 0.         0.00780075 0.03208222 0.
 0.11803526 0.10577475 0.11795829 0.18527952 0.2835772  0.0702906
 0.03379728]

rule9: 12.026 < fly_ash < 55.679
probabilities_array:[0.17735016 0.         0.         0.         0.20009235 0.
 0.         0.01269567 0.         0.24310502 0.25717717 0.10957954
 0.        ]

rule18: 6.273 < superplasticizer < 10.362
probabilities_array:[0.         0.         0.05464217 0.15551339 0.12616658 0.01217483
 0.02401147 0.04839575 0.14733449 0.02631208 0.2686306  0.06964932
 0.0671694 ]

rule30: 44.799 < age < 86.340
probabilities_array:[0.         0.         0.         0.         0.05939145 0.
 0.         0.05030673 0.         0.22087294 0.2717456  0.2788325
 0.11885074]

rule12: water < 166.949
probabilities_array:[0.0000000e+00 2.5255673e-04 0.0000000e+00 0.0000000e+00 0.0000000e+00
 0.0000000e+00 1.3036641e-01 0.0000000e+00 4.6676025e-03 1.4817387e-02
 2.6907882e-01 2.5315920e-01 3.2765812e-01]

rule3: cement > 352.618
probabilities_array:[0.         0.         0.         0.         0.         0.02789237
 0.18141869 0.13548934 0.1490048  0.         0.19981162 0.19635323
 0.11003001]

rule8: fly_ash < 12.026
probabilities_array:[0.10034241 0.00290267 0.         0.         0.         0.08810417
 0.05469157 0.01841049 0.19578914 0.         0.19229425 0.20190835
 0.14555693]

rule20: coarse_aggregate < 921.221
probabilities_array:[0.18547812 0.00352334 0.         0.01752516 0.05187953 0.17699745
 0.         0.02510413 0.14170003 0.00612854 0.17456684 0.15223742
 0.06485951]

rule22: 973.435 < coarse_aggregate < 1025.649
probabilities_array:[0.03956569 0.12347553 0.01788546 0.02624969 0.02054013 0.
 0.09704374 0.06347691 0.19004615 0.13650227 0.17605111 0.01723264
 0.09193072]

rule31: age > 86.340
probabilities_array:[0.         0.         0.         0.03087083 0.01237452 0.03941559
 0.04214792 0.17075546 0.16965435 0.14770947 0.15950336 0.22756845
 0.        ]

rule11: fly_ash > 99.332
probabilities_array:[0.15078746 0.05277704 0.05552686 0.07749598 0.24182124 0.03470629
 0.04805789 0.01738457 0.         0.13297805 0.15432805 0.
 0.03413651]

rule25: 717.705 < fine_aggregate < 771.812
probabilities_array:[0.02407485 0.         0.         0.         0.         0.20800658
 0.08934963 0.01395365 0.00408448 0.21710917 0.15774912 0.2056926
 0.07997996]

rule6: 73.144 < blast_furnace_slag < 131.392
probabilities_array:[0.06434879 0.02833063 0.01823496 0.         0.         0.11381483
 0.         0.05283758 0.07681216 0.19184537 0.15760945 0.14592868
 0.15023752]

rule23: coarse_aggregate > 1025.649
probabilities_array:[0.1893681  0.06986155 0.00366554 0.01159657 0.         0.02074802
 0.03652567 0.01244305 0.01038418 0.11760993 0.14333145 0.28613037
 0.09833564]

rule10: 55.679 < fly_ash < 99.332
probabilities_array:[0.09107714 0.02736432 0.05042263 0.05366269 0.01578571 0.08917348
 0.01606975 0.12985426 0.18966389 0.1830814  0.12602141 0.
 0.02782338]

rule5: 14.896 < blast_furnace_slag < 73.144
probabilities_array:[0.09966145 0.         0.         0.0983051  0.02236345 0.11270064
 0.03016155 0.0411235  0.15868369 0.03932578 0.12658527 0.19860654
 0.07248312]

rule7: blast_furnace_slag > 131.392
probabilities_array:[0.04185596 0.00555552 0.01354824 0.19055206 0.13726692 0.00478999
 0.19995497 0.10174251 0.02241448 0.         0.09611364 0.12833309
 0.05787262]

rule19: superplasticizer > 10.362
probabilities_array:[0.02406826 0.22572918 0.         0.         0.00705969 0.07445326
 0.11750863 0.15859112 0.06043901 0.0914143  0.0571054  0.15073875
 0.03289242]

rule21: 921.221 < coarse_aggregate < 973.435
probabilities_array:[0.06447571 0.03312868 0.11182839 0.01840045 0.14287986 0.
 0.2508     0.07432581 0.06867775 0.08827334 0.05514095 0.05795046
 0.03411863]

rule2: 281.768 < cement < 352.618
probabilities_array:[0.00375908 0.08627255 0.01642764 0.00286091 0.04713546 0.14244029
 0.21469893 0.12828898 0.00281078 0.22035813 0.05383443 0.05338001
 0.02773283]

rule4: blast_furnace_slag < 14.896
probabilities_array:[0.10157492 0.18000144 0.07390391 0.10548867 0.07498277 0.0122711
 0.24810018 0.0392882  0.05082585 0.00114061 0.0498203  0.04783135
 0.01477074]


---11---
rule23: coarse_aggregate > 1025.649
probabilities_array:[0.1893681  0.06986155 0.00366554 0.01159657 0.         0.02074802
 0.03652567 0.01244305 0.01038418 0.11760993 0.14333145 0.28613037
 0.09833564]

rule30: 44.799 < age < 86.340
probabilities_array:[0.         0.         0.         0.         0.05939145 0.
 0.         0.05030673 0.         0.22087294 0.2717456  0.2788325
 0.11885074]

rule31: age > 86.340
probabilities_array:[0.         0.         0.         0.03087083 0.01237452 0.03941559
 0.04214792 0.17075546 0.16965435 0.14770947 0.15950336 0.22756845
 0.        ]

rule25: 717.705 < fine_aggregate < 771.812
probabilities_array:[0.02407485 0.         0.         0.         0.         0.20800658
 0.08934963 0.01395365 0.00408448 0.21710917 0.15774912 0.2056926
 0.07997996]

rule5: 14.896 < blast_furnace_slag < 73.144
probabilities_array:[0.09966145 0.         0.         0.0983051  0.02236345 0.11270064
 0.03016155 0.0411235  0.15868369 0.03932578 0.12658527 0.19860654
 0.07248312]

rule3: cement > 352.618
probabilities_array:[0.         0.         0.         0.         0.         0.02789237
 0.18141869 0.13548934 0.1490048  0.         0.19981162 0.19635323
 0.11003001]

rule8: fly_ash < 12.026
probabilities_array:[0.10034241 0.00290267 0.         0.         0.         0.08810417
 0.05469157 0.01841049 0.19578914 0.         0.19229425 0.20190835
 0.14555693]

rule12: water < 166.949
probabilities_array:[0.0000000e+00 2.5255673e-04 0.0000000e+00 0.0000000e+00 0.0000000e+00
 0.0000000e+00 1.3036641e-01 0.0000000e+00 4.6676025e-03 1.4817387e-02
 2.6907882e-01 2.5315920e-01 3.2765812e-01]

rule13: 166.949 < water < 181.480
probabilities_array:[0.00763793 0.07092454 0.06075847 0.15811418 0.         0.09190419
 0.06787755 0.18497297 0.02771885 0.16394675 0.00188598 0.15157892
 0.01267966]

rule19: superplasticizer > 10.362
probabilities_array:[0.02406826 0.22572918 0.         0.         0.00705969 0.07445326
 0.11750863 0.15859112 0.06043901 0.0914143  0.0571054  0.15073875
 0.03289242]

rule20: coarse_aggregate < 921.221
probabilities_array:[0.18547812 0.00352334 0.         0.01752516 0.05187953 0.17699745
 0.         0.02510413 0.14170003 0.00612854 0.17456684 0.15223742
 0.06485951]

rule17: 2.184 < superplasticizer < 6.273
probabilities_array:[0.         0.         0.17211543 0.12119731 0.06235729 0.11187267
 0.04350464 0.1263137  0.151908   0.05708884 0.         0.13836366
 0.01527846]

rule6: 73.144 < blast_furnace_slag < 131.392
probabilities_array:[0.06434879 0.02833063 0.01823496 0.         0.         0.11381483
 0.         0.05283758 0.07681216 0.19184537 0.15760945 0.14592868
 0.15023752]

rule7: blast_furnace_slag > 131.392
probabilities_array:[0.04185596 0.00555552 0.01354824 0.19055206 0.13726692 0.00478999
 0.19995497 0.10174251 0.02241448 0.         0.09611364 0.12833309
 0.05787262]

rule26: 771.812 < fine_aggregate < 825.919
probabilities_array:[0.03220945 0.13717785 0.1377364  0.02537552 0.08832386 0.00956589
 0.06267386 0.16597433 0.13682592 0.00115242 0.         0.12858965
 0.07439492]

rule9: 12.026 < fly_ash < 55.679
probabilities_array:[0.17735016 0.         0.         0.         0.20009235 0.
 0.         0.01269567 0.         0.24310502 0.25717717 0.10957954
 0.        ]

rule24: fine_aggregate < 717.705
probabilities_array:[0.00555281 0.03985127 0.         0.00780075 0.03208222 0.
 0.11803526 0.10577475 0.11795829 0.18527952 0.2835772  0.0702906
 0.03379728]

rule18: 6.273 < superplasticizer < 10.362
probabilities_array:[0.         0.         0.05464217 0.15551339 0.12616658 0.01217483
 0.02401147 0.04839575 0.14733449 0.02631208 0.2686306  0.06964932
 0.0671694 ]

rule21: 921.221 < coarse_aggregate < 973.435
probabilities_array:[0.06447571 0.03312868 0.11182839 0.01840045 0.14287986 0.
 0.2508     0.07432581 0.06867775 0.08827334 0.05514095 0.05795046
 0.03411863]

rule2: 281.768 < cement < 352.618
probabilities_array:[0.00375908 0.08627255 0.01642764 0.00286091 0.04713546 0.14244029
 0.21469893 0.12828898 0.00281078 0.22035813 0.05383443 0.05338001
 0.02773283]

rule4: blast_furnace_slag < 14.896
probabilities_array:[0.10157492 0.18000144 0.07390391 0.10548867 0.07498277 0.0122711
 0.24810018 0.0392882  0.05082585 0.00114061 0.0498203  0.04783135
 0.01477074]

rule29: 3.257 < age < 44.799
probabilities_array:[0.         0.01769353 0.19124544 0.19384558 0.06661364 0.13850394
 0.01226842 0.1023509  0.11548243 0.05973651 0.03929892 0.04581305
 0.01714764]

rule1: 210.919 < cement < 281.768
probabilities_array:[0.12472099 0.00760932 0.0673799  0.00164565 0.         0.18763153
 0.         0.21426898 0.02727035 0.249232   0.         0.04447136
 0.07576988]

