R2: 0.5490987948924555


MAE: 8.620860396260262


Accuracy: 0.27071597393474733


F1: 0.2852941176470588


Most important rules
-----------------------------

---0---
rule0: cement < 212.148
probabilities_array:[0.2657988  0.25337738 0.06195226 0.12862265 0.06976914 0.06362616
 0.02544895 0.11120149 0.         0.02020317]

rule27: fine_aggregate > 827.536
probabilities_array:[0.26982424 0.06484798 0.19172056 0.022771   0.09180205 0.
 0.20616509 0.         0.03907912 0.11379004]

rule16: superplasticizer < 2.326
probabilities_array:[0.27094734 0.22503154 0.13397023 0.11258047 0.         0.
 0.0684284  0.01353349 0.         0.17550853]

rule14: 181.044 < water < 195.259
probabilities_array:[0.21988066 0.15319972 0.12242221 0.0741058  0.00636382 0.2428318
 0.11040863 0.         0.00353572 0.06725163]

rule28: age < 2.801
probabilities_array:[0.43239018 0.         0.         0.         0.         0.
 0.         0.         0.         0.5676098 ]

rule15: water > 195.259
probabilities_array:[0.1842278  0.10456483 0.123702   0.20441997 0.16902214 0.10905147
 0.05901315 0.0459987  0.         0.        ]

rule4: blast_furnace_slag < 14.931
probabilities_array:[0.19384645 0.15827581 0.1304234  0.18631855 0.13157052 0.06925519
 0.         0.00242182 0.02523765 0.10265063]

rule29: 2.801 < age < 43.490
probabilities_array:[0.17454705 0.1940602  0.19366068 0.10243472 0.09132884 0.17729318
 0.02589253 0.01666776 0.         0.02411503]

rule1: 212.148 < cement < 282.410
probabilities_array:[0.15118706 0.23028778 0.         0.18752888 0.02162327 0.
 0.13213348 0.15701647 0.0201492  0.10007377]

rule26: 775.078 < fine_aggregate < 827.536
probabilities_array:[0.12986165 0.0406609  0.09308066 0.09520224 0.12034622 0.13540274
 0.14517888 0.         0.21029295 0.0299738 ]

rule9: 11.952 < fly_ash < 55.302
probabilities_array:[0.1020349  0.12946464 0.         0.32380596 0.         0.20072371
 0.06428976 0.12237502 0.03975155 0.01755454]

rule22: 970.384 < coarse_aggregate < 1022.968
probabilities_array:[0.08827198 0.14529428 0.15446961 0.03632069 0.03845645 0.17201415
 0.16382603 0.12519933 0.01798372 0.05816378]

rule13: 166.830 < water < 181.044
probabilities_array:[0.07367001 0.04519158 0.064807   0.         0.16743247 0.13113546
 0.10130627 0.15381075 0.245245   0.01740148]

rule5: 14.931 < blast_furnace_slag < 73.401
probabilities_array:[0.07106561 0.         0.02300479 0.04035626 0.         0.02715017
 0.20749749 0.13023183 0.34429896 0.15639484]

rule11: fly_ash > 98.652
probabilities_array:[0.04868276 0.22949478 0.0890866  0.1098782  0.11496373 0.05830091
 0.22238417 0.06716275 0.         0.06004606]


---1---
rule0: cement < 212.148
probabilities_array:[0.2657988  0.25337738 0.06195226 0.12862265 0.06976914 0.06362616
 0.02544895 0.11120149 0.         0.02020317]

rule11: fly_ash > 98.652
probabilities_array:[0.04868276 0.22949478 0.0890866  0.1098782  0.11496373 0.05830091
 0.22238417 0.06716275 0.         0.06004606]

rule1: 212.148 < cement < 282.410
probabilities_array:[0.15118706 0.23028778 0.         0.18752888 0.02162327 0.
 0.13213348 0.15701647 0.0201492  0.10007377]

rule29: 2.801 < age < 43.490
probabilities_array:[0.17454705 0.1940602  0.19366068 0.10243472 0.09132884 0.17729318
 0.02589253 0.01666776 0.         0.02411503]

rule16: superplasticizer < 2.326
probabilities_array:[0.27094734 0.22503154 0.13397023 0.11258047 0.         0.
 0.0684284  0.01353349 0.         0.17550853]

rule14: 181.044 < water < 195.259
probabilities_array:[0.21988066 0.15319972 0.12242221 0.0741058  0.00636382 0.2428318
 0.11040863 0.         0.00353572 0.06725163]

rule4: blast_furnace_slag < 14.931
probabilities_array:[0.19384645 0.15827581 0.1304234  0.18631855 0.13157052 0.06925519
 0.         0.00242182 0.02523765 0.10265063]

rule22: 970.384 < coarse_aggregate < 1022.968
probabilities_array:[0.08827198 0.14529428 0.15446961 0.03632069 0.03845645 0.17201415
 0.16382603 0.12519933 0.01798372 0.05816378]

rule9: 11.952 < fly_ash < 55.302
probabilities_array:[0.1020349  0.12946464 0.         0.32380596 0.         0.20072371
 0.06428976 0.12237502 0.03975155 0.01755454]

rule15: water > 195.259
probabilities_array:[0.1842278  0.10456483 0.123702   0.20441997 0.16902214 0.10905147
 0.05901315 0.0459987  0.         0.        ]

rule23: coarse_aggregate > 1022.968
probabilities_array:[0.03985591 0.09997332 0.21925369 0.         0.06163501 0.
 0.10317948 0.07044892 0.2959824  0.10967134]

rule2: 282.410 < cement < 352.671
probabilities_array:[0.         0.08523104 0.         0.24611452 0.04879909 0.08668145
 0.14458334 0.3018264  0.0170824  0.06968172]

rule27: fine_aggregate > 827.536
probabilities_array:[0.26982424 0.06484798 0.19172056 0.022771   0.09180205 0.
 0.20616509 0.         0.03907912 0.11379004]

rule21: 917.801 < coarse_aggregate < 970.384
probabilities_array:[0.         0.06396785 0.19256942 0.05160899 0.10244903 0.05199724
 0.02260389 0.22953756 0.06895524 0.21631089]

rule13: 166.830 < water < 181.044
probabilities_array:[0.07367001 0.04519158 0.064807   0.         0.16743247 0.13113546
 0.10130627 0.15381075 0.245245   0.01740148]


---2---
rule17: 2.326 < superplasticizer < 6.298
probabilities_array:[0.         0.         0.29514283 0.         0.27835852 0.00389663
 0.11118709 0.         0.12145282 0.18996206]

rule23: coarse_aggregate > 1022.968
probabilities_array:[0.03985591 0.09997332 0.21925369 0.         0.06163501 0.
 0.10317948 0.07044892 0.2959824  0.10967134]

rule29: 2.801 < age < 43.490
probabilities_array:[0.17454705 0.1940602  0.19366068 0.10243472 0.09132884 0.17729318
 0.02589253 0.01666776 0.         0.02411503]

rule27: fine_aggregate > 827.536
probabilities_array:[0.26982424 0.06484798 0.19172056 0.022771   0.09180205 0.
 0.20616509 0.         0.03907912 0.11379004]

rule21: 917.801 < coarse_aggregate < 970.384
probabilities_array:[0.         0.06396785 0.19256942 0.05160899 0.10244903 0.05199724
 0.02260389 0.22953756 0.06895524 0.21631089]

rule22: 970.384 < coarse_aggregate < 1022.968
probabilities_array:[0.08827198 0.14529428 0.15446961 0.03632069 0.03845645 0.17201415
 0.16382603 0.12519933 0.01798372 0.05816378]

rule18: 6.298 < superplasticizer < 10.270
probabilities_array:[0.03900527 0.         0.14569408 0.17899169 0.03374748 0.10213161
 0.2167001  0.09872204 0.15036409 0.03464355]

rule15: water > 195.259
probabilities_array:[0.1842278  0.10456483 0.123702   0.20441997 0.16902214 0.10905147
 0.05901315 0.0459987  0.         0.        ]

rule4: blast_furnace_slag < 14.931
probabilities_array:[0.19384645 0.15827581 0.1304234  0.18631855 0.13157052 0.06925519
 0.         0.00242182 0.02523765 0.10265063]

rule14: 181.044 < water < 195.259
probabilities_array:[0.21988066 0.15319972 0.12242221 0.0741058  0.00636382 0.2428318
 0.11040863 0.         0.00353572 0.06725163]

rule7: blast_furnace_slag > 131.871
probabilities_array:[0.0000000e+00 2.1671832e-02 1.2176983e-01 1.9057816e-02 3.1506163e-01
 1.0821122e-02 1.9165894e-01 1.8646433e-04 2.3511884e-01 8.4653430e-02]

rule16: superplasticizer < 2.326
probabilities_array:[0.27094734 0.22503154 0.13397023 0.11258047 0.         0.
 0.0684284  0.01353349 0.         0.17550853]

rule26: 775.078 < fine_aggregate < 827.536
probabilities_array:[0.12986165 0.0406609  0.09308066 0.09520224 0.12034622 0.13540274
 0.14517888 0.         0.21029295 0.0299738 ]

rule11: fly_ash > 98.652
probabilities_array:[0.04868276 0.22949478 0.0890866  0.1098782  0.11496373 0.05830091
 0.22238417 0.06716275 0.         0.06004606]

rule10: 55.302 < fly_ash < 98.652
probabilities_array:[0.00903693 0.         0.08717138 0.18430032 0.1276096  0.04252739
 0.20784636 0.252626   0.         0.08888204]

rule13: 166.830 < water < 181.044
probabilities_array:[0.07367001 0.04519158 0.064807   0.         0.16743247 0.13113546
 0.10130627 0.15381075 0.245245   0.01740148]

rule0: cement < 212.148
probabilities_array:[0.2657988  0.25337738 0.06195226 0.12862265 0.06976914 0.06362616
 0.02544895 0.11120149 0.         0.02020317]


---3---
rule9: 11.952 < fly_ash < 55.302
probabilities_array:[0.1020349  0.12946464 0.         0.32380596 0.         0.20072371
 0.06428976 0.12237502 0.03975155 0.01755454]

rule2: 282.410 < cement < 352.671
probabilities_array:[0.         0.08523104 0.         0.24611452 0.04879909 0.08668145
 0.14458334 0.3018264  0.0170824  0.06968172]

rule15: water > 195.259
probabilities_array:[0.1842278  0.10456483 0.123702   0.20441997 0.16902214 0.10905147
 0.05901315 0.0459987  0.         0.        ]

rule25: 722.619 < fine_aggregate < 775.078
probabilities_array:[0.00055981 0.         0.02952445 0.22062704 0.10769794 0.05286433
 0.         0.21670917 0.25268996 0.11932725]

rule18: 6.298 < superplasticizer < 10.270
probabilities_array:[0.03900527 0.         0.14569408 0.17899169 0.03374748 0.10213161
 0.2167001  0.09872204 0.15036409 0.03464355]

rule1: 212.148 < cement < 282.410
probabilities_array:[0.15118706 0.23028778 0.         0.18752888 0.02162327 0.
 0.13213348 0.15701647 0.0201492  0.10007377]

rule10: 55.302 < fly_ash < 98.652
probabilities_array:[0.00903693 0.         0.08717138 0.18430032 0.1276096  0.04252739
 0.20784636 0.252626   0.         0.08888204]

rule4: blast_furnace_slag < 14.931
probabilities_array:[0.19384645 0.15827581 0.1304234  0.18631855 0.13157052 0.06925519
 0.         0.00242182 0.02523765 0.10265063]

rule0: cement < 212.148
probabilities_array:[0.2657988  0.25337738 0.06195226 0.12862265 0.06976914 0.06362616
 0.02544895 0.11120149 0.         0.02020317]

rule11: fly_ash > 98.652
probabilities_array:[0.04868276 0.22949478 0.0890866  0.1098782  0.11496373 0.05830091
 0.22238417 0.06716275 0.         0.06004606]

rule19: superplasticizer > 10.270
probabilities_array:[0.         0.         0.         0.12313826 0.03218899 0.20358843
 0.         0.21443129 0.2478903  0.17876269]

rule29: 2.801 < age < 43.490
probabilities_array:[0.17454705 0.1940602  0.19366068 0.10243472 0.09132884 0.17729318
 0.02589253 0.01666776 0.         0.02411503]

rule16: superplasticizer < 2.326
probabilities_array:[0.27094734 0.22503154 0.13397023 0.11258047 0.         0.
 0.0684284  0.01353349 0.         0.17550853]

rule26: 775.078 < fine_aggregate < 827.536
probabilities_array:[0.12986165 0.0406609  0.09308066 0.09520224 0.12034622 0.13540274
 0.14517888 0.         0.21029295 0.0299738 ]

rule14: 181.044 < water < 195.259
probabilities_array:[0.21988066 0.15319972 0.12242221 0.0741058  0.00636382 0.2428318
 0.11040863 0.         0.00353572 0.06725163]

rule21: 917.801 < coarse_aggregate < 970.384
probabilities_array:[0.         0.06396785 0.19256942 0.05160899 0.10244903 0.05199724
 0.02260389 0.22953756 0.06895524 0.21631089]


---4---
rule7: blast_furnace_slag > 131.871
probabilities_array:[0.0000000e+00 2.1671832e-02 1.2176983e-01 1.9057816e-02 3.1506163e-01
 1.0821122e-02 1.9165894e-01 1.8646433e-04 2.3511884e-01 8.4653430e-02]

rule17: 2.326 < superplasticizer < 6.298
probabilities_array:[0.         0.         0.29514283 0.         0.27835852 0.00389663
 0.11118709 0.         0.12145282 0.18996206]

rule30: 43.490 < age < 84.179
probabilities_array:[0.         0.         0.         0.03842883 0.1956642  0.
 0.17613898 0.2187405  0.31303594 0.05799159]

rule12: water < 166.830
probabilities_array:[0.         0.         0.00140124 0.         0.21502654 0.
 0.06365886 0.27628046 0.28695112 0.15668179]

rule15: water > 195.259
probabilities_array:[0.1842278  0.10456483 0.123702   0.20441997 0.16902214 0.10905147
 0.05901315 0.0459987  0.         0.        ]

rule13: 166.830 < water < 181.044
probabilities_array:[0.07367001 0.04519158 0.064807   0.         0.16743247 0.13113546
 0.10130627 0.15381075 0.245245   0.01740148]

rule4: blast_furnace_slag < 14.931
probabilities_array:[0.19384645 0.15827581 0.1304234  0.18631855 0.13157052 0.06925519
 0.         0.00242182 0.02523765 0.10265063]

rule26: 775.078 < fine_aggregate < 827.536
probabilities_array:[0.12986165 0.0406609  0.09308066 0.09520224 0.12034622 0.13540274
 0.14517888 0.         0.21029295 0.0299738 ]

rule10: 55.302 < fly_ash < 98.652
probabilities_array:[0.00903693 0.         0.08717138 0.18430032 0.1276096  0.04252739
 0.20784636 0.252626   0.         0.08888204]

rule3: cement > 352.671
probabilities_array:[0.         0.         0.01534876 0.         0.1284254  0.15073842
 0.18158358 0.10732605 0.29603776 0.12054005]

rule11: fly_ash > 98.652
probabilities_array:[0.04868276 0.22949478 0.0890866  0.1098782  0.11496373 0.05830091
 0.22238417 0.06716275 0.         0.06004606]

rule25: 722.619 < fine_aggregate < 775.078
probabilities_array:[0.00055981 0.         0.02952445 0.22062704 0.10769794 0.05286433
 0.         0.21670917 0.25268996 0.11932725]

rule29: 2.801 < age < 43.490
probabilities_array:[0.17454705 0.1940602  0.19366068 0.10243472 0.09132884 0.17729318
 0.02589253 0.01666776 0.         0.02411503]

rule31: age > 84.179
probabilities_array:[0.         0.01590634 0.03549522 0.02492354 0.08225027 0.1389131
 0.14829479 0.26680177 0.2819837  0.00543123]

rule27: fine_aggregate > 827.536
probabilities_array:[0.26982424 0.06484798 0.19172056 0.022771   0.09180205 0.
 0.20616509 0.         0.03907912 0.11379004]

rule21: 917.801 < coarse_aggregate < 970.384
probabilities_array:[0.         0.06396785 0.19256942 0.05160899 0.10244903 0.05199724
 0.02260389 0.22953756 0.06895524 0.21631089]

rule20: coarse_aggregate < 917.801
probabilities_array:[0.         0.         0.         0.03851525 0.09934821 0.2512873
 0.03200182 0.         0.3443923  0.23445511]

rule0: cement < 212.148
probabilities_array:[0.2657988  0.25337738 0.06195226 0.12862265 0.06976914 0.06362616
 0.02544895 0.11120149 0.         0.02020317]

rule23: coarse_aggregate > 1022.968
probabilities_array:[0.03985591 0.09997332 0.21925369 0.         0.06163501 0.
 0.10317948 0.07044892 0.2959824  0.10967134]

rule2: 282.410 < cement < 352.671
probabilities_array:[0.         0.08523104 0.         0.24611452 0.04879909 0.08668145
 0.14458334 0.3018264  0.0170824  0.06968172]


---5---
rule14: 181.044 < water < 195.259
probabilities_array:[0.21988066 0.15319972 0.12242221 0.0741058  0.00636382 0.2428318
 0.11040863 0.         0.00353572 0.06725163]

rule9: 11.952 < fly_ash < 55.302
probabilities_array:[0.1020349  0.12946464 0.         0.32380596 0.         0.20072371
 0.06428976 0.12237502 0.03975155 0.01755454]

rule20: coarse_aggregate < 917.801
probabilities_array:[0.         0.         0.         0.03851525 0.09934821 0.2512873
 0.03200182 0.         0.3443923  0.23445511]

rule29: 2.801 < age < 43.490
probabilities_array:[0.17454705 0.1940602  0.19366068 0.10243472 0.09132884 0.17729318
 0.02589253 0.01666776 0.         0.02411503]

rule19: superplasticizer > 10.270
probabilities_array:[0.         0.         0.         0.12313826 0.03218899 0.20358843
 0.         0.21443129 0.2478903  0.17876269]

rule22: 970.384 < coarse_aggregate < 1022.968
probabilities_array:[0.08827198 0.14529428 0.15446961 0.03632069 0.03845645 0.17201415
 0.16382603 0.12519933 0.01798372 0.05816378]

rule31: age > 84.179
probabilities_array:[0.         0.01590634 0.03549522 0.02492354 0.08225027 0.1389131
 0.14829479 0.26680177 0.2819837  0.00543123]

rule3: cement > 352.671
probabilities_array:[0.         0.         0.01534876 0.         0.1284254  0.15073842
 0.18158358 0.10732605 0.29603776 0.12054005]

rule26: 775.078 < fine_aggregate < 827.536
probabilities_array:[0.12986165 0.0406609  0.09308066 0.09520224 0.12034622 0.13540274
 0.14517888 0.         0.21029295 0.0299738 ]

rule13: 166.830 < water < 181.044
probabilities_array:[0.07367001 0.04519158 0.064807   0.         0.16743247 0.13113546
 0.10130627 0.15381075 0.245245   0.01740148]

rule15: water > 195.259
probabilities_array:[0.1842278  0.10456483 0.123702   0.20441997 0.16902214 0.10905147
 0.05901315 0.0459987  0.         0.        ]

rule18: 6.298 < superplasticizer < 10.270
probabilities_array:[0.03900527 0.         0.14569408 0.17899169 0.03374748 0.10213161
 0.2167001  0.09872204 0.15036409 0.03464355]

rule2: 282.410 < cement < 352.671
probabilities_array:[0.         0.08523104 0.         0.24611452 0.04879909 0.08668145
 0.14458334 0.3018264  0.0170824  0.06968172]

rule24: fine_aggregate < 722.619
probabilities_array:[0.         0.         0.         0.04589619 0.         0.08511119
 0.30031034 0.31975195 0.11471724 0.13421312]

rule0: cement < 212.148
probabilities_array:[0.2657988  0.25337738 0.06195226 0.12862265 0.06976914 0.06362616
 0.02544895 0.11120149 0.         0.02020317]

rule4: blast_furnace_slag < 14.931
probabilities_array:[0.19384645 0.15827581 0.1304234  0.18631855 0.13157052 0.06925519
 0.         0.00242182 0.02523765 0.10265063]

rule11: fly_ash > 98.652
probabilities_array:[0.04868276 0.22949478 0.0890866  0.1098782  0.11496373 0.05830091
 0.22238417 0.06716275 0.         0.06004606]

rule25: 722.619 < fine_aggregate < 775.078
probabilities_array:[0.00055981 0.         0.02952445 0.22062704 0.10769794 0.05286433
 0.         0.21670917 0.25268996 0.11932725]

rule21: 917.801 < coarse_aggregate < 970.384
probabilities_array:[0.         0.06396785 0.19256942 0.05160899 0.10244903 0.05199724
 0.02260389 0.22953756 0.06895524 0.21631089]


---6---
rule24: fine_aggregate < 722.619
probabilities_array:[0.         0.         0.         0.04589619 0.         0.08511119
 0.30031034 0.31975195 0.11471724 0.13421312]

rule18: 6.298 < superplasticizer < 10.270
probabilities_array:[0.03900527 0.         0.14569408 0.17899169 0.03374748 0.10213161
 0.2167001  0.09872204 0.15036409 0.03464355]

rule11: fly_ash > 98.652
probabilities_array:[0.04868276 0.22949478 0.0890866  0.1098782  0.11496373 0.05830091
 0.22238417 0.06716275 0.         0.06004606]

rule10: 55.302 < fly_ash < 98.652
probabilities_array:[0.00903693 0.         0.08717138 0.18430032 0.1276096  0.04252739
 0.20784636 0.252626   0.         0.08888204]

rule27: fine_aggregate > 827.536
probabilities_array:[0.26982424 0.06484798 0.19172056 0.022771   0.09180205 0.
 0.20616509 0.         0.03907912 0.11379004]

rule7: blast_furnace_slag > 131.871
probabilities_array:[0.0000000e+00 2.1671832e-02 1.2176983e-01 1.9057816e-02 3.1506163e-01
 1.0821122e-02 1.9165894e-01 1.8646433e-04 2.3511884e-01 8.4653430e-02]

rule5: 14.931 < blast_furnace_slag < 73.401
probabilities_array:[0.07106561 0.         0.02300479 0.04035626 0.         0.02715017
 0.20749749 0.13023183 0.34429896 0.15639484]

rule30: 43.490 < age < 84.179
probabilities_array:[0.         0.         0.         0.03842883 0.1956642  0.
 0.17613898 0.2187405  0.31303594 0.05799159]

rule3: cement > 352.671
probabilities_array:[0.         0.         0.01534876 0.         0.1284254  0.15073842
 0.18158358 0.10732605 0.29603776 0.12054005]

rule22: 970.384 < coarse_aggregate < 1022.968
probabilities_array:[0.08827198 0.14529428 0.15446961 0.03632069 0.03845645 0.17201415
 0.16382603 0.12519933 0.01798372 0.05816378]

rule31: age > 84.179
probabilities_array:[0.         0.01590634 0.03549522 0.02492354 0.08225027 0.1389131
 0.14829479 0.26680177 0.2819837  0.00543123]

rule26: 775.078 < fine_aggregate < 827.536
probabilities_array:[0.12986165 0.0406609  0.09308066 0.09520224 0.12034622 0.13540274
 0.14517888 0.         0.21029295 0.0299738 ]

rule2: 282.410 < cement < 352.671
probabilities_array:[0.         0.08523104 0.         0.24611452 0.04879909 0.08668145
 0.14458334 0.3018264  0.0170824  0.06968172]

rule1: 212.148 < cement < 282.410
probabilities_array:[0.15118706 0.23028778 0.         0.18752888 0.02162327 0.
 0.13213348 0.15701647 0.0201492  0.10007377]

rule14: 181.044 < water < 195.259
probabilities_array:[0.21988066 0.15319972 0.12242221 0.0741058  0.00636382 0.2428318
 0.11040863 0.         0.00353572 0.06725163]

rule13: 166.830 < water < 181.044
probabilities_array:[0.07367001 0.04519158 0.064807   0.         0.16743247 0.13113546
 0.10130627 0.15381075 0.245245   0.01740148]

rule23: coarse_aggregate > 1022.968
probabilities_array:[0.03985591 0.09997332 0.21925369 0.         0.06163501 0.
 0.10317948 0.07044892 0.2959824  0.10967134]

rule17: 2.326 < superplasticizer < 6.298
probabilities_array:[0.         0.         0.29514283 0.         0.27835852 0.00389663
 0.11118709 0.         0.12145282 0.18996206]

rule9: 11.952 < fly_ash < 55.302
probabilities_array:[0.1020349  0.12946464 0.         0.32380596 0.         0.20072371
 0.06428976 0.12237502 0.03975155 0.01755454]

rule15: water > 195.259
probabilities_array:[0.1842278  0.10456483 0.123702   0.20441997 0.16902214 0.10905147
 0.05901315 0.0459987  0.         0.        ]

rule16: superplasticizer < 2.326
probabilities_array:[0.27094734 0.22503154 0.13397023 0.11258047 0.         0.
 0.0684284  0.01353349 0.         0.17550853]

rule12: water < 166.830
probabilities_array:[0.         0.         0.00140124 0.         0.21502654 0.
 0.06365886 0.27628046 0.28695112 0.15668179]


---7---
rule2: 282.410 < cement < 352.671
probabilities_array:[0.         0.08523104 0.         0.24611452 0.04879909 0.08668145
 0.14458334 0.3018264  0.0170824  0.06968172]

rule24: fine_aggregate < 722.619
probabilities_array:[0.         0.         0.         0.04589619 0.         0.08511119
 0.30031034 0.31975195 0.11471724 0.13421312]

rule31: age > 84.179
probabilities_array:[0.         0.01590634 0.03549522 0.02492354 0.08225027 0.1389131
 0.14829479 0.26680177 0.2819837  0.00543123]

rule12: water < 166.830
probabilities_array:[0.         0.         0.00140124 0.         0.21502654 0.
 0.06365886 0.27628046 0.28695112 0.15668179]

rule10: 55.302 < fly_ash < 98.652
probabilities_array:[0.00903693 0.         0.08717138 0.18430032 0.1276096  0.04252739
 0.20784636 0.252626   0.         0.08888204]

rule30: 43.490 < age < 84.179
probabilities_array:[0.         0.         0.         0.03842883 0.1956642  0.
 0.17613898 0.2187405  0.31303594 0.05799159]

rule6: 73.401 < blast_furnace_slag < 131.871
probabilities_array:[0.         0.         0.         0.         0.         0.
 0.01070746 0.36068934 0.1649776  0.46362555]

rule25: 722.619 < fine_aggregate < 775.078
probabilities_array:[0.00055981 0.         0.02952445 0.22062704 0.10769794 0.05286433
 0.         0.21670917 0.25268996 0.11932725]

rule21: 917.801 < coarse_aggregate < 970.384
probabilities_array:[0.         0.06396785 0.19256942 0.05160899 0.10244903 0.05199724
 0.02260389 0.22953756 0.06895524 0.21631089]

rule19: superplasticizer > 10.270
probabilities_array:[0.         0.         0.         0.12313826 0.03218899 0.20358843
 0.         0.21443129 0.2478903  0.17876269]

rule13: 166.830 < water < 181.044
probabilities_array:[0.07367001 0.04519158 0.064807   0.         0.16743247 0.13113546
 0.10130627 0.15381075 0.245245   0.01740148]

rule1: 212.148 < cement < 282.410
probabilities_array:[0.15118706 0.23028778 0.         0.18752888 0.02162327 0.
 0.13213348 0.15701647 0.0201492  0.10007377]

rule9: 11.952 < fly_ash < 55.302
probabilities_array:[0.1020349  0.12946464 0.         0.32380596 0.         0.20072371
 0.06428976 0.12237502 0.03975155 0.01755454]

rule22: 970.384 < coarse_aggregate < 1022.968
probabilities_array:[0.08827198 0.14529428 0.15446961 0.03632069 0.03845645 0.17201415
 0.16382603 0.12519933 0.01798372 0.05816378]

rule5: 14.931 < blast_furnace_slag < 73.401
probabilities_array:[0.07106561 0.         0.02300479 0.04035626 0.         0.02715017
 0.20749749 0.13023183 0.34429896 0.15639484]

rule0: cement < 212.148
probabilities_array:[0.2657988  0.25337738 0.06195226 0.12862265 0.06976914 0.06362616
 0.02544895 0.11120149 0.         0.02020317]

rule18: 6.298 < superplasticizer < 10.270
probabilities_array:[0.03900527 0.         0.14569408 0.17899169 0.03374748 0.10213161
 0.2167001  0.09872204 0.15036409 0.03464355]

rule3: cement > 352.671
probabilities_array:[0.         0.         0.01534876 0.         0.1284254  0.15073842
 0.18158358 0.10732605 0.29603776 0.12054005]

rule11: fly_ash > 98.652
probabilities_array:[0.04868276 0.22949478 0.0890866  0.1098782  0.11496373 0.05830091
 0.22238417 0.06716275 0.         0.06004606]

rule23: coarse_aggregate > 1022.968
probabilities_array:[0.03985591 0.09997332 0.21925369 0.         0.06163501 0.
 0.10317948 0.07044892 0.2959824  0.10967134]

rule15: water > 195.259
probabilities_array:[0.1842278  0.10456483 0.123702   0.20441997 0.16902214 0.10905147
 0.05901315 0.0459987  0.         0.        ]


---8---
rule30: 43.490 < age < 84.179
probabilities_array:[0.         0.         0.         0.03842883 0.1956642  0.
 0.17613898 0.2187405  0.31303594 0.05799159]

rule5: 14.931 < blast_furnace_slag < 73.401
probabilities_array:[0.07106561 0.         0.02300479 0.04035626 0.         0.02715017
 0.20749749 0.13023183 0.34429896 0.15639484]

rule31: age > 84.179
probabilities_array:[0.         0.01590634 0.03549522 0.02492354 0.08225027 0.1389131
 0.14829479 0.26680177 0.2819837  0.00543123]

rule20: coarse_aggregate < 917.801
probabilities_array:[0.         0.         0.         0.03851525 0.09934821 0.2512873
 0.03200182 0.         0.3443923  0.23445511]

rule23: coarse_aggregate > 1022.968
probabilities_array:[0.03985591 0.09997332 0.21925369 0.         0.06163501 0.
 0.10317948 0.07044892 0.2959824  0.10967134]

rule3: cement > 352.671
probabilities_array:[0.         0.         0.01534876 0.         0.1284254  0.15073842
 0.18158358 0.10732605 0.29603776 0.12054005]

rule12: water < 166.830
probabilities_array:[0.         0.         0.00140124 0.         0.21502654 0.
 0.06365886 0.27628046 0.28695112 0.15668179]

rule13: 166.830 < water < 181.044
probabilities_array:[0.07367001 0.04519158 0.064807   0.         0.16743247 0.13113546
 0.10130627 0.15381075 0.245245   0.01740148]

rule25: 722.619 < fine_aggregate < 775.078
probabilities_array:[0.00055981 0.         0.02952445 0.22062704 0.10769794 0.05286433
 0.         0.21670917 0.25268996 0.11932725]

rule7: blast_furnace_slag > 131.871
probabilities_array:[0.0000000e+00 2.1671832e-02 1.2176983e-01 1.9057816e-02 3.1506163e-01
 1.0821122e-02 1.9165894e-01 1.8646433e-04 2.3511884e-01 8.4653430e-02]

rule26: 775.078 < fine_aggregate < 827.536
probabilities_array:[0.12986165 0.0406609  0.09308066 0.09520224 0.12034622 0.13540274
 0.14517888 0.         0.21029295 0.0299738 ]

rule19: superplasticizer > 10.270
probabilities_array:[0.         0.         0.         0.12313826 0.03218899 0.20358843
 0.         0.21443129 0.2478903  0.17876269]

rule8: fly_ash < 11.952
probabilities_array:[0.         0.         0.         0.         0.04715749 0.00132793
 0.         0.         0.35995388 0.5915607 ]

rule18: 6.298 < superplasticizer < 10.270
probabilities_array:[0.03900527 0.         0.14569408 0.17899169 0.03374748 0.10213161
 0.2167001  0.09872204 0.15036409 0.03464355]

rule24: fine_aggregate < 722.619
probabilities_array:[0.         0.         0.         0.04589619 0.         0.08511119
 0.30031034 0.31975195 0.11471724 0.13421312]

rule17: 2.326 < superplasticizer < 6.298
probabilities_array:[0.         0.         0.29514283 0.         0.27835852 0.00389663
 0.11118709 0.         0.12145282 0.18996206]

rule6: 73.401 < blast_furnace_slag < 131.871
probabilities_array:[0.         0.         0.         0.         0.         0.
 0.01070746 0.36068934 0.1649776  0.46362555]

rule21: 917.801 < coarse_aggregate < 970.384
probabilities_array:[0.         0.06396785 0.19256942 0.05160899 0.10244903 0.05199724
 0.02260389 0.22953756 0.06895524 0.21631089]

