R2: 0.6320312636356754


MAE: 7.414404989038411


Accuracy: 0.2656192963972056


F1: 0.27058823529411763


Most important rules
-----------------------------

---0---
rule0: cement < 208.260
probabilities_array:[0.29791155 0.2762417  0.17845625 0.0561467  0.06636523 0.03534881
 0.03628838 0.0155984  0.01180172 0.02143681 0.         0.00440443]

rule27: fine_aggregate > 826.521
probabilities_array:[0.29108694 0.13335867 0.15431355 0.15602383 0.         0.06376864
 0.04787478 0.00909559 0.1059026  0.         0.01035414 0.02822123]

rule15: water > 195.541
probabilities_array:[0.25533608 0.01169734 0.16970275 0.10604543 0.23944297 0.10233049
 0.04675848 0.01534726 0.03990107 0.01299524 0.00044288 0.        ]

rule16: superplasticizer < 2.237
probabilities_array:[0.24678428 0.15626101 0.         0.14032796 0.01016342 0.
 0.25141072 0.         0.06155665 0.02445431 0.01675672 0.09228493]

rule29: 0.809 < age < 44.642
probabilities_array:[0.19690076 0.1849193  0.20855097 0.15296149 0.0402876  0.15003961
 0.025675   0.00767614 0.02262544 0.00544229 0.0003024  0.00461903]

rule14: 181.393 < water < 195.541
probabilities_array:[0.14385761 0.06959192 0.10978012 0.05375487 0.19881651 0.00511646
 0.11079077 0.22156078 0.0531958  0.         0.01075115 0.02278403]

rule1: 208.260 < cement < 277.552
probabilities_array:[0.17688026 0.00129858 0.01127699 0.0392036  0.         0.02170495
 0.09645723 0.00410833 0.09587016 0.18627962 0.08405057 0.28286973]

rule5: 16.431 < blast_furnace_slag < 75.248
probabilities_array:[0.11181906 0.         0.00576342 0.         0.06870791 0.
 0.09821816 0.00456302 0.17146458 0.12408602 0.36636853 0.04900929]

rule4: blast_furnace_slag < 16.431
probabilities_array:[0.07720251 0.21068926 0.02800306 0.17797562 0.02781484 0.
 0.15616229 0.1552681  0.00206676 0.09365531 0.04865586 0.02250651]

rule17: 2.237 < superplasticizer < 6.175
probabilities_array:[0.06030051 0.00200927 0.13009071 0.14653228 0.03290705 0.17084697
 0.05352733 0.16439365 0.065927   0.         0.16127308 0.01219222]

rule26: 773.378 < fine_aggregate < 826.521
probabilities_array:[0.04835045 0.16645087 0.10385619 0.04929322 0.08696171 0.01967813
 0.06903031 0.2572285  0.09476116 0.00247121 0.07122216 0.03069599]

rule18: 6.175 < superplasticizer < 10.113
probabilities_array:[0.04640608 0.         0.11576046 0.17580542 0.08787578 0.01103543
 0.06844694 0.12356517 0.09321759 0.20943451 0.06246705 0.00598558]

rule23: coarse_aggregate > 1028.334
probabilities_array:[0.04531687 0.0297882  0.081981   0.03081618 0.13680097 0.
 0.02096125 0.         0.24663766 0.10983744 0.26008296 0.03777755]


---1---
rule0: cement < 208.260
probabilities_array:[0.29791155 0.2762417  0.17845625 0.0561467  0.06636523 0.03534881
 0.03628838 0.0155984  0.01180172 0.02143681 0.         0.00440443]

rule4: blast_furnace_slag < 16.431
probabilities_array:[0.07720251 0.21068926 0.02800306 0.17797562 0.02781484 0.
 0.15616229 0.1552681  0.00206676 0.09365531 0.04865586 0.02250651]

rule29: 0.809 < age < 44.642
probabilities_array:[0.19690076 0.1849193  0.20855097 0.15296149 0.0402876  0.15003961
 0.025675   0.00767614 0.02262544 0.00544229 0.0003024  0.00461903]

rule26: 773.378 < fine_aggregate < 826.521
probabilities_array:[0.04835045 0.16645087 0.10385619 0.04929322 0.08696171 0.01967813
 0.06903031 0.2572285  0.09476116 0.00247121 0.07122216 0.03069599]

rule16: superplasticizer < 2.237
probabilities_array:[0.24678428 0.15626101 0.         0.14032796 0.01016342 0.
 0.25141072 0.         0.06155665 0.02445431 0.01675672 0.09228493]

rule27: fine_aggregate > 826.521
probabilities_array:[0.29108694 0.13335867 0.15431355 0.15602383 0.         0.06376864
 0.04787478 0.00909559 0.1059026  0.         0.01035414 0.02822123]

rule11: fly_ash > 97.742
probabilities_array:[0.03164806 0.11372339 0.00748095 0.00405684 0.20207071 0.00888309
 0.21599212 0.18140827 0.06526005 0.12458969 0.         0.04488692]

rule2: 277.552 < cement < 346.843
probabilities_array:[0.         0.07395627 0.01675666 0.01527281 0.10410746 0.01461139
 0.14345942 0.         0.19408645 0.20612085 0.20707864 0.02455011]

rule14: 181.393 < water < 195.541
probabilities_array:[0.14385761 0.06959192 0.10978012 0.05375487 0.19881651 0.00511646
 0.11079077 0.22156078 0.0531958  0.         0.01075115 0.02278403]

rule22: 975.289 < coarse_aggregate < 1028.334
probabilities_array:[0.02248968 0.05379211 0.0385824  0.14607064 0.         0.01785936
 0.15604351 0.09279831 0.23496461 0.16261573 0.02316457 0.05161902]

rule24: fine_aggregate < 720.234
probabilities_array:[0.         0.0420287  0.017012   0.02252441 0.03552757 0.0339569
 0.11430489 0.24104616 0.09212621 0.2581694  0.1196413  0.02366244]


---2---
rule29: 0.809 < age < 44.642
probabilities_array:[0.19690076 0.1849193  0.20855097 0.15296149 0.0402876  0.15003961
 0.025675   0.00767614 0.02262544 0.00544229 0.0003024  0.00461903]

rule0: cement < 208.260
probabilities_array:[0.29791155 0.2762417  0.17845625 0.0561467  0.06636523 0.03534881
 0.03628838 0.0155984  0.01180172 0.02143681 0.         0.00440443]

rule15: water > 195.541
probabilities_array:[0.25533608 0.01169734 0.16970275 0.10604543 0.23944297 0.10233049
 0.04675848 0.01534726 0.03990107 0.01299524 0.00044288 0.        ]

rule27: fine_aggregate > 826.521
probabilities_array:[0.29108694 0.13335867 0.15431355 0.15602383 0.         0.06376864
 0.04787478 0.00909559 0.1059026  0.         0.01035414 0.02822123]

rule10: 54.663 < fly_ash < 97.742
probabilities_array:[0.01228009 0.         0.13914207 0.01059694 0.27008873 0.08501753
 0.04816595 0.09555127 0.17498718 0.1464822  0.         0.01768804]

rule8: fly_ash < 11.584
probabilities_array:[1.6214872e-02 0.0000000e+00 1.5626039e-01 1.5013063e-04 0.0000000e+00
 6.5926000e-02 0.0000000e+00 0.0000000e+00 0.0000000e+00 3.2551539e-01
 2.9044446e-01 1.4548878e-01]

rule17: 2.237 < superplasticizer < 6.175
probabilities_array:[0.06030051 0.00200927 0.13009071 0.14653228 0.03290705 0.17084697
 0.05352733 0.16439365 0.065927   0.         0.16127308 0.01219222]

rule18: 6.175 < superplasticizer < 10.113
probabilities_array:[0.04640608 0.         0.11576046 0.17580542 0.08787578 0.01103543
 0.06844694 0.12356517 0.09321759 0.20943451 0.06246705 0.00598558]

rule14: 181.393 < water < 195.541
probabilities_array:[0.14385761 0.06959192 0.10978012 0.05375487 0.19881651 0.00511646
 0.11079077 0.22156078 0.0531958  0.         0.01075115 0.02278403]

rule26: 773.378 < fine_aggregate < 826.521
probabilities_array:[0.04835045 0.16645087 0.10385619 0.04929322 0.08696171 0.01967813
 0.06903031 0.2572285  0.09476116 0.00247121 0.07122216 0.03069599]

rule23: coarse_aggregate > 1028.334
probabilities_array:[0.04531687 0.0297882  0.081981   0.03081618 0.13680097 0.
 0.02096125 0.         0.24663766 0.10983744 0.26008296 0.03777755]

rule13: 167.245 < water < 181.393
probabilities_array:[0.03074896 0.03385757 0.07291773 0.07860197 0.06786504 0.17546973
 0.06336715 0.         0.23225723 0.00943797 0.1893068  0.04616982]


---3---
rule18: 6.175 < superplasticizer < 10.113
probabilities_array:[0.04640608 0.         0.11576046 0.17580542 0.08787578 0.01103543
 0.06844694 0.12356517 0.09321759 0.20943451 0.06246705 0.00598558]

rule4: blast_furnace_slag < 16.431
probabilities_array:[0.07720251 0.21068926 0.02800306 0.17797562 0.02781484 0.
 0.15616229 0.1552681  0.00206676 0.09365531 0.04865586 0.02250651]

rule29: 0.809 < age < 44.642
probabilities_array:[0.19690076 0.1849193  0.20855097 0.15296149 0.0402876  0.15003961
 0.025675   0.00767614 0.02262544 0.00544229 0.0003024  0.00461903]

rule27: fine_aggregate > 826.521
probabilities_array:[0.29108694 0.13335867 0.15431355 0.15602383 0.         0.06376864
 0.04787478 0.00909559 0.1059026  0.         0.01035414 0.02822123]

rule7: blast_furnace_slag > 134.065
probabilities_array:[0.         0.         0.         0.16128954 0.02702918 0.22948173
 0.13017197 0.         0.14765702 0.08808362 0.15157515 0.06471172]

rule17: 2.237 < superplasticizer < 6.175
probabilities_array:[0.06030051 0.00200927 0.13009071 0.14653228 0.03290705 0.17084697
 0.05352733 0.16439365 0.065927   0.         0.16127308 0.01219222]

rule22: 975.289 < coarse_aggregate < 1028.334
probabilities_array:[0.02248968 0.05379211 0.0385824  0.14607064 0.         0.01785936
 0.15604351 0.09279831 0.23496461 0.16261573 0.02316457 0.05161902]

rule16: superplasticizer < 2.237
probabilities_array:[0.24678428 0.15626101 0.         0.14032796 0.01016342 0.
 0.25141072 0.         0.06155665 0.02445431 0.01675672 0.09228493]

rule15: water > 195.541
probabilities_array:[0.25533608 0.01169734 0.16970275 0.10604543 0.23944297 0.10233049
 0.04675848 0.01534726 0.03990107 0.01299524 0.00044288 0.        ]

rule21: 922.244 < coarse_aggregate < 975.289
probabilities_array:[0.00639445 0.         0.01326105 0.09755565 0.24166286 0.00187354
 0.02734609 0.11602799 0.11694802 0.07445025 0.24042474 0.06405535]

rule13: 167.245 < water < 181.393
probabilities_array:[0.03074896 0.03385757 0.07291773 0.07860197 0.06786504 0.17546973
 0.06336715 0.         0.23225723 0.00943797 0.1893068  0.04616982]

rule0: cement < 208.260
probabilities_array:[0.29791155 0.2762417  0.17845625 0.0561467  0.06636523 0.03534881
 0.03628838 0.0155984  0.01180172 0.02143681 0.         0.00440443]

rule14: 181.393 < water < 195.541
probabilities_array:[0.14385761 0.06959192 0.10978012 0.05375487 0.19881651 0.00511646
 0.11079077 0.22156078 0.0531958  0.         0.01075115 0.02278403]

rule26: 773.378 < fine_aggregate < 826.521
probabilities_array:[0.04835045 0.16645087 0.10385619 0.04929322 0.08696171 0.01967813
 0.06903031 0.2572285  0.09476116 0.00247121 0.07122216 0.03069599]


---4---
rule9: 11.584 < fly_ash < 54.663
probabilities_array:[0.         0.03503733 0.         0.00300515 0.3205415  0.00149581
 0.         0.         0.15667757 0.08321338 0.33234325 0.06768604]

rule10: 54.663 < fly_ash < 97.742
probabilities_array:[0.01228009 0.         0.13914207 0.01059694 0.27008873 0.08501753
 0.04816595 0.09555127 0.17498718 0.1464822  0.         0.01768804]

rule15: water > 195.541
probabilities_array:[0.25533608 0.01169734 0.16970275 0.10604543 0.23944297 0.10233049
 0.04675848 0.01534726 0.03990107 0.01299524 0.00044288 0.        ]

rule21: 922.244 < coarse_aggregate < 975.289
probabilities_array:[0.00639445 0.         0.01326105 0.09755565 0.24166286 0.00187354
 0.02734609 0.11602799 0.11694802 0.07445025 0.24042474 0.06405535]

rule25: 720.234 < fine_aggregate < 773.378
probabilities_array:[0.         0.         0.         0.01251359 0.23245588 0.15900806
 0.06701915 0.         0.14497086 0.05675159 0.21613777 0.11114315]

rule14: 181.393 < water < 195.541
probabilities_array:[0.14385761 0.06959192 0.10978012 0.05375487 0.19881651 0.00511646
 0.11079077 0.22156078 0.0531958  0.         0.01075115 0.02278403]

rule11: fly_ash > 97.742
probabilities_array:[0.03164806 0.11372339 0.00748095 0.00405684 0.20207071 0.00888309
 0.21599212 0.18140827 0.06526005 0.12458969 0.         0.04488692]

rule23: coarse_aggregate > 1028.334
probabilities_array:[0.04531687 0.0297882  0.081981   0.03081618 0.13680097 0.
 0.02096125 0.         0.24663766 0.10983744 0.26008296 0.03777755]

rule2: 277.552 < cement < 346.843
probabilities_array:[0.         0.07395627 0.01675666 0.01527281 0.10410746 0.01461139
 0.14345942 0.         0.19408645 0.20612085 0.20707864 0.02455011]

rule18: 6.175 < superplasticizer < 10.113
probabilities_array:[0.04640608 0.         0.11576046 0.17580542 0.08787578 0.01103543
 0.06844694 0.12356517 0.09321759 0.20943451 0.06246705 0.00598558]

rule26: 773.378 < fine_aggregate < 826.521
probabilities_array:[0.04835045 0.16645087 0.10385619 0.04929322 0.08696171 0.01967813
 0.06903031 0.2572285  0.09476116 0.00247121 0.07122216 0.03069599]

rule20: coarse_aggregate < 922.244
probabilities_array:[0.         0.00106105 0.00748093 0.00890788 0.06791733 0.24240202
 0.01120301 0.07808698 0.01762993 0.2552631  0.28791326 0.02213462]

rule0: cement < 208.260
probabilities_array:[0.29791155 0.2762417  0.17845625 0.0561467  0.06636523 0.03534881
 0.03628838 0.0155984  0.01180172 0.02143681 0.         0.00440443]

rule5: 16.431 < blast_furnace_slag < 75.248
probabilities_array:[0.11181906 0.         0.00576342 0.         0.06870791 0.
 0.09821816 0.00456302 0.17146458 0.12408602 0.36636853 0.04900929]

rule13: 167.245 < water < 181.393
probabilities_array:[0.03074896 0.03385757 0.07291773 0.07860197 0.06786504 0.17546973
 0.06336715 0.         0.23225723 0.00943797 0.1893068  0.04616982]

rule19: superplasticizer > 10.113
probabilities_array:[0.         0.02441896 0.01754027 0.01562567 0.05135305 0.09431664
 0.08754566 0.0174112  0.15358168 0.24608645 0.24617939 0.04594111]

rule29: 0.809 < age < 44.642
probabilities_array:[0.19690076 0.1849193  0.20855097 0.15296149 0.0402876  0.15003961
 0.025675   0.00767614 0.02262544 0.00544229 0.0003024  0.00461903]


---5---
rule20: coarse_aggregate < 922.244
probabilities_array:[0.         0.00106105 0.00748093 0.00890788 0.06791733 0.24240202
 0.01120301 0.07808698 0.01762993 0.2552631  0.28791326 0.02213462]

rule31: age > 88.475
probabilities_array:[0.00153999 0.         0.00345278 0.02200645 0.01487128 0.22064471
 0.05832475 0.19676752 0.17253186 0.16798833 0.1418723  0.        ]

rule7: blast_furnace_slag > 134.065
probabilities_array:[0.         0.         0.         0.16128954 0.02702918 0.22948173
 0.13017197 0.         0.14765702 0.08808362 0.15157515 0.06471172]

rule17: 2.237 < superplasticizer < 6.175
probabilities_array:[0.06030051 0.00200927 0.13009071 0.14653228 0.03290705 0.17084697
 0.05352733 0.16439365 0.065927   0.         0.16127308 0.01219222]

rule13: 167.245 < water < 181.393
probabilities_array:[0.03074896 0.03385757 0.07291773 0.07860197 0.06786504 0.17546973
 0.06336715 0.         0.23225723 0.00943797 0.1893068  0.04616982]

rule29: 0.809 < age < 44.642
probabilities_array:[0.19690076 0.1849193  0.20855097 0.15296149 0.0402876  0.15003961
 0.025675   0.00767614 0.02262544 0.00544229 0.0003024  0.00461903]

rule25: 720.234 < fine_aggregate < 773.378
probabilities_array:[0.         0.         0.         0.01251359 0.23245588 0.15900806
 0.06701915 0.         0.14497086 0.05675159 0.21613777 0.11114315]

rule15: water > 195.541
probabilities_array:[0.25533608 0.01169734 0.16970275 0.10604543 0.23944297 0.10233049
 0.04675848 0.01534726 0.03990107 0.01299524 0.00044288 0.        ]

rule6: 75.248 < blast_furnace_slag < 134.065
probabilities_array:[9.0345824e-03 1.7816653e-02 2.3943847e-02 1.8664796e-05 0.0000000e+00
 1.0191768e-01 0.0000000e+00 3.1683487e-01 1.8467528e-01 2.2156014e-01
 8.8331349e-02 3.5866916e-02]

rule19: superplasticizer > 10.113
probabilities_array:[0.         0.02441896 0.01754027 0.01562567 0.05135305 0.09431664
 0.08754566 0.0174112  0.15358168 0.24608645 0.24617939 0.04594111]

rule10: 54.663 < fly_ash < 97.742
probabilities_array:[0.01228009 0.         0.13914207 0.01059694 0.27008873 0.08501753
 0.04816595 0.09555127 0.17498718 0.1464822  0.         0.01768804]

rule27: fine_aggregate > 826.521
probabilities_array:[0.29108694 0.13335867 0.15431355 0.15602383 0.         0.06376864
 0.04787478 0.00909559 0.1059026  0.         0.01035414 0.02822123]

rule8: fly_ash < 11.584
probabilities_array:[1.6214872e-02 0.0000000e+00 1.5626039e-01 1.5013063e-04 0.0000000e+00
 6.5926000e-02 0.0000000e+00 0.0000000e+00 0.0000000e+00 3.2551539e-01
 2.9044446e-01 1.4548878e-01]

rule3: cement > 346.843
probabilities_array:[0.         0.         0.00759435 0.01959333 0.04043197 0.0485121
 0.07965276 0.29767522 0.10373632 0.14293766 0.23407085 0.02579552]


---6---
rule16: superplasticizer < 2.237
probabilities_array:[0.24678428 0.15626101 0.         0.14032796 0.01016342 0.
 0.25141072 0.         0.06155665 0.02445431 0.01675672 0.09228493]

rule11: fly_ash > 97.742
probabilities_array:[0.03164806 0.11372339 0.00748095 0.00405684 0.20207071 0.00888309
 0.21599212 0.18140827 0.06526005 0.12458969 0.         0.04488692]

rule30: 44.642 < age < 88.475
probabilities_array:[0.         0.         0.         0.00084187 0.03945762 0.
 0.22377035 0.         0.03663628 0.25569102 0.3036475  0.13995542]

rule4: blast_furnace_slag < 16.431
probabilities_array:[0.07720251 0.21068926 0.02800306 0.17797562 0.02781484 0.
 0.15616229 0.1552681  0.00206676 0.09365531 0.04865586 0.02250651]

rule22: 975.289 < coarse_aggregate < 1028.334
probabilities_array:[0.02248968 0.05379211 0.0385824  0.14607064 0.         0.01785936
 0.15604351 0.09279831 0.23496461 0.16261573 0.02316457 0.05161902]

rule2: 277.552 < cement < 346.843
probabilities_array:[0.         0.07395627 0.01675666 0.01527281 0.10410746 0.01461139
 0.14345942 0.         0.19408645 0.20612085 0.20707864 0.02455011]

rule7: blast_furnace_slag > 134.065
probabilities_array:[0.         0.         0.         0.16128954 0.02702918 0.22948173
 0.13017197 0.         0.14765702 0.08808362 0.15157515 0.06471172]

rule24: fine_aggregate < 720.234
probabilities_array:[0.         0.0420287  0.017012   0.02252441 0.03552757 0.0339569
 0.11430489 0.24104616 0.09212621 0.2581694  0.1196413  0.02366244]

rule14: 181.393 < water < 195.541
probabilities_array:[0.14385761 0.06959192 0.10978012 0.05375487 0.19881651 0.00511646
 0.11079077 0.22156078 0.0531958  0.         0.01075115 0.02278403]

rule5: 16.431 < blast_furnace_slag < 75.248
probabilities_array:[0.11181906 0.         0.00576342 0.         0.06870791 0.
 0.09821816 0.00456302 0.17146458 0.12408602 0.36636853 0.04900929]

rule19: superplasticizer > 10.113
probabilities_array:[0.         0.02441896 0.01754027 0.01562567 0.05135305 0.09431664
 0.08754566 0.0174112  0.15358168 0.24608645 0.24617939 0.04594111]

rule3: cement > 346.843
probabilities_array:[0.         0.         0.00759435 0.01959333 0.04043197 0.0485121
 0.07965276 0.29767522 0.10373632 0.14293766 0.23407085 0.02579552]

rule1: 208.260 < cement < 277.552
probabilities_array:[0.17688026 0.00129858 0.01127699 0.0392036  0.         0.02170495
 0.09645723 0.00410833 0.09587016 0.18627962 0.08405057 0.28286973]

rule18: 6.175 < superplasticizer < 10.113
probabilities_array:[0.04640608 0.         0.11576046 0.17580542 0.08787578 0.01103543
 0.06844694 0.12356517 0.09321759 0.20943451 0.06246705 0.00598558]

rule26: 773.378 < fine_aggregate < 826.521
probabilities_array:[0.04835045 0.16645087 0.10385619 0.04929322 0.08696171 0.01967813
 0.06903031 0.2572285  0.09476116 0.00247121 0.07122216 0.03069599]

rule13: 167.245 < water < 181.393
probabilities_array:[0.03074896 0.03385757 0.07291773 0.07860197 0.06786504 0.17546973
 0.06336715 0.         0.23225723 0.00943797 0.1893068  0.04616982]

rule25: 720.234 < fine_aggregate < 773.378
probabilities_array:[0.         0.         0.         0.01251359 0.23245588 0.15900806
 0.06701915 0.         0.14497086 0.05675159 0.21613777 0.11114315]

rule31: age > 88.475
probabilities_array:[0.00153999 0.         0.00345278 0.02200645 0.01487128 0.22064471
 0.05832475 0.19676752 0.17253186 0.16798833 0.1418723  0.        ]

rule17: 2.237 < superplasticizer < 6.175
probabilities_array:[0.06030051 0.00200927 0.13009071 0.14653228 0.03290705 0.17084697
 0.05352733 0.16439365 0.065927   0.         0.16127308 0.01219222]

rule10: 54.663 < fly_ash < 97.742
probabilities_array:[0.01228009 0.         0.13914207 0.01059694 0.27008873 0.08501753
 0.04816595 0.09555127 0.17498718 0.1464822  0.         0.01768804]

rule15: water > 195.541
probabilities_array:[0.25533608 0.01169734 0.16970275 0.10604543 0.23944297 0.10233049
 0.04675848 0.01534726 0.03990107 0.01299524 0.00044288 0.        ]

rule27: fine_aggregate > 826.521
probabilities_array:[0.29108694 0.13335867 0.15431355 0.15602383 0.         0.06376864
 0.04787478 0.00909559 0.1059026  0.         0.01035414 0.02822123]

rule12: water < 167.245
probabilities_array:[0.         0.         0.         0.         0.         0.01075274
 0.06160882 0.02473633 0.00248129 0.32862437 0.32238382 0.2494126 ]


---7---
rule6: 75.248 < blast_furnace_slag < 134.065
probabilities_array:[9.0345824e-03 1.7816653e-02 2.3943847e-02 1.8664796e-05 0.0000000e+00
 1.0191768e-01 0.0000000e+00 3.1683487e-01 1.8467528e-01 2.2156014e-01
 8.8331349e-02 3.5866916e-02]

rule3: cement > 346.843
probabilities_array:[0.         0.         0.00759435 0.01959333 0.04043197 0.0485121
 0.07965276 0.29767522 0.10373632 0.14293766 0.23407085 0.02579552]

rule26: 773.378 < fine_aggregate < 826.521
probabilities_array:[0.04835045 0.16645087 0.10385619 0.04929322 0.08696171 0.01967813
 0.06903031 0.2572285  0.09476116 0.00247121 0.07122216 0.03069599]

rule24: fine_aggregate < 720.234
probabilities_array:[0.         0.0420287  0.017012   0.02252441 0.03552757 0.0339569
 0.11430489 0.24104616 0.09212621 0.2581694  0.1196413  0.02366244]

rule14: 181.393 < water < 195.541
probabilities_array:[0.14385761 0.06959192 0.10978012 0.05375487 0.19881651 0.00511646
 0.11079077 0.22156078 0.0531958  0.         0.01075115 0.02278403]

rule31: age > 88.475
probabilities_array:[0.00153999 0.         0.00345278 0.02200645 0.01487128 0.22064471
 0.05832475 0.19676752 0.17253186 0.16798833 0.1418723  0.        ]

rule11: fly_ash > 97.742
probabilities_array:[0.03164806 0.11372339 0.00748095 0.00405684 0.20207071 0.00888309
 0.21599212 0.18140827 0.06526005 0.12458969 0.         0.04488692]

rule17: 2.237 < superplasticizer < 6.175
probabilities_array:[0.06030051 0.00200927 0.13009071 0.14653228 0.03290705 0.17084697
 0.05352733 0.16439365 0.065927   0.         0.16127308 0.01219222]

rule4: blast_furnace_slag < 16.431
probabilities_array:[0.07720251 0.21068926 0.02800306 0.17797562 0.02781484 0.
 0.15616229 0.1552681  0.00206676 0.09365531 0.04865586 0.02250651]

rule18: 6.175 < superplasticizer < 10.113
probabilities_array:[0.04640608 0.         0.11576046 0.17580542 0.08787578 0.01103543
 0.06844694 0.12356517 0.09321759 0.20943451 0.06246705 0.00598558]

rule21: 922.244 < coarse_aggregate < 975.289
probabilities_array:[0.00639445 0.         0.01326105 0.09755565 0.24166286 0.00187354
 0.02734609 0.11602799 0.11694802 0.07445025 0.24042474 0.06405535]

rule10: 54.663 < fly_ash < 97.742
probabilities_array:[0.01228009 0.         0.13914207 0.01059694 0.27008873 0.08501753
 0.04816595 0.09555127 0.17498718 0.1464822  0.         0.01768804]

rule22: 975.289 < coarse_aggregate < 1028.334
probabilities_array:[0.02248968 0.05379211 0.0385824  0.14607064 0.         0.01785936
 0.15604351 0.09279831 0.23496461 0.16261573 0.02316457 0.05161902]

rule20: coarse_aggregate < 922.244
probabilities_array:[0.         0.00106105 0.00748093 0.00890788 0.06791733 0.24240202
 0.01120301 0.07808698 0.01762993 0.2552631  0.28791326 0.02213462]


---8---
rule23: coarse_aggregate > 1028.334
probabilities_array:[0.04531687 0.0297882  0.081981   0.03081618 0.13680097 0.
 0.02096125 0.         0.24663766 0.10983744 0.26008296 0.03777755]

rule22: 975.289 < coarse_aggregate < 1028.334
probabilities_array:[0.02248968 0.05379211 0.0385824  0.14607064 0.         0.01785936
 0.15604351 0.09279831 0.23496461 0.16261573 0.02316457 0.05161902]

rule13: 167.245 < water < 181.393
probabilities_array:[0.03074896 0.03385757 0.07291773 0.07860197 0.06786504 0.17546973
 0.06336715 0.         0.23225723 0.00943797 0.1893068  0.04616982]

rule2: 277.552 < cement < 346.843
probabilities_array:[0.         0.07395627 0.01675666 0.01527281 0.10410746 0.01461139
 0.14345942 0.         0.19408645 0.20612085 0.20707864 0.02455011]

rule6: 75.248 < blast_furnace_slag < 134.065
probabilities_array:[9.0345824e-03 1.7816653e-02 2.3943847e-02 1.8664796e-05 0.0000000e+00
 1.0191768e-01 0.0000000e+00 3.1683487e-01 1.8467528e-01 2.2156014e-01
 8.8331349e-02 3.5866916e-02]

rule31: age > 88.475
probabilities_array:[0.00153999 0.         0.00345278 0.02200645 0.01487128 0.22064471
 0.05832475 0.19676752 0.17253186 0.16798833 0.1418723  0.        ]

rule10: 54.663 < fly_ash < 97.742
probabilities_array:[0.01228009 0.         0.13914207 0.01059694 0.27008873 0.08501753
 0.04816595 0.09555127 0.17498718 0.1464822  0.         0.01768804]

rule5: 16.431 < blast_furnace_slag < 75.248
probabilities_array:[0.11181906 0.         0.00576342 0.         0.06870791 0.
 0.09821816 0.00456302 0.17146458 0.12408602 0.36636853 0.04900929]

rule19: superplasticizer > 10.113
probabilities_array:[0.         0.02441896 0.01754027 0.01562567 0.05135305 0.09431664
 0.08754566 0.0174112  0.15358168 0.24608645 0.24617939 0.04594111]

rule9: 11.584 < fly_ash < 54.663
probabilities_array:[0.         0.03503733 0.         0.00300515 0.3205415  0.00149581
 0.         0.         0.15667757 0.08321338 0.33234325 0.06768604]

rule7: blast_furnace_slag > 134.065
probabilities_array:[0.         0.         0.         0.16128954 0.02702918 0.22948173
 0.13017197 0.         0.14765702 0.08808362 0.15157515 0.06471172]

rule25: 720.234 < fine_aggregate < 773.378
probabilities_array:[0.         0.         0.         0.01251359 0.23245588 0.15900806
 0.06701915 0.         0.14497086 0.05675159 0.21613777 0.11114315]

rule21: 922.244 < coarse_aggregate < 975.289
probabilities_array:[0.00639445 0.         0.01326105 0.09755565 0.24166286 0.00187354
 0.02734609 0.11602799 0.11694802 0.07445025 0.24042474 0.06405535]

rule27: fine_aggregate > 826.521
probabilities_array:[0.29108694 0.13335867 0.15431355 0.15602383 0.         0.06376864
 0.04787478 0.00909559 0.1059026  0.         0.01035414 0.02822123]

rule3: cement > 346.843
probabilities_array:[0.         0.         0.00759435 0.01959333 0.04043197 0.0485121
 0.07965276 0.29767522 0.10373632 0.14293766 0.23407085 0.02579552]

rule18: 6.175 < superplasticizer < 10.113
probabilities_array:[0.04640608 0.         0.11576046 0.17580542 0.08787578 0.01103543
 0.06844694 0.12356517 0.09321759 0.20943451 0.06246705 0.00598558]

rule26: 773.378 < fine_aggregate < 826.521
probabilities_array:[0.04835045 0.16645087 0.10385619 0.04929322 0.08696171 0.01967813
 0.06903031 0.2572285  0.09476116 0.00247121 0.07122216 0.03069599]

rule24: fine_aggregate < 720.234
probabilities_array:[0.         0.0420287  0.017012   0.02252441 0.03552757 0.0339569
 0.11430489 0.24104616 0.09212621 0.2581694  0.1196413  0.02366244]

rule1: 208.260 < cement < 277.552
probabilities_array:[0.17688026 0.00129858 0.01127699 0.0392036  0.         0.02170495
 0.09645723 0.00410833 0.09587016 0.18627962 0.08405057 0.28286973]

rule17: 2.237 < superplasticizer < 6.175
probabilities_array:[0.06030051 0.00200927 0.13009071 0.14653228 0.03290705 0.17084697
 0.05352733 0.16439365 0.065927   0.         0.16127308 0.01219222]

rule11: fly_ash > 97.742
probabilities_array:[0.03164806 0.11372339 0.00748095 0.00405684 0.20207071 0.00888309
 0.21599212 0.18140827 0.06526005 0.12458969 0.         0.04488692]

rule16: superplasticizer < 2.237
probabilities_array:[0.24678428 0.15626101 0.         0.14032796 0.01016342 0.
 0.25141072 0.         0.06155665 0.02445431 0.01675672 0.09228493]

rule14: 181.393 < water < 195.541
probabilities_array:[0.14385761 0.06959192 0.10978012 0.05375487 0.19881651 0.00511646
 0.11079077 0.22156078 0.0531958  0.         0.01075115 0.02278403]


---9---
rule8: fly_ash < 11.584
probabilities_array:[1.6214872e-02 0.0000000e+00 1.5626039e-01 1.5013063e-04 0.0000000e+00
 6.5926000e-02 0.0000000e+00 0.0000000e+00 0.0000000e+00 3.2551539e-01
 2.9044446e-01 1.4548878e-01]

rule24: fine_aggregate < 720.234
probabilities_array:[0.         0.0420287  0.017012   0.02252441 0.03552757 0.0339569
 0.11430489 0.24104616 0.09212621 0.2581694  0.1196413  0.02366244]

rule20: coarse_aggregate < 922.244
probabilities_array:[0.         0.00106105 0.00748093 0.00890788 0.06791733 0.24240202
 0.01120301 0.07808698 0.01762993 0.2552631  0.28791326 0.02213462]

rule12: water < 167.245
probabilities_array:[0.         0.         0.         0.         0.         0.01075274
 0.06160882 0.02473633 0.00248129 0.32862437 0.32238382 0.2494126 ]

rule19: superplasticizer > 10.113
probabilities_array:[0.         0.02441896 0.01754027 0.01562567 0.05135305 0.09431664
 0.08754566 0.0174112  0.15358168 0.24608645 0.24617939 0.04594111]

rule30: 44.642 < age < 88.475
probabilities_array:[0.         0.         0.         0.00084187 0.03945762 0.
 0.22377035 0.         0.03663628 0.25569102 0.3036475  0.13995542]

rule6: 75.248 < blast_furnace_slag < 134.065
probabilities_array:[9.0345824e-03 1.7816653e-02 2.3943847e-02 1.8664796e-05 0.0000000e+00
 1.0191768e-01 0.0000000e+00 3.1683487e-01 1.8467528e-01 2.2156014e-01
 8.8331349e-02 3.5866916e-02]

rule18: 6.175 < superplasticizer < 10.113
probabilities_array:[0.04640608 0.         0.11576046 0.17580542 0.08787578 0.01103543
 0.06844694 0.12356517 0.09321759 0.20943451 0.06246705 0.00598558]

rule2: 277.552 < cement < 346.843
probabilities_array:[0.         0.07395627 0.01675666 0.01527281 0.10410746 0.01461139
 0.14345942 0.         0.19408645 0.20612085 0.20707864 0.02455011]

rule31: age > 88.475
probabilities_array:[0.00153999 0.         0.00345278 0.02200645 0.01487128 0.22064471
 0.05832475 0.19676752 0.17253186 0.16798833 0.1418723  0.        ]

rule22: 975.289 < coarse_aggregate < 1028.334
probabilities_array:[0.02248968 0.05379211 0.0385824  0.14607064 0.         0.01785936
 0.15604351 0.09279831 0.23496461 0.16261573 0.02316457 0.05161902]

rule10: 54.663 < fly_ash < 97.742
probabilities_array:[0.01228009 0.         0.13914207 0.01059694 0.27008873 0.08501753
 0.04816595 0.09555127 0.17498718 0.1464822  0.         0.01768804]

rule3: cement > 346.843
probabilities_array:[0.         0.         0.00759435 0.01959333 0.04043197 0.0485121
 0.07965276 0.29767522 0.10373632 0.14293766 0.23407085 0.02579552]

rule1: 208.260 < cement < 277.552
probabilities_array:[0.17688026 0.00129858 0.01127699 0.0392036  0.         0.02170495
 0.09645723 0.00410833 0.09587016 0.18627962 0.08405057 0.28286973]

rule11: fly_ash > 97.742
probabilities_array:[0.03164806 0.11372339 0.00748095 0.00405684 0.20207071 0.00888309
 0.21599212 0.18140827 0.06526005 0.12458969 0.         0.04488692]

rule5: 16.431 < blast_furnace_slag < 75.248
probabilities_array:[0.11181906 0.         0.00576342 0.         0.06870791 0.
 0.09821816 0.00456302 0.17146458 0.12408602 0.36636853 0.04900929]

rule23: coarse_aggregate > 1028.334
probabilities_array:[0.04531687 0.0297882  0.081981   0.03081618 0.13680097 0.
 0.02096125 0.         0.24663766 0.10983744 0.26008296 0.03777755]

rule4: blast_furnace_slag < 16.431
probabilities_array:[0.07720251 0.21068926 0.02800306 0.17797562 0.02781484 0.
 0.15616229 0.1552681  0.00206676 0.09365531 0.04865586 0.02250651]

rule7: blast_furnace_slag > 134.065
probabilities_array:[0.         0.         0.         0.16128954 0.02702918 0.22948173
 0.13017197 0.         0.14765702 0.08808362 0.15157515 0.06471172]

rule9: 11.584 < fly_ash < 54.663
probabilities_array:[0.         0.03503733 0.         0.00300515 0.3205415  0.00149581
 0.         0.         0.15667757 0.08321338 0.33234325 0.06768604]

rule21: 922.244 < coarse_aggregate < 975.289
probabilities_array:[0.00639445 0.         0.01326105 0.09755565 0.24166286 0.00187354
 0.02734609 0.11602799 0.11694802 0.07445025 0.24042474 0.06405535]

rule25: 720.234 < fine_aggregate < 773.378
probabilities_array:[0.         0.         0.         0.01251359 0.23245588 0.15900806
 0.06701915 0.         0.14497086 0.05675159 0.21613777 0.11114315]


---10---
rule5: 16.431 < blast_furnace_slag < 75.248
probabilities_array:[0.11181906 0.         0.00576342 0.         0.06870791 0.
 0.09821816 0.00456302 0.17146458 0.12408602 0.36636853 0.04900929]

rule9: 11.584 < fly_ash < 54.663
probabilities_array:[0.         0.03503733 0.         0.00300515 0.3205415  0.00149581
 0.         0.         0.15667757 0.08321338 0.33234325 0.06768604]

rule20: coarse_aggregate < 922.244
probabilities_array:[0.         0.00106105 0.00748093 0.00890788 0.06791733 0.24240202
 0.01120301 0.07808698 0.01762993 0.2552631  0.28791326 0.02213462]

rule30: 44.642 < age < 88.475
probabilities_array:[0.         0.         0.         0.00084187 0.03945762 0.
 0.22377035 0.         0.03663628 0.25569102 0.3036475  0.13995542]

rule23: coarse_aggregate > 1028.334
probabilities_array:[0.04531687 0.0297882  0.081981   0.03081618 0.13680097 0.
 0.02096125 0.         0.24663766 0.10983744 0.26008296 0.03777755]

rule8: fly_ash < 11.584
probabilities_array:[1.6214872e-02 0.0000000e+00 1.5626039e-01 1.5013063e-04 0.0000000e+00
 6.5926000e-02 0.0000000e+00 0.0000000e+00 0.0000000e+00 3.2551539e-01
 2.9044446e-01 1.4548878e-01]

rule12: water < 167.245
probabilities_array:[0.         0.         0.         0.         0.         0.01075274
 0.06160882 0.02473633 0.00248129 0.32862437 0.32238382 0.2494126 ]

rule19: superplasticizer > 10.113
probabilities_array:[0.         0.02441896 0.01754027 0.01562567 0.05135305 0.09431664
 0.08754566 0.0174112  0.15358168 0.24608645 0.24617939 0.04594111]

rule3: cement > 346.843
probabilities_array:[0.         0.         0.00759435 0.01959333 0.04043197 0.0485121
 0.07965276 0.29767522 0.10373632 0.14293766 0.23407085 0.02579552]

rule21: 922.244 < coarse_aggregate < 975.289
probabilities_array:[0.00639445 0.         0.01326105 0.09755565 0.24166286 0.00187354
 0.02734609 0.11602799 0.11694802 0.07445025 0.24042474 0.06405535]

rule2: 277.552 < cement < 346.843
probabilities_array:[0.         0.07395627 0.01675666 0.01527281 0.10410746 0.01461139
 0.14345942 0.         0.19408645 0.20612085 0.20707864 0.02455011]

rule25: 720.234 < fine_aggregate < 773.378
probabilities_array:[0.         0.         0.         0.01251359 0.23245588 0.15900806
 0.06701915 0.         0.14497086 0.05675159 0.21613777 0.11114315]

rule13: 167.245 < water < 181.393
probabilities_array:[0.03074896 0.03385757 0.07291773 0.07860197 0.06786504 0.17546973
 0.06336715 0.         0.23225723 0.00943797 0.1893068  0.04616982]

rule17: 2.237 < superplasticizer < 6.175
probabilities_array:[0.06030051 0.00200927 0.13009071 0.14653228 0.03290705 0.17084697
 0.05352733 0.16439365 0.065927   0.         0.16127308 0.01219222]

rule31: age > 88.475
probabilities_array:[0.00153999 0.         0.00345278 0.02200645 0.01487128 0.22064471
 0.05832475 0.19676752 0.17253186 0.16798833 0.1418723  0.        ]

rule7: blast_furnace_slag > 134.065
probabilities_array:[0.         0.         0.         0.16128954 0.02702918 0.22948173
 0.13017197 0.         0.14765702 0.08808362 0.15157515 0.06471172]

rule24: fine_aggregate < 720.234
probabilities_array:[0.         0.0420287  0.017012   0.02252441 0.03552757 0.0339569
 0.11430489 0.24104616 0.09212621 0.2581694  0.1196413  0.02366244]

rule6: 75.248 < blast_furnace_slag < 134.065
probabilities_array:[9.0345824e-03 1.7816653e-02 2.3943847e-02 1.8664796e-05 0.0000000e+00
 1.0191768e-01 0.0000000e+00 3.1683487e-01 1.8467528e-01 2.2156014e-01
 8.8331349e-02 3.5866916e-02]

rule26: 773.378 < fine_aggregate < 826.521
probabilities_array:[0.04835045 0.16645087 0.10385619 0.04929322 0.08696171 0.01967813
 0.06903031 0.2572285  0.09476116 0.00247121 0.07122216 0.03069599]

rule18: 6.175 < superplasticizer < 10.113
probabilities_array:[0.04640608 0.         0.11576046 0.17580542 0.08787578 0.01103543
 0.06844694 0.12356517 0.09321759 0.20943451 0.06246705 0.00598558]

rule1: 208.260 < cement < 277.552
probabilities_array:[0.17688026 0.00129858 0.01127699 0.0392036  0.         0.02170495
 0.09645723 0.00410833 0.09587016 0.18627962 0.08405057 0.28286973]

rule4: blast_furnace_slag < 16.431
probabilities_array:[0.07720251 0.21068926 0.02800306 0.17797562 0.02781484 0.
 0.15616229 0.1552681  0.00206676 0.09365531 0.04865586 0.02250651]

