R2: 0.7805797443395712

MAE: 3089.534391896953

MSE: 30767788.47537394

Accuracy: 0.2149321266968326

F1: 0.18759569787820804

Confusion Matrix: [[10, 12, 8, 0, 0, 0, 1, 0, 1, 0, 0, 0, 5, 1], [2, 19, 2, 0, 0, 0, 0, 0, 0, 3, 0, 0, 1, 1], [0, 11, 3, 0, 0, 0, 3, 0, 1, 0, 0, 2, 2, 0], [0, 6, 9, 1, 1, 5, 1, 0, 0, 1, 0, 6, 3, 2], [1, 4, 5, 0, 0, 5, 3, 0, 0, 2, 0, 1, 0, 4], [0, 8, 4, 1, 2, 7, 8, 3, 0, 2, 0, 5, 0, 4], [2, 5, 1, 0, 1, 4, 4, 1, 3, 2, 0, 3, 0, 5], [0, 7, 4, 0, 0, 0, 1, 2, 4, 4, 0, 1, 1, 4], [0, 5, 1, 0, 0, 0, 1, 3, 1, 5, 2, 0, 0, 7], [0, 8, 1, 0, 0, 0, 0, 1, 8, 6, 4, 0, 0, 6], [0, 4, 4, 0, 0, 0, 1, 0, 2, 4, 8, 5, 5, 1], [1, 5, 1, 0, 0, 0, 1, 2, 0, 2, 7, 10, 4, 5], [0, 2, 2, 0, 0, 1, 0, 1, 0, 2, 4, 6, 10, 5], [0, 0, 2, 0, 0, 0, 0, 1, 1, 1, 4, 2, 2, 14]]

Uncertainties: {'class0': [], 'class1': [], 'class2': [], 'class3': [], 'class4': [], 'class5': [], 'class6': [], 'class7': [], 'class8': [], 'class9': [], 'class10': [], 'class11': [], 'class12': [], 'class13': []}

Most important rules
-----------------------------

---0---

---1---

---2---

---3---

---4---

---5---

---6---

---7---

---8---

---9---

---10---

---11---

---12---

---13---
