R2: 0.8400066166222125

MAE: 2606.5565544389847

MSE: 20240910.971321017

Accuracy: 0.4276018099547511

F1: 0.4310262991671903

Confusion Matrix: [[15, 10, 4, 0, 0, 0, 0, 0, 0, 0, 0, 0, 0], [11, 21, 5, 0, 0, 0, 0, 0, 0, 0, 0, 0, 0], [3, 12, 12, 5, 0, 0, 0, 0, 0, 0, 0, 0, 0], [3, 1, 5, 24, 1, 2, 0, 0, 0, 0, 0, 0, 0], [1, 0, 0, 15, 5, 21, 0, 0, 0, 0, 0, 0, 0], [0, 0, 0, 1, 8, 12, 0, 0, 0, 0, 0, 0, 0], [0, 0, 0, 0, 5, 8, 5, 8, 6, 0, 0, 0, 0], [1, 1, 0, 1, 1, 2, 8, 26, 16, 0, 0, 0, 0], [1, 0, 1, 0, 0, 0, 1, 22, 14, 1, 0, 0, 0], [0, 1, 3, 2, 0, 1, 0, 8, 8, 11, 2, 0, 0], [2, 1, 1, 1, 1, 2, 0, 1, 2, 0, 12, 1, 3], [0, 0, 1, 0, 0, 3, 0, 2, 1, 1, 6, 12, 5], [0, 0, 0, 0, 0, 0, 0, 0, 0, 0, 1, 2, 20]]

Uncertainties: {'class0': [0.0, 0.021054061129689217, 0.07609255611896515, 0.10741779208183289, 0.11680570989847183], 'class1': [0.0, 0.021054061129689217, 0.03538117557764053, 0.049487095326185226, 0.06744939088821411], 'class2': [0.0, 0.0, 0.003714366350322962, 0.021054061129689217, 0.03538117557764053], 'class3': [0.0, 0.0, 0.003714366350322962, 0.00824031513184309, 0.03538117557764053], 'class4': [0.0, 0.0, 0.003714366350322962, 0.00824031513184309, 0.030543889850378036], 'class5': [0.0, 0.0, 0.003714366350322962, 0.030543889850378036, 0.03538117557764053], 'class6': [0.0, 0.0, 0.00013818932347930968, 0.003714366350322962, 0.00824031513184309], 'class7': [0.0, 0.0, 0.00013818932347930968, 0.003714366350322962, 0.00824031513184309], 'class8': [0.0, 0.0, 0.00013818932347930968, 0.003714366350322962, 0.00824031513184309], 'class9': [0.0, 0.003714366350322962, 0.00824031513184309, 0.021054061129689217, 0.03538117557764053], 'class10': [0.0, 0.00013818932347930968, 0.003714366350322962, 0.030543889850378036, 0.03538117557764053], 'class11': [0.0, 0.00013818932347930968, 0.003714366350322962, 0.021054061129689217, 0.049487095326185226], 'class12': [0.0, 0.00013818932347930968, 0.003714366350322962, 0.030543889850378036, 0.03538117557764053]}

Most important rules
-----------------------------

---0---
rule8: children = 0.0
probabilities_array:[0.21820581 0.14350449 0.         0.         0.         0.02259319
 0.         0.01322841 0.07415235 0.0751818  0.         0.25069374
 0.09502254 0.10741779]

rule0: age < 29.500
probabilities_array:[0.19721939 0.19486733 0.19407389 0.         0.         0.
 0.         0.         0.         0.20348944 0.         0.18929592
 0.         0.02105406]

rule23: region_southwest = 1.0
probabilities_array:[0.2678145  0.         0.         0.03406683 0.         0.14487089
 0.         0.         0.         0.1028206  0.         0.07290568
 0.09027419 0.28724733]

rule15: sex_male = 1.0
probabilities_array:[0.21667032 0.         0.         0.020178   0.08473574 0.00485543
 0.         0.00164384 0.01413701 0.06338093 0.06677673 0.11094595
 0.19274734 0.22392869]

rule21: region_southeast = 1.0
probabilities_array:[0.13069472 0.         0.05781866 0.05735072 0.03664009 0.18001077
 0.00204416 0.00218111 0.03437376 0.09141317 0.04571674 0.10922439
 0.13572603 0.11680571]

rule16: smoker_yes = 0.0
probabilities_array:[0.11074089 0.08467163 0.11166413 0.13453099 0.11621015 0.13042948
 0.0901488  0.11544719 0.10398243 0.         0.00163736 0.
 0.00053693 0.        ]

rule19: region_northwest = 1.0
probabilities_array:[0.11144357 0.09932393 0.         0.09780144 0.06388009 0.1378803
 0.         0.02415986 0.04854931 0.07447289 0.04430121 0.05920812
 0.11457014 0.12440919]

rule4: bmi < 26.742
probabilities_array:[0.08197893 0.02868164 0.0061712  0.09570511 0.02313451 0.02382199
 0.01738199 0.00617149 0.01490809 0.29125026 0.28317517 0.
 0.         0.12761967]

rule6: 30.832 < bmi < 34.923
probabilities_array:[0.06083163 0.02989669 0.04423374 0.08237563 0.00322517 0.0625944
 0.         0.11693238 0.02420975 0.         0.         0.25995097
 0.23965706 0.07609256]

rule7: bmi > 34.923
probabilities_array:[0.05965571 0.         0.         0.04479269 0.09994018 0.02126376
 0.00950904 0.1629051  0.04367806 0.         0.         0.01158751
 0.31798288 0.22868504]


---1---
rule0: age < 29.500
probabilities_array:[0.19721939 0.19486733 0.19407389 0.         0.         0.
 0.         0.         0.         0.20348944 0.         0.18929592
 0.         0.02105406]

rule8: children = 0.0
probabilities_array:[0.21820581 0.14350449 0.         0.         0.         0.02259319
 0.         0.01322841 0.07415235 0.0751818  0.         0.25069374
 0.09502254 0.10741779]

rule9: children = 1.0
probabilities_array:[0.         0.10519984 0.08476921 0.1695589  0.10466185 0.08455887
 0.10955385 0.00683132 0.01088017 0.04276213 0.1177708  0.
 0.12807184 0.03538118]

rule14: sex_male = 0.0
probabilities_array:[0.         0.1024431  0.0488623  0.06225401 0.03946092 0.0796351
 0.01709691 0.02159603 0.08470617 0.15355985 0.08523092 0.13464347
 0.09730683 0.07320444]

rule22: region_southwest = 0.0
probabilities_array:[0.         0.09821396 0.00890942 0.02121723 0.02779943 0.00998097
 0.03910455 0.00755899 0.00461552 0.1755577  0.19195196 0.16846186
 0.17917892 0.06744939]

rule19: region_northwest = 1.0
probabilities_array:[0.11144357 0.09932393 0.         0.09780144 0.06388009 0.1378803
 0.         0.02415986 0.04854931 0.07447289 0.04430121 0.05920812
 0.11457014 0.12440919]

rule16: smoker_yes = 0.0
probabilities_array:[0.11074089 0.08467163 0.11166413 0.13453099 0.11621015 0.13042948
 0.0901488  0.11544719 0.10398243 0.         0.00163736 0.
 0.00053693 0.        ]

rule5: 26.742 < bmi < 30.832
probabilities_array:[0.00516367 0.05013791 0.04026438 0.07213692 0.06827253 0.07191958
 0.03506695 0.08877637 0.04265971 0.21598314 0.13765562 0.11846851
 0.00400763 0.0494871 ]


---2---
rule0: age < 29.500
probabilities_array:[0.19721939 0.19486733 0.19407389 0.         0.         0.
 0.         0.         0.         0.20348944 0.         0.18929592
 0.         0.02105406]

rule1: 29.500 < age < 38.882
probabilities_array:[0.         0.         0.15534012 0.2291643  0.22856404 0.
 0.         0.         0.         0.         0.07858592 0.09042743
 0.09518009 0.12273809]

rule16: smoker_yes = 0.0
probabilities_array:[0.11074089 0.08467163 0.11166413 0.13453099 0.11621015 0.13042948
 0.0901488  0.11544719 0.10398243 0.         0.00163736 0.
 0.00053693 0.        ]

rule10: children = 2.0
probabilities_array:[0.         0.00725012 0.10943212 0.10605039 0.09991132 0.07777318
 0.05692336 0.04502109 0.07137123 0.06816418 0.1099612  0.16221736
 0.0822101  0.00371437]

rule9: children = 1.0
probabilities_array:[0.         0.10519984 0.08476921 0.1695589  0.10466185 0.08455887
 0.10955385 0.00683132 0.01088017 0.04276213 0.1177708  0.
 0.12807184 0.03538118]

rule11: children = 3.0
probabilities_array:[0.         0.         0.07625699 0.05883691 0.13301124 0.05613518
 0.08894968 0.05470663 0.07895698 0.12333926 0.08576904 0.12501632
 0.11902165 0.        ]

rule18: region_northwest = 0.0
probabilities_array:[0.02744456 0.         0.08609677 0.02841661 0.00326614 0.01004958
 0.02414345 0.00259918 0.00248784 0.1540187  0.16829912 0.17787088
 0.19844718 0.11685989]

rule21: region_southeast = 1.0
probabilities_array:[0.13069472 0.         0.05781866 0.05735072 0.03664009 0.18001077
 0.00204416 0.00218111 0.03437376 0.09141317 0.04571674 0.10922439
 0.13572603 0.11680571]

rule14: sex_male = 0.0
probabilities_array:[0.         0.1024431  0.0488623  0.06225401 0.03946092 0.0796351
 0.01709691 0.02159603 0.08470617 0.15355985 0.08523092 0.13464347
 0.09730683 0.07320444]

rule6: 30.832 < bmi < 34.923
probabilities_array:[0.06083163 0.02989669 0.04423374 0.08237563 0.00322517 0.0625944
 0.         0.11693238 0.02420975 0.         0.         0.25995097
 0.23965706 0.07609256]


---3---
rule1: 29.500 < age < 38.882
probabilities_array:[0.         0.         0.15534012 0.2291643  0.22856404 0.
 0.         0.         0.         0.         0.07858592 0.09042743
 0.09518009 0.12273809]

rule9: children = 1.0
probabilities_array:[0.         0.10519984 0.08476921 0.1695589  0.10466185 0.08455887
 0.10955385 0.00683132 0.01088017 0.04276213 0.1177708  0.
 0.12807184 0.03538118]

rule16: smoker_yes = 0.0
probabilities_array:[0.11074089 0.08467163 0.11166413 0.13453099 0.11621015 0.13042948
 0.0901488  0.11544719 0.10398243 0.         0.00163736 0.
 0.00053693 0.        ]

rule13: children = 5.0
probabilities_array:[0.         0.         0.         0.13319366 0.18336944 0.
 0.21377063 0.11813597 0.13017057 0.21311939 0.         0.
 0.         0.00824032]

rule10: children = 2.0
probabilities_array:[0.         0.00725012 0.10943212 0.10605039 0.09991132 0.07777318
 0.05692336 0.04502109 0.07137123 0.06816418 0.1099612  0.16221736
 0.0822101  0.00371437]

rule19: region_northwest = 1.0
probabilities_array:[0.11144357 0.09932393 0.         0.09780144 0.06388009 0.1378803
 0.         0.02415986 0.04854931 0.07447289 0.04430121 0.05920812
 0.11457014 0.12440919]

rule4: bmi < 26.742
probabilities_array:[0.08197893 0.02868164 0.0061712  0.09570511 0.02313451 0.02382199
 0.01738199 0.00617149 0.01490809 0.29125026 0.28317517 0.
 0.         0.12761967]

rule6: 30.832 < bmi < 34.923
probabilities_array:[0.06083163 0.02989669 0.04423374 0.08237563 0.00322517 0.0625944
 0.         0.11693238 0.02420975 0.         0.         0.25995097
 0.23965706 0.07609256]

rule5: 26.742 < bmi < 30.832
probabilities_array:[0.00516367 0.05013791 0.04026438 0.07213692 0.06827253 0.07191958
 0.03506695 0.08877637 0.04265971 0.21598314 0.13765562 0.11846851
 0.00400763 0.0494871 ]

rule11: children = 3.0
probabilities_array:[0.         0.         0.07625699 0.05883691 0.13301124 0.05613518
 0.08894968 0.05470663 0.07895698 0.12333926 0.08576904 0.12501632
 0.11902165 0.        ]

rule14: sex_male = 0.0
probabilities_array:[0.         0.1024431  0.0488623  0.06225401 0.03946092 0.0796351
 0.01709691 0.02159603 0.08470617 0.15355985 0.08523092 0.13464347
 0.09730683 0.07320444]

rule21: region_southeast = 1.0
probabilities_array:[0.13069472 0.         0.05781866 0.05735072 0.03664009 0.18001077
 0.00204416 0.00218111 0.03437376 0.09141317 0.04571674 0.10922439
 0.13572603 0.11680571]


---4---
rule1: 29.500 < age < 38.882
probabilities_array:[0.         0.         0.15534012 0.2291643  0.22856404 0.
 0.         0.         0.         0.         0.07858592 0.09042743
 0.09518009 0.12273809]

rule13: children = 5.0
probabilities_array:[0.         0.         0.         0.13319366 0.18336944 0.
 0.21377063 0.11813597 0.13017057 0.21311939 0.         0.
 0.         0.00824032]

rule2: 38.882 < age < 48.264
probabilities_array:[0.         0.         0.         0.         0.15003876 0.20750076
 0.20108809 0.         0.         0.         0.2067291  0.
 0.20409945 0.03054389]

rule11: children = 3.0
probabilities_array:[0.         0.         0.07625699 0.05883691 0.13301124 0.05613518
 0.08894968 0.05470663 0.07895698 0.12333926 0.08576904 0.12501632
 0.11902165 0.        ]

rule16: smoker_yes = 0.0
probabilities_array:[0.11074089 0.08467163 0.11166413 0.13453099 0.11621015 0.13042948
 0.0901488  0.11544719 0.10398243 0.         0.00163736 0.
 0.00053693 0.        ]

rule9: children = 1.0
probabilities_array:[0.         0.10519984 0.08476921 0.1695589  0.10466185 0.08455887
 0.10955385 0.00683132 0.01088017 0.04276213 0.1177708  0.
 0.12807184 0.03538118]

rule10: children = 2.0
probabilities_array:[0.         0.00725012 0.10943212 0.10605039 0.09991132 0.07777318
 0.05692336 0.04502109 0.07137123 0.06816418 0.1099612  0.16221736
 0.0822101  0.00371437]

rule7: bmi > 34.923
probabilities_array:[0.05965571 0.         0.         0.04479269 0.09994018 0.02126376
 0.00950904 0.1629051  0.04367806 0.         0.         0.01158751
 0.31798288 0.22868504]

rule15: sex_male = 1.0
probabilities_array:[0.21667032 0.         0.         0.020178   0.08473574 0.00485543
 0.         0.00164384 0.01413701 0.06338093 0.06677673 0.11094595
 0.19274734 0.22392869]

rule5: 26.742 < bmi < 30.832
probabilities_array:[0.00516367 0.05013791 0.04026438 0.07213692 0.06827253 0.07191958
 0.03506695 0.08877637 0.04265971 0.21598314 0.13765562 0.11846851
 0.00400763 0.0494871 ]

rule19: region_northwest = 1.0
probabilities_array:[0.11144357 0.09932393 0.         0.09780144 0.06388009 0.1378803
 0.         0.02415986 0.04854931 0.07447289 0.04430121 0.05920812
 0.11457014 0.12440919]


---5---
rule2: 38.882 < age < 48.264
probabilities_array:[0.         0.         0.         0.         0.15003876 0.20750076
 0.20108809 0.         0.         0.         0.2067291  0.
 0.20409945 0.03054389]

rule12: children = 4.0
probabilities_array:[0.         0.         0.         0.         0.03119319 0.17832902
 0.         0.15783899 0.06137203 0.1554064  0.19504663 0.
 0.1412386  0.07957516]

rule21: region_southeast = 1.0
probabilities_array:[0.13069472 0.         0.05781866 0.05735072 0.03664009 0.18001077
 0.00204416 0.00218111 0.03437376 0.09141317 0.04571674 0.10922439
 0.13572603 0.11680571]

rule16: smoker_yes = 0.0
probabilities_array:[0.11074089 0.08467163 0.11166413 0.13453099 0.11621015 0.13042948
 0.0901488  0.11544719 0.10398243 0.         0.00163736 0.
 0.00053693 0.        ]

rule19: region_northwest = 1.0
probabilities_array:[0.11144357 0.09932393 0.         0.09780144 0.06388009 0.1378803
 0.         0.02415986 0.04854931 0.07447289 0.04430121 0.05920812
 0.11457014 0.12440919]

rule23: region_southwest = 1.0
probabilities_array:[0.2678145  0.         0.         0.03406683 0.         0.14487089
 0.         0.         0.         0.1028206  0.         0.07290568
 0.09027419 0.28724733]

rule9: children = 1.0
probabilities_array:[0.         0.10519984 0.08476921 0.1695589  0.10466185 0.08455887
 0.10955385 0.00683132 0.01088017 0.04276213 0.1177708  0.
 0.12807184 0.03538118]

rule10: children = 2.0
probabilities_array:[0.         0.00725012 0.10943212 0.10605039 0.09991132 0.07777318
 0.05692336 0.04502109 0.07137123 0.06816418 0.1099612  0.16221736
 0.0822101  0.00371437]

rule14: sex_male = 0.0
probabilities_array:[0.         0.1024431  0.0488623  0.06225401 0.03946092 0.0796351
 0.01709691 0.02159603 0.08470617 0.15355985 0.08523092 0.13464347
 0.09730683 0.07320444]

rule5: 26.742 < bmi < 30.832
probabilities_array:[0.00516367 0.05013791 0.04026438 0.07213692 0.06827253 0.07191958
 0.03506695 0.08877637 0.04265971 0.21598314 0.13765562 0.11846851
 0.00400763 0.0494871 ]

rule6: 30.832 < bmi < 34.923
probabilities_array:[0.06083163 0.02989669 0.04423374 0.08237563 0.00322517 0.0625944
 0.         0.11693238 0.02420975 0.         0.         0.25995097
 0.23965706 0.07609256]

rule11: children = 3.0
probabilities_array:[0.         0.         0.07625699 0.05883691 0.13301124 0.05613518
 0.08894968 0.05470663 0.07895698 0.12333926 0.08576904 0.12501632
 0.11902165 0.        ]


---6---
rule13: children = 5.0
probabilities_array:[0.         0.         0.         0.13319366 0.18336944 0.
 0.21377063 0.11813597 0.13017057 0.21311939 0.         0.
 0.         0.00824032]

rule2: 38.882 < age < 48.264
probabilities_array:[0.         0.         0.         0.         0.15003876 0.20750076
 0.20108809 0.         0.         0.         0.2067291  0.
 0.20409945 0.03054389]

rule3: age > 48.264
probabilities_array:[0.0000000e+00 0.0000000e+00 0.0000000e+00 0.0000000e+00 0.0000000e+00
 1.0342799e-03 1.7217644e-01 2.0161568e-01 2.0661037e-01 0.0000000e+00
 1.7322874e-01 4.7735196e-02 1.9746116e-01 1.3818932e-04]

rule9: children = 1.0
probabilities_array:[0.         0.10519984 0.08476921 0.1695589  0.10466185 0.08455887
 0.10955385 0.00683132 0.01088017 0.04276213 0.1177708  0.
 0.12807184 0.03538118]

rule16: smoker_yes = 0.0
probabilities_array:[0.11074089 0.08467163 0.11166413 0.13453099 0.11621015 0.13042948
 0.0901488  0.11544719 0.10398243 0.         0.00163736 0.
 0.00053693 0.        ]

rule11: children = 3.0
probabilities_array:[0.         0.         0.07625699 0.05883691 0.13301124 0.05613518
 0.08894968 0.05470663 0.07895698 0.12333926 0.08576904 0.12501632
 0.11902165 0.        ]

rule10: children = 2.0
probabilities_array:[0.         0.00725012 0.10943212 0.10605039 0.09991132 0.07777318
 0.05692336 0.04502109 0.07137123 0.06816418 0.1099612  0.16221736
 0.0822101  0.00371437]


---7---
rule3: age > 48.264
probabilities_array:[0.0000000e+00 0.0000000e+00 0.0000000e+00 0.0000000e+00 0.0000000e+00
 1.0342799e-03 1.7217644e-01 2.0161568e-01 2.0661037e-01 0.0000000e+00
 1.7322874e-01 4.7735196e-02 1.9746116e-01 1.3818932e-04]

rule12: children = 4.0
probabilities_array:[0.         0.         0.         0.         0.03119319 0.17832902
 0.         0.15783899 0.06137203 0.1554064  0.19504663 0.
 0.1412386  0.07957516]

rule7: bmi > 34.923
probabilities_array:[0.05965571 0.         0.         0.04479269 0.09994018 0.02126376
 0.00950904 0.1629051  0.04367806 0.         0.         0.01158751
 0.31798288 0.22868504]

rule13: children = 5.0
probabilities_array:[0.         0.         0.         0.13319366 0.18336944 0.
 0.21377063 0.11813597 0.13017057 0.21311939 0.         0.
 0.         0.00824032]

rule16: smoker_yes = 0.0
probabilities_array:[0.11074089 0.08467163 0.11166413 0.13453099 0.11621015 0.13042948
 0.0901488  0.11544719 0.10398243 0.         0.00163736 0.
 0.00053693 0.        ]

rule6: 30.832 < bmi < 34.923
probabilities_array:[0.06083163 0.02989669 0.04423374 0.08237563 0.00322517 0.0625944
 0.         0.11693238 0.02420975 0.         0.         0.25995097
 0.23965706 0.07609256]

rule5: 26.742 < bmi < 30.832
probabilities_array:[0.00516367 0.05013791 0.04026438 0.07213692 0.06827253 0.07191958
 0.03506695 0.08877637 0.04265971 0.21598314 0.13765562 0.11846851
 0.00400763 0.0494871 ]

rule20: region_southeast = 0.0
probabilities_array:[0.00072873 0.00512698 0.00192314 0.0400422  0.00410236 0.00997815
 0.00137026 0.0852936  0.00196881 0.2374775  0.213722   0.13172065
 0.12334505 0.14320067]

rule11: children = 3.0
probabilities_array:[0.         0.         0.07625699 0.05883691 0.13301124 0.05613518
 0.08894968 0.05470663 0.07895698 0.12333926 0.08576904 0.12501632
 0.11902165 0.        ]

rule10: children = 2.0
probabilities_array:[0.         0.00725012 0.10943212 0.10605039 0.09991132 0.07777318
 0.05692336 0.04502109 0.07137123 0.06816418 0.1099612  0.16221736
 0.0822101  0.00371437]


---8---
rule3: age > 48.264
probabilities_array:[0.0000000e+00 0.0000000e+00 0.0000000e+00 0.0000000e+00 0.0000000e+00
 1.0342799e-03 1.7217644e-01 2.0161568e-01 2.0661037e-01 0.0000000e+00
 1.7322874e-01 4.7735196e-02 1.9746116e-01 1.3818932e-04]

rule13: children = 5.0
probabilities_array:[0.         0.         0.         0.13319366 0.18336944 0.
 0.21377063 0.11813597 0.13017057 0.21311939 0.         0.
 0.         0.00824032]

rule16: smoker_yes = 0.0
probabilities_array:[0.11074089 0.08467163 0.11166413 0.13453099 0.11621015 0.13042948
 0.0901488  0.11544719 0.10398243 0.         0.00163736 0.
 0.00053693 0.        ]

rule11: children = 3.0
probabilities_array:[0.         0.         0.07625699 0.05883691 0.13301124 0.05613518
 0.08894968 0.05470663 0.07895698 0.12333926 0.08576904 0.12501632
 0.11902165 0.        ]

rule14: sex_male = 0.0
probabilities_array:[0.         0.1024431  0.0488623  0.06225401 0.03946092 0.0796351
 0.01709691 0.02159603 0.08470617 0.15355985 0.08523092 0.13464347
 0.09730683 0.07320444]

rule10: children = 2.0
probabilities_array:[0.         0.00725012 0.10943212 0.10605039 0.09991132 0.07777318
 0.05692336 0.04502109 0.07137123 0.06816418 0.1099612  0.16221736
 0.0822101  0.00371437]

rule8: children = 0.0
probabilities_array:[0.21820581 0.14350449 0.         0.         0.         0.02259319
 0.         0.01322841 0.07415235 0.0751818  0.         0.25069374
 0.09502254 0.10741779]

rule12: children = 4.0
probabilities_array:[0.         0.         0.         0.         0.03119319 0.17832902
 0.         0.15783899 0.06137203 0.1554064  0.19504663 0.
 0.1412386  0.07957516]

rule19: region_northwest = 1.0
probabilities_array:[0.11144357 0.09932393 0.         0.09780144 0.06388009 0.1378803
 0.         0.02415986 0.04854931 0.07447289 0.04430121 0.05920812
 0.11457014 0.12440919]

rule5: 26.742 < bmi < 30.832
probabilities_array:[0.00516367 0.05013791 0.04026438 0.07213692 0.06827253 0.07191958
 0.03506695 0.08877637 0.04265971 0.21598314 0.13765562 0.11846851
 0.00400763 0.0494871 ]


---9---
rule4: bmi < 26.742
probabilities_array:[0.08197893 0.02868164 0.0061712  0.09570511 0.02313451 0.02382199
 0.01738199 0.00617149 0.01490809 0.29125026 0.28317517 0.
 0.         0.12761967]

rule13: children = 5.0
probabilities_array:[0.         0.         0.         0.13319366 0.18336944 0.
 0.21377063 0.11813597 0.13017057 0.21311939 0.         0.
 0.         0.00824032]

rule5: 26.742 < bmi < 30.832
probabilities_array:[0.00516367 0.05013791 0.04026438 0.07213692 0.06827253 0.07191958
 0.03506695 0.08877637 0.04265971 0.21598314 0.13765562 0.11846851
 0.00400763 0.0494871 ]

rule20: region_southeast = 0.0
probabilities_array:[0.00072873 0.00512698 0.00192314 0.0400422  0.00410236 0.00997815
 0.00137026 0.0852936  0.00196881 0.2374775  0.213722   0.13172065
 0.12334505 0.14320067]

rule0: age < 29.500
probabilities_array:[0.19721939 0.19486733 0.19407389 0.         0.         0.
 0.         0.         0.         0.20348944 0.         0.18929592
 0.         0.02105406]

rule17: smoker_yes = 1.0
probabilities_array:[0.         0.         0.         0.         0.         0.
 0.         0.         0.         0.22216736 0.20423526 0.1990066
 0.20927109 0.16531967]

rule22: region_southwest = 0.0
probabilities_array:[0.         0.09821396 0.00890942 0.02121723 0.02779943 0.00998097
 0.03910455 0.00755899 0.00461552 0.1755577  0.19195196 0.16846186
 0.17917892 0.06744939]

rule12: children = 4.0
probabilities_array:[0.         0.         0.         0.         0.03119319 0.17832902
 0.         0.15783899 0.06137203 0.1554064  0.19504663 0.
 0.1412386  0.07957516]

rule14: sex_male = 0.0
probabilities_array:[0.         0.1024431  0.0488623  0.06225401 0.03946092 0.0796351
 0.01709691 0.02159603 0.08470617 0.15355985 0.08523092 0.13464347
 0.09730683 0.07320444]

rule18: region_northwest = 0.0
probabilities_array:[0.02744456 0.         0.08609677 0.02841661 0.00326614 0.01004958
 0.02414345 0.00259918 0.00248784 0.1540187  0.16829912 0.17787088
 0.19844718 0.11685989]

rule11: children = 3.0
probabilities_array:[0.         0.         0.07625699 0.05883691 0.13301124 0.05613518
 0.08894968 0.05470663 0.07895698 0.12333926 0.08576904 0.12501632
 0.11902165 0.        ]

rule21: region_southeast = 1.0
probabilities_array:[0.13069472 0.         0.05781866 0.05735072 0.03664009 0.18001077
 0.00204416 0.00218111 0.03437376 0.09141317 0.04571674 0.10922439
 0.13572603 0.11680571]

rule23: region_southwest = 1.0
probabilities_array:[0.2678145  0.         0.         0.03406683 0.         0.14487089
 0.         0.         0.         0.1028206  0.         0.07290568
 0.09027419 0.28724733]

rule10: children = 2.0
probabilities_array:[0.         0.00725012 0.10943212 0.10605039 0.09991132 0.07777318
 0.05692336 0.04502109 0.07137123 0.06816418 0.1099612  0.16221736
 0.0822101  0.00371437]

rule8: children = 0.0
probabilities_array:[0.21820581 0.14350449 0.         0.         0.         0.02259319
 0.         0.01322841 0.07415235 0.0751818  0.         0.25069374
 0.09502254 0.10741779]

rule19: region_northwest = 1.0
probabilities_array:[0.11144357 0.09932393 0.         0.09780144 0.06388009 0.1378803
 0.         0.02415986 0.04854931 0.07447289 0.04430121 0.05920812
 0.11457014 0.12440919]

rule15: sex_male = 1.0
probabilities_array:[0.21667032 0.         0.         0.020178   0.08473574 0.00485543
 0.         0.00164384 0.01413701 0.06338093 0.06677673 0.11094595
 0.19274734 0.22392869]

rule9: children = 1.0
probabilities_array:[0.         0.10519984 0.08476921 0.1695589  0.10466185 0.08455887
 0.10955385 0.00683132 0.01088017 0.04276213 0.1177708  0.
 0.12807184 0.03538118]


---10---
rule4: bmi < 26.742
probabilities_array:[0.08197893 0.02868164 0.0061712  0.09570511 0.02313451 0.02382199
 0.01738199 0.00617149 0.01490809 0.29125026 0.28317517 0.
 0.         0.12761967]

rule2: 38.882 < age < 48.264
probabilities_array:[0.         0.         0.         0.         0.15003876 0.20750076
 0.20108809 0.         0.         0.         0.2067291  0.
 0.20409945 0.03054389]

rule20: region_southeast = 0.0
probabilities_array:[0.00072873 0.00512698 0.00192314 0.0400422  0.00410236 0.00997815
 0.00137026 0.0852936  0.00196881 0.2374775  0.213722   0.13172065
 0.12334505 0.14320067]

rule12: children = 4.0
probabilities_array:[0.         0.         0.         0.         0.03119319 0.17832902
 0.         0.15783899 0.06137203 0.1554064  0.19504663 0.
 0.1412386  0.07957516]

rule22: region_southwest = 0.0
probabilities_array:[0.         0.09821396 0.00890942 0.02121723 0.02779943 0.00998097
 0.03910455 0.00755899 0.00461552 0.1755577  0.19195196 0.16846186
 0.17917892 0.06744939]

rule3: age > 48.264
probabilities_array:[0.0000000e+00 0.0000000e+00 0.0000000e+00 0.0000000e+00 0.0000000e+00
 1.0342799e-03 1.7217644e-01 2.0161568e-01 2.0661037e-01 0.0000000e+00
 1.7322874e-01 4.7735196e-02 1.9746116e-01 1.3818932e-04]

rule17: smoker_yes = 1.0
probabilities_array:[0.         0.         0.         0.         0.         0.
 0.         0.         0.         0.22216736 0.20423526 0.1990066
 0.20927109 0.16531967]

rule18: region_northwest = 0.0
probabilities_array:[0.02744456 0.         0.08609677 0.02841661 0.00326614 0.01004958
 0.02414345 0.00259918 0.00248784 0.1540187  0.16829912 0.17787088
 0.19844718 0.11685989]

rule5: 26.742 < bmi < 30.832
probabilities_array:[0.00516367 0.05013791 0.04026438 0.07213692 0.06827253 0.07191958
 0.03506695 0.08877637 0.04265971 0.21598314 0.13765562 0.11846851
 0.00400763 0.0494871 ]

rule9: children = 1.0
probabilities_array:[0.         0.10519984 0.08476921 0.1695589  0.10466185 0.08455887
 0.10955385 0.00683132 0.01088017 0.04276213 0.1177708  0.
 0.12807184 0.03538118]

rule10: children = 2.0
probabilities_array:[0.         0.00725012 0.10943212 0.10605039 0.09991132 0.07777318
 0.05692336 0.04502109 0.07137123 0.06816418 0.1099612  0.16221736
 0.0822101  0.00371437]

rule11: children = 3.0
probabilities_array:[0.         0.         0.07625699 0.05883691 0.13301124 0.05613518
 0.08894968 0.05470663 0.07895698 0.12333926 0.08576904 0.12501632
 0.11902165 0.        ]

rule14: sex_male = 0.0
probabilities_array:[0.         0.1024431  0.0488623  0.06225401 0.03946092 0.0796351
 0.01709691 0.02159603 0.08470617 0.15355985 0.08523092 0.13464347
 0.09730683 0.07320444]

rule1: 29.500 < age < 38.882
probabilities_array:[0.         0.         0.15534012 0.2291643  0.22856404 0.
 0.         0.         0.         0.         0.07858592 0.09042743
 0.09518009 0.12273809]

rule15: sex_male = 1.0
probabilities_array:[0.21667032 0.         0.         0.020178   0.08473574 0.00485543
 0.         0.00164384 0.01413701 0.06338093 0.06677673 0.11094595
 0.19274734 0.22392869]

rule21: region_southeast = 1.0
probabilities_array:[0.13069472 0.         0.05781866 0.05735072 0.03664009 0.18001077
 0.00204416 0.00218111 0.03437376 0.09141317 0.04571674 0.10922439
 0.13572603 0.11680571]


---11---
rule6: 30.832 < bmi < 34.923
probabilities_array:[0.06083163 0.02989669 0.04423374 0.08237563 0.00322517 0.0625944
 0.         0.11693238 0.02420975 0.         0.         0.25995097
 0.23965706 0.07609256]

rule8: children = 0.0
probabilities_array:[0.21820581 0.14350449 0.         0.         0.         0.02259319
 0.         0.01322841 0.07415235 0.0751818  0.         0.25069374
 0.09502254 0.10741779]

rule0: age < 29.500
probabilities_array:[0.19721939 0.19486733 0.19407389 0.         0.         0.
 0.         0.         0.         0.20348944 0.         0.18929592
 0.         0.02105406]

rule17: smoker_yes = 1.0
probabilities_array:[0.         0.         0.         0.         0.         0.
 0.         0.         0.         0.22216736 0.20423526 0.1990066
 0.20927109 0.16531967]

rule10: children = 2.0
probabilities_array:[0.         0.00725012 0.10943212 0.10605039 0.09991132 0.07777318
 0.05692336 0.04502109 0.07137123 0.06816418 0.1099612  0.16221736
 0.0822101  0.00371437]

rule22: region_southwest = 0.0
probabilities_array:[0.         0.09821396 0.00890942 0.02121723 0.02779943 0.00998097
 0.03910455 0.00755899 0.00461552 0.1755577  0.19195196 0.16846186
 0.17917892 0.06744939]

rule18: region_northwest = 0.0
probabilities_array:[0.02744456 0.         0.08609677 0.02841661 0.00326614 0.01004958
 0.02414345 0.00259918 0.00248784 0.1540187  0.16829912 0.17787088
 0.19844718 0.11685989]

rule11: children = 3.0
probabilities_array:[0.         0.         0.07625699 0.05883691 0.13301124 0.05613518
 0.08894968 0.05470663 0.07895698 0.12333926 0.08576904 0.12501632
 0.11902165 0.        ]

rule14: sex_male = 0.0
probabilities_array:[0.         0.1024431  0.0488623  0.06225401 0.03946092 0.0796351
 0.01709691 0.02159603 0.08470617 0.15355985 0.08523092 0.13464347
 0.09730683 0.07320444]

rule20: region_southeast = 0.0
probabilities_array:[0.00072873 0.00512698 0.00192314 0.0400422  0.00410236 0.00997815
 0.00137026 0.0852936  0.00196881 0.2374775  0.213722   0.13172065
 0.12334505 0.14320067]

rule5: 26.742 < bmi < 30.832
probabilities_array:[0.00516367 0.05013791 0.04026438 0.07213692 0.06827253 0.07191958
 0.03506695 0.08877637 0.04265971 0.21598314 0.13765562 0.11846851
 0.00400763 0.0494871 ]

rule21: region_southeast = 1.0
probabilities_array:[0.13069472 0.         0.05781866 0.05735072 0.03664009 0.18001077
 0.00204416 0.00218111 0.03437376 0.09141317 0.04571674 0.10922439
 0.13572603 0.11680571]

rule15: sex_male = 1.0
probabilities_array:[0.21667032 0.         0.         0.020178   0.08473574 0.00485543
 0.         0.00164384 0.01413701 0.06338093 0.06677673 0.11094595
 0.19274734 0.22392869]

rule1: 29.500 < age < 38.882
probabilities_array:[0.         0.         0.15534012 0.2291643  0.22856404 0.
 0.         0.         0.         0.         0.07858592 0.09042743
 0.09518009 0.12273809]

rule23: region_southwest = 1.0
probabilities_array:[0.2678145  0.         0.         0.03406683 0.         0.14487089
 0.         0.         0.         0.1028206  0.         0.07290568
 0.09027419 0.28724733]

rule19: region_northwest = 1.0
probabilities_array:[0.11144357 0.09932393 0.         0.09780144 0.06388009 0.1378803
 0.         0.02415986 0.04854931 0.07447289 0.04430121 0.05920812
 0.11457014 0.12440919]

rule3: age > 48.264
probabilities_array:[0.0000000e+00 0.0000000e+00 0.0000000e+00 0.0000000e+00 0.0000000e+00
 1.0342799e-03 1.7217644e-01 2.0161568e-01 2.0661037e-01 0.0000000e+00
 1.7322874e-01 4.7735196e-02 1.9746116e-01 1.3818932e-04]


---12---
rule7: bmi > 34.923
probabilities_array:[0.05965571 0.         0.         0.04479269 0.09994018 0.02126376
 0.00950904 0.1629051  0.04367806 0.         0.         0.01158751
 0.31798288 0.22868504]

rule6: 30.832 < bmi < 34.923
probabilities_array:[0.06083163 0.02989669 0.04423374 0.08237563 0.00322517 0.0625944
 0.         0.11693238 0.02420975 0.         0.         0.25995097
 0.23965706 0.07609256]

rule2: 38.882 < age < 48.264
probabilities_array:[0.         0.         0.         0.         0.15003876 0.20750076
 0.20108809 0.         0.         0.         0.2067291  0.
 0.20409945 0.03054389]

rule3: age > 48.264
probabilities_array:[0.0000000e+00 0.0000000e+00 0.0000000e+00 0.0000000e+00 0.0000000e+00
 1.0342799e-03 1.7217644e-01 2.0161568e-01 2.0661037e-01 0.0000000e+00
 1.7322874e-01 4.7735196e-02 1.9746116e-01 1.3818932e-04]

rule18: region_northwest = 0.0
probabilities_array:[0.02744456 0.         0.08609677 0.02841661 0.00326614 0.01004958
 0.02414345 0.00259918 0.00248784 0.1540187  0.16829912 0.17787088
 0.19844718 0.11685989]

rule17: smoker_yes = 1.0
probabilities_array:[0.         0.         0.         0.         0.         0.
 0.         0.         0.         0.22216736 0.20423526 0.1990066
 0.20927109 0.16531967]

rule22: region_southwest = 0.0
probabilities_array:[0.         0.09821396 0.00890942 0.02121723 0.02779943 0.00998097
 0.03910455 0.00755899 0.00461552 0.1755577  0.19195196 0.16846186
 0.17917892 0.06744939]

rule15: sex_male = 1.0
probabilities_array:[0.21667032 0.         0.         0.020178   0.08473574 0.00485543
 0.         0.00164384 0.01413701 0.06338093 0.06677673 0.11094595
 0.19274734 0.22392869]

rule12: children = 4.0
probabilities_array:[0.         0.         0.         0.         0.03119319 0.17832902
 0.         0.15783899 0.06137203 0.1554064  0.19504663 0.
 0.1412386  0.07957516]

rule9: children = 1.0
probabilities_array:[0.         0.10519984 0.08476921 0.1695589  0.10466185 0.08455887
 0.10955385 0.00683132 0.01088017 0.04276213 0.1177708  0.
 0.12807184 0.03538118]

rule21: region_southeast = 1.0
probabilities_array:[0.13069472 0.         0.05781866 0.05735072 0.03664009 0.18001077
 0.00204416 0.00218111 0.03437376 0.09141317 0.04571674 0.10922439
 0.13572603 0.11680571]

rule11: children = 3.0
probabilities_array:[0.         0.         0.07625699 0.05883691 0.13301124 0.05613518
 0.08894968 0.05470663 0.07895698 0.12333926 0.08576904 0.12501632
 0.11902165 0.        ]

rule20: region_southeast = 0.0
probabilities_array:[0.00072873 0.00512698 0.00192314 0.0400422  0.00410236 0.00997815
 0.00137026 0.0852936  0.00196881 0.2374775  0.213722   0.13172065
 0.12334505 0.14320067]

rule19: region_northwest = 1.0
probabilities_array:[0.11144357 0.09932393 0.         0.09780144 0.06388009 0.1378803
 0.         0.02415986 0.04854931 0.07447289 0.04430121 0.05920812
 0.11457014 0.12440919]

rule14: sex_male = 0.0
probabilities_array:[0.         0.1024431  0.0488623  0.06225401 0.03946092 0.0796351
 0.01709691 0.02159603 0.08470617 0.15355985 0.08523092 0.13464347
 0.09730683 0.07320444]

rule8: children = 0.0
probabilities_array:[0.21820581 0.14350449 0.         0.         0.         0.02259319
 0.         0.01322841 0.07415235 0.0751818  0.         0.25069374
 0.09502254 0.10741779]

rule1: 29.500 < age < 38.882
probabilities_array:[0.         0.         0.15534012 0.2291643  0.22856404 0.
 0.         0.         0.         0.         0.07858592 0.09042743
 0.09518009 0.12273809]

rule10: children = 2.0
probabilities_array:[0.         0.00725012 0.10943212 0.10605039 0.09991132 0.07777318
 0.05692336 0.04502109 0.07137123 0.06816418 0.1099612  0.16221736
 0.0822101  0.00371437]

rule23: region_southwest = 1.0
probabilities_array:[0.2678145  0.         0.         0.03406683 0.         0.14487089
 0.         0.         0.         0.1028206  0.         0.07290568
 0.09027419 0.28724733]

