R2: 0.7845977719411662

MAE: 3528.630717154482

MSE: 36519157.24599884

Accuracy: 0.2330316742081448

F1: 0.1997032217057935

Confusion Matrix: [[16, 4, 2, 0, 0, 2, 0, 1, 0, 2, 0, 0, 3, 0], [7, 10, 3, 4, 0, 0, 0, 0, 0, 1, 0, 1, 1, 0], [4, 7, 6, 0, 1, 5, 0, 5, 0, 2, 0, 1, 1, 0], [3, 3, 3, 5, 4, 8, 0, 1, 2, 2, 0, 0, 0, 2], [2, 2, 4, 5, 5, 7, 2, 0, 0, 1, 0, 0, 0, 3], [2, 2, 1, 2, 10, 8, 4, 0, 0, 0, 0, 1, 0, 4], [0, 0, 0, 0, 2, 9, 1, 2, 0, 0, 0, 1, 0, 3], [4, 0, 2, 3, 3, 8, 0, 5, 0, 3, 0, 1, 0, 3], [4, 2, 0, 3, 4, 2, 0, 10, 0, 9, 0, 0, 1, 2], [5, 2, 0, 0, 0, 0, 1, 8, 0, 3, 1, 0, 0, 2], [3, 2, 1, 4, 0, 1, 0, 6, 0, 2, 3, 1, 0, 0], [2, 3, 2, 1, 2, 9, 0, 1, 0, 0, 0, 7, 2, 7], [5, 0, 0, 1, 4, 5, 0, 4, 0, 3, 3, 1, 3, 8], [0, 0, 0, 1, 4, 5, 1, 3, 0, 1, 1, 3, 0, 31]]

Uncertainties: {'class0': [], 'class1': [], 'class2': [], 'class3': [], 'class4': [], 'class5': [], 'class6': [], 'class7': [], 'class8': [], 'class9': [], 'class10': [], 'class11': [], 'class12': [], 'class13': []}

Most important rules
-----------------------------

---0---

---1---

---2---

---3---

---4---

---5---

---6---

---7---

---8---

---9---

---10---

---11---

---12---

---13---
