R2: 0.8163774928502098

MAE: 2823.328089262443

MSE: 27089550.62046947

Accuracy: 0.4253393665158371

F1: 0.41071031013752385

Confusion Matrix: [[24, 10, 2, 0, 0, 0, 0, 0, 0, 0], [12, 17, 1, 0, 0, 0, 0, 0, 0, 2], [0, 5, 20, 6, 1, 1, 0, 2, 0, 11], [4, 0, 8, 11, 10, 0, 0, 2, 0, 13], [0, 1, 0, 2, 27, 1, 3, 0, 4, 8], [0, 0, 1, 0, 4, 1, 9, 0, 13, 23], [1, 0, 1, 0, 0, 0, 10, 1, 11, 17], [1, 4, 1, 0, 0, 0, 2, 21, 9, 12], [0, 2, 2, 0, 3, 0, 3, 5, 18, 14], [0, 0, 0, 0, 0, 1, 0, 2, 3, 39]]

Uncertainties: {'class0': [0.0, 0.0024520219303667545, 0.0052292849868535995, 0.08578908443450928, 0.13497008383274078], 'class1': [0.0, 0.0, 0.0024520219303667545, 0.0052292849868535995, 0.06809365749359131], 'class2': [0.0, 0.0, 0.0, 0.0, 0.0], 'class3': [0.0, 0.0, 0.0, 0.0, 0.0], 'class4': [0.0, 0.0, 0.0, 0.0, 0.0024520219303667545], 'class5': [0.0, 0.0, 0.0, 0.0, 0.001140368403866887], 'class6': [0.0, 0.0, 0.0, 0.0, 0.001140368403866887], 'class7': [0.0, 0.0, 0.0, 0.0, 0.0], 'class8': [0.0, 0.0, 0.0, 0.0, 0.001140368403866887], 'class9': [0.0, 0.0, 0.001140368403866887, 0.015029765665531158, 0.052365269511938095]}

Most important rules
-----------------------------

---0---
rule8: children = 0.0
probabilities_array:[0.25292546 0.0697945  0.00945703 0.         0.00660571 0.
 0.06267805 0.16153657 0.06561717 0.20329185 0.16809371]

rule0: age < 29.534
probabilities_array:[0.22766563 0.22718687 0.17063773 0.         0.         0.
 0.         0.18167178 0.         0.10704885 0.08578908]

rule23: region_southwest = 1.0
probabilities_array:[0.22297312 0.         0.0560008  0.0075467  0.13947919 0.01515917
 0.01741417 0.02079589 0.07650247 0.24694684 0.19718166]

rule21: region_southeast = 1.0
probabilities_array:[0.2562683  0.         0.00141157 0.         0.         0.
 0.         0.03638473 0.09941625 0.2557039  0.35081524]

rule16: smoker_yes = 0.0
probabilities_array:[0.15242416 0.13677835 0.14351465 0.12611648 0.15876561 0.14026436
 0.13414708 0.         0.00293265 0.00260462 0.00245202]

rule15: sex_male = 1.0
probabilities_array:[0.2061006  0.         0.00509393 0.         0.         0.01355441
 0.         0.07151825 0.11701458 0.26230857 0.32440966]

rule4: bmi < 26.312
probabilities_array:[0.07680789 0.09114975 0.09212027 0.04630965 0.05505506 0.03867078
 0.03724442 0.29626834 0.26637387 0.         0.        ]

rule18: region_northwest = 0.0
probabilities_array:[0.09515747 0.00051697 0.         0.         0.         0.
 0.         0.3152164  0.07366142 0.28927606 0.22617166]

rule6: 30.393 < bmi < 34.475
probabilities_array:[0.07856555 0.10183182 0.07949039 0.1157006  0.08087844 0.07953894
 0.         0.         0.         0.3290242  0.13497008]

rule19: region_northwest = 1.0
probabilities_array:[0.09129899 0.13822687 0.04833043 0.05658955 0.11808718 0.
 0.         0.         0.17046295 0.1132699  0.26373422]

rule5: 26.312 < bmi < 30.393
probabilities_array:[0.05479117 0.06307755 0.12584087 0.07868691 0.05967136 0.06335878
 0.04779743 0.19375214 0.3077945  0.         0.00522928]


---1---
rule0: age < 29.534
probabilities_array:[0.22766563 0.22718687 0.17063773 0.         0.         0.
 0.         0.18167178 0.         0.10704885 0.08578908]

rule14: sex_male = 0.0
probabilities_array:[0.         0.198145   0.00146966 0.05456518 0.10122491 0.
 0.04315293 0.20745154 0.0897193  0.13910274 0.16516863]

rule16: smoker_yes = 0.0
probabilities_array:[0.15242416 0.13677835 0.14351465 0.12611648 0.15876561 0.14026436
 0.13414708 0.         0.00293265 0.00260462 0.00245202]

rule9: children = 1.0
probabilities_array:[0.         0.1281435  0.12526484 0.11832137 0.12648343 0.0371072
 0.         0.07252138 0.15670484 0.16735978 0.06809366]

rule19: region_northwest = 1.0
probabilities_array:[0.09129899 0.13822687 0.04833043 0.05658955 0.11808718 0.
 0.         0.         0.17046295 0.1132699  0.26373422]

rule4: bmi < 26.312
probabilities_array:[0.07680789 0.09114975 0.09212027 0.04630965 0.05505506 0.03867078
 0.03724442 0.29626834 0.26637387 0.         0.        ]

rule6: 30.393 < bmi < 34.475
probabilities_array:[0.07856555 0.10183182 0.07949039 0.1157006  0.08087844 0.07953894
 0.         0.         0.         0.3290242  0.13497008]

rule10: children = 2.0
probabilities_array:[0.         0.07424819 0.09927475 0.14510536 0.12780082 0.0667402
 0.07183781 0.08711048 0.1322633  0.19561914 0.        ]

rule5: 26.312 < bmi < 30.393
probabilities_array:[0.05479117 0.06307755 0.12584087 0.07868691 0.05967136 0.06335878
 0.04779743 0.19375214 0.3077945  0.         0.00522928]

rule8: children = 0.0
probabilities_array:[0.25292546 0.0697945  0.00945703 0.         0.00660571 0.
 0.06267805 0.16153657 0.06561717 0.20329185 0.16809371]

rule20: region_southeast = 0.0
probabilities_array:[0.         0.05884216 0.00655313 0.02471595 0.00995386 0.06052184
 0.06964549 0.29142675 0.17068613 0.16733329 0.14032137]


---2---
rule1: 29.534 < age < 38.979
probabilities_array:[0.         0.         0.2547096  0.26921502 0.         0.
 0.         0.19062562 0.0179732  0.2524468  0.01502977]

rule0: age < 29.534
probabilities_array:[0.22766563 0.22718687 0.17063773 0.         0.         0.
 0.         0.18167178 0.         0.10704885 0.08578908]

rule16: smoker_yes = 0.0
probabilities_array:[0.15242416 0.13677835 0.14351465 0.12611648 0.15876561 0.14026436
 0.13414708 0.         0.00293265 0.00260462 0.00245202]

rule5: 26.312 < bmi < 30.393
probabilities_array:[0.05479117 0.06307755 0.12584087 0.07868691 0.05967136 0.06335878
 0.04779743 0.19375214 0.3077945  0.         0.00522928]

rule9: children = 1.0
probabilities_array:[0.         0.1281435  0.12526484 0.11832137 0.12648343 0.0371072
 0.         0.07252138 0.15670484 0.16735978 0.06809366]

rule11: children = 3.0
probabilities_array:[0.         0.01316355 0.10468721 0.1801935  0.13937508 0.05506606
 0.06761184 0.11567798 0.13376659 0.1904582  0.        ]

rule10: children = 2.0
probabilities_array:[0.         0.07424819 0.09927475 0.14510536 0.12780082 0.0667402
 0.07183781 0.08711048 0.1322633  0.19561914 0.        ]

rule4: bmi < 26.312
probabilities_array:[0.07680789 0.09114975 0.09212027 0.04630965 0.05505506 0.03867078
 0.03724442 0.29626834 0.26637387 0.         0.        ]

rule13: children = 5.0
probabilities_array:[0.00060454 0.         0.08049405 0.17335977 0.13737617 0.17077802
 0.21571402 0.22167337 0.         0.         0.        ]

rule12: children = 4.0
probabilities_array:[0.00000000e+00 3.68344117e-05 7.63910413e-02 8.83496478e-02
 0.00000000e+00 2.31969610e-01 1.04372576e-01 1.98771834e-01
 3.00108433e-01 0.00000000e+00 0.00000000e+00]

rule6: 30.393 < bmi < 34.475
probabilities_array:[0.07856555 0.10183182 0.07949039 0.1157006  0.08087844 0.07953894
 0.         0.         0.         0.3290242  0.13497008]

rule23: region_southwest = 1.0
probabilities_array:[0.22297312 0.         0.0560008  0.0075467  0.13947919 0.01515917
 0.01741417 0.02079589 0.07650247 0.24694684 0.19718166]


---3---
rule1: 29.534 < age < 38.979
probabilities_array:[0.         0.         0.2547096  0.26921502 0.         0.
 0.         0.19062562 0.0179732  0.2524468  0.01502977]

rule11: children = 3.0
probabilities_array:[0.         0.01316355 0.10468721 0.1801935  0.13937508 0.05506606
 0.06761184 0.11567798 0.13376659 0.1904582  0.        ]

rule13: children = 5.0
probabilities_array:[0.00060454 0.         0.08049405 0.17335977 0.13737617 0.17077802
 0.21571402 0.22167337 0.         0.         0.        ]

rule2: 38.979 < age < 48.424
probabilities_array:[0.         0.         0.         0.17294225 0.28180793 0.04073122
 0.         0.00374824 0.19009852 0.2583065  0.05236527]

rule10: children = 2.0
probabilities_array:[0.         0.07424819 0.09927475 0.14510536 0.12780082 0.0667402
 0.07183781 0.08711048 0.1322633  0.19561914 0.        ]

rule16: smoker_yes = 0.0
probabilities_array:[0.15242416 0.13677835 0.14351465 0.12611648 0.15876561 0.14026436
 0.13414708 0.         0.00293265 0.00260462 0.00245202]

rule9: children = 1.0
probabilities_array:[0.         0.1281435  0.12526484 0.11832137 0.12648343 0.0371072
 0.         0.07252138 0.15670484 0.16735978 0.06809366]

rule6: 30.393 < bmi < 34.475
probabilities_array:[0.07856555 0.10183182 0.07949039 0.1157006  0.08087844 0.07953894
 0.         0.         0.         0.3290242  0.13497008]

rule12: children = 4.0
probabilities_array:[0.00000000e+00 3.68344117e-05 7.63910413e-02 8.83496478e-02
 0.00000000e+00 2.31969610e-01 1.04372576e-01 1.98771834e-01
 3.00108433e-01 0.00000000e+00 0.00000000e+00]

rule5: 26.312 < bmi < 30.393
probabilities_array:[0.05479117 0.06307755 0.12584087 0.07868691 0.05967136 0.06335878
 0.04779743 0.19375214 0.3077945  0.         0.00522928]

rule4: bmi < 26.312
probabilities_array:[0.07680789 0.09114975 0.09212027 0.04630965 0.05505506 0.03867078
 0.03724442 0.29626834 0.26637387 0.         0.        ]

rule14: sex_male = 0.0
probabilities_array:[0.         0.198145   0.00146966 0.05456518 0.10122491 0.
 0.04315293 0.20745154 0.0897193  0.13910274 0.16516863]

rule19: region_northwest = 1.0
probabilities_array:[0.09129899 0.13822687 0.04833043 0.05658955 0.11808718 0.
 0.         0.         0.17046295 0.1132699  0.26373422]


---4---
rule2: 38.979 < age < 48.424
probabilities_array:[0.         0.         0.         0.17294225 0.28180793 0.04073122
 0.         0.00374824 0.19009852 0.2583065  0.05236527]

rule16: smoker_yes = 0.0
probabilities_array:[0.15242416 0.13677835 0.14351465 0.12611648 0.15876561 0.14026436
 0.13414708 0.         0.00293265 0.00260462 0.00245202]

rule11: children = 3.0
probabilities_array:[0.         0.01316355 0.10468721 0.1801935  0.13937508 0.05506606
 0.06761184 0.11567798 0.13376659 0.1904582  0.        ]

rule13: children = 5.0
probabilities_array:[0.00060454 0.         0.08049405 0.17335977 0.13737617 0.17077802
 0.21571402 0.22167337 0.         0.         0.        ]

rule10: children = 2.0
probabilities_array:[0.         0.07424819 0.09927475 0.14510536 0.12780082 0.0667402
 0.07183781 0.08711048 0.1322633  0.19561914 0.        ]

rule9: children = 1.0
probabilities_array:[0.         0.1281435  0.12526484 0.11832137 0.12648343 0.0371072
 0.         0.07252138 0.15670484 0.16735978 0.06809366]

rule23: region_southwest = 1.0
probabilities_array:[0.22297312 0.         0.0560008  0.0075467  0.13947919 0.01515917
 0.01741417 0.02079589 0.07650247 0.24694684 0.19718166]

rule19: region_northwest = 1.0
probabilities_array:[0.09129899 0.13822687 0.04833043 0.05658955 0.11808718 0.
 0.         0.         0.17046295 0.1132699  0.26373422]

rule14: sex_male = 0.0
probabilities_array:[0.         0.198145   0.00146966 0.05456518 0.10122491 0.
 0.04315293 0.20745154 0.0897193  0.13910274 0.16516863]

rule6: 30.393 < bmi < 34.475
probabilities_array:[0.07856555 0.10183182 0.07949039 0.1157006  0.08087844 0.07953894
 0.         0.         0.         0.3290242  0.13497008]

rule5: 26.312 < bmi < 30.393
probabilities_array:[0.05479117 0.06307755 0.12584087 0.07868691 0.05967136 0.06335878
 0.04779743 0.19375214 0.3077945  0.         0.00522928]

rule4: bmi < 26.312
probabilities_array:[0.07680789 0.09114975 0.09212027 0.04630965 0.05505506 0.03867078
 0.03724442 0.29626834 0.26637387 0.         0.        ]


---5---
rule3: age > 48.424
probabilities_array:[0.0000000e+00 3.1236460e-04 1.9280583e-04 1.4855807e-04 3.4138206e-03
 2.5200740e-01 2.6150709e-01 0.0000000e+00 2.6720053e-01 2.1407709e-01
 1.1403684e-03]

rule12: children = 4.0
probabilities_array:[0.00000000e+00 3.68344117e-05 7.63910413e-02 8.83496478e-02
 0.00000000e+00 2.31969610e-01 1.04372576e-01 1.98771834e-01
 3.00108433e-01 0.00000000e+00 0.00000000e+00]

rule13: children = 5.0
probabilities_array:[0.00060454 0.         0.08049405 0.17335977 0.13737617 0.17077802
 0.21571402 0.22167337 0.         0.         0.        ]

rule16: smoker_yes = 0.0
probabilities_array:[0.15242416 0.13677835 0.14351465 0.12611648 0.15876561 0.14026436
 0.13414708 0.         0.00293265 0.00260462 0.00245202]

rule6: 30.393 < bmi < 34.475
probabilities_array:[0.07856555 0.10183182 0.07949039 0.1157006  0.08087844 0.07953894
 0.         0.         0.         0.3290242  0.13497008]

rule10: children = 2.0
probabilities_array:[0.         0.07424819 0.09927475 0.14510536 0.12780082 0.0667402
 0.07183781 0.08711048 0.1322633  0.19561914 0.        ]

rule5: 26.312 < bmi < 30.393
probabilities_array:[0.05479117 0.06307755 0.12584087 0.07868691 0.05967136 0.06335878
 0.04779743 0.19375214 0.3077945  0.         0.00522928]

rule11: children = 3.0
probabilities_array:[0.         0.01316355 0.10468721 0.1801935  0.13937508 0.05506606
 0.06761184 0.11567798 0.13376659 0.1904582  0.        ]

rule20: region_southeast = 0.0
probabilities_array:[0.         0.05884216 0.00655313 0.02471595 0.00995386 0.06052184
 0.06964549 0.29142675 0.17068613 0.16733329 0.14032137]


---6---
rule3: age > 48.424
probabilities_array:[0.0000000e+00 3.1236460e-04 1.9280583e-04 1.4855807e-04 3.4138206e-03
 2.5200740e-01 2.6150709e-01 0.0000000e+00 2.6720053e-01 2.1407709e-01
 1.1403684e-03]

rule13: children = 5.0
probabilities_array:[0.00060454 0.         0.08049405 0.17335977 0.13737617 0.17077802
 0.21571402 0.22167337 0.         0.         0.        ]

rule16: smoker_yes = 0.0
probabilities_array:[0.15242416 0.13677835 0.14351465 0.12611648 0.15876561 0.14026436
 0.13414708 0.         0.00293265 0.00260462 0.00245202]

rule12: children = 4.0
probabilities_array:[0.00000000e+00 3.68344117e-05 7.63910413e-02 8.83496478e-02
 0.00000000e+00 2.31969610e-01 1.04372576e-01 1.98771834e-01
 3.00108433e-01 0.00000000e+00 0.00000000e+00]

rule10: children = 2.0
probabilities_array:[0.         0.07424819 0.09927475 0.14510536 0.12780082 0.0667402
 0.07183781 0.08711048 0.1322633  0.19561914 0.        ]

rule11: children = 3.0
probabilities_array:[0.         0.01316355 0.10468721 0.1801935  0.13937508 0.05506606
 0.06761184 0.11567798 0.13376659 0.1904582  0.        ]

rule20: region_southeast = 0.0
probabilities_array:[0.         0.05884216 0.00655313 0.02471595 0.00995386 0.06052184
 0.06964549 0.29142675 0.17068613 0.16733329 0.14032137]

rule8: children = 0.0
probabilities_array:[0.25292546 0.0697945  0.00945703 0.         0.00660571 0.
 0.06267805 0.16153657 0.06561717 0.20329185 0.16809371]

rule5: 26.312 < bmi < 30.393
probabilities_array:[0.05479117 0.06307755 0.12584087 0.07868691 0.05967136 0.06335878
 0.04779743 0.19375214 0.3077945  0.         0.00522928]


---7---
rule4: bmi < 26.312
probabilities_array:[0.07680789 0.09114975 0.09212027 0.04630965 0.05505506 0.03867078
 0.03724442 0.29626834 0.26637387 0.         0.        ]

rule20: region_southeast = 0.0
probabilities_array:[0.         0.05884216 0.00655313 0.02471595 0.00995386 0.06052184
 0.06964549 0.29142675 0.17068613 0.16733329 0.14032137]

rule18: region_northwest = 0.0
probabilities_array:[0.09515747 0.00051697 0.         0.         0.         0.
 0.         0.3152164  0.07366142 0.28927606 0.22617166]

rule13: children = 5.0
probabilities_array:[0.00060454 0.         0.08049405 0.17335977 0.13737617 0.17077802
 0.21571402 0.22167337 0.         0.         0.        ]

rule17: smoker_yes = 1.0
probabilities_array:[0.         0.         0.         0.         0.         0.
 0.         0.2643054  0.25993788 0.26470825 0.21104845]

rule12: children = 4.0
probabilities_array:[0.00000000e+00 3.68344117e-05 7.63910413e-02 8.83496478e-02
 0.00000000e+00 2.31969610e-01 1.04372576e-01 1.98771834e-01
 3.00108433e-01 0.00000000e+00 0.00000000e+00]

rule5: 26.312 < bmi < 30.393
probabilities_array:[0.05479117 0.06307755 0.12584087 0.07868691 0.05967136 0.06335878
 0.04779743 0.19375214 0.3077945  0.         0.00522928]

rule1: 29.534 < age < 38.979
probabilities_array:[0.         0.         0.2547096  0.26921502 0.         0.
 0.         0.19062562 0.0179732  0.2524468  0.01502977]

rule14: sex_male = 0.0
probabilities_array:[0.         0.198145   0.00146966 0.05456518 0.10122491 0.
 0.04315293 0.20745154 0.0897193  0.13910274 0.16516863]

rule0: age < 29.534
probabilities_array:[0.22766563 0.22718687 0.17063773 0.         0.         0.
 0.         0.18167178 0.         0.10704885 0.08578908]

rule8: children = 0.0
probabilities_array:[0.25292546 0.0697945  0.00945703 0.         0.00660571 0.
 0.06267805 0.16153657 0.06561717 0.20329185 0.16809371]

rule11: children = 3.0
probabilities_array:[0.         0.01316355 0.10468721 0.1801935  0.13937508 0.05506606
 0.06761184 0.11567798 0.13376659 0.1904582  0.        ]

rule22: region_southwest = 0.0
probabilities_array:[0.         0.02502357 0.00053893 0.         0.02043572 0.
 0.         0.13206127 0.19931056 0.32812595 0.29450405]

rule10: children = 2.0
probabilities_array:[0.         0.07424819 0.09927475 0.14510536 0.12780082 0.0667402
 0.07183781 0.08711048 0.1322633  0.19561914 0.        ]

rule9: children = 1.0
probabilities_array:[0.         0.1281435  0.12526484 0.11832137 0.12648343 0.0371072
 0.         0.07252138 0.15670484 0.16735978 0.06809366]

rule15: sex_male = 1.0
probabilities_array:[0.2061006  0.         0.00509393 0.         0.         0.01355441
 0.         0.07151825 0.11701458 0.26230857 0.32440966]


---8---
rule5: 26.312 < bmi < 30.393
probabilities_array:[0.05479117 0.06307755 0.12584087 0.07868691 0.05967136 0.06335878
 0.04779743 0.19375214 0.3077945  0.         0.00522928]

rule12: children = 4.0
probabilities_array:[0.00000000e+00 3.68344117e-05 7.63910413e-02 8.83496478e-02
 0.00000000e+00 2.31969610e-01 1.04372576e-01 1.98771834e-01
 3.00108433e-01 0.00000000e+00 0.00000000e+00]

rule3: age > 48.424
probabilities_array:[0.0000000e+00 3.1236460e-04 1.9280583e-04 1.4855807e-04 3.4138206e-03
 2.5200740e-01 2.6150709e-01 0.0000000e+00 2.6720053e-01 2.1407709e-01
 1.1403684e-03]

rule4: bmi < 26.312
probabilities_array:[0.07680789 0.09114975 0.09212027 0.04630965 0.05505506 0.03867078
 0.03724442 0.29626834 0.26637387 0.         0.        ]

rule17: smoker_yes = 1.0
probabilities_array:[0.         0.         0.         0.         0.         0.
 0.         0.2643054  0.25993788 0.26470825 0.21104845]

rule2: 38.979 < age < 48.424
probabilities_array:[0.         0.         0.         0.17294225 0.28180793 0.04073122
 0.         0.00374824 0.19009852 0.2583065  0.05236527]

rule20: region_southeast = 0.0
probabilities_array:[0.         0.05884216 0.00655313 0.02471595 0.00995386 0.06052184
 0.06964549 0.29142675 0.17068613 0.16733329 0.14032137]

rule9: children = 1.0
probabilities_array:[0.         0.1281435  0.12526484 0.11832137 0.12648343 0.0371072
 0.         0.07252138 0.15670484 0.16735978 0.06809366]

rule22: region_southwest = 0.0
probabilities_array:[0.         0.02502357 0.00053893 0.         0.02043572 0.
 0.         0.13206127 0.19931056 0.32812595 0.29450405]

rule11: children = 3.0
probabilities_array:[0.         0.01316355 0.10468721 0.1801935  0.13937508 0.05506606
 0.06761184 0.11567798 0.13376659 0.1904582  0.        ]

rule10: children = 2.0
probabilities_array:[0.         0.07424819 0.09927475 0.14510536 0.12780082 0.0667402
 0.07183781 0.08711048 0.1322633  0.19561914 0.        ]

rule19: region_northwest = 1.0
probabilities_array:[0.09129899 0.13822687 0.04833043 0.05658955 0.11808718 0.
 0.         0.         0.17046295 0.1132699  0.26373422]

rule15: sex_male = 1.0
probabilities_array:[0.2061006  0.         0.00509393 0.         0.         0.01355441
 0.         0.07151825 0.11701458 0.26230857 0.32440966]

rule14: sex_male = 0.0
probabilities_array:[0.         0.198145   0.00146966 0.05456518 0.10122491 0.
 0.04315293 0.20745154 0.0897193  0.13910274 0.16516863]

rule21: region_southeast = 1.0
probabilities_array:[0.2562683  0.         0.00141157 0.         0.         0.
 0.         0.03638473 0.09941625 0.2557039  0.35081524]

rule23: region_southwest = 1.0
probabilities_array:[0.22297312 0.         0.0560008  0.0075467  0.13947919 0.01515917
 0.01741417 0.02079589 0.07650247 0.24694684 0.19718166]

rule18: region_northwest = 0.0
probabilities_array:[0.09515747 0.00051697 0.         0.         0.         0.
 0.         0.3152164  0.07366142 0.28927606 0.22617166]

rule8: children = 0.0
probabilities_array:[0.25292546 0.0697945  0.00945703 0.         0.00660571 0.
 0.06267805 0.16153657 0.06561717 0.20329185 0.16809371]


---9---
rule6: 30.393 < bmi < 34.475
probabilities_array:[0.07856555 0.10183182 0.07949039 0.1157006  0.08087844 0.07953894
 0.         0.         0.         0.3290242  0.13497008]

rule1: 29.534 < age < 38.979
probabilities_array:[0.         0.         0.2547096  0.26921502 0.         0.
 0.         0.19062562 0.0179732  0.2524468  0.01502977]

rule2: 38.979 < age < 48.424
probabilities_array:[0.         0.         0.         0.17294225 0.28180793 0.04073122
 0.         0.00374824 0.19009852 0.2583065  0.05236527]

rule22: region_southwest = 0.0
probabilities_array:[0.         0.02502357 0.00053893 0.         0.02043572 0.
 0.         0.13206127 0.19931056 0.32812595 0.29450405]

rule18: region_northwest = 0.0
probabilities_array:[0.09515747 0.00051697 0.         0.         0.         0.
 0.         0.3152164  0.07366142 0.28927606 0.22617166]

rule3: age > 48.424
probabilities_array:[0.0000000e+00 3.1236460e-04 1.9280583e-04 1.4855807e-04 3.4138206e-03
 2.5200740e-01 2.6150709e-01 0.0000000e+00 2.6720053e-01 2.1407709e-01
 1.1403684e-03]

rule17: smoker_yes = 1.0
probabilities_array:[0.         0.         0.         0.         0.         0.
 0.         0.2643054  0.25993788 0.26470825 0.21104845]

rule23: region_southwest = 1.0
probabilities_array:[0.22297312 0.         0.0560008  0.0075467  0.13947919 0.01515917
 0.01741417 0.02079589 0.07650247 0.24694684 0.19718166]

rule10: children = 2.0
probabilities_array:[0.         0.07424819 0.09927475 0.14510536 0.12780082 0.0667402
 0.07183781 0.08711048 0.1322633  0.19561914 0.        ]

rule11: children = 3.0
probabilities_array:[0.         0.01316355 0.10468721 0.1801935  0.13937508 0.05506606
 0.06761184 0.11567798 0.13376659 0.1904582  0.        ]

rule15: sex_male = 1.0
probabilities_array:[0.2061006  0.         0.00509393 0.         0.         0.01355441
 0.         0.07151825 0.11701458 0.26230857 0.32440966]

rule8: children = 0.0
probabilities_array:[0.25292546 0.0697945  0.00945703 0.         0.00660571 0.
 0.06267805 0.16153657 0.06561717 0.20329185 0.16809371]

rule21: region_southeast = 1.0
probabilities_array:[0.2562683  0.         0.00141157 0.         0.         0.
 0.         0.03638473 0.09941625 0.2557039  0.35081524]

rule9: children = 1.0
probabilities_array:[0.         0.1281435  0.12526484 0.11832137 0.12648343 0.0371072
 0.         0.07252138 0.15670484 0.16735978 0.06809366]

rule20: region_southeast = 0.0
probabilities_array:[0.         0.05884216 0.00655313 0.02471595 0.00995386 0.06052184
 0.06964549 0.29142675 0.17068613 0.16733329 0.14032137]

rule7: bmi > 34.475
probabilities_array:[0.00304025 0.         0.00283756 0.         0.         0.01400883
 0.         0.         0.         0.36397636 0.616137  ]

rule14: sex_male = 0.0
probabilities_array:[0.         0.198145   0.00146966 0.05456518 0.10122491 0.
 0.04315293 0.20745154 0.0897193  0.13910274 0.16516863]

rule0: age < 29.534
probabilities_array:[0.22766563 0.22718687 0.17063773 0.         0.         0.
 0.         0.18167178 0.         0.10704885 0.08578908]

rule19: region_northwest = 1.0
probabilities_array:[0.09129899 0.13822687 0.04833043 0.05658955 0.11808718 0.
 0.         0.         0.17046295 0.1132699  0.26373422]

