R2: 0.45867555813243877

MAE: 9.687573529411765

MSE: 155.54562860294118

Accuracy: 0.36176470588235293

F1: 0.33138881145832166

Confusion Matrix: [[34, 16, 5, 1, 3, 0, 2, 0], [14, 10, 8, 7, 3, 1, 2, 2], [3, 5, 17, 4, 4, 1, 2, 2], [8, 5, 4, 8, 3, 3, 4, 8], [4, 4, 7, 1, 3, 6, 6, 4], [3, 1, 2, 3, 8, 7, 6, 8], [1, 2, 1, 0, 3, 4, 16, 16], [0, 0, 0, 0, 2, 2, 3, 28]]

Uncertainties: {'class0': [0.012264967896044254, 0.02300233766436577, 0.055660951882600784, 0.06669273227453232, 0.07155700773000717], 'class1': [0.012264967896044254, 0.02051686868071556, 0.02300233766436577, 0.06669273227453232, 0.07155700773000717], 'class2': [0.012264967896044254, 0.02051686868071556, 0.02300233766436577, 0.07155700773000717, 0.08270978182554245], 'class3': [0.012264967896044254, 0.02051686868071556, 0.02300233766436577, 0.05410012975335121, 0.055660951882600784], 'class4': [0.0, 0.02051686868071556, 0.04198557138442993, 0.05410012975335121, 0.06669273227453232], 'class5': [0.0, 0.02051686868071556, 0.04198557138442993, 0.05410012975335121, 0.06669273227453232], 'class6': [0.0, 0.02300233766436577, 0.04198557138442993, 0.05410012975335121, 0.055660951882600784], 'class7': [0.0, 0.02051686868071556, 0.04198557138442993, 0.05410012975335121, 0.055660951882600784]}

Weighted Accuracy: 0.496364705882353

Most important rules
-----------------------------

---0---
rule9: 11.386 < fly_ash < 53.958
probabilities_array:[0.35916007 0.00381353 0.         0.21844965 0.         0.
 0.30591145 0.05700429 0.05566095]

rule28: age < 3.507
probabilities_array:[0.44167355 0.30951807 0.         0.         0.         0.00419391
 0.         0.         0.24461439]

rule0: cement < 211.767
probabilities_array:[0.30964345 0.2631205  0.0681247  0.23632425 0.01971756 0.02385658
 0.05621055 0.         0.02300234]

rule15: water > 196.648
probabilities_array:[0.29907247 0.15370376 0.13587566 0.29432052 0.03772845 0.02564927
 0.03722529 0.00415949 0.01226497]

rule14: 182.029 < water < 196.648
probabilities_array:[0.3203903  0.10630432 0.19140244 0.06957947 0.05842321 0.1131526
 0.         0.00668643 0.13406114]

rule4: blast_furnace_slag < 16.088
probabilities_array:[0.29084644 0.17390756 0.17020135 0.08065403 0.05088795 0.09629214
 0.         0.02668237 0.11052818]

rule27: fine_aggregate > 826.489
probabilities_array:[0.2659249  0.14520556 0.15344223 0.02493105 0.         0.16106963
 0.03779574 0.03398748 0.17764328]

rule11: fly_ash > 96.530
probabilities_array:[0.22687784 0.00042104 0.28769314 0.03174566 0.1906742  0.04503123
 0.13261977 0.         0.08493712]

rule1: 211.767 < cement < 281.727
probabilities_array:[0.19119906 0.20647794 0.09375271 0.2502731  0.03930634 0.0566827
 0.09075114 0.         0.07155701]

rule16: superplasticizer < 2.267
probabilities_array:[0.19305775 0.08186446 0.17516749 0.05689471 0.24047816 0.
 0.1398503  0.00251714 0.11017007]

rule13: 167.411 < water < 182.029
probabilities_array:[0.11951533 0.00714107 0.         0.12143422 0.24023888 0.12550329
 0.1181041  0.06702627 0.20103677]

rule26: 772.366 < fine_aggregate < 826.489
probabilities_array:[0.09939206 0.12014027 0.01924492 0.15040992 0.13379505 0.20968124
 0.         0.20064381 0.06669273]

rule25: 718.243 < fine_aggregate < 772.366
probabilities_array:[0.10442257 0.04569927 0.         0.19198756 0.2225942  0.0002966
 0.05331961 0.2258972  0.155783  ]

rule23: coarse_aggregate > 1022.906
probabilities_array:[0.07669724 0.20939066 0.01722633 0.04508951 0.         0.07056706
 0.17733687 0.25759807 0.14609414]

rule7: blast_furnace_slag > 135.145
probabilities_array:[0.06525654 0.         0.3028447  0.10286428 0.07539797 0.05069613
 0.         0.2510473  0.15189308]

rule22: 970.056 < coarse_aggregate < 1022.906
probabilities_array:[0.05775668 0.14370649 0.12049614 0.0448624  0.1738396  0.1765333
 0.19500722 0.00508845 0.08270978]

rule2: 281.727 < cement < 351.688
probabilities_array:[0.05075999 0.01026149 0.02394535 0.25964615 0.08687564 0.148672
 0.28737986 0.         0.13245958]


---1---
rule29: 3.507 < age < 49.084
probabilities_array:[0.00547921 0.2965757  0.24566157 0.12356437 0.18074062 0.
 0.03722496 0.0161174  0.09463622]

rule0: cement < 211.767
probabilities_array:[0.30964345 0.2631205  0.0681247  0.23632425 0.01971756 0.02385658
 0.05621055 0.         0.02300234]

rule28: age < 3.507
probabilities_array:[0.44167355 0.30951807 0.         0.         0.         0.00419391
 0.         0.         0.24461439]

rule1: 211.767 < cement < 281.727
probabilities_array:[0.19119906 0.20647794 0.09375271 0.2502731  0.03930634 0.0566827
 0.09075114 0.         0.07155701]

rule23: coarse_aggregate > 1022.906
probabilities_array:[0.07669724 0.20939066 0.01722633 0.04508951 0.         0.07056706
 0.17733687 0.25759807 0.14609414]

rule4: blast_furnace_slag < 16.088
probabilities_array:[0.29084644 0.17390756 0.17020135 0.08065403 0.05088795 0.09629214
 0.         0.02668237 0.11052818]

rule15: water > 196.648
probabilities_array:[0.29907247 0.15370376 0.13587566 0.29432052 0.03772845 0.02564927
 0.03722529 0.00415949 0.01226497]

rule17: 2.267 < superplasticizer < 6.219
probabilities_array:[0.         0.14197211 0.14720634 0.11297498 0.16157955 0.10603315
 0.         0.30971697 0.02051687]

rule22: 970.056 < coarse_aggregate < 1022.906
probabilities_array:[0.05775668 0.14370649 0.12049614 0.0448624  0.1738396  0.1765333
 0.19500722 0.00508845 0.08270978]

rule27: fine_aggregate > 826.489
probabilities_array:[0.2659249  0.14520556 0.15344223 0.02493105 0.         0.16106963
 0.03779574 0.03398748 0.17764328]

rule26: 772.366 < fine_aggregate < 826.489
probabilities_array:[0.09939206 0.12014027 0.01924492 0.15040992 0.13379505 0.20968124
 0.         0.20064381 0.06669273]

rule14: 182.029 < water < 196.648
probabilities_array:[0.3203903  0.10630432 0.19140244 0.06957947 0.05842321 0.1131526
 0.         0.00668643 0.13406114]

rule6: 75.616 < blast_furnace_slag < 135.145
probabilities_array:[0.         0.09210958 0.         0.00931307 0.02445048 0.30905455
 0.32153246 0.1659093  0.07763052]

rule10: 53.958 < fly_ash < 96.530
probabilities_array:[0.         0.08351566 0.06300203 0.16033861 0.1720152  0.16277969
 0.2277946  0.01451754 0.1160367 ]

rule16: superplasticizer < 2.267
probabilities_array:[0.19305775 0.08186446 0.17516749 0.05689471 0.24047816 0.
 0.1398503  0.00251714 0.11017007]


---2---
rule11: fly_ash > 96.530
probabilities_array:[0.22687784 0.00042104 0.28769314 0.03174566 0.1906742  0.04503123
 0.13261977 0.         0.08493712]

rule7: blast_furnace_slag > 135.145
probabilities_array:[0.06525654 0.         0.3028447  0.10286428 0.07539797 0.05069613
 0.         0.2510473  0.15189308]

rule29: 3.507 < age < 49.084
probabilities_array:[0.00547921 0.2965757  0.24566157 0.12356437 0.18074062 0.
 0.03722496 0.0161174  0.09463622]

rule14: 182.029 < water < 196.648
probabilities_array:[0.3203903  0.10630432 0.19140244 0.06957947 0.05842321 0.1131526
 0.         0.00668643 0.13406114]

rule18: 6.219 < superplasticizer < 10.172
probabilities_array:[0.01573979 0.03213248 0.18024002 0.00169534 0.         0.26338872
 0.07622069 0.30411357 0.12646934]

rule16: superplasticizer < 2.267
probabilities_array:[0.19305775 0.08186446 0.17516749 0.05689471 0.24047816 0.
 0.1398503  0.00251714 0.11017007]

rule4: blast_furnace_slag < 16.088
probabilities_array:[0.29084644 0.17390756 0.17020135 0.08065403 0.05088795 0.09629214
 0.         0.02668237 0.11052818]

rule21: 917.207 < coarse_aggregate < 970.056
probabilities_array:[0.04982962 0.         0.18790616 0.00154135 0.16867186 0.14305401
 0.22142166 0.         0.2275754 ]

rule17: 2.267 < superplasticizer < 6.219
probabilities_array:[0.         0.14197211 0.14720634 0.11297498 0.16157955 0.10603315
 0.         0.30971697 0.02051687]

rule15: water > 196.648
probabilities_array:[0.29907247 0.15370376 0.13587566 0.29432052 0.03772845 0.02564927
 0.03722529 0.00415949 0.01226497]

rule27: fine_aggregate > 826.489
probabilities_array:[0.2659249  0.14520556 0.15344223 0.02493105 0.         0.16106963
 0.03779574 0.03398748 0.17764328]

rule22: 970.056 < coarse_aggregate < 1022.906
probabilities_array:[0.05775668 0.14370649 0.12049614 0.0448624  0.1738396  0.1765333
 0.19500722 0.00508845 0.08270978]

rule1: 211.767 < cement < 281.727
probabilities_array:[0.19119906 0.20647794 0.09375271 0.2502731  0.03930634 0.0566827
 0.09075114 0.         0.07155701]

rule0: cement < 211.767
probabilities_array:[0.30964345 0.2631205  0.0681247  0.23632425 0.01971756 0.02385658
 0.05621055 0.         0.02300234]

rule10: 53.958 < fly_ash < 96.530
probabilities_array:[0.         0.08351566 0.06300203 0.16033861 0.1720152  0.16277969
 0.2277946  0.01451754 0.1160367 ]

rule30: 49.084 < age < 94.661
probabilities_array:[0.         0.         0.05804795 0.15273133 0.05766443 0.03279195
 0.2693147  0.30812517 0.12132455]


---3---
rule15: water > 196.648
probabilities_array:[0.29907247 0.15370376 0.13587566 0.29432052 0.03772845 0.02564927
 0.03722529 0.00415949 0.01226497]

rule1: 211.767 < cement < 281.727
probabilities_array:[0.19119906 0.20647794 0.09375271 0.2502731  0.03930634 0.0566827
 0.09075114 0.         0.07155701]

rule0: cement < 211.767
probabilities_array:[0.30964345 0.2631205  0.0681247  0.23632425 0.01971756 0.02385658
 0.05621055 0.         0.02300234]

rule2: 281.727 < cement < 351.688
probabilities_array:[0.05075999 0.01026149 0.02394535 0.25964615 0.08687564 0.148672
 0.28737986 0.         0.13245958]

rule9: 11.386 < fly_ash < 53.958
probabilities_array:[0.35916007 0.00381353 0.         0.21844965 0.         0.
 0.30591145 0.05700429 0.05566095]

rule20: coarse_aggregate < 917.207
probabilities_array:[0.02013168 0.         0.         0.18471505 0.07129504 0.22515503
 0.         0.37676832 0.1219349 ]

rule25: 718.243 < fine_aggregate < 772.366
probabilities_array:[0.10442257 0.04569927 0.         0.19198756 0.2225942  0.0002966
 0.05331961 0.2258972  0.155783  ]

rule19: superplasticizer > 10.172
probabilities_array:[0.01020492 0.03178986 0.         0.15959196 0.21795891 0.11473139
 0.1916938  0.21992902 0.05410013]

rule10: 53.958 < fly_ash < 96.530
probabilities_array:[0.         0.08351566 0.06300203 0.16033861 0.1720152  0.16277969
 0.2277946  0.01451754 0.1160367 ]

rule26: 772.366 < fine_aggregate < 826.489
probabilities_array:[0.09939206 0.12014027 0.01924492 0.15040992 0.13379505 0.20968124
 0.         0.20064381 0.06669273]

rule30: 49.084 < age < 94.661
probabilities_array:[0.         0.         0.05804795 0.15273133 0.05766443 0.03279195
 0.2693147  0.30812517 0.12132455]

rule29: 3.507 < age < 49.084
probabilities_array:[0.00547921 0.2965757  0.24566157 0.12356437 0.18074062 0.
 0.03722496 0.0161174  0.09463622]

rule17: 2.267 < superplasticizer < 6.219
probabilities_array:[0.         0.14197211 0.14720634 0.11297498 0.16157955 0.10603315
 0.         0.30971697 0.02051687]

rule13: 167.411 < water < 182.029
probabilities_array:[0.11951533 0.00714107 0.         0.12143422 0.24023888 0.12550329
 0.1181041  0.06702627 0.20103677]

rule7: blast_furnace_slag > 135.145
probabilities_array:[0.06525654 0.         0.3028447  0.10286428 0.07539797 0.05069613
 0.         0.2510473  0.15189308]

rule4: blast_furnace_slag < 16.088
probabilities_array:[0.29084644 0.17390756 0.17020135 0.08065403 0.05088795 0.09629214
 0.         0.02668237 0.11052818]

rule14: 182.029 < water < 196.648
probabilities_array:[0.3203903  0.10630432 0.19140244 0.06957947 0.05842321 0.1131526
 0.         0.00668643 0.13406114]

rule16: superplasticizer < 2.267
probabilities_array:[0.19305775 0.08186446 0.17516749 0.05689471 0.24047816 0.
 0.1398503  0.00251714 0.11017007]

rule22: 970.056 < coarse_aggregate < 1022.906
probabilities_array:[0.05775668 0.14370649 0.12049614 0.0448624  0.1738396  0.1765333
 0.19500722 0.00508845 0.08270978]


---4---
rule16: superplasticizer < 2.267
probabilities_array:[0.19305775 0.08186446 0.17516749 0.05689471 0.24047816 0.
 0.1398503  0.00251714 0.11017007]

rule19: superplasticizer > 10.172
probabilities_array:[0.01020492 0.03178986 0.         0.15959196 0.21795891 0.11473139
 0.1916938  0.21992902 0.05410013]

rule31: age > 94.661
probabilities_array:[0.         0.         0.03589416 0.03775878 0.19297938 0.24704523
 0.23905434 0.24726811 0.        ]

rule13: 167.411 < water < 182.029
probabilities_array:[0.11951533 0.00714107 0.         0.12143422 0.24023888 0.12550329
 0.1181041  0.06702627 0.20103677]

rule24: fine_aggregate < 718.243
probabilities_array:[5.4861307e-03 0.0000000e+00 0.0000000e+00 1.2870626e-04 1.9746129e-01
 2.7349362e-01 2.1430331e-01 2.6714140e-01 4.1985571e-02]

rule25: 718.243 < fine_aggregate < 772.366
probabilities_array:[0.10442257 0.04569927 0.         0.19198756 0.2225942  0.0002966
 0.05331961 0.2258972  0.155783  ]

rule11: fly_ash > 96.530
probabilities_array:[0.22687784 0.00042104 0.28769314 0.03174566 0.1906742  0.04503123
 0.13261977 0.         0.08493712]

rule29: 3.507 < age < 49.084
probabilities_array:[0.00547921 0.2965757  0.24566157 0.12356437 0.18074062 0.
 0.03722496 0.0161174  0.09463622]

rule22: 970.056 < coarse_aggregate < 1022.906
probabilities_array:[0.05775668 0.14370649 0.12049614 0.0448624  0.1738396  0.1765333
 0.19500722 0.00508845 0.08270978]

rule17: 2.267 < superplasticizer < 6.219
probabilities_array:[0.         0.14197211 0.14720634 0.11297498 0.16157955 0.10603315
 0.         0.30971697 0.02051687]

rule10: 53.958 < fly_ash < 96.530
probabilities_array:[0.         0.08351566 0.06300203 0.16033861 0.1720152  0.16277969
 0.2277946  0.01451754 0.1160367 ]

rule21: 917.207 < coarse_aggregate < 970.056
probabilities_array:[0.04982962 0.         0.18790616 0.00154135 0.16867186 0.14305401
 0.22142166 0.         0.2275754 ]

rule26: 772.366 < fine_aggregate < 826.489
probabilities_array:[0.09939206 0.12014027 0.01924492 0.15040992 0.13379505 0.20968124
 0.         0.20064381 0.06669273]

rule2: 281.727 < cement < 351.688
probabilities_array:[0.05075999 0.01026149 0.02394535 0.25964615 0.08687564 0.148672
 0.28737986 0.         0.13245958]

rule7: blast_furnace_slag > 135.145
probabilities_array:[0.06525654 0.         0.3028447  0.10286428 0.07539797 0.05069613
 0.         0.2510473  0.15189308]

rule20: coarse_aggregate < 917.207
probabilities_array:[0.02013168 0.         0.         0.18471505 0.07129504 0.22515503
 0.         0.37676832 0.1219349 ]

rule30: 49.084 < age < 94.661
probabilities_array:[0.         0.         0.05804795 0.15273133 0.05766443 0.03279195
 0.2693147  0.30812517 0.12132455]

rule14: 182.029 < water < 196.648
probabilities_array:[0.3203903  0.10630432 0.19140244 0.06957947 0.05842321 0.1131526
 0.         0.00668643 0.13406114]

rule4: blast_furnace_slag < 16.088
probabilities_array:[0.29084644 0.17390756 0.17020135 0.08065403 0.05088795 0.09629214
 0.         0.02668237 0.11052818]


---5---
rule3: cement > 351.688
probabilities_array:[0.0000000e+00 0.0000000e+00 0.0000000e+00 5.1771367e-06 0.0000000e+00
 3.9528844e-01 8.2005344e-02 3.5377553e-01 1.6892545e-01]

rule6: 75.616 < blast_furnace_slag < 135.145
probabilities_array:[0.         0.09210958 0.         0.00931307 0.02445048 0.30905455
 0.32153246 0.1659093  0.07763052]

rule24: fine_aggregate < 718.243
probabilities_array:[5.4861307e-03 0.0000000e+00 0.0000000e+00 1.2870626e-04 1.9746129e-01
 2.7349362e-01 2.1430331e-01 2.6714140e-01 4.1985571e-02]

rule31: age > 94.661
probabilities_array:[0.         0.         0.03589416 0.03775878 0.19297938 0.24704523
 0.23905434 0.24726811 0.        ]

rule18: 6.219 < superplasticizer < 10.172
probabilities_array:[0.01573979 0.03213248 0.18024002 0.00169534 0.         0.26338872
 0.07622069 0.30411357 0.12646934]

rule20: coarse_aggregate < 917.207
probabilities_array:[0.02013168 0.         0.         0.18471505 0.07129504 0.22515503
 0.         0.37676832 0.1219349 ]

rule26: 772.366 < fine_aggregate < 826.489
probabilities_array:[0.09939206 0.12014027 0.01924492 0.15040992 0.13379505 0.20968124
 0.         0.20064381 0.06669273]

rule22: 970.056 < coarse_aggregate < 1022.906
probabilities_array:[0.05775668 0.14370649 0.12049614 0.0448624  0.1738396  0.1765333
 0.19500722 0.00508845 0.08270978]

rule10: 53.958 < fly_ash < 96.530
probabilities_array:[0.         0.08351566 0.06300203 0.16033861 0.1720152  0.16277969
 0.2277946  0.01451754 0.1160367 ]

rule27: fine_aggregate > 826.489
probabilities_array:[0.2659249  0.14520556 0.15344223 0.02493105 0.         0.16106963
 0.03779574 0.03398748 0.17764328]

rule2: 281.727 < cement < 351.688
probabilities_array:[0.05075999 0.01026149 0.02394535 0.25964615 0.08687564 0.148672
 0.28737986 0.         0.13245958]

rule21: 917.207 < coarse_aggregate < 970.056
probabilities_array:[0.04982962 0.         0.18790616 0.00154135 0.16867186 0.14305401
 0.22142166 0.         0.2275754 ]

rule19: superplasticizer > 10.172
probabilities_array:[0.01020492 0.03178986 0.         0.15959196 0.21795891 0.11473139
 0.1916938  0.21992902 0.05410013]

rule17: 2.267 < superplasticizer < 6.219
probabilities_array:[0.         0.14197211 0.14720634 0.11297498 0.16157955 0.10603315
 0.         0.30971697 0.02051687]

rule13: 167.411 < water < 182.029
probabilities_array:[0.11951533 0.00714107 0.         0.12143422 0.24023888 0.12550329
 0.1181041  0.06702627 0.20103677]

rule14: 182.029 < water < 196.648
probabilities_array:[0.3203903  0.10630432 0.19140244 0.06957947 0.05842321 0.1131526
 0.         0.00668643 0.13406114]

rule8: fly_ash < 11.386
probabilities_array:[0.04876808 0.02651405 0.         0.0016239  0.         0.15246148
 0.         0.3404989  0.43013355]

rule4: blast_furnace_slag < 16.088
probabilities_array:[0.29084644 0.17390756 0.17020135 0.08065403 0.05088795 0.09629214
 0.         0.02668237 0.11052818]

rule23: coarse_aggregate > 1022.906
probabilities_array:[0.07669724 0.20939066 0.01722633 0.04508951 0.         0.07056706
 0.17733687 0.25759807 0.14609414]

rule1: 211.767 < cement < 281.727
probabilities_array:[0.19119906 0.20647794 0.09375271 0.2502731  0.03930634 0.0566827
 0.09075114 0.         0.07155701]

rule12: water < 167.411
probabilities_array:[0.         0.         0.         0.         0.01819255 0.06180356
 0.3280314  0.32872564 0.26324698]

rule7: blast_furnace_slag > 135.145
probabilities_array:[0.06525654 0.         0.3028447  0.10286428 0.07539797 0.05069613
 0.         0.2510473  0.15189308]

rule11: fly_ash > 96.530
probabilities_array:[0.22687784 0.00042104 0.28769314 0.03174566 0.1906742  0.04503123
 0.13261977 0.         0.08493712]


---6---
rule6: 75.616 < blast_furnace_slag < 135.145
probabilities_array:[0.         0.09210958 0.         0.00931307 0.02445048 0.30905455
 0.32153246 0.1659093  0.07763052]

rule9: 11.386 < fly_ash < 53.958
probabilities_array:[0.35916007 0.00381353 0.         0.21844965 0.         0.
 0.30591145 0.05700429 0.05566095]

rule2: 281.727 < cement < 351.688
probabilities_array:[0.05075999 0.01026149 0.02394535 0.25964615 0.08687564 0.148672
 0.28737986 0.         0.13245958]

rule12: water < 167.411
probabilities_array:[0.         0.         0.         0.         0.01819255 0.06180356
 0.3280314  0.32872564 0.26324698]

rule31: age > 94.661
probabilities_array:[0.         0.         0.03589416 0.03775878 0.19297938 0.24704523
 0.23905434 0.24726811 0.        ]

rule30: 49.084 < age < 94.661
probabilities_array:[0.         0.         0.05804795 0.15273133 0.05766443 0.03279195
 0.2693147  0.30812517 0.12132455]

rule24: fine_aggregate < 718.243
probabilities_array:[5.4861307e-03 0.0000000e+00 0.0000000e+00 1.2870626e-04 1.9746129e-01
 2.7349362e-01 2.1430331e-01 2.6714140e-01 4.1985571e-02]

rule10: 53.958 < fly_ash < 96.530
probabilities_array:[0.         0.08351566 0.06300203 0.16033861 0.1720152  0.16277969
 0.2277946  0.01451754 0.1160367 ]

rule5: 16.088 < blast_furnace_slag < 75.616
probabilities_array:[0.01346547 0.         0.         0.04452667 0.01471345 0.
 0.31222555 0.25314397 0.3619249 ]

rule19: superplasticizer > 10.172
probabilities_array:[0.01020492 0.03178986 0.         0.15959196 0.21795891 0.11473139
 0.1916938  0.21992902 0.05410013]

rule22: 970.056 < coarse_aggregate < 1022.906
probabilities_array:[0.05775668 0.14370649 0.12049614 0.0448624  0.1738396  0.1765333
 0.19500722 0.00508845 0.08270978]

rule21: 917.207 < coarse_aggregate < 970.056
probabilities_array:[0.04982962 0.         0.18790616 0.00154135 0.16867186 0.14305401
 0.22142166 0.         0.2275754 ]

rule23: coarse_aggregate > 1022.906
probabilities_array:[0.07669724 0.20939066 0.01722633 0.04508951 0.         0.07056706
 0.17733687 0.25759807 0.14609414]

rule16: superplasticizer < 2.267
probabilities_array:[0.19305775 0.08186446 0.17516749 0.05689471 0.24047816 0.
 0.1398503  0.00251714 0.11017007]

rule11: fly_ash > 96.530
probabilities_array:[0.22687784 0.00042104 0.28769314 0.03174566 0.1906742  0.04503123
 0.13261977 0.         0.08493712]

rule13: 167.411 < water < 182.029
probabilities_array:[0.11951533 0.00714107 0.         0.12143422 0.24023888 0.12550329
 0.1181041  0.06702627 0.20103677]

rule1: 211.767 < cement < 281.727
probabilities_array:[0.19119906 0.20647794 0.09375271 0.2502731  0.03930634 0.0566827
 0.09075114 0.         0.07155701]

rule3: cement > 351.688
probabilities_array:[0.0000000e+00 0.0000000e+00 0.0000000e+00 5.1771367e-06 0.0000000e+00
 3.9528844e-01 8.2005344e-02 3.5377553e-01 1.6892545e-01]

rule18: 6.219 < superplasticizer < 10.172
probabilities_array:[0.01573979 0.03213248 0.18024002 0.00169534 0.         0.26338872
 0.07622069 0.30411357 0.12646934]

rule0: cement < 211.767
probabilities_array:[0.30964345 0.2631205  0.0681247  0.23632425 0.01971756 0.02385658
 0.05621055 0.         0.02300234]

rule25: 718.243 < fine_aggregate < 772.366
probabilities_array:[0.10442257 0.04569927 0.         0.19198756 0.2225942  0.0002966
 0.05331961 0.2258972  0.155783  ]


---7---
rule20: coarse_aggregate < 917.207
probabilities_array:[0.02013168 0.         0.         0.18471505 0.07129504 0.22515503
 0.         0.37676832 0.1219349 ]

rule17: 2.267 < superplasticizer < 6.219
probabilities_array:[0.         0.14197211 0.14720634 0.11297498 0.16157955 0.10603315
 0.         0.30971697 0.02051687]

rule3: cement > 351.688
probabilities_array:[0.0000000e+00 0.0000000e+00 0.0000000e+00 5.1771367e-06 0.0000000e+00
 3.9528844e-01 8.2005344e-02 3.5377553e-01 1.6892545e-01]

rule30: 49.084 < age < 94.661
probabilities_array:[0.         0.         0.05804795 0.15273133 0.05766443 0.03279195
 0.2693147  0.30812517 0.12132455]

rule18: 6.219 < superplasticizer < 10.172
probabilities_array:[0.01573979 0.03213248 0.18024002 0.00169534 0.         0.26338872
 0.07622069 0.30411357 0.12646934]

rule24: fine_aggregate < 718.243
probabilities_array:[5.4861307e-03 0.0000000e+00 0.0000000e+00 1.2870626e-04 1.9746129e-01
 2.7349362e-01 2.1430331e-01 2.6714140e-01 4.1985571e-02]

rule31: age > 94.661
probabilities_array:[0.         0.         0.03589416 0.03775878 0.19297938 0.24704523
 0.23905434 0.24726811 0.        ]

rule12: water < 167.411
probabilities_array:[0.         0.         0.         0.         0.01819255 0.06180356
 0.3280314  0.32872564 0.26324698]

rule23: coarse_aggregate > 1022.906
probabilities_array:[0.07669724 0.20939066 0.01722633 0.04508951 0.         0.07056706
 0.17733687 0.25759807 0.14609414]

rule7: blast_furnace_slag > 135.145
probabilities_array:[0.06525654 0.         0.3028447  0.10286428 0.07539797 0.05069613
 0.         0.2510473  0.15189308]

rule19: superplasticizer > 10.172
probabilities_array:[0.01020492 0.03178986 0.         0.15959196 0.21795891 0.11473139
 0.1916938  0.21992902 0.05410013]

rule8: fly_ash < 11.386
probabilities_array:[0.04876808 0.02651405 0.         0.0016239  0.         0.15246148
 0.         0.3404989  0.43013355]

rule25: 718.243 < fine_aggregate < 772.366
probabilities_array:[0.10442257 0.04569927 0.         0.19198756 0.2225942  0.0002966
 0.05331961 0.2258972  0.155783  ]

rule26: 772.366 < fine_aggregate < 826.489
probabilities_array:[0.09939206 0.12014027 0.01924492 0.15040992 0.13379505 0.20968124
 0.         0.20064381 0.06669273]

rule5: 16.088 < blast_furnace_slag < 75.616
probabilities_array:[0.01346547 0.         0.         0.04452667 0.01471345 0.
 0.31222555 0.25314397 0.3619249 ]

rule6: 75.616 < blast_furnace_slag < 135.145
probabilities_array:[0.         0.09210958 0.         0.00931307 0.02445048 0.30905455
 0.32153246 0.1659093  0.07763052]

rule9: 11.386 < fly_ash < 53.958
probabilities_array:[0.35916007 0.00381353 0.         0.21844965 0.         0.
 0.30591145 0.05700429 0.05566095]

rule13: 167.411 < water < 182.029
probabilities_array:[0.11951533 0.00714107 0.         0.12143422 0.24023888 0.12550329
 0.1181041  0.06702627 0.20103677]

