R2: 0.8593608249261061

MAE: 2697.907337304651

MSE: 26096405.985690616

Accuracy: 0.47737556561085975

F1: 0.43682102998358263

Confusion Matrix: [[19, 3, 0, 0, 0, 0, 0, 0, 0, 0, 0, 0, 0], [18, 21, 1, 0, 0, 0, 0, 0, 0, 0, 0, 0, 0], [0, 10, 12, 8, 0, 2, 0, 0, 0, 0, 0, 0, 0], [2, 4, 9, 14, 5, 0, 0, 0, 0, 0, 0, 0, 0], [1, 1, 1, 7, 10, 13, 0, 0, 0, 0, 0, 0, 0], [0, 1, 0, 1, 2, 17, 4, 0, 0, 0, 0, 0, 0], [0, 0, 0, 0, 0, 12, 8, 7, 1, 3, 0, 1, 0], [0, 0, 0, 1, 0, 0, 1, 11, 8, 6, 0, 7, 0], [2, 0, 0, 1, 0, 1, 0, 8, 5, 3, 0, 7, 0], [0, 0, 0, 1, 0, 1, 1, 10, 6, 8, 1, 2, 0], [1, 2, 3, 2, 0, 2, 1, 0, 1, 1, 19, 0, 1], [1, 2, 0, 0, 1, 4, 0, 2, 3, 0, 11, 10, 8], [0, 0, 0, 0, 0, 0, 0, 0, 0, 0, 1, 0, 57]]

Uncertainties: {'class0': [0.0, 0.0021225290838629007, 0.11900229007005692, 0.12161663919687271, 0.14650051295757294], 'class1': [0.0, 0.0021225290838629007, 0.03733508288860321, 0.08350984007120132, 0.10257206857204437], 'class2': [0.0, 0.0, 0.0021225290838629007, 0.01293475367128849, 0.013254198245704174], 'class3': [0.0, 0.0021225290838629007, 0.01293475367128849, 0.013254198245704174, 0.03733508288860321], 'class4': [0.0, 0.0, 0.0021225290838629007, 0.01293475367128849, 0.013254198245704174], 'class5': [0.0, 0.0021225290838629007, 0.01293475367128849, 0.0270962193608284, 0.03733508288860321], 'class6': [0.0, 0.0, 0.0, 0.0021225290838629007, 0.01293475367128849], 'class7': [0.0, 0.0, 0.0, 0.01293475367128849, 0.03733508288860321], 'class8': [0.0, 0.0, 0.0, 0.0021225290838629007, 0.01293475367128849], 'class9': [0.0, 0.0, 0.0021225290838629007, 0.08350984007120132, 0.16438916325569153], 'class10': [0.0, 0.0021225290838629007, 0.01293475367128849, 0.013254198245704174, 0.0270962193608284], 'class11': [0.0, 0.0, 0.0021225290838629007, 0.01293475367128849, 0.03733508288860321], 'class12': [0.0, 0.0, 0.01293475367128849, 0.013254198245704174, 0.0270962193608284]}

Most important rules
-----------------------------

---0---
rule0: age < 29.748
probabilities_array:[0.24182656 0.2266655  0.23072167 0.         0.         0.
 0.         0.         0.         0.         0.11889559 0.02371011
 0.03656395 0.12161664]

rule8: children = 0.0
probabilities_array:[0.21234958 0.16984196 0.01109279 0.00567443 0.         0.00767255
 0.         0.         0.00074238 0.15706015 0.04332697 0.1355748
 0.09227521 0.16438916]

rule15: sex_male = 1.0
probabilities_array:[0.19932765 0.         0.00834582 0.         0.         0.00340079
 0.         0.         0.00184183 0.         0.2170217  0.17879029
 0.24460994 0.14666201]

rule23: region_southwest = 1.0
probabilities_array:[0.17906487 0.         0.04710671 0.06323293 0.         0.18939456
 0.         0.07416644 0.05567729 0.         0.10326984 0.00282953
 0.1387573  0.14650051]

rule21: region_southeast = 1.0
probabilities_array:[0.15434535 0.         0.11065333 0.         0.         0.10439191
 0.         0.         0.02823013 0.00024209 0.15780863 0.09207296
 0.23325324 0.11900229]

rule16: smoker_yes = 0.0
probabilities_array:[0.09492508 0.10851535 0.11751033 0.12534706 0.11345381 0.1238635
 0.10562653 0.08712468 0.08413214 0.03704353 0.         0.00245791
 0.         0.        ]

rule4: bmi < 26.304
probabilities_array:[0.08982967 0.07040612 0.06078935 0.06826141 0.0580515  0.0525763
 0.0876632  0.02681823 0.04432518 0.04645975 0.21025465 0.18244213
 0.         0.00212253]

rule18: region_northwest = 0.0
probabilities_array:[0.06895218 0.00097852 0.01531302 0.00547959 0.         0.
 0.02531826 0.         0.         0.10350262 0.14578053 0.20509556
 0.25706416 0.17251554]


---1---
rule0: age < 29.748
probabilities_array:[0.24182656 0.2266655  0.23072167 0.         0.         0.
 0.         0.         0.         0.         0.11889559 0.02371011
 0.03656395 0.12161664]

rule14: sex_male = 0.0
probabilities_array:[0.         0.16053341 0.07487203 0.03881568 0.02092581 0.01660357
 0.01664225 0.00298392 0.14086573 0.05954907 0.17069852 0.07722657
 0.1367736  0.08350984]

rule8: children = 0.0
probabilities_array:[0.21234958 0.16984196 0.01109279 0.00567443 0.         0.00767255
 0.         0.         0.00074238 0.15706015 0.04332697 0.1355748
 0.09227521 0.16438916]

rule16: smoker_yes = 0.0
probabilities_array:[0.09492508 0.10851535 0.11751033 0.12534706 0.11345381 0.1238635
 0.10562653 0.08712468 0.08413214 0.03704353 0.         0.00245791
 0.         0.        ]

rule20: region_southeast = 0.0
probabilities_array:[0.0000000e+00 1.1082521e-01 1.3107006e-04 5.1051755e-02 4.5022834e-04
 1.1800749e-04 5.9063942e-03 9.5917493e-02 0.0000000e+00 6.1726697e-02
 1.1471605e-01 2.2391452e-01 1.6394383e-01 1.7129876e-01]

rule19: region_northwest = 1.0
probabilities_array:[0.04038384 0.08188043 0.         0.02355992 0.03836775 0.11342698
 0.         0.06314439 0.04288014 0.         0.24502222 0.04674669
 0.20201555 0.10257207]

rule4: bmi < 26.304
probabilities_array:[0.08982967 0.07040612 0.06078935 0.06826141 0.0580515  0.0525763
 0.0876632  0.02681823 0.04432518 0.04645975 0.21025465 0.18244213
 0.         0.00212253]

rule9: children = 1.0
probabilities_array:[0.0204107  0.07191949 0.09617307 0.13624018 0.13471071 0.0802385
 0.03870045 0.05562083 0.         0.         0.12001697 0.07166439
 0.13696961 0.03733508]


---2---
rule0: age < 29.748
probabilities_array:[0.24182656 0.2266655  0.23072167 0.         0.         0.
 0.         0.         0.         0.         0.11889559 0.02371011
 0.03656395 0.12161664]

rule16: smoker_yes = 0.0
probabilities_array:[0.09492508 0.10851535 0.11751033 0.12534706 0.11345381 0.1238635
 0.10562653 0.08712468 0.08413214 0.03704353 0.         0.00245791
 0.         0.        ]

rule1: 29.748 < age < 39.210
probabilities_array:[0.         0.         0.10261499 0.22858778 0.22851938 0.
 0.         0.         0.         0.         0.22675909 0.
 0.20026454 0.0132542 ]

rule21: region_southeast = 1.0
probabilities_array:[0.15434535 0.         0.11065333 0.         0.         0.10439191
 0.         0.         0.02823013 0.00024209 0.15780863 0.09207296
 0.23325324 0.11900229]

rule9: children = 1.0
probabilities_array:[0.0204107  0.07191949 0.09617307 0.13624018 0.13471071 0.0802385
 0.03870045 0.05562083 0.         0.         0.12001697 0.07166439
 0.13696961 0.03733508]

rule10: children = 2.0
probabilities_array:[0.         0.010522   0.08717523 0.06145499 0.17539378 0.15658946
 0.06336342 0.05671286 0.0444574  0.02086419 0.06853952 0.06501254
 0.17697991 0.01293475]

rule14: sex_male = 0.0
probabilities_array:[0.         0.16053341 0.07487203 0.03881568 0.02092581 0.01660357
 0.01664225 0.00298392 0.14086573 0.05954907 0.17069852 0.07722657
 0.1367736  0.08350984]

rule11: children = 3.0
probabilities_array:[0.         0.         0.06757513 0.02891882 0.16798405 0.02324054
 0.08136268 0.0686451  0.0664387  0.09431089 0.1201662  0.10960855
 0.1717494  0.        ]

rule4: bmi < 26.304
probabilities_array:[0.08982967 0.07040612 0.06078935 0.06826141 0.0580515  0.0525763
 0.0876632  0.02681823 0.04432518 0.04645975 0.21025465 0.18244213
 0.         0.00212253]

rule5: 26.304 < bmi < 30.377
probabilities_array:[0.04201439 0.01379511 0.047082   0.10733718 0.02583096 0.03485759
 0.05189842 0.00238237 0.03273412 0.         0.2794767  0.2697821
 0.         0.09280896]

rule23: region_southwest = 1.0
probabilities_array:[0.17906487 0.         0.04710671 0.06323293 0.         0.18939456
 0.         0.07416644 0.05567729 0.         0.10326984 0.00282953
 0.1387573  0.14650051]


---3---
rule1: 29.748 < age < 39.210
probabilities_array:[0.         0.         0.10261499 0.22858778 0.22851938 0.
 0.         0.         0.         0.         0.22675909 0.
 0.20026454 0.0132542 ]

rule13: children = 5.0
probabilities_array:[0.         0.         0.         0.20582125 0.21656671 0.
 0.22713648 0.         0.25354272 0.         0.         0.
 0.         0.09693283]

rule9: children = 1.0
probabilities_array:[0.0204107  0.07191949 0.09617307 0.13624018 0.13471071 0.0802385
 0.03870045 0.05562083 0.         0.         0.12001697 0.07166439
 0.13696961 0.03733508]

rule16: smoker_yes = 0.0
probabilities_array:[0.09492508 0.10851535 0.11751033 0.12534706 0.11345381 0.1238635
 0.10562653 0.08712468 0.08413214 0.03704353 0.         0.00245791
 0.         0.        ]

rule5: 26.304 < bmi < 30.377
probabilities_array:[0.04201439 0.01379511 0.047082   0.10733718 0.02583096 0.03485759
 0.05189842 0.00238237 0.03273412 0.         0.2794767  0.2697821
 0.         0.09280896]

rule6: 30.377 < bmi < 34.451
probabilities_array:[0.0056366  0.00084247 0.         0.10255394 0.         0.
 0.01774957 0.15492848 0.00187918 0.07632243 0.         0.01330625
 0.3080106  0.31877044]

rule4: bmi < 26.304
probabilities_array:[0.08982967 0.07040612 0.06078935 0.06826141 0.0580515  0.0525763
 0.0876632  0.02681823 0.04432518 0.04645975 0.21025465 0.18244213
 0.         0.00212253]

rule10: children = 2.0
probabilities_array:[0.         0.010522   0.08717523 0.06145499 0.17539378 0.15658946
 0.06336342 0.05671286 0.0444574  0.02086419 0.06853952 0.06501254
 0.17697991 0.01293475]

rule23: region_southwest = 1.0
probabilities_array:[0.17906487 0.         0.04710671 0.06323293 0.         0.18939456
 0.         0.07416644 0.05567729 0.         0.10326984 0.00282953
 0.1387573  0.14650051]

rule20: region_southeast = 0.0
probabilities_array:[0.0000000e+00 1.1082521e-01 1.3107006e-04 5.1051755e-02 4.5022834e-04
 1.1800749e-04 5.9063942e-03 9.5917493e-02 0.0000000e+00 6.1726697e-02
 1.1471605e-01 2.2391452e-01 1.6394383e-01 1.7129876e-01]


---4---
rule1: 29.748 < age < 39.210
probabilities_array:[0.         0.         0.10261499 0.22858778 0.22851938 0.
 0.         0.         0.         0.         0.22675909 0.
 0.20026454 0.0132542 ]

rule13: children = 5.0
probabilities_array:[0.         0.         0.         0.20582125 0.21656671 0.
 0.22713648 0.         0.25354272 0.         0.         0.
 0.         0.09693283]

rule10: children = 2.0
probabilities_array:[0.         0.010522   0.08717523 0.06145499 0.17539378 0.15658946
 0.06336342 0.05671286 0.0444574  0.02086419 0.06853952 0.06501254
 0.17697991 0.01293475]

rule11: children = 3.0
probabilities_array:[0.         0.         0.06757513 0.02891882 0.16798405 0.02324054
 0.08136268 0.0686451  0.0664387  0.09431089 0.1201662  0.10960855
 0.1717494  0.        ]

rule9: children = 1.0
probabilities_array:[0.0204107  0.07191949 0.09617307 0.13624018 0.13471071 0.0802385
 0.03870045 0.05562083 0.         0.         0.12001697 0.07166439
 0.13696961 0.03733508]

rule16: smoker_yes = 0.0
probabilities_array:[0.09492508 0.10851535 0.11751033 0.12534706 0.11345381 0.1238635
 0.10562653 0.08712468 0.08413214 0.03704353 0.         0.00245791
 0.         0.        ]

rule2: 39.210 < age < 48.672
probabilities_array:[0.         0.         0.         0.         0.06465321 0.2347193
 0.23761944 0.00150653 0.         0.         0.1942621  0.
 0.24014318 0.02709622]

rule4: bmi < 26.304
probabilities_array:[0.08982967 0.07040612 0.06078935 0.06826141 0.0580515  0.0525763
 0.0876632  0.02681823 0.04432518 0.04645975 0.21025465 0.18244213
 0.         0.00212253]


---5---
rule2: 39.210 < age < 48.672
probabilities_array:[0.         0.         0.         0.         0.06465321 0.2347193
 0.23761944 0.00150653 0.         0.         0.1942621  0.
 0.24014318 0.02709622]

rule23: region_southwest = 1.0
probabilities_array:[0.17906487 0.         0.04710671 0.06323293 0.         0.18939456
 0.         0.07416644 0.05567729 0.         0.10326984 0.00282953
 0.1387573  0.14650051]

rule12: children = 4.0
probabilities_array:[0.         0.         0.         0.         0.         0.1855598
 0.         0.25537023 0.01743835 0.         0.25896972 0.
 0.15007183 0.13259003]

rule10: children = 2.0
probabilities_array:[0.         0.010522   0.08717523 0.06145499 0.17539378 0.15658946
 0.06336342 0.05671286 0.0444574  0.02086419 0.06853952 0.06501254
 0.17697991 0.01293475]

rule16: smoker_yes = 0.0
probabilities_array:[0.09492508 0.10851535 0.11751033 0.12534706 0.11345381 0.1238635
 0.10562653 0.08712468 0.08413214 0.03704353 0.         0.00245791
 0.         0.        ]

rule19: region_northwest = 1.0
probabilities_array:[0.04038384 0.08188043 0.         0.02355992 0.03836775 0.11342698
 0.         0.06314439 0.04288014 0.         0.24502222 0.04674669
 0.20201555 0.10257207]

rule21: region_southeast = 1.0
probabilities_array:[0.15434535 0.         0.11065333 0.         0.         0.10439191
 0.         0.         0.02823013 0.00024209 0.15780863 0.09207296
 0.23325324 0.11900229]

rule9: children = 1.0
probabilities_array:[0.0204107  0.07191949 0.09617307 0.13624018 0.13471071 0.0802385
 0.03870045 0.05562083 0.         0.         0.12001697 0.07166439
 0.13696961 0.03733508]

rule4: bmi < 26.304
probabilities_array:[0.08982967 0.07040612 0.06078935 0.06826141 0.0580515  0.0525763
 0.0876632  0.02681823 0.04432518 0.04645975 0.21025465 0.18244213
 0.         0.00212253]


---6---
rule2: 39.210 < age < 48.672
probabilities_array:[0.         0.         0.         0.         0.06465321 0.2347193
 0.23761944 0.00150653 0.         0.         0.1942621  0.
 0.24014318 0.02709622]

rule13: children = 5.0
probabilities_array:[0.         0.         0.         0.20582125 0.21656671 0.
 0.22713648 0.         0.25354272 0.         0.         0.
 0.         0.09693283]

rule3: age > 48.672
probabilities_array:[0.         0.         0.         0.         0.         0.
 0.11509013 0.18007325 0.18313909 0.18730694 0.         0.17646119
 0.15792938 0.        ]

rule16: smoker_yes = 0.0
probabilities_array:[0.09492508 0.10851535 0.11751033 0.12534706 0.11345381 0.1238635
 0.10562653 0.08712468 0.08413214 0.03704353 0.         0.00245791
 0.         0.        ]

rule4: bmi < 26.304
probabilities_array:[0.08982967 0.07040612 0.06078935 0.06826141 0.0580515  0.0525763
 0.0876632  0.02681823 0.04432518 0.04645975 0.21025465 0.18244213
 0.         0.00212253]

rule11: children = 3.0
probabilities_array:[0.         0.         0.06757513 0.02891882 0.16798405 0.02324054
 0.08136268 0.0686451  0.0664387  0.09431089 0.1201662  0.10960855
 0.1717494  0.        ]

rule10: children = 2.0
probabilities_array:[0.         0.010522   0.08717523 0.06145499 0.17539378 0.15658946
 0.06336342 0.05671286 0.0444574  0.02086419 0.06853952 0.06501254
 0.17697991 0.01293475]

rule5: 26.304 < bmi < 30.377
probabilities_array:[0.04201439 0.01379511 0.047082   0.10733718 0.02583096 0.03485759
 0.05189842 0.00238237 0.03273412 0.         0.2794767  0.2697821
 0.         0.09280896]


---7---
rule12: children = 4.0
probabilities_array:[0.         0.         0.         0.         0.         0.1855598
 0.         0.25537023 0.01743835 0.         0.25896972 0.
 0.15007183 0.13259003]

rule3: age > 48.672
probabilities_array:[0.         0.         0.         0.         0.         0.
 0.11509013 0.18007325 0.18313909 0.18730694 0.         0.17646119
 0.15792938 0.        ]

rule6: 30.377 < bmi < 34.451
probabilities_array:[0.0056366  0.00084247 0.         0.10255394 0.         0.
 0.01774957 0.15492848 0.00187918 0.07632243 0.         0.01330625
 0.3080106  0.31877044]

rule16: smoker_yes = 0.0
probabilities_array:[0.09492508 0.10851535 0.11751033 0.12534706 0.11345381 0.1238635
 0.10562653 0.08712468 0.08413214 0.03704353 0.         0.00245791
 0.         0.        ]

rule20: region_southeast = 0.0
probabilities_array:[0.0000000e+00 1.1082521e-01 1.3107006e-04 5.1051755e-02 4.5022834e-04
 1.1800749e-04 5.9063942e-03 9.5917493e-02 0.0000000e+00 6.1726697e-02
 1.1471605e-01 2.2391452e-01 1.6394383e-01 1.7129876e-01]

rule11: children = 3.0
probabilities_array:[0.         0.         0.06757513 0.02891882 0.16798405 0.02324054
 0.08136268 0.0686451  0.0664387  0.09431089 0.1201662  0.10960855
 0.1717494  0.        ]

rule23: region_southwest = 1.0
probabilities_array:[0.17906487 0.         0.04710671 0.06323293 0.         0.18939456
 0.         0.07416644 0.05567729 0.         0.10326984 0.00282953
 0.1387573  0.14650051]

rule19: region_northwest = 1.0
probabilities_array:[0.04038384 0.08188043 0.         0.02355992 0.03836775 0.11342698
 0.         0.06314439 0.04288014 0.         0.24502222 0.04674669
 0.20201555 0.10257207]

rule10: children = 2.0
probabilities_array:[0.         0.010522   0.08717523 0.06145499 0.17539378 0.15658946
 0.06336342 0.05671286 0.0444574  0.02086419 0.06853952 0.06501254
 0.17697991 0.01293475]

rule9: children = 1.0
probabilities_array:[0.0204107  0.07191949 0.09617307 0.13624018 0.13471071 0.0802385
 0.03870045 0.05562083 0.         0.         0.12001697 0.07166439
 0.13696961 0.03733508]


---8---
rule13: children = 5.0
probabilities_array:[0.         0.         0.         0.20582125 0.21656671 0.
 0.22713648 0.         0.25354272 0.         0.         0.
 0.         0.09693283]

rule3: age > 48.672
probabilities_array:[0.         0.         0.         0.         0.         0.
 0.11509013 0.18007325 0.18313909 0.18730694 0.         0.17646119
 0.15792938 0.        ]

rule14: sex_male = 0.0
probabilities_array:[0.         0.16053341 0.07487203 0.03881568 0.02092581 0.01660357
 0.01664225 0.00298392 0.14086573 0.05954907 0.17069852 0.07722657
 0.1367736  0.08350984]

rule16: smoker_yes = 0.0
probabilities_array:[0.09492508 0.10851535 0.11751033 0.12534706 0.11345381 0.1238635
 0.10562653 0.08712468 0.08413214 0.03704353 0.         0.00245791
 0.         0.        ]

rule11: children = 3.0
probabilities_array:[0.         0.         0.06757513 0.02891882 0.16798405 0.02324054
 0.08136268 0.0686451  0.0664387  0.09431089 0.1201662  0.10960855
 0.1717494  0.        ]

rule23: region_southwest = 1.0
probabilities_array:[0.17906487 0.         0.04710671 0.06323293 0.         0.18939456
 0.         0.07416644 0.05567729 0.         0.10326984 0.00282953
 0.1387573  0.14650051]

rule4: bmi < 26.304
probabilities_array:[0.08982967 0.07040612 0.06078935 0.06826141 0.0580515  0.0525763
 0.0876632  0.02681823 0.04432518 0.04645975 0.21025465 0.18244213
 0.         0.00212253]

rule10: children = 2.0
probabilities_array:[0.         0.010522   0.08717523 0.06145499 0.17539378 0.15658946
 0.06336342 0.05671286 0.0444574  0.02086419 0.06853952 0.06501254
 0.17697991 0.01293475]


---9---
rule3: age > 48.672
probabilities_array:[0.         0.         0.         0.         0.         0.
 0.11509013 0.18007325 0.18313909 0.18730694 0.         0.17646119
 0.15792938 0.        ]

rule8: children = 0.0
probabilities_array:[0.21234958 0.16984196 0.01109279 0.00567443 0.         0.00767255
 0.         0.         0.00074238 0.15706015 0.04332697 0.1355748
 0.09227521 0.16438916]

rule7: bmi > 34.451
probabilities_array:[0.0000000e+00 1.8278861e-05 5.1848754e-02 0.0000000e+00 5.0478308e-03
 6.3060045e-02 0.0000000e+00 0.0000000e+00 0.0000000e+00 1.6722187e-01
 0.0000000e+00 0.0000000e+00 3.1888780e-01 3.9391536e-01]

rule11: children = 3.0
probabilities_array:[0.         0.         0.06757513 0.02891882 0.16798405 0.02324054
 0.08136268 0.0686451  0.0664387  0.09431089 0.1201662  0.10960855
 0.1717494  0.        ]

rule18: region_northwest = 0.0
probabilities_array:[0.06895218 0.00097852 0.01531302 0.00547959 0.         0.
 0.02531826 0.         0.         0.10350262 0.14578053 0.20509556
 0.25706416 0.17251554]

rule14: sex_male = 0.0
probabilities_array:[0.         0.16053341 0.07487203 0.03881568 0.02092581 0.01660357
 0.01664225 0.00298392 0.14086573 0.05954907 0.17069852 0.07722657
 0.1367736  0.08350984]

rule6: 30.377 < bmi < 34.451
probabilities_array:[0.0056366  0.00084247 0.         0.10255394 0.         0.
 0.01774957 0.15492848 0.00187918 0.07632243 0.         0.01330625
 0.3080106  0.31877044]

rule20: region_southeast = 0.0
probabilities_array:[0.0000000e+00 1.1082521e-01 1.3107006e-04 5.1051755e-02 4.5022834e-04
 1.1800749e-04 5.9063942e-03 9.5917493e-02 0.0000000e+00 6.1726697e-02
 1.1471605e-01 2.2391452e-01 1.6394383e-01 1.7129876e-01]

rule4: bmi < 26.304
probabilities_array:[0.08982967 0.07040612 0.06078935 0.06826141 0.0580515  0.0525763
 0.0876632  0.02681823 0.04432518 0.04645975 0.21025465 0.18244213
 0.         0.00212253]


---10---
rule5: 26.304 < bmi < 30.377
probabilities_array:[0.04201439 0.01379511 0.047082   0.10733718 0.02583096 0.03485759
 0.05189842 0.00238237 0.03273412 0.         0.2794767  0.2697821
 0.         0.09280896]

rule12: children = 4.0
probabilities_array:[0.         0.         0.         0.         0.         0.1855598
 0.         0.25537023 0.01743835 0.         0.25896972 0.
 0.15007183 0.13259003]

rule1: 29.748 < age < 39.210
probabilities_array:[0.         0.         0.10261499 0.22858778 0.22851938 0.
 0.         0.         0.         0.         0.22675909 0.
 0.20026454 0.0132542 ]

rule19: region_northwest = 1.0
probabilities_array:[0.04038384 0.08188043 0.         0.02355992 0.03836775 0.11342698
 0.         0.06314439 0.04288014 0.         0.24502222 0.04674669
 0.20201555 0.10257207]

rule4: bmi < 26.304
probabilities_array:[0.08982967 0.07040612 0.06078935 0.06826141 0.0580515  0.0525763
 0.0876632  0.02681823 0.04432518 0.04645975 0.21025465 0.18244213
 0.         0.00212253]

rule2: 39.210 < age < 48.672
probabilities_array:[0.         0.         0.         0.         0.06465321 0.2347193
 0.23761944 0.00150653 0.         0.         0.1942621  0.
 0.24014318 0.02709622]

rule15: sex_male = 1.0
probabilities_array:[0.19932765 0.         0.00834582 0.         0.         0.00340079
 0.         0.         0.00184183 0.         0.2170217  0.17879029
 0.24460994 0.14666201]

rule17: smoker_yes = 1.0
probabilities_array:[0.         0.         0.         0.         0.         0.
 0.         0.         0.         0.         0.22461215 0.23904535
 0.25314888 0.28319368]

rule14: sex_male = 0.0
probabilities_array:[0.         0.16053341 0.07487203 0.03881568 0.02092581 0.01660357
 0.01664225 0.00298392 0.14086573 0.05954907 0.17069852 0.07722657
 0.1367736  0.08350984]

rule21: region_southeast = 1.0
probabilities_array:[0.15434535 0.         0.11065333 0.         0.         0.10439191
 0.         0.         0.02823013 0.00024209 0.15780863 0.09207296
 0.23325324 0.11900229]

rule22: region_southwest = 0.0
probabilities_array:[0.00000000e+00 8.28930363e-03 0.00000000e+00 3.80221545e-03
 7.92655221e-04 1.01519494e-04 2.34661088e-03 0.00000000e+00
 1.83242082e-03 3.18974033e-02 1.77583709e-01 2.32093632e-01
 2.81448901e-01 2.59811670e-01]

rule18: region_northwest = 0.0
probabilities_array:[0.06895218 0.00097852 0.01531302 0.00547959 0.         0.
 0.02531826 0.         0.         0.10350262 0.14578053 0.20509556
 0.25706416 0.17251554]

rule11: children = 3.0
probabilities_array:[0.         0.         0.06757513 0.02891882 0.16798405 0.02324054
 0.08136268 0.0686451  0.0664387  0.09431089 0.1201662  0.10960855
 0.1717494  0.        ]

rule9: children = 1.0
probabilities_array:[0.0204107  0.07191949 0.09617307 0.13624018 0.13471071 0.0802385
 0.03870045 0.05562083 0.         0.         0.12001697 0.07166439
 0.13696961 0.03733508]

rule0: age < 29.748
probabilities_array:[0.24182656 0.2266655  0.23072167 0.         0.         0.
 0.         0.         0.         0.         0.11889559 0.02371011
 0.03656395 0.12161664]

rule20: region_southeast = 0.0
probabilities_array:[0.0000000e+00 1.1082521e-01 1.3107006e-04 5.1051755e-02 4.5022834e-04
 1.1800749e-04 5.9063942e-03 9.5917493e-02 0.0000000e+00 6.1726697e-02
 1.1471605e-01 2.2391452e-01 1.6394383e-01 1.7129876e-01]

rule23: region_southwest = 1.0
probabilities_array:[0.17906487 0.         0.04710671 0.06323293 0.         0.18939456
 0.         0.07416644 0.05567729 0.         0.10326984 0.00282953
 0.1387573  0.14650051]

rule10: children = 2.0
probabilities_array:[0.         0.010522   0.08717523 0.06145499 0.17539378 0.15658946
 0.06336342 0.05671286 0.0444574  0.02086419 0.06853952 0.06501254
 0.17697991 0.01293475]


---11---
rule5: 26.304 < bmi < 30.377
probabilities_array:[0.04201439 0.01379511 0.047082   0.10733718 0.02583096 0.03485759
 0.05189842 0.00238237 0.03273412 0.         0.2794767  0.2697821
 0.         0.09280896]

rule20: region_southeast = 0.0
probabilities_array:[0.0000000e+00 1.1082521e-01 1.3107006e-04 5.1051755e-02 4.5022834e-04
 1.1800749e-04 5.9063942e-03 9.5917493e-02 0.0000000e+00 6.1726697e-02
 1.1471605e-01 2.2391452e-01 1.6394383e-01 1.7129876e-01]

rule4: bmi < 26.304
probabilities_array:[0.08982967 0.07040612 0.06078935 0.06826141 0.0580515  0.0525763
 0.0876632  0.02681823 0.04432518 0.04645975 0.21025465 0.18244213
 0.         0.00212253]

rule3: age > 48.672
probabilities_array:[0.         0.         0.         0.         0.         0.
 0.11509013 0.18007325 0.18313909 0.18730694 0.         0.17646119
 0.15792938 0.        ]

rule22: region_southwest = 0.0
probabilities_array:[0.00000000e+00 8.28930363e-03 0.00000000e+00 3.80221545e-03
 7.92655221e-04 1.01519494e-04 2.34661088e-03 0.00000000e+00
 1.83242082e-03 3.18974033e-02 1.77583709e-01 2.32093632e-01
 2.81448901e-01 2.59811670e-01]

rule17: smoker_yes = 1.0
probabilities_array:[0.         0.         0.         0.         0.         0.
 0.         0.         0.         0.         0.22461215 0.23904535
 0.25314888 0.28319368]

rule18: region_northwest = 0.0
probabilities_array:[0.06895218 0.00097852 0.01531302 0.00547959 0.         0.
 0.02531826 0.         0.         0.10350262 0.14578053 0.20509556
 0.25706416 0.17251554]

rule15: sex_male = 1.0
probabilities_array:[0.19932765 0.         0.00834582 0.         0.         0.00340079
 0.         0.         0.00184183 0.         0.2170217  0.17879029
 0.24460994 0.14666201]

rule8: children = 0.0
probabilities_array:[0.21234958 0.16984196 0.01109279 0.00567443 0.         0.00767255
 0.         0.         0.00074238 0.15706015 0.04332697 0.1355748
 0.09227521 0.16438916]

rule11: children = 3.0
probabilities_array:[0.         0.         0.06757513 0.02891882 0.16798405 0.02324054
 0.08136268 0.0686451  0.0664387  0.09431089 0.1201662  0.10960855
 0.1717494  0.        ]

rule21: region_southeast = 1.0
probabilities_array:[0.15434535 0.         0.11065333 0.         0.         0.10439191
 0.         0.         0.02823013 0.00024209 0.15780863 0.09207296
 0.23325324 0.11900229]

rule14: sex_male = 0.0
probabilities_array:[0.         0.16053341 0.07487203 0.03881568 0.02092581 0.01660357
 0.01664225 0.00298392 0.14086573 0.05954907 0.17069852 0.07722657
 0.1367736  0.08350984]

rule9: children = 1.0
probabilities_array:[0.0204107  0.07191949 0.09617307 0.13624018 0.13471071 0.0802385
 0.03870045 0.05562083 0.         0.         0.12001697 0.07166439
 0.13696961 0.03733508]

rule10: children = 2.0
probabilities_array:[0.         0.010522   0.08717523 0.06145499 0.17539378 0.15658946
 0.06336342 0.05671286 0.0444574  0.02086419 0.06853952 0.06501254
 0.17697991 0.01293475]

rule19: region_northwest = 1.0
probabilities_array:[0.04038384 0.08188043 0.         0.02355992 0.03836775 0.11342698
 0.         0.06314439 0.04288014 0.         0.24502222 0.04674669
 0.20201555 0.10257207]


---12---
rule2: 39.210 < age < 48.672
probabilities_array:[0.         0.         0.         0.         0.06465321 0.2347193
 0.23761944 0.00150653 0.         0.         0.1942621  0.
 0.24014318 0.02709622]

rule18: region_northwest = 0.0
probabilities_array:[0.06895218 0.00097852 0.01531302 0.00547959 0.         0.
 0.02531826 0.         0.         0.10350262 0.14578053 0.20509556
 0.25706416 0.17251554]

rule6: 30.377 < bmi < 34.451
probabilities_array:[0.0056366  0.00084247 0.         0.10255394 0.         0.
 0.01774957 0.15492848 0.00187918 0.07632243 0.         0.01330625
 0.3080106  0.31877044]

rule15: sex_male = 1.0
probabilities_array:[0.19932765 0.         0.00834582 0.         0.         0.00340079
 0.         0.         0.00184183 0.         0.2170217  0.17879029
 0.24460994 0.14666201]

rule22: region_southwest = 0.0
probabilities_array:[0.00000000e+00 8.28930363e-03 0.00000000e+00 3.80221545e-03
 7.92655221e-04 1.01519494e-04 2.34661088e-03 0.00000000e+00
 1.83242082e-03 3.18974033e-02 1.77583709e-01 2.32093632e-01
 2.81448901e-01 2.59811670e-01]

rule21: region_southeast = 1.0
probabilities_array:[0.15434535 0.         0.11065333 0.         0.         0.10439191
 0.         0.         0.02823013 0.00024209 0.15780863 0.09207296
 0.23325324 0.11900229]

rule1: 29.748 < age < 39.210
probabilities_array:[0.         0.         0.10261499 0.22858778 0.22851938 0.
 0.         0.         0.         0.         0.22675909 0.
 0.20026454 0.0132542 ]

rule7: bmi > 34.451
probabilities_array:[0.0000000e+00 1.8278861e-05 5.1848754e-02 0.0000000e+00 5.0478308e-03
 6.3060045e-02 0.0000000e+00 0.0000000e+00 0.0000000e+00 1.6722187e-01
 0.0000000e+00 0.0000000e+00 3.1888780e-01 3.9391536e-01]

rule17: smoker_yes = 1.0
probabilities_array:[0.         0.         0.         0.         0.         0.
 0.         0.         0.         0.         0.22461215 0.23904535
 0.25314888 0.28319368]

rule19: region_northwest = 1.0
probabilities_array:[0.04038384 0.08188043 0.         0.02355992 0.03836775 0.11342698
 0.         0.06314439 0.04288014 0.         0.24502222 0.04674669
 0.20201555 0.10257207]

rule10: children = 2.0
probabilities_array:[0.         0.010522   0.08717523 0.06145499 0.17539378 0.15658946
 0.06336342 0.05671286 0.0444574  0.02086419 0.06853952 0.06501254
 0.17697991 0.01293475]

rule11: children = 3.0
probabilities_array:[0.         0.         0.06757513 0.02891882 0.16798405 0.02324054
 0.08136268 0.0686451  0.0664387  0.09431089 0.1201662  0.10960855
 0.1717494  0.        ]

rule3: age > 48.672
probabilities_array:[0.         0.         0.         0.         0.         0.
 0.11509013 0.18007325 0.18313909 0.18730694 0.         0.17646119
 0.15792938 0.        ]

rule20: region_southeast = 0.0
probabilities_array:[0.0000000e+00 1.1082521e-01 1.3107006e-04 5.1051755e-02 4.5022834e-04
 1.1800749e-04 5.9063942e-03 9.5917493e-02 0.0000000e+00 6.1726697e-02
 1.1471605e-01 2.2391452e-01 1.6394383e-01 1.7129876e-01]

rule9: children = 1.0
probabilities_array:[0.0204107  0.07191949 0.09617307 0.13624018 0.13471071 0.0802385
 0.03870045 0.05562083 0.         0.         0.12001697 0.07166439
 0.13696961 0.03733508]

rule12: children = 4.0
probabilities_array:[0.         0.         0.         0.         0.         0.1855598
 0.         0.25537023 0.01743835 0.         0.25896972 0.
 0.15007183 0.13259003]

rule14: sex_male = 0.0
probabilities_array:[0.         0.16053341 0.07487203 0.03881568 0.02092581 0.01660357
 0.01664225 0.00298392 0.14086573 0.05954907 0.17069852 0.07722657
 0.1367736  0.08350984]

rule23: region_southwest = 1.0
probabilities_array:[0.17906487 0.         0.04710671 0.06323293 0.         0.18939456
 0.         0.07416644 0.05567729 0.         0.10326984 0.00282953
 0.1387573  0.14650051]

rule8: children = 0.0
probabilities_array:[0.21234958 0.16984196 0.01109279 0.00567443 0.         0.00767255
 0.         0.         0.00074238 0.15706015 0.04332697 0.1355748
 0.09227521 0.16438916]

