R2: 0.8332381599913924

MAE: 2675.4242847438477

MSE: 22429081.157880437

Accuracy: 0.43891402714932126

F1: 0.4255569414628976

Confusion Matrix: [[35, 2, 0, 0, 0, 0, 0, 0, 0, 0, 0, 0, 0], [12, 19, 2, 1, 0, 0, 0, 0, 0, 0, 0, 0, 0], [0, 10, 4, 2, 5, 0, 0, 0, 0, 2, 0, 0, 0], [0, 2, 3, 4, 9, 1, 0, 0, 0, 0, 0, 0, 0], [1, 0, 0, 9, 14, 16, 1, 0, 0, 1, 0, 0, 0], [0, 0, 0, 0, 5, 20, 4, 0, 1, 0, 0, 0, 0], [0, 0, 0, 0, 0, 16, 10, 6, 15, 0, 0, 0, 0], [0, 0, 0, 0, 0, 1, 12, 13, 14, 0, 0, 0, 0], [1, 0, 0, 0, 0, 1, 2, 13, 17, 1, 0, 0, 0], [0, 1, 0, 1, 0, 1, 3, 8, 5, 8, 2, 1, 0], [2, 2, 0, 3, 1, 0, 1, 3, 1, 4, 17, 1, 0], [1, 0, 0, 0, 1, 4, 2, 2, 4, 3, 4, 13, 8], [0, 0, 0, 0, 0, 0, 0, 0, 0, 1, 2, 5, 20]]

Uncertainties: {'class0': [0.0, 0.0, 0.0020216081757098436, 0.06545975804328918, 0.07489046454429626], 'class1': [0.0, 0.0, 0.0020216081757098436, 0.058104708790779114, 0.058678049594163895], 'class2': [0.0, 0.0, 0.0, 0.000572487129829824, 0.058104708790779114], 'class3': [0.0, 0.0, 0.000572487129829824, 0.0020216081757098436, 0.058104708790779114], 'class4': [0.0, 0.0, 0.000572487129829824, 0.0020216081757098436, 0.04032063111662865], 'class5': [0.0, 0.000572487129829824, 0.0020216081757098436, 0.058104708790779114, 0.06194648891687393], 'class6': [0.0, 0.0, 0.000572487129829824, 0.0020216081757098436, 0.0024030772037804127], 'class7': [0.0, 0.0, 0.000572487129829824, 0.0020216081757098436, 0.0024030772037804127], 'class8': [0.0, 0.0, 0.000572487129829824, 0.0020216081757098436, 0.0024030772037804127], 'class9': [0.0, 0.0, 0.000572487129829824, 0.0020216081757098436, 0.0024030772037804127], 'class10': [0.0, 0.000572487129829824, 0.0020216081757098436, 0.0024030772037804127, 0.04032063111662865], 'class11': [0.0, 0.0, 0.000572487129829824, 0.06545975804328918, 0.07489046454429626], 'class12': [0.0, 0.000572487129829824, 0.0024030772037804127, 0.058104708790779114, 0.06194648891687393]}

Most important rules
-----------------------------

---0---
rule0: age < 29.568
probabilities_array:[0.18848656 0.18346727 0.19062254 0.03879552 0.         0.
 0.         0.         0.         0.20421365 0.         0.19441445
 0.         0.        ]

rule21: region_southeast = 1.0
probabilities_array:[0.1879631  0.         0.03740798 0.01391383 0.07769123 0.07012329
 0.00412331 0.04637298 0.03830468 0.00520992 0.15397717 0.12416251
 0.16585962 0.07489046]

rule23: region_southwest = 1.0
probabilities_array:[0.18607515 0.         0.05978486 0.01640856 0.04952463 0.10591698
 0.         0.02855994 0.02294011 0.06097583 0.11416554 0.12151243
 0.15916607 0.07496992]

rule8: children = 0.0
probabilities_array:[0.18060055 0.1234142  0.         0.00075835 0.         0.06236503
 0.         0.         0.08507976 0.06734339 0.03644696 0.25099444
 0.09448641 0.09851092]

rule15: sex_male = 1.0
probabilities_array:[0.16273347 0.         0.         0.02260634 0.01138554 0.04991568
 0.00090383 0.         0.         0.02315777 0.1438557  0.20195131
 0.1961968  0.18729365]

rule19: region_northwest = 1.0
probabilities_array:[0.1057182  0.0353846  0.         0.00858147 0.11224179 0.11304557
 0.         0.10605908 0.06021694 0.00466468 0.21459681 0.06164492
 0.11238624 0.06545976]

rule16: smoker_yes = 0.0
probabilities_array:[0.07297413 0.07505302 0.10592018 0.13620274 0.1365513  0.14889228
 0.08216745 0.12536684 0.11472156 0.0016025  0.         0.00054799
 0.         0.        ]

rule4: bmi < 26.527
probabilities_array:[0.06298324 0.074536   0.02273989 0.05973354 0.04709532 0.06968224
 0.07432564 0.06323937 0.07260017 0.22535385 0.22512859 0.
 0.00056053 0.00202161]


---1---
rule0: age < 29.568
probabilities_array:[0.18848656 0.18346727 0.19062254 0.03879552 0.         0.
 0.         0.         0.         0.20421365 0.         0.19441445
 0.         0.        ]

rule8: children = 0.0
probabilities_array:[0.18060055 0.1234142  0.         0.00075835 0.         0.06236503
 0.         0.         0.08507976 0.06734339 0.03644696 0.25099444
 0.09448641 0.09851092]

rule14: sex_male = 0.0
probabilities_array:[0.         0.08937277 0.04955604 0.0351687  0.08596788 0.08995217
 0.0044828  0.03363884 0.05301254 0.19663134 0.04304954 0.0981544
 0.12734203 0.09367087]

rule16: smoker_yes = 0.0
probabilities_array:[0.07297413 0.07505302 0.10592018 0.13620274 0.1365513  0.14889228
 0.08216745 0.12536684 0.11472156 0.0016025  0.         0.00054799
 0.         0.        ]

rule4: bmi < 26.527
probabilities_array:[0.06298324 0.074536   0.02273989 0.05973354 0.04709532 0.06968224
 0.07432564 0.06323937 0.07260017 0.22535385 0.22512859 0.
 0.00056053 0.00202161]

rule9: children = 1.0
probabilities_array:[0.00055815 0.07479943 0.10105645 0.17585298 0.0310233  0.0449619
 0.09421773 0.         0.02447284 0.05288743 0.14769703 0.02034772
 0.17402041 0.05810471]

rule5: 26.527 < bmi < 30.550
probabilities_array:[0.02667619 0.06600678 0.         0.04328372 0.08796113 0.01067359
 0.09442475 0.09855506 0.08491892 0.16257095 0.26625094 0.
 0.         0.05867805]

rule20: region_southeast = 0.0
probabilities_array:[0.         0.06811515 0.         0.03718667 0.03416706 0.05865885
 0.00133996 0.04449944 0.         0.2000281  0.0656889  0.16259855
 0.12620337 0.2015139 ]


---2---
rule0: age < 29.568
probabilities_array:[0.18848656 0.18346727 0.19062254 0.03879552 0.         0.
 0.         0.         0.         0.20421365 0.         0.19441445
 0.         0.        ]

rule16: smoker_yes = 0.0
probabilities_array:[0.07297413 0.07505302 0.10592018 0.13620274 0.1365513  0.14889228
 0.08216745 0.12536684 0.11472156 0.0016025  0.         0.00054799
 0.         0.        ]

rule11: children = 3.0
probabilities_array:[0.         0.00247034 0.09570664 0.06757671 0.12285142 0.00310665
 0.14455551 0.07018291 0.08195066 0.06987114 0.09477559 0.07390947
 0.17304292 0.        ]

rule10: children = 2.0
probabilities_array:[0.         0.01835602 0.09548724 0.10648388 0.07496581 0.07290163
 0.07811523 0.04289597 0.06764594 0.06548063 0.10575747 0.10854951
 0.16278821 0.00057249]

rule9: children = 1.0
probabilities_array:[0.00055815 0.07479943 0.10105645 0.17585298 0.0310233  0.0449619
 0.09421773 0.         0.02447284 0.05288743 0.14769703 0.02034772
 0.17402041 0.05810471]

rule1: 29.568 < age < 39.026
probabilities_array:[0.         0.         0.08029377 0.23388827 0.23583241 0.
 0.         0.         0.         0.         0.1968366  0.08081304
 0.07742524 0.09491066]

rule23: region_southwest = 1.0
probabilities_array:[0.18607515 0.         0.05978486 0.01640856 0.04952463 0.10591698
 0.         0.02855994 0.02294011 0.06097583 0.11416554 0.12151243
 0.15916607 0.07496992]

rule14: sex_male = 0.0
probabilities_array:[0.         0.08937277 0.04955604 0.0351687  0.08596788 0.08995217
 0.0044828  0.03363884 0.05301254 0.19663134 0.04304954 0.0981544
 0.12734203 0.09367087]


---3---
rule1: 29.568 < age < 39.026
probabilities_array:[0.         0.         0.08029377 0.23388827 0.23583241 0.
 0.         0.         0.         0.         0.1968366  0.08081304
 0.07742524 0.09491066]

rule12: children = 4.0
probabilities_array:[0.         0.         0.         0.2302889  0.12047605 0.03883611
 0.         0.24242024 0.01015575 0.24506311 0.         0.
 0.         0.11275991]

rule9: children = 1.0
probabilities_array:[0.00055815 0.07479943 0.10105645 0.17585298 0.0310233  0.0449619
 0.09421773 0.         0.02447284 0.05288743 0.14769703 0.02034772
 0.17402041 0.05810471]

rule16: smoker_yes = 0.0
probabilities_array:[0.07297413 0.07505302 0.10592018 0.13620274 0.1365513  0.14889228
 0.08216745 0.12536684 0.11472156 0.0016025  0.         0.00054799
 0.         0.        ]

rule10: children = 2.0
probabilities_array:[0.         0.01835602 0.09548724 0.10648388 0.07496581 0.07290163
 0.07811523 0.04289597 0.06764594 0.06548063 0.10575747 0.10854951
 0.16278821 0.00057249]

rule11: children = 3.0
probabilities_array:[0.         0.00247034 0.09570664 0.06757671 0.12285142 0.00310665
 0.14455551 0.07018291 0.08195066 0.06987114 0.09477559 0.07390947
 0.17304292 0.        ]

rule4: bmi < 26.527
probabilities_array:[0.06298324 0.074536   0.02273989 0.05973354 0.04709532 0.06968224
 0.07432564 0.06323937 0.07260017 0.22535385 0.22512859 0.
 0.00056053 0.00202161]

rule22: region_southwest = 0.0
probabilities_array:[0.         0.02823255 0.         0.05693926 0.0210111  0.02218691
 0.08202858 0.0006711  0.00226841 0.13659695 0.13780187 0.14996913
 0.24359389 0.11870038]

rule6: 30.550 < bmi < 34.573
probabilities_array:[0.02704697 0.00425287 0.         0.05490587 0.         0.08774255
 0.         0.0750256  0.00244771 0.         0.         0.28992578
 0.268565   0.19008774]

rule7: bmi > 34.573
probabilities_array:[0.         0.         0.02253464 0.05964883 0.20157932 0.02137735
 0.00046009 0.12916414 0.         0.         0.         0.
 0.2915303  0.27370536]

rule5: 26.527 < bmi < 30.550
probabilities_array:[0.02667619 0.06600678 0.         0.04328372 0.08796113 0.01067359
 0.09442475 0.09855506 0.08491892 0.16257095 0.26625094 0.
 0.         0.05867805]


---4---
rule13: children = 5.0
probabilities_array:[0.         0.         0.         0.03105279 0.2532059  0.
 0.26530138 0.13375448 0.         0.         0.2763648  0.
 0.         0.04032063]

rule1: 29.568 < age < 39.026
probabilities_array:[0.         0.         0.08029377 0.23388827 0.23583241 0.
 0.         0.         0.         0.         0.1968366  0.08081304
 0.07742524 0.09491066]

rule7: bmi > 34.573
probabilities_array:[0.         0.         0.02253464 0.05964883 0.20157932 0.02137735
 0.00046009 0.12916414 0.         0.         0.         0.
 0.2915303  0.27370536]

rule16: smoker_yes = 0.0
probabilities_array:[0.07297413 0.07505302 0.10592018 0.13620274 0.1365513  0.14889228
 0.08216745 0.12536684 0.11472156 0.0016025  0.         0.00054799
 0.         0.        ]

rule11: children = 3.0
probabilities_array:[0.         0.00247034 0.09570664 0.06757671 0.12285142 0.00310665
 0.14455551 0.07018291 0.08195066 0.06987114 0.09477559 0.07390947
 0.17304292 0.        ]

rule12: children = 4.0
probabilities_array:[0.         0.         0.         0.2302889  0.12047605 0.03883611
 0.         0.24242024 0.01015575 0.24506311 0.         0.
 0.         0.11275991]

rule19: region_northwest = 1.0
probabilities_array:[0.1057182  0.0353846  0.         0.00858147 0.11224179 0.11304557
 0.         0.10605908 0.06021694 0.00466468 0.21459681 0.06164492
 0.11238624 0.06545976]

rule5: 26.527 < bmi < 30.550
probabilities_array:[0.02667619 0.06600678 0.         0.04328372 0.08796113 0.01067359
 0.09442475 0.09855506 0.08491892 0.16257095 0.26625094 0.
 0.         0.05867805]

rule14: sex_male = 0.0
probabilities_array:[0.         0.08937277 0.04955604 0.0351687  0.08596788 0.08995217
 0.0044828  0.03363884 0.05301254 0.19663134 0.04304954 0.0981544
 0.12734203 0.09367087]

rule10: children = 2.0
probabilities_array:[0.         0.01835602 0.09548724 0.10648388 0.07496581 0.07290163
 0.07811523 0.04289597 0.06764594 0.06548063 0.10575747 0.10854951
 0.16278821 0.00057249]

rule21: region_southeast = 1.0
probabilities_array:[0.1879631  0.         0.03740798 0.01391383 0.07769123 0.07012329
 0.00412331 0.04637298 0.03830468 0.00520992 0.15397717 0.12416251
 0.16585962 0.07489046]

rule4: bmi < 26.527
probabilities_array:[0.06298324 0.074536   0.02273989 0.05973354 0.04709532 0.06968224
 0.07432564 0.06323937 0.07260017 0.22535385 0.22512859 0.
 0.00056053 0.00202161]

rule23: region_southwest = 1.0
probabilities_array:[0.18607515 0.         0.05978486 0.01640856 0.04952463 0.10591698
 0.         0.02855994 0.02294011 0.06097583 0.11416554 0.12151243
 0.15916607 0.07496992]


---5---
rule2: 39.026 < age < 48.483
probabilities_array:[0.         0.         0.         0.         0.         0.25699988
 0.25145242 0.         0.         0.         0.17426284 0.
 0.25533843 0.06194649]

rule16: smoker_yes = 0.0
probabilities_array:[0.07297413 0.07505302 0.10592018 0.13620274 0.1365513  0.14889228
 0.08216745 0.12536684 0.11472156 0.0016025  0.         0.00054799
 0.         0.        ]

rule19: region_northwest = 1.0
probabilities_array:[0.1057182  0.0353846  0.         0.00858147 0.11224179 0.11304557
 0.         0.10605908 0.06021694 0.00466468 0.21459681 0.06164492
 0.11238624 0.06545976]

rule23: region_southwest = 1.0
probabilities_array:[0.18607515 0.         0.05978486 0.01640856 0.04952463 0.10591698
 0.         0.02855994 0.02294011 0.06097583 0.11416554 0.12151243
 0.15916607 0.07496992]

rule14: sex_male = 0.0
probabilities_array:[0.         0.08937277 0.04955604 0.0351687  0.08596788 0.08995217
 0.0044828  0.03363884 0.05301254 0.19663134 0.04304954 0.0981544
 0.12734203 0.09367087]

rule10: children = 2.0
probabilities_array:[0.         0.01835602 0.09548724 0.10648388 0.07496581 0.07290163
 0.07811523 0.04289597 0.06764594 0.06548063 0.10575747 0.10854951
 0.16278821 0.00057249]

rule6: 30.550 < bmi < 34.573
probabilities_array:[0.02704697 0.00425287 0.         0.05490587 0.         0.08774255
 0.         0.0750256  0.00244771 0.         0.         0.28992578
 0.268565   0.19008774]

rule4: bmi < 26.527
probabilities_array:[0.06298324 0.074536   0.02273989 0.05973354 0.04709532 0.06968224
 0.07432564 0.06323937 0.07260017 0.22535385 0.22512859 0.
 0.00056053 0.00202161]

rule21: region_southeast = 1.0
probabilities_array:[0.1879631  0.         0.03740798 0.01391383 0.07769123 0.07012329
 0.00412331 0.04637298 0.03830468 0.00520992 0.15397717 0.12416251
 0.16585962 0.07489046]

rule8: children = 0.0
probabilities_array:[0.18060055 0.1234142  0.         0.00075835 0.         0.06236503
 0.         0.         0.08507976 0.06734339 0.03644696 0.25099444
 0.09448641 0.09851092]

rule20: region_southeast = 0.0
probabilities_array:[0.         0.06811515 0.         0.03718667 0.03416706 0.05865885
 0.00133996 0.04449944 0.         0.2000281  0.0656889  0.16259855
 0.12620337 0.2015139 ]

rule9: children = 1.0
probabilities_array:[0.00055815 0.07479943 0.10105645 0.17585298 0.0310233  0.0449619
 0.09421773 0.         0.02447284 0.05288743 0.14769703 0.02034772
 0.17402041 0.05810471]

rule15: sex_male = 1.0
probabilities_array:[0.16273347 0.         0.         0.02260634 0.01138554 0.04991568
 0.00090383 0.         0.         0.02315777 0.1438557  0.20195131
 0.1961968  0.18729365]


---6---
rule13: children = 5.0
probabilities_array:[0.         0.         0.         0.03105279 0.2532059  0.
 0.26530138 0.13375448 0.         0.         0.2763648  0.
 0.         0.04032063]

rule2: 39.026 < age < 48.483
probabilities_array:[0.         0.         0.         0.         0.         0.25699988
 0.25145242 0.         0.         0.         0.17426284 0.
 0.25533843 0.06194649]

rule3: age > 48.483
probabilities_array:[0.         0.         0.         0.         0.         0.
 0.15599065 0.23853277 0.24673975 0.05789793 0.06477599 0.
 0.23365986 0.00240308]

rule11: children = 3.0
probabilities_array:[0.         0.00247034 0.09570664 0.06757671 0.12285142 0.00310665
 0.14455551 0.07018291 0.08195066 0.06987114 0.09477559 0.07390947
 0.17304292 0.        ]

rule5: 26.527 < bmi < 30.550
probabilities_array:[0.02667619 0.06600678 0.         0.04328372 0.08796113 0.01067359
 0.09442475 0.09855506 0.08491892 0.16257095 0.26625094 0.
 0.         0.05867805]

rule9: children = 1.0
probabilities_array:[0.00055815 0.07479943 0.10105645 0.17585298 0.0310233  0.0449619
 0.09421773 0.         0.02447284 0.05288743 0.14769703 0.02034772
 0.17402041 0.05810471]

rule16: smoker_yes = 0.0
probabilities_array:[0.07297413 0.07505302 0.10592018 0.13620274 0.1365513  0.14889228
 0.08216745 0.12536684 0.11472156 0.0016025  0.         0.00054799
 0.         0.        ]

rule10: children = 2.0
probabilities_array:[0.         0.01835602 0.09548724 0.10648388 0.07496581 0.07290163
 0.07811523 0.04289597 0.06764594 0.06548063 0.10575747 0.10854951
 0.16278821 0.00057249]

rule4: bmi < 26.527
probabilities_array:[0.06298324 0.074536   0.02273989 0.05973354 0.04709532 0.06968224
 0.07432564 0.06323937 0.07260017 0.22535385 0.22512859 0.
 0.00056053 0.00202161]

rule22: region_southwest = 0.0
probabilities_array:[0.         0.02823255 0.         0.05693926 0.0210111  0.02218691
 0.08202858 0.0006711  0.00226841 0.13659695 0.13780187 0.14996913
 0.24359389 0.11870038]

rule18: region_northwest = 0.0
probabilities_array:[0.         0.00052966 0.00127934 0.02446117 0.02099373 0.01654899
 0.06373591 0.003791   0.00185235 0.1413567  0.18922615 0.23061416
 0.2131176  0.09249327]


---7---
rule3: age > 48.483
probabilities_array:[0.         0.         0.         0.         0.         0.
 0.15599065 0.23853277 0.24673975 0.05789793 0.06477599 0.
 0.23365986 0.00240308]

rule12: children = 4.0
probabilities_array:[0.         0.         0.         0.2302889  0.12047605 0.03883611
 0.         0.24242024 0.01015575 0.24506311 0.         0.
 0.         0.11275991]

rule13: children = 5.0
probabilities_array:[0.         0.         0.         0.03105279 0.2532059  0.
 0.26530138 0.13375448 0.         0.         0.2763648  0.
 0.         0.04032063]

rule16: smoker_yes = 0.0
probabilities_array:[0.07297413 0.07505302 0.10592018 0.13620274 0.1365513  0.14889228
 0.08216745 0.12536684 0.11472156 0.0016025  0.         0.00054799
 0.         0.        ]

rule19: region_northwest = 1.0
probabilities_array:[0.1057182  0.0353846  0.         0.00858147 0.11224179 0.11304557
 0.         0.10605908 0.06021694 0.00466468 0.21459681 0.06164492
 0.11238624 0.06545976]

rule7: bmi > 34.573
probabilities_array:[0.         0.         0.02253464 0.05964883 0.20157932 0.02137735
 0.00046009 0.12916414 0.         0.         0.         0.
 0.2915303  0.27370536]

rule5: 26.527 < bmi < 30.550
probabilities_array:[0.02667619 0.06600678 0.         0.04328372 0.08796113 0.01067359
 0.09442475 0.09855506 0.08491892 0.16257095 0.26625094 0.
 0.         0.05867805]

rule11: children = 3.0
probabilities_array:[0.         0.00247034 0.09570664 0.06757671 0.12285142 0.00310665
 0.14455551 0.07018291 0.08195066 0.06987114 0.09477559 0.07390947
 0.17304292 0.        ]

rule4: bmi < 26.527
probabilities_array:[0.06298324 0.074536   0.02273989 0.05973354 0.04709532 0.06968224
 0.07432564 0.06323937 0.07260017 0.22535385 0.22512859 0.
 0.00056053 0.00202161]

rule6: 30.550 < bmi < 34.573
probabilities_array:[0.02704697 0.00425287 0.         0.05490587 0.         0.08774255
 0.         0.0750256  0.00244771 0.         0.         0.28992578
 0.268565   0.19008774]

rule21: region_southeast = 1.0
probabilities_array:[0.1879631  0.         0.03740798 0.01391383 0.07769123 0.07012329
 0.00412331 0.04637298 0.03830468 0.00520992 0.15397717 0.12416251
 0.16585962 0.07489046]

rule10: children = 2.0
probabilities_array:[0.         0.01835602 0.09548724 0.10648388 0.07496581 0.07290163
 0.07811523 0.04289597 0.06764594 0.06548063 0.10575747 0.10854951
 0.16278821 0.00057249]


---8---
rule3: age > 48.483
probabilities_array:[0.         0.         0.         0.         0.         0.
 0.15599065 0.23853277 0.24673975 0.05789793 0.06477599 0.
 0.23365986 0.00240308]

rule16: smoker_yes = 0.0
probabilities_array:[0.07297413 0.07505302 0.10592018 0.13620274 0.1365513  0.14889228
 0.08216745 0.12536684 0.11472156 0.0016025  0.         0.00054799
 0.         0.        ]

rule11: children = 3.0
probabilities_array:[0.         0.00247034 0.09570664 0.06757671 0.12285142 0.00310665
 0.14455551 0.07018291 0.08195066 0.06987114 0.09477559 0.07390947
 0.17304292 0.        ]

rule5: 26.527 < bmi < 30.550
probabilities_array:[0.02667619 0.06600678 0.         0.04328372 0.08796113 0.01067359
 0.09442475 0.09855506 0.08491892 0.16257095 0.26625094 0.
 0.         0.05867805]

rule8: children = 0.0
probabilities_array:[0.18060055 0.1234142  0.         0.00075835 0.         0.06236503
 0.         0.         0.08507976 0.06734339 0.03644696 0.25099444
 0.09448641 0.09851092]

rule4: bmi < 26.527
probabilities_array:[0.06298324 0.074536   0.02273989 0.05973354 0.04709532 0.06968224
 0.07432564 0.06323937 0.07260017 0.22535385 0.22512859 0.
 0.00056053 0.00202161]

rule10: children = 2.0
probabilities_array:[0.         0.01835602 0.09548724 0.10648388 0.07496581 0.07290163
 0.07811523 0.04289597 0.06764594 0.06548063 0.10575747 0.10854951
 0.16278821 0.00057249]

rule19: region_northwest = 1.0
probabilities_array:[0.1057182  0.0353846  0.         0.00858147 0.11224179 0.11304557
 0.         0.10605908 0.06021694 0.00466468 0.21459681 0.06164492
 0.11238624 0.06545976]

rule14: sex_male = 0.0
probabilities_array:[0.         0.08937277 0.04955604 0.0351687  0.08596788 0.08995217
 0.0044828  0.03363884 0.05301254 0.19663134 0.04304954 0.0981544
 0.12734203 0.09367087]


---9---
rule4: bmi < 26.527
probabilities_array:[0.06298324 0.074536   0.02273989 0.05973354 0.04709532 0.06968224
 0.07432564 0.06323937 0.07260017 0.22535385 0.22512859 0.
 0.00056053 0.00202161]

rule12: children = 4.0
probabilities_array:[0.         0.         0.         0.2302889  0.12047605 0.03883611
 0.         0.24242024 0.01015575 0.24506311 0.         0.
 0.         0.11275991]

rule0: age < 29.568
probabilities_array:[0.18848656 0.18346727 0.19062254 0.03879552 0.         0.
 0.         0.         0.         0.20421365 0.         0.19441445
 0.         0.        ]

rule17: smoker_yes = 1.0
probabilities_array:[0.         0.         0.         0.         0.         0.
 0.         0.         0.         0.22873971 0.20247494 0.20299627
 0.21681157 0.1489776 ]

rule14: sex_male = 0.0
probabilities_array:[0.         0.08937277 0.04955604 0.0351687  0.08596788 0.08995217
 0.0044828  0.03363884 0.05301254 0.19663134 0.04304954 0.0981544
 0.12734203 0.09367087]

rule20: region_southeast = 0.0
probabilities_array:[0.         0.06811515 0.         0.03718667 0.03416706 0.05865885
 0.00133996 0.04449944 0.         0.2000281  0.0656889  0.16259855
 0.12620337 0.2015139 ]

rule5: 26.527 < bmi < 30.550
probabilities_array:[0.02667619 0.06600678 0.         0.04328372 0.08796113 0.01067359
 0.09442475 0.09855506 0.08491892 0.16257095 0.26625094 0.
 0.         0.05867805]

rule18: region_northwest = 0.0
probabilities_array:[0.         0.00052966 0.00127934 0.02446117 0.02099373 0.01654899
 0.06373591 0.003791   0.00185235 0.1413567  0.18922615 0.23061416
 0.2131176  0.09249327]

rule22: region_southwest = 0.0
probabilities_array:[0.         0.02823255 0.         0.05693926 0.0210111  0.02218691
 0.08202858 0.0006711  0.00226841 0.13659695 0.13780187 0.14996913
 0.24359389 0.11870038]

rule11: children = 3.0
probabilities_array:[0.         0.00247034 0.09570664 0.06757671 0.12285142 0.00310665
 0.14455551 0.07018291 0.08195066 0.06987114 0.09477559 0.07390947
 0.17304292 0.        ]

rule10: children = 2.0
probabilities_array:[0.         0.01835602 0.09548724 0.10648388 0.07496581 0.07290163
 0.07811523 0.04289597 0.06764594 0.06548063 0.10575747 0.10854951
 0.16278821 0.00057249]

rule8: children = 0.0
probabilities_array:[0.18060055 0.1234142  0.         0.00075835 0.         0.06236503
 0.         0.         0.08507976 0.06734339 0.03644696 0.25099444
 0.09448641 0.09851092]

rule3: age > 48.483
probabilities_array:[0.         0.         0.         0.         0.         0.
 0.15599065 0.23853277 0.24673975 0.05789793 0.06477599 0.
 0.23365986 0.00240308]

rule23: region_southwest = 1.0
probabilities_array:[0.18607515 0.         0.05978486 0.01640856 0.04952463 0.10591698
 0.         0.02855994 0.02294011 0.06097583 0.11416554 0.12151243
 0.15916607 0.07496992]

rule9: children = 1.0
probabilities_array:[0.00055815 0.07479943 0.10105645 0.17585298 0.0310233  0.0449619
 0.09421773 0.         0.02447284 0.05288743 0.14769703 0.02034772
 0.17402041 0.05810471]


---10---
rule13: children = 5.0
probabilities_array:[0.         0.         0.         0.03105279 0.2532059  0.
 0.26530138 0.13375448 0.         0.         0.2763648  0.
 0.         0.04032063]

rule5: 26.527 < bmi < 30.550
probabilities_array:[0.02667619 0.06600678 0.         0.04328372 0.08796113 0.01067359
 0.09442475 0.09855506 0.08491892 0.16257095 0.26625094 0.
 0.         0.05867805]

rule4: bmi < 26.527
probabilities_array:[0.06298324 0.074536   0.02273989 0.05973354 0.04709532 0.06968224
 0.07432564 0.06323937 0.07260017 0.22535385 0.22512859 0.
 0.00056053 0.00202161]

rule19: region_northwest = 1.0
probabilities_array:[0.1057182  0.0353846  0.         0.00858147 0.11224179 0.11304557
 0.         0.10605908 0.06021694 0.00466468 0.21459681 0.06164492
 0.11238624 0.06545976]

rule1: 29.568 < age < 39.026
probabilities_array:[0.         0.         0.08029377 0.23388827 0.23583241 0.
 0.         0.         0.         0.         0.1968366  0.08081304
 0.07742524 0.09491066]

rule17: smoker_yes = 1.0
probabilities_array:[0.         0.         0.         0.         0.         0.
 0.         0.         0.         0.22873971 0.20247494 0.20299627
 0.21681157 0.1489776 ]

rule18: region_northwest = 0.0
probabilities_array:[0.         0.00052966 0.00127934 0.02446117 0.02099373 0.01654899
 0.06373591 0.003791   0.00185235 0.1413567  0.18922615 0.23061416
 0.2131176  0.09249327]

rule2: 39.026 < age < 48.483
probabilities_array:[0.         0.         0.         0.         0.         0.25699988
 0.25145242 0.         0.         0.         0.17426284 0.
 0.25533843 0.06194649]

rule21: region_southeast = 1.0
probabilities_array:[0.1879631  0.         0.03740798 0.01391383 0.07769123 0.07012329
 0.00412331 0.04637298 0.03830468 0.00520992 0.15397717 0.12416251
 0.16585962 0.07489046]

rule9: children = 1.0
probabilities_array:[0.00055815 0.07479943 0.10105645 0.17585298 0.0310233  0.0449619
 0.09421773 0.         0.02447284 0.05288743 0.14769703 0.02034772
 0.17402041 0.05810471]

rule22: region_southwest = 0.0
probabilities_array:[0.         0.02823255 0.         0.05693926 0.0210111  0.02218691
 0.08202858 0.0006711  0.00226841 0.13659695 0.13780187 0.14996913
 0.24359389 0.11870038]

rule15: sex_male = 1.0
probabilities_array:[0.16273347 0.         0.         0.02260634 0.01138554 0.04991568
 0.00090383 0.         0.         0.02315777 0.1438557  0.20195131
 0.1961968  0.18729365]

rule10: children = 2.0
probabilities_array:[0.         0.01835602 0.09548724 0.10648388 0.07496581 0.07290163
 0.07811523 0.04289597 0.06764594 0.06548063 0.10575747 0.10854951
 0.16278821 0.00057249]

rule23: region_southwest = 1.0
probabilities_array:[0.18607515 0.         0.05978486 0.01640856 0.04952463 0.10591698
 0.         0.02855994 0.02294011 0.06097583 0.11416554 0.12151243
 0.15916607 0.07496992]

rule11: children = 3.0
probabilities_array:[0.         0.00247034 0.09570664 0.06757671 0.12285142 0.00310665
 0.14455551 0.07018291 0.08195066 0.06987114 0.09477559 0.07390947
 0.17304292 0.        ]

rule3: age > 48.483
probabilities_array:[0.         0.         0.         0.         0.         0.
 0.15599065 0.23853277 0.24673975 0.05789793 0.06477599 0.
 0.23365986 0.00240308]

rule20: region_southeast = 0.0
probabilities_array:[0.         0.06811515 0.         0.03718667 0.03416706 0.05865885
 0.00133996 0.04449944 0.         0.2000281  0.0656889  0.16259855
 0.12620337 0.2015139 ]


---11---
rule6: 30.550 < bmi < 34.573
probabilities_array:[0.02704697 0.00425287 0.         0.05490587 0.         0.08774255
 0.         0.0750256  0.00244771 0.         0.         0.28992578
 0.268565   0.19008774]

rule8: children = 0.0
probabilities_array:[0.18060055 0.1234142  0.         0.00075835 0.         0.06236503
 0.         0.         0.08507976 0.06734339 0.03644696 0.25099444
 0.09448641 0.09851092]

rule18: region_northwest = 0.0
probabilities_array:[0.         0.00052966 0.00127934 0.02446117 0.02099373 0.01654899
 0.06373591 0.003791   0.00185235 0.1413567  0.18922615 0.23061416
 0.2131176  0.09249327]

rule0: age < 29.568
probabilities_array:[0.18848656 0.18346727 0.19062254 0.03879552 0.         0.
 0.         0.         0.         0.20421365 0.         0.19441445
 0.         0.        ]

rule17: smoker_yes = 1.0
probabilities_array:[0.         0.         0.         0.         0.         0.
 0.         0.         0.         0.22873971 0.20247494 0.20299627
 0.21681157 0.1489776 ]

rule15: sex_male = 1.0
probabilities_array:[0.16273347 0.         0.         0.02260634 0.01138554 0.04991568
 0.00090383 0.         0.         0.02315777 0.1438557  0.20195131
 0.1961968  0.18729365]

rule22: region_southwest = 0.0
probabilities_array:[0.         0.02823255 0.         0.05693926 0.0210111  0.02218691
 0.08202858 0.0006711  0.00226841 0.13659695 0.13780187 0.14996913
 0.24359389 0.11870038]

rule20: region_southeast = 0.0
probabilities_array:[0.         0.06811515 0.         0.03718667 0.03416706 0.05865885
 0.00133996 0.04449944 0.         0.2000281  0.0656889  0.16259855
 0.12620337 0.2015139 ]

rule21: region_southeast = 1.0
probabilities_array:[0.1879631  0.         0.03740798 0.01391383 0.07769123 0.07012329
 0.00412331 0.04637298 0.03830468 0.00520992 0.15397717 0.12416251
 0.16585962 0.07489046]

rule23: region_southwest = 1.0
probabilities_array:[0.18607515 0.         0.05978486 0.01640856 0.04952463 0.10591698
 0.         0.02855994 0.02294011 0.06097583 0.11416554 0.12151243
 0.15916607 0.07496992]

rule10: children = 2.0
probabilities_array:[0.         0.01835602 0.09548724 0.10648388 0.07496581 0.07290163
 0.07811523 0.04289597 0.06764594 0.06548063 0.10575747 0.10854951
 0.16278821 0.00057249]

rule14: sex_male = 0.0
probabilities_array:[0.         0.08937277 0.04955604 0.0351687  0.08596788 0.08995217
 0.0044828  0.03363884 0.05301254 0.19663134 0.04304954 0.0981544
 0.12734203 0.09367087]

rule11: children = 3.0
probabilities_array:[0.         0.00247034 0.09570664 0.06757671 0.12285142 0.00310665
 0.14455551 0.07018291 0.08195066 0.06987114 0.09477559 0.07390947
 0.17304292 0.        ]

rule1: 29.568 < age < 39.026
probabilities_array:[0.         0.         0.08029377 0.23388827 0.23583241 0.
 0.         0.         0.         0.         0.1968366  0.08081304
 0.07742524 0.09491066]

rule19: region_northwest = 1.0
probabilities_array:[0.1057182  0.0353846  0.         0.00858147 0.11224179 0.11304557
 0.         0.10605908 0.06021694 0.00466468 0.21459681 0.06164492
 0.11238624 0.06545976]


---12---
rule2: 39.026 < age < 48.483
probabilities_array:[0.         0.         0.         0.         0.         0.25699988
 0.25145242 0.         0.         0.         0.17426284 0.
 0.25533843 0.06194649]

rule3: age > 48.483
probabilities_array:[0.         0.         0.         0.         0.         0.
 0.15599065 0.23853277 0.24673975 0.05789793 0.06477599 0.
 0.23365986 0.00240308]

rule6: 30.550 < bmi < 34.573
probabilities_array:[0.02704697 0.00425287 0.         0.05490587 0.         0.08774255
 0.         0.0750256  0.00244771 0.         0.         0.28992578
 0.268565   0.19008774]

rule22: region_southwest = 0.0
probabilities_array:[0.         0.02823255 0.         0.05693926 0.0210111  0.02218691
 0.08202858 0.0006711  0.00226841 0.13659695 0.13780187 0.14996913
 0.24359389 0.11870038]

rule7: bmi > 34.573
probabilities_array:[0.         0.         0.02253464 0.05964883 0.20157932 0.02137735
 0.00046009 0.12916414 0.         0.         0.         0.
 0.2915303  0.27370536]

rule18: region_northwest = 0.0
probabilities_array:[0.         0.00052966 0.00127934 0.02446117 0.02099373 0.01654899
 0.06373591 0.003791   0.00185235 0.1413567  0.18922615 0.23061416
 0.2131176  0.09249327]

rule17: smoker_yes = 1.0
probabilities_array:[0.         0.         0.         0.         0.         0.
 0.         0.         0.         0.22873971 0.20247494 0.20299627
 0.21681157 0.1489776 ]

rule11: children = 3.0
probabilities_array:[0.         0.00247034 0.09570664 0.06757671 0.12285142 0.00310665
 0.14455551 0.07018291 0.08195066 0.06987114 0.09477559 0.07390947
 0.17304292 0.        ]

rule9: children = 1.0
probabilities_array:[0.00055815 0.07479943 0.10105645 0.17585298 0.0310233  0.0449619
 0.09421773 0.         0.02447284 0.05288743 0.14769703 0.02034772
 0.17402041 0.05810471]

rule10: children = 2.0
probabilities_array:[0.         0.01835602 0.09548724 0.10648388 0.07496581 0.07290163
 0.07811523 0.04289597 0.06764594 0.06548063 0.10575747 0.10854951
 0.16278821 0.00057249]

rule15: sex_male = 1.0
probabilities_array:[0.16273347 0.         0.         0.02260634 0.01138554 0.04991568
 0.00090383 0.         0.         0.02315777 0.1438557  0.20195131
 0.1961968  0.18729365]

rule21: region_southeast = 1.0
probabilities_array:[0.1879631  0.         0.03740798 0.01391383 0.07769123 0.07012329
 0.00412331 0.04637298 0.03830468 0.00520992 0.15397717 0.12416251
 0.16585962 0.07489046]

rule23: region_southwest = 1.0
probabilities_array:[0.18607515 0.         0.05978486 0.01640856 0.04952463 0.10591698
 0.         0.02855994 0.02294011 0.06097583 0.11416554 0.12151243
 0.15916607 0.07496992]

rule14: sex_male = 0.0
probabilities_array:[0.         0.08937277 0.04955604 0.0351687  0.08596788 0.08995217
 0.0044828  0.03363884 0.05301254 0.19663134 0.04304954 0.0981544
 0.12734203 0.09367087]

rule19: region_northwest = 1.0
probabilities_array:[0.1057182  0.0353846  0.         0.00858147 0.11224179 0.11304557
 0.         0.10605908 0.06021694 0.00466468 0.21459681 0.06164492
 0.11238624 0.06545976]

rule20: region_southeast = 0.0
probabilities_array:[0.         0.06811515 0.         0.03718667 0.03416706 0.05865885
 0.00133996 0.04449944 0.         0.2000281  0.0656889  0.16259855
 0.12620337 0.2015139 ]

rule8: children = 0.0
probabilities_array:[0.18060055 0.1234142  0.         0.00075835 0.         0.06236503
 0.         0.         0.08507976 0.06734339 0.03644696 0.25099444
 0.09448641 0.09851092]

rule1: 29.568 < age < 39.026
probabilities_array:[0.         0.         0.08029377 0.23388827 0.23583241 0.
 0.         0.         0.         0.         0.1968366  0.08081304
 0.07742524 0.09491066]

