R2: 0.8525485496941376

MAE: 2580.4740410887

MSE: 20010804.69725545

Accuracy: 0.5769230769230769

F1: 0.5652615809978079

Confusion Matrix: [[48, 12, 0, 0, 0, 0, 0, 0, 0, 0], [4, 23, 4, 0, 2, 0, 0, 0, 0, 0], [0, 6, 26, 8, 0, 3, 0, 0, 0, 0], [0, 1, 10, 9, 15, 0, 0, 0, 0, 0], [0, 0, 0, 2, 30, 5, 4, 0, 0, 3], [0, 1, 0, 0, 8, 19, 19, 0, 0, 1], [2, 2, 1, 0, 2, 19, 31, 0, 1, 2], [3, 2, 2, 0, 1, 4, 5, 15, 2, 0], [2, 1, 0, 0, 4, 4, 3, 7, 21, 8], [0, 0, 0, 0, 0, 0, 0, 0, 2, 33]]

Uncertainties: {'class0': [0.0006972990231588483, 0.02533816173672676, 0.026701821014285088, 0.11227311193943024, 0.18039503693580627], 'class1': [0.0006972990231588483, 0.0029992819763720036, 0.007705096621066332, 0.02533816173672676, 0.026701821014285088], 'class2': [0.0006972990231588483, 0.0029992819763720036, 0.0051287440583109856, 0.006322039756923914, 0.007705096621066332], 'class3': [0.0006972990231588483, 0.0029992819763720036, 0.00308447633869946, 0.0051287440583109856, 0.006322039756923914], 'class4': [0.0006972990231588483, 0.0029992819763720036, 0.00308447633869946, 0.0051287440583109856, 0.007698887027800083], 'class5': [0.0, 0.0006972990231588483, 0.0029992819763720036, 0.00308447633869946, 0.007705096621066332], 'class6': [0.0, 0.0006972990231588483, 0.0029992819763720036, 0.00308447633869946, 0.0051287440583109856], 'class7': [0.0029992819763720036, 0.00308447633869946, 0.0051287440583109856, 0.006322039756923914, 0.007705096621066332], 'class8': [0.0, 0.0029992819763720036, 0.00308447633869946, 0.007698887027800083, 0.007705096621066332], 'class9': [0.0, 0.0029992819763720036, 0.00308447633869946, 0.006322039756923914, 0.007698887027800083]}

Most important rules
-----------------------------

---0---
rule0: age < 29.860
probabilities_array:[0.26273975 0.25560725 0.04686366 0.         0.         0.
 0.         0.26696444 0.         0.05555188 0.11227311]

rule8: children = 0.0
probabilities_array:[0.2682422  0.08367964 0.01379778 0.         0.         0.0013648
 0.1564804  0.03295302 0.00937396 0.14035712 0.29375115]

rule15: sex_male = 1.0
probabilities_array:[0.24876447 0.00109339 0.01480097 0.00245248 0.         0.00268513
 0.00184916 0.12201613 0.06839305 0.2787642  0.25918102]

rule16: smoker_yes = 0.0
probabilities_array:[0.16381657 0.15611494 0.13242118 0.13819903 0.13983367 0.14141679
 0.12551165 0.         0.00078031 0.00120846 0.0006973 ]

rule21: region_southeast = 1.0
probabilities_array:[0.23496136 0.         0.00458864 0.         0.07466567 0.01436072
 0.         0.05993361 0.02350248 0.26124305 0.32674447]

rule23: region_southwest = 1.0
probabilities_array:[0.15460175 0.0021289  0.03948439 0.048152   0.08147807 0.10616979
 0.         0.08723699 0.01864503 0.24332023 0.21878283]

rule4: bmi < 26.602
probabilities_array:[0.07662029 0.07502636 0.12126589 0.03535205 0.04528514 0.01670613
 0.02673383 0.30979243 0.26651603 0.         0.02670182]

rule18: region_northwest = 0.0
probabilities_array:[0.08382253 0.01938562 0.01555334 0.00165055 0.00080352 0.01231739
 0.00127526 0.25078467 0.18829128 0.24572094 0.18039504]

rule5: 26.602 < bmi < 30.783
probabilities_array:[0.0698541  0.05965717 0.10531466 0.04133122 0.05484603 0.07562213
 0.05535208 0.22737552 0.28530896 0.         0.02533816]

rule6: 30.783 < bmi < 34.965
probabilities_array:[7.2246671e-02 1.6892372e-02 2.6043892e-01 2.3441797e-04 5.5524119e-04
 5.3783633e-02 6.6030800e-04 0.0000000e+00 1.7807133e-03 3.2949328e-01
 2.6391444e-01]

rule19: region_northwest = 1.0
probabilities_array:[0.05617595 0.12871933 0.         0.1561894  0.15116331 0.
 0.06007931 0.         0.02563969 0.16429506 0.25773802]


---1---
rule0: age < 29.860
probabilities_array:[0.26273975 0.25560725 0.04686366 0.         0.         0.
 0.         0.26696444 0.         0.05555188 0.11227311]

rule14: sex_male = 0.0
probabilities_array:[0.00169247 0.26614633 0.00143301 0.00346821 0.10904548 0.0024431
 0.1260611  0.08234626 0.07591431 0.11876415 0.21268567]

rule16: smoker_yes = 0.0
probabilities_array:[0.16381657 0.15611494 0.13242118 0.13819903 0.13983367 0.14141679
 0.12551165 0.         0.00078031 0.00120846 0.0006973 ]

rule9: children = 1.0
probabilities_array:[0.         0.14701469 0.17427276 0.05650432 0.06737266 0.06893016
 0.02196375 0.1159411  0.05230462 0.22723168 0.0684643 ]

rule19: region_northwest = 1.0
probabilities_array:[0.05617595 0.12871933 0.         0.1561894  0.15116331 0.
 0.06007931 0.         0.02563969 0.16429506 0.25773802]

rule10: children = 2.0
probabilities_array:[0.         0.07788096 0.09204791 0.1619942  0.15980816 0.06431798
 0.05044072 0.09579087 0.12814356 0.16187061 0.0077051 ]

rule4: bmi < 26.602
probabilities_array:[0.07662029 0.07502636 0.12126589 0.03535205 0.04528514 0.01670613
 0.02673383 0.30979243 0.26651603 0.         0.02670182]

rule8: children = 0.0
probabilities_array:[0.2682422  0.08367964 0.01379778 0.         0.         0.0013648
 0.1564804  0.03295302 0.00937396 0.14035712 0.29375115]

rule5: 26.602 < bmi < 30.783
probabilities_array:[0.0698541  0.05965717 0.10531466 0.04133122 0.05484603 0.07562213
 0.05535208 0.22737552 0.28530896 0.         0.02533816]

rule11: children = 3.0
probabilities_array:[0.         0.04421033 0.06082165 0.1864953  0.18228382 0.04766331
 0.08699767 0.12450045 0.13654666 0.12748148 0.00299928]


---2---
rule1: 29.860 < age < 39.193
probabilities_array:[0.         0.         0.26998425 0.2808101  0.         0.
 0.         0.21177603 0.02272365 0.20838386 0.00632204]

rule6: 30.783 < bmi < 34.965
probabilities_array:[7.2246671e-02 1.6892372e-02 2.6043892e-01 2.3441797e-04 5.5524119e-04
 5.3783633e-02 6.6030800e-04 0.0000000e+00 1.7807133e-03 3.2949328e-01
 2.6391444e-01]

rule9: children = 1.0
probabilities_array:[0.         0.14701469 0.17427276 0.05650432 0.06737266 0.06893016
 0.02196375 0.1159411  0.05230462 0.22723168 0.0684643 ]

rule16: smoker_yes = 0.0
probabilities_array:[0.16381657 0.15611494 0.13242118 0.13819903 0.13983367 0.14141679
 0.12551165 0.         0.00078031 0.00120846 0.0006973 ]

rule4: bmi < 26.602
probabilities_array:[0.07662029 0.07502636 0.12126589 0.03535205 0.04528514 0.01670613
 0.02673383 0.30979243 0.26651603 0.         0.02670182]

rule13: children = 5.0
probabilities_array:[0.00335725 0.0236374  0.10705183 0.23642516 0.20712326 0.
 0.17533751 0.23867834 0.00326046 0.         0.00512874]

rule5: 26.602 < bmi < 30.783
probabilities_array:[0.0698541  0.05965717 0.10531466 0.04133122 0.05484603 0.07562213
 0.05535208 0.22737552 0.28530896 0.         0.02533816]

rule10: children = 2.0
probabilities_array:[0.         0.07788096 0.09204791 0.1619942  0.15980816 0.06431798
 0.05044072 0.09579087 0.12814356 0.16187061 0.0077051 ]

rule11: children = 3.0
probabilities_array:[0.         0.04421033 0.06082165 0.1864953  0.18228382 0.04766331
 0.08699767 0.12450045 0.13654666 0.12748148 0.00299928]

rule0: age < 29.860
probabilities_array:[0.26273975 0.25560725 0.04686366 0.         0.         0.
 0.         0.26696444 0.         0.05555188 0.11227311]


---3---
rule1: 29.860 < age < 39.193
probabilities_array:[0.         0.         0.26998425 0.2808101  0.         0.
 0.         0.21177603 0.02272365 0.20838386 0.00632204]

rule13: children = 5.0
probabilities_array:[0.00335725 0.0236374  0.10705183 0.23642516 0.20712326 0.
 0.17533751 0.23867834 0.00326046 0.         0.00512874]

rule2: 39.193 < age < 48.526
probabilities_array:[0.         0.         0.         0.20371936 0.29886383 0.00364704
 0.         0.00864691 0.21910498 0.25831902 0.00769889]

rule11: children = 3.0
probabilities_array:[0.         0.04421033 0.06082165 0.1864953  0.18228382 0.04766331
 0.08699767 0.12450045 0.13654666 0.12748148 0.00299928]

rule10: children = 2.0
probabilities_array:[0.         0.07788096 0.09204791 0.1619942  0.15980816 0.06431798
 0.05044072 0.09579087 0.12814356 0.16187061 0.0077051 ]

rule16: smoker_yes = 0.0
probabilities_array:[0.16381657 0.15611494 0.13242118 0.13819903 0.13983367 0.14141679
 0.12551165 0.         0.00078031 0.00120846 0.0006973 ]

rule12: children = 4.0
probabilities_array:[0.         0.         0.         0.12849449 0.11219785 0.19512315
 0.12005918 0.08707593 0.31156924 0.04239562 0.00308448]

rule19: region_northwest = 1.0
probabilities_array:[0.05617595 0.12871933 0.         0.1561894  0.15116331 0.
 0.06007931 0.         0.02563969 0.16429506 0.25773802]

rule9: children = 1.0
probabilities_array:[0.         0.14701469 0.17427276 0.05650432 0.06737266 0.06893016
 0.02196375 0.1159411  0.05230462 0.22723168 0.0684643 ]

rule5: 26.602 < bmi < 30.783
probabilities_array:[0.0698541  0.05965717 0.10531466 0.04133122 0.05484603 0.07562213
 0.05535208 0.22737552 0.28530896 0.         0.02533816]


---4---
rule2: 39.193 < age < 48.526
probabilities_array:[0.         0.         0.         0.20371936 0.29886383 0.00364704
 0.         0.00864691 0.21910498 0.25831902 0.00769889]

rule13: children = 5.0
probabilities_array:[0.00335725 0.0236374  0.10705183 0.23642516 0.20712326 0.
 0.17533751 0.23867834 0.00326046 0.         0.00512874]

rule11: children = 3.0
probabilities_array:[0.         0.04421033 0.06082165 0.1864953  0.18228382 0.04766331
 0.08699767 0.12450045 0.13654666 0.12748148 0.00299928]

rule10: children = 2.0
probabilities_array:[0.         0.07788096 0.09204791 0.1619942  0.15980816 0.06431798
 0.05044072 0.09579087 0.12814356 0.16187061 0.0077051 ]

rule16: smoker_yes = 0.0
probabilities_array:[0.16381657 0.15611494 0.13242118 0.13819903 0.13983367 0.14141679
 0.12551165 0.         0.00078031 0.00120846 0.0006973 ]

rule19: region_northwest = 1.0
probabilities_array:[0.05617595 0.12871933 0.         0.1561894  0.15116331 0.
 0.06007931 0.         0.02563969 0.16429506 0.25773802]

rule12: children = 4.0
probabilities_array:[0.         0.         0.         0.12849449 0.11219785 0.19512315
 0.12005918 0.08707593 0.31156924 0.04239562 0.00308448]

rule14: sex_male = 0.0
probabilities_array:[0.00169247 0.26614633 0.00143301 0.00346821 0.10904548 0.0024431
 0.1260611  0.08234626 0.07591431 0.11876415 0.21268567]

rule23: region_southwest = 1.0
probabilities_array:[0.15460175 0.0021289  0.03948439 0.048152   0.08147807 0.10616979
 0.         0.08723699 0.01864503 0.24332023 0.21878283]

rule9: children = 1.0
probabilities_array:[0.         0.14701469 0.17427276 0.05650432 0.06737266 0.06893016
 0.02196375 0.1159411  0.05230462 0.22723168 0.0684643 ]

rule5: 26.602 < bmi < 30.783
probabilities_array:[0.0698541  0.05965717 0.10531466 0.04133122 0.05484603 0.07562213
 0.05535208 0.22737552 0.28530896 0.         0.02533816]

rule21: region_southeast = 1.0
probabilities_array:[0.23496136 0.         0.00458864 0.         0.07466567 0.01436072
 0.         0.05993361 0.02350248 0.26124305 0.32674447]

rule4: bmi < 26.602
probabilities_array:[0.07662029 0.07502636 0.12126589 0.03535205 0.04528514 0.01670613
 0.02673383 0.30979243 0.26651603 0.         0.02670182]


---5---
rule3: age > 48.526
probabilities_array:[0.         0.         0.         0.         0.00323728 0.252077
 0.25548866 0.         0.24609312 0.24310389 0.        ]

rule12: children = 4.0
probabilities_array:[0.         0.         0.         0.12849449 0.11219785 0.19512315
 0.12005918 0.08707593 0.31156924 0.04239562 0.00308448]

rule16: smoker_yes = 0.0
probabilities_array:[0.16381657 0.15611494 0.13242118 0.13819903 0.13983367 0.14141679
 0.12551165 0.         0.00078031 0.00120846 0.0006973 ]

rule23: region_southwest = 1.0
probabilities_array:[0.15460175 0.0021289  0.03948439 0.048152   0.08147807 0.10616979
 0.         0.08723699 0.01864503 0.24332023 0.21878283]

rule5: 26.602 < bmi < 30.783
probabilities_array:[0.0698541  0.05965717 0.10531466 0.04133122 0.05484603 0.07562213
 0.05535208 0.22737552 0.28530896 0.         0.02533816]

rule9: children = 1.0
probabilities_array:[0.         0.14701469 0.17427276 0.05650432 0.06737266 0.06893016
 0.02196375 0.1159411  0.05230462 0.22723168 0.0684643 ]

rule10: children = 2.0
probabilities_array:[0.         0.07788096 0.09204791 0.1619942  0.15980816 0.06431798
 0.05044072 0.09579087 0.12814356 0.16187061 0.0077051 ]

rule7: bmi > 34.965
probabilities_array:[0.00517478 0.00049772 0.         0.04628574 0.00113932 0.09900264
 0.04998662 0.         0.         0.36181837 0.4360949 ]

rule11: children = 3.0
probabilities_array:[0.         0.04421033 0.06082165 0.1864953  0.18228382 0.04766331
 0.08699767 0.12450045 0.13654666 0.12748148 0.00299928]


---6---
rule3: age > 48.526
probabilities_array:[0.         0.         0.         0.         0.00323728 0.252077
 0.25548866 0.         0.24609312 0.24310389 0.        ]

rule13: children = 5.0
probabilities_array:[0.00335725 0.0236374  0.10705183 0.23642516 0.20712326 0.
 0.17533751 0.23867834 0.00326046 0.         0.00512874]

rule16: smoker_yes = 0.0
probabilities_array:[0.16381657 0.15611494 0.13242118 0.13819903 0.13983367 0.14141679
 0.12551165 0.         0.00078031 0.00120846 0.0006973 ]

rule12: children = 4.0
probabilities_array:[0.         0.         0.         0.12849449 0.11219785 0.19512315
 0.12005918 0.08707593 0.31156924 0.04239562 0.00308448]

rule8: children = 0.0
probabilities_array:[0.2682422  0.08367964 0.01379778 0.         0.         0.0013648
 0.1564804  0.03295302 0.00937396 0.14035712 0.29375115]

rule14: sex_male = 0.0
probabilities_array:[0.00169247 0.26614633 0.00143301 0.00346821 0.10904548 0.0024431
 0.1260611  0.08234626 0.07591431 0.11876415 0.21268567]

rule11: children = 3.0
probabilities_array:[0.         0.04421033 0.06082165 0.1864953  0.18228382 0.04766331
 0.08699767 0.12450045 0.13654666 0.12748148 0.00299928]

rule5: 26.602 < bmi < 30.783
probabilities_array:[0.0698541  0.05965717 0.10531466 0.04133122 0.05484603 0.07562213
 0.05535208 0.22737552 0.28530896 0.         0.02533816]

rule10: children = 2.0
probabilities_array:[0.         0.07788096 0.09204791 0.1619942  0.15980816 0.06431798
 0.05044072 0.09579087 0.12814356 0.16187061 0.0077051 ]

rule19: region_northwest = 1.0
probabilities_array:[0.05617595 0.12871933 0.         0.1561894  0.15116331 0.
 0.06007931 0.         0.02563969 0.16429506 0.25773802]


---7---
rule4: bmi < 26.602
probabilities_array:[0.07662029 0.07502636 0.12126589 0.03535205 0.04528514 0.01670613
 0.02673383 0.30979243 0.26651603 0.         0.02670182]

rule13: children = 5.0
probabilities_array:[0.00335725 0.0236374  0.10705183 0.23642516 0.20712326 0.
 0.17533751 0.23867834 0.00326046 0.         0.00512874]

rule0: age < 29.860
probabilities_array:[0.26273975 0.25560725 0.04686366 0.         0.         0.
 0.         0.26696444 0.         0.05555188 0.11227311]

rule5: 26.602 < bmi < 30.783
probabilities_array:[0.0698541  0.05965717 0.10531466 0.04133122 0.05484603 0.07562213
 0.05535208 0.22737552 0.28530896 0.         0.02533816]

rule1: 29.860 < age < 39.193
probabilities_array:[0.         0.         0.26998425 0.2808101  0.         0.
 0.         0.21177603 0.02272365 0.20838386 0.00632204]

rule18: region_northwest = 0.0
probabilities_array:[0.08382253 0.01938562 0.01555334 0.00165055 0.00080352 0.01231739
 0.00127526 0.25078467 0.18829128 0.24572094 0.18039504]

rule17: smoker_yes = 1.0
probabilities_array:[0.         0.         0.         0.         0.         0.
 0.         0.25600716 0.25342342 0.27379408 0.21677539]

rule22: region_southwest = 0.0
probabilities_array:[0.00907888 0.02273417 0.00716702 0.00251375 0.00293566 0.00168274
 0.00224113 0.22634438 0.26138437 0.30385166 0.16006611]

rule11: children = 3.0
probabilities_array:[0.         0.04421033 0.06082165 0.1864953  0.18228382 0.04766331
 0.08699767 0.12450045 0.13654666 0.12748148 0.00299928]

rule9: children = 1.0
probabilities_array:[0.         0.14701469 0.17427276 0.05650432 0.06737266 0.06893016
 0.02196375 0.1159411  0.05230462 0.22723168 0.0684643 ]

rule20: region_southeast = 0.0
probabilities_array:[0.00464198 0.02526992 0.00405316 0.01726447 0.00171045 0.03229244
 0.00127214 0.15596168 0.2914021  0.14432682 0.3218048 ]

rule10: children = 2.0
probabilities_array:[0.         0.07788096 0.09204791 0.1619942  0.15980816 0.06431798
 0.05044072 0.09579087 0.12814356 0.16187061 0.0077051 ]

rule15: sex_male = 1.0
probabilities_array:[0.24876447 0.00109339 0.01480097 0.00245248 0.         0.00268513
 0.00184916 0.12201613 0.06839305 0.2787642  0.25918102]

rule12: children = 4.0
probabilities_array:[0.         0.         0.         0.12849449 0.11219785 0.19512315
 0.12005918 0.08707593 0.31156924 0.04239562 0.00308448]

rule23: region_southwest = 1.0
probabilities_array:[0.15460175 0.0021289  0.03948439 0.048152   0.08147807 0.10616979
 0.         0.08723699 0.01864503 0.24332023 0.21878283]

rule14: sex_male = 0.0
probabilities_array:[0.00169247 0.26614633 0.00143301 0.00346821 0.10904548 0.0024431
 0.1260611  0.08234626 0.07591431 0.11876415 0.21268567]

rule21: region_southeast = 1.0
probabilities_array:[0.23496136 0.         0.00458864 0.         0.07466567 0.01436072
 0.         0.05993361 0.02350248 0.26124305 0.32674447]


---8---
rule12: children = 4.0
probabilities_array:[0.         0.         0.         0.12849449 0.11219785 0.19512315
 0.12005918 0.08707593 0.31156924 0.04239562 0.00308448]

rule5: 26.602 < bmi < 30.783
probabilities_array:[0.0698541  0.05965717 0.10531466 0.04133122 0.05484603 0.07562213
 0.05535208 0.22737552 0.28530896 0.         0.02533816]

rule4: bmi < 26.602
probabilities_array:[0.07662029 0.07502636 0.12126589 0.03535205 0.04528514 0.01670613
 0.02673383 0.30979243 0.26651603 0.         0.02670182]

rule3: age > 48.526
probabilities_array:[0.         0.         0.         0.         0.00323728 0.252077
 0.25548866 0.         0.24609312 0.24310389 0.        ]

rule22: region_southwest = 0.0
probabilities_array:[0.00907888 0.02273417 0.00716702 0.00251375 0.00293566 0.00168274
 0.00224113 0.22634438 0.26138437 0.30385166 0.16006611]

rule2: 39.193 < age < 48.526
probabilities_array:[0.         0.         0.         0.20371936 0.29886383 0.00364704
 0.         0.00864691 0.21910498 0.25831902 0.00769889]

rule17: smoker_yes = 1.0
probabilities_array:[0.         0.         0.         0.         0.         0.
 0.         0.25600716 0.25342342 0.27379408 0.21677539]

rule20: region_southeast = 0.0
probabilities_array:[0.00464198 0.02526992 0.00405316 0.01726447 0.00171045 0.03229244
 0.00127214 0.15596168 0.2914021  0.14432682 0.3218048 ]

rule18: region_northwest = 0.0
probabilities_array:[0.08382253 0.01938562 0.01555334 0.00165055 0.00080352 0.01231739
 0.00127526 0.25078467 0.18829128 0.24572094 0.18039504]

rule11: children = 3.0
probabilities_array:[0.         0.04421033 0.06082165 0.1864953  0.18228382 0.04766331
 0.08699767 0.12450045 0.13654666 0.12748148 0.00299928]

rule10: children = 2.0
probabilities_array:[0.         0.07788096 0.09204791 0.1619942  0.15980816 0.06431798
 0.05044072 0.09579087 0.12814356 0.16187061 0.0077051 ]

rule14: sex_male = 0.0
probabilities_array:[0.00169247 0.26614633 0.00143301 0.00346821 0.10904548 0.0024431
 0.1260611  0.08234626 0.07591431 0.11876415 0.21268567]

rule15: sex_male = 1.0
probabilities_array:[0.24876447 0.00109339 0.01480097 0.00245248 0.         0.00268513
 0.00184916 0.12201613 0.06839305 0.2787642  0.25918102]

rule9: children = 1.0
probabilities_array:[0.         0.14701469 0.17427276 0.05650432 0.06737266 0.06893016
 0.02196375 0.1159411  0.05230462 0.22723168 0.0684643 ]


---9---
rule2: 39.193 < age < 48.526
probabilities_array:[0.         0.         0.         0.20371936 0.29886383 0.00364704
 0.         0.00864691 0.21910498 0.25831902 0.00769889]

rule22: region_southwest = 0.0
probabilities_array:[0.00907888 0.02273417 0.00716702 0.00251375 0.00293566 0.00168274
 0.00224113 0.22634438 0.26138437 0.30385166 0.16006611]

rule3: age > 48.526
probabilities_array:[0.         0.         0.         0.         0.00323728 0.252077
 0.25548866 0.         0.24609312 0.24310389 0.        ]

rule6: 30.783 < bmi < 34.965
probabilities_array:[7.2246671e-02 1.6892372e-02 2.6043892e-01 2.3441797e-04 5.5524119e-04
 5.3783633e-02 6.6030800e-04 0.0000000e+00 1.7807133e-03 3.2949328e-01
 2.6391444e-01]

rule17: smoker_yes = 1.0
probabilities_array:[0.         0.         0.         0.         0.         0.
 0.         0.25600716 0.25342342 0.27379408 0.21677539]

rule9: children = 1.0
probabilities_array:[0.         0.14701469 0.17427276 0.05650432 0.06737266 0.06893016
 0.02196375 0.1159411  0.05230462 0.22723168 0.0684643 ]

rule1: 29.860 < age < 39.193
probabilities_array:[0.         0.         0.26998425 0.2808101  0.         0.
 0.         0.21177603 0.02272365 0.20838386 0.00632204]

rule15: sex_male = 1.0
probabilities_array:[0.24876447 0.00109339 0.01480097 0.00245248 0.         0.00268513
 0.00184916 0.12201613 0.06839305 0.2787642  0.25918102]

rule7: bmi > 34.965
probabilities_array:[0.00517478 0.00049772 0.         0.04628574 0.00113932 0.09900264
 0.04998662 0.         0.         0.36181837 0.4360949 ]

rule18: region_northwest = 0.0
probabilities_array:[0.08382253 0.01938562 0.01555334 0.00165055 0.00080352 0.01231739
 0.00127526 0.25078467 0.18829128 0.24572094 0.18039504]

rule23: region_southwest = 1.0
probabilities_array:[0.15460175 0.0021289  0.03948439 0.048152   0.08147807 0.10616979
 0.         0.08723699 0.01864503 0.24332023 0.21878283]

rule21: region_southeast = 1.0
probabilities_array:[0.23496136 0.         0.00458864 0.         0.07466567 0.01436072
 0.         0.05993361 0.02350248 0.26124305 0.32674447]

rule10: children = 2.0
probabilities_array:[0.         0.07788096 0.09204791 0.1619942  0.15980816 0.06431798
 0.05044072 0.09579087 0.12814356 0.16187061 0.0077051 ]

rule11: children = 3.0
probabilities_array:[0.         0.04421033 0.06082165 0.1864953  0.18228382 0.04766331
 0.08699767 0.12450045 0.13654666 0.12748148 0.00299928]

rule19: region_northwest = 1.0
probabilities_array:[0.05617595 0.12871933 0.         0.1561894  0.15116331 0.
 0.06007931 0.         0.02563969 0.16429506 0.25773802]

rule8: children = 0.0
probabilities_array:[0.2682422  0.08367964 0.01379778 0.         0.         0.0013648
 0.1564804  0.03295302 0.00937396 0.14035712 0.29375115]

rule20: region_southeast = 0.0
probabilities_array:[0.00464198 0.02526992 0.00405316 0.01726447 0.00171045 0.03229244
 0.00127214 0.15596168 0.2914021  0.14432682 0.3218048 ]

rule14: sex_male = 0.0
probabilities_array:[0.00169247 0.26614633 0.00143301 0.00346821 0.10904548 0.0024431
 0.1260611  0.08234626 0.07591431 0.11876415 0.21268567]

rule0: age < 29.860
probabilities_array:[0.26273975 0.25560725 0.04686366 0.         0.         0.
 0.         0.26696444 0.         0.05555188 0.11227311]

rule12: children = 4.0
probabilities_array:[0.         0.         0.         0.12849449 0.11219785 0.19512315
 0.12005918 0.08707593 0.31156924 0.04239562 0.00308448]

