R2: 0.8542904190614227

MAE: 2639.1220251356726

MSE: 18636580.005588833

Accuracy: 0.5248868778280543

F1: 0.5282624675951326

Confusion Matrix: [[36, 13, 0, 0, 0, 0, 0, 0, 0, 0], [17, 30, 4, 0, 0, 0, 0, 0, 0, 0], [1, 12, 20, 3, 0, 1, 0, 0, 0, 0], [1, 0, 6, 20, 23, 0, 0, 0, 0, 0], [0, 0, 2, 9, 22, 3, 5, 0, 0, 0], [0, 0, 0, 2, 4, 18, 18, 0, 0, 0], [1, 2, 0, 0, 0, 22, 20, 0, 0, 0], [1, 6, 1, 1, 2, 8, 7, 23, 4, 0], [1, 0, 2, 3, 0, 6, 4, 4, 12, 6], [0, 0, 0, 0, 0, 0, 0, 1, 4, 31]]

Uncertainties: {'class0': [0.0, 0.004064206033945084, 0.04064294323325157, 0.0699227973818779, 0.08850279450416565], 'class1': [0.0, 0.0, 0.0, 0.004064206033945084, 0.05000447481870651], 'class2': [0.0, 0.0, 0.004064206033945084, 0.020054159685969353, 0.025782838463783264], 'class3': [0.0, 0.0, 0.0, 0.004064206033945084, 0.019995592534542084], 'class4': [0.0, 0.0, 0.0, 0.004064206033945084, 0.025782838463783264], 'class5': [0.0, 0.0, 0.0, 0.002451514359563589, 0.004064206033945084], 'class6': [0.0, 0.0, 0.0, 0.002451514359563589, 0.004064206033945084], 'class7': [0.0, 0.0, 0.004064206033945084, 0.019995592534542084, 0.020054159685969353], 'class8': [0.0, 0.0, 0.002451514359563589, 0.004064206033945084, 0.026758691295981407], 'class9': [0.0, 0.0, 0.002451514359563589, 0.019995592534542084, 0.020054159685969353]}

Most important rules
-----------------------------

---0---
rule0: age < 30.047
probabilities_array:[0.2657419  0.253112   0.05586551 0.         0.         0.
 0.         0.26201499 0.         0.0747628  0.08850279]

rule8: children = 0.0
probabilities_array:[0.2528304  0.04835622 0.00534734 0.         0.         0.
 0.13643885 0.03592057 0.1644515  0.13697839 0.21967681]

rule21: region_southeast = 1.0
probabilities_array:[0.20174262 0.00252067 0.1519802  0.         0.00059444 0.
 0.00098405 0.12310132 0.01045351 0.26375383 0.24486943]

rule15: sex_male = 1.0
probabilities_array:[0.19702779 0.01491715 0.00068275 0.00083025 0.         0.
 0.         0.19016746 0.11213572 0.24372059 0.24051829]

rule16: smoker_yes = 0.0
probabilities_array:[0.1337922  0.16313227 0.1486463  0.14947903 0.13073745 0.15207848
 0.12165149 0.         0.0004828  0.         0.        ]

rule4: bmi < 26.553
probabilities_array:[0.10848229 0.05857946 0.09096848 0.05367218 0.0975934  0.05089498
 0.05000963 0.267272   0.21846336 0.         0.00406421]

rule23: region_southwest = 1.0
probabilities_array:[0.1093912  0.08663975 0.14338215 0.09530042 0.         0.04578252
 0.00281461 0.16761577 0.1124712  0.16667956 0.0699228 ]

rule6: 30.736 < bmi < 34.919
probabilities_array:[0.11439486 0.04894856 0.13077062 0.00615032 0.14612465 0.
 0.11238731 0.         0.         0.29404503 0.14717862]

rule5: 26.553 < bmi < 30.736
probabilities_array:[0.06420486 0.00702368 0.06676049 0.00782207 0.09038124 0.03085354
 0.0551201  0.3262765  0.31091458 0.         0.04064294]


---1---
rule0: age < 30.047
probabilities_array:[0.2657419  0.253112   0.05586551 0.         0.         0.
 0.         0.26201499 0.         0.0747628  0.08850279]

rule16: smoker_yes = 0.0
probabilities_array:[0.1337922  0.16313227 0.1486463  0.14947903 0.13073745 0.15207848
 0.12165149 0.         0.0004828  0.         0.        ]

rule19: region_northwest = 1.0
probabilities_array:[0.         0.20042346 0.04829235 0.11765631 0.         0.15756257
 0.         0.10612556 0.03349516 0.09443601 0.24200855]

rule9: children = 1.0
probabilities_array:[0.01494056 0.12078079 0.0905911  0.07522619 0.12115544 0.05788002
 0.         0.1575016  0.11623836 0.19568154 0.05000447]

rule14: sex_male = 0.0
probabilities_array:[0.         0.1385222  0.02894903 0.0036101  0.05093388 0.
 0.09374069 0.11073487 0.14494963 0.18427238 0.2442873 ]

rule10: children = 2.0
probabilities_array:[0.         0.10178101 0.09042829 0.14730091 0.17425469 0.07982259
 0.08483995 0.06818261 0.06726816 0.18612178 0.        ]

rule23: region_southwest = 1.0
probabilities_array:[0.1093912  0.08663975 0.14338215 0.09530042 0.         0.04578252
 0.00281461 0.16761577 0.1124712  0.16667956 0.0699228 ]

rule11: children = 3.0
probabilities_array:[0.         0.05871895 0.02122604 0.19331267 0.18898508 0.07450249
 0.08046264 0.04069892 0.16481094 0.17728223 0.        ]

rule20: region_southeast = 0.0
probabilities_array:[0.00146699 0.07036346 0.00898556 0.04014806 0.00028199 0.03463699
 0.06271927 0.19975212 0.24337663 0.17110051 0.16716845]

rule4: bmi < 26.553
probabilities_array:[0.10848229 0.05857946 0.09096848 0.05367218 0.0975934  0.05089498
 0.05000963 0.267272   0.21846336 0.         0.00406421]

rule6: 30.736 < bmi < 34.919
probabilities_array:[0.11439486 0.04894856 0.13077062 0.00615032 0.14612465 0.
 0.11238731 0.         0.         0.29404503 0.14717862]


---2---
rule1: 30.047 < age < 39.503
probabilities_array:[0.         0.         0.24578024 0.2511     0.         0.
 0.         0.2668923  0.         0.21617326 0.02005416]

rule13: children = 5.0
probabilities_array:[0.         0.         0.24717064 0.2426381  0.258065   0.
 0.         0.22634344 0.         0.         0.02578284]

rule16: smoker_yes = 0.0
probabilities_array:[0.1337922  0.16313227 0.1486463  0.14947903 0.13073745 0.15207848
 0.12165149 0.         0.0004828  0.         0.        ]

rule23: region_southwest = 1.0
probabilities_array:[0.1093912  0.08663975 0.14338215 0.09530042 0.         0.04578252
 0.00281461 0.16761577 0.1124712  0.16667956 0.0699228 ]

rule21: region_southeast = 1.0
probabilities_array:[0.20174262 0.00252067 0.1519802  0.         0.00059444 0.
 0.00098405 0.12310132 0.01045351 0.26375383 0.24486943]

rule6: 30.736 < bmi < 34.919
probabilities_array:[0.11439486 0.04894856 0.13077062 0.00615032 0.14612465 0.
 0.11238731 0.         0.         0.29404503 0.14717862]

rule4: bmi < 26.553
probabilities_array:[0.10848229 0.05857946 0.09096848 0.05367218 0.0975934  0.05089498
 0.05000963 0.267272   0.21846336 0.         0.00406421]

rule10: children = 2.0
probabilities_array:[0.         0.10178101 0.09042829 0.14730091 0.17425469 0.07982259
 0.08483995 0.06818261 0.06726816 0.18612178 0.        ]

rule9: children = 1.0
probabilities_array:[0.01494056 0.12078079 0.0905911  0.07522619 0.12115544 0.05788002
 0.         0.1575016  0.11623836 0.19568154 0.05000447]

rule5: 26.553 < bmi < 30.736
probabilities_array:[0.06420486 0.00702368 0.06676049 0.00782207 0.09038124 0.03085354
 0.0551201  0.3262765  0.31091458 0.         0.04064294]

rule0: age < 30.047
probabilities_array:[0.2657419  0.253112   0.05586551 0.         0.         0.
 0.         0.26201499 0.         0.0747628  0.08850279]


---3---
rule1: 30.047 < age < 39.503
probabilities_array:[0.         0.         0.24578024 0.2511     0.         0.
 0.         0.2668923  0.         0.21617326 0.02005416]

rule13: children = 5.0
probabilities_array:[0.         0.         0.24717064 0.2426381  0.258065   0.
 0.         0.22634344 0.         0.         0.02578284]

rule2: 39.503 < age < 48.959
probabilities_array:[0.         0.         0.         0.22496474 0.2849634  0.00614537
 0.         0.01379422 0.19702436 0.24634925 0.02675869]

rule11: children = 3.0
probabilities_array:[0.         0.05871895 0.02122604 0.19331267 0.18898508 0.07450249
 0.08046264 0.04069892 0.16481094 0.17728223 0.        ]

rule12: children = 4.0
probabilities_array:[0.         0.         0.         0.18066725 0.         0.2548454
 0.04931621 0.18726219 0.02505864 0.2828547  0.01999559]

rule16: smoker_yes = 0.0
probabilities_array:[0.1337922  0.16313227 0.1486463  0.14947903 0.13073745 0.15207848
 0.12165149 0.         0.0004828  0.         0.        ]

rule10: children = 2.0
probabilities_array:[0.         0.10178101 0.09042829 0.14730091 0.17425469 0.07982259
 0.08483995 0.06818261 0.06726816 0.18612178 0.        ]

rule19: region_northwest = 1.0
probabilities_array:[0.         0.20042346 0.04829235 0.11765631 0.         0.15756257
 0.         0.10612556 0.03349516 0.09443601 0.24200855]

rule23: region_southwest = 1.0
probabilities_array:[0.1093912  0.08663975 0.14338215 0.09530042 0.         0.04578252
 0.00281461 0.16761577 0.1124712  0.16667956 0.0699228 ]

rule9: children = 1.0
probabilities_array:[0.01494056 0.12078079 0.0905911  0.07522619 0.12115544 0.05788002
 0.         0.1575016  0.11623836 0.19568154 0.05000447]

rule4: bmi < 26.553
probabilities_array:[0.10848229 0.05857946 0.09096848 0.05367218 0.0975934  0.05089498
 0.05000963 0.267272   0.21846336 0.         0.00406421]


---4---
rule2: 39.503 < age < 48.959
probabilities_array:[0.         0.         0.         0.22496474 0.2849634  0.00614537
 0.         0.01379422 0.19702436 0.24634925 0.02675869]

rule13: children = 5.0
probabilities_array:[0.         0.         0.24717064 0.2426381  0.258065   0.
 0.         0.22634344 0.         0.         0.02578284]

rule11: children = 3.0
probabilities_array:[0.         0.05871895 0.02122604 0.19331267 0.18898508 0.07450249
 0.08046264 0.04069892 0.16481094 0.17728223 0.        ]

rule10: children = 2.0
probabilities_array:[0.         0.10178101 0.09042829 0.14730091 0.17425469 0.07982259
 0.08483995 0.06818261 0.06726816 0.18612178 0.        ]

rule16: smoker_yes = 0.0
probabilities_array:[0.1337922  0.16313227 0.1486463  0.14947903 0.13073745 0.15207848
 0.12165149 0.         0.0004828  0.         0.        ]

rule6: 30.736 < bmi < 34.919
probabilities_array:[0.11439486 0.04894856 0.13077062 0.00615032 0.14612465 0.
 0.11238731 0.         0.         0.29404503 0.14717862]

rule9: children = 1.0
probabilities_array:[0.01494056 0.12078079 0.0905911  0.07522619 0.12115544 0.05788002
 0.         0.1575016  0.11623836 0.19568154 0.05000447]

rule4: bmi < 26.553
probabilities_array:[0.10848229 0.05857946 0.09096848 0.05367218 0.0975934  0.05089498
 0.05000963 0.267272   0.21846336 0.         0.00406421]

rule5: 26.553 < bmi < 30.736
probabilities_array:[0.06420486 0.00702368 0.06676049 0.00782207 0.09038124 0.03085354
 0.0551201  0.3262765  0.31091458 0.         0.04064294]


---5---
rule3: age > 48.959
probabilities_array:[0.         0.         0.         0.         0.00840472 0.2515173
 0.25285545 0.         0.2519213  0.23284978 0.00245151]

rule12: children = 4.0
probabilities_array:[0.         0.         0.         0.18066725 0.         0.2548454
 0.04931621 0.18726219 0.02505864 0.2828547  0.01999559]

rule7: bmi > 34.919
probabilities_array:[0.         0.01246794 0.0258317  0.00407333 0.         0.24739099
 0.         0.         0.         0.35412535 0.35611066]

rule16: smoker_yes = 0.0
probabilities_array:[0.1337922  0.16313227 0.1486463  0.14947903 0.13073745 0.15207848
 0.12165149 0.         0.0004828  0.         0.        ]

rule19: region_northwest = 1.0
probabilities_array:[0.         0.20042346 0.04829235 0.11765631 0.         0.15756257
 0.         0.10612556 0.03349516 0.09443601 0.24200855]

rule10: children = 2.0
probabilities_array:[0.         0.10178101 0.09042829 0.14730091 0.17425469 0.07982259
 0.08483995 0.06818261 0.06726816 0.18612178 0.        ]

rule11: children = 3.0
probabilities_array:[0.         0.05871895 0.02122604 0.19331267 0.18898508 0.07450249
 0.08046264 0.04069892 0.16481094 0.17728223 0.        ]

rule9: children = 1.0
probabilities_array:[0.01494056 0.12078079 0.0905911  0.07522619 0.12115544 0.05788002
 0.         0.1575016  0.11623836 0.19568154 0.05000447]

rule4: bmi < 26.553
probabilities_array:[0.10848229 0.05857946 0.09096848 0.05367218 0.0975934  0.05089498
 0.05000963 0.267272   0.21846336 0.         0.00406421]

rule23: region_southwest = 1.0
probabilities_array:[0.1093912  0.08663975 0.14338215 0.09530042 0.         0.04578252
 0.00281461 0.16761577 0.1124712  0.16667956 0.0699228 ]


---6---
rule3: age > 48.959
probabilities_array:[0.         0.         0.         0.         0.00840472 0.2515173
 0.25285545 0.         0.2519213  0.23284978 0.00245151]

rule16: smoker_yes = 0.0
probabilities_array:[0.1337922  0.16313227 0.1486463  0.14947903 0.13073745 0.15207848
 0.12165149 0.         0.0004828  0.         0.        ]

rule8: children = 0.0
probabilities_array:[0.2528304  0.04835622 0.00534734 0.         0.         0.
 0.13643885 0.03592057 0.1644515  0.13697839 0.21967681]

rule6: 30.736 < bmi < 34.919
probabilities_array:[0.11439486 0.04894856 0.13077062 0.00615032 0.14612465 0.
 0.11238731 0.         0.         0.29404503 0.14717862]

rule10: children = 2.0
probabilities_array:[0.         0.10178101 0.09042829 0.14730091 0.17425469 0.07982259
 0.08483995 0.06818261 0.06726816 0.18612178 0.        ]

rule11: children = 3.0
probabilities_array:[0.         0.05871895 0.02122604 0.19331267 0.18898508 0.07450249
 0.08046264 0.04069892 0.16481094 0.17728223 0.        ]

rule14: sex_male = 0.0
probabilities_array:[0.         0.1385222  0.02894903 0.0036101  0.05093388 0.
 0.09374069 0.11073487 0.14494963 0.18427238 0.2442873 ]

rule5: 26.553 < bmi < 30.736
probabilities_array:[0.06420486 0.00702368 0.06676049 0.00782207 0.09038124 0.03085354
 0.0551201  0.3262765  0.31091458 0.         0.04064294]

rule20: region_southeast = 0.0
probabilities_array:[0.00146699 0.07036346 0.00898556 0.04014806 0.00028199 0.03463699
 0.06271927 0.19975212 0.24337663 0.17110051 0.16716845]

rule4: bmi < 26.553
probabilities_array:[0.10848229 0.05857946 0.09096848 0.05367218 0.0975934  0.05089498
 0.05000963 0.267272   0.21846336 0.         0.00406421]

rule12: children = 4.0
probabilities_array:[0.         0.         0.         0.18066725 0.         0.2548454
 0.04931621 0.18726219 0.02505864 0.2828547  0.01999559]


---7---
rule5: 26.553 < bmi < 30.736
probabilities_array:[0.06420486 0.00702368 0.06676049 0.00782207 0.09038124 0.03085354
 0.0551201  0.3262765  0.31091458 0.         0.04064294]

rule4: bmi < 26.553
probabilities_array:[0.10848229 0.05857946 0.09096848 0.05367218 0.0975934  0.05089498
 0.05000963 0.267272   0.21846336 0.         0.00406421]

rule1: 30.047 < age < 39.503
probabilities_array:[0.         0.         0.24578024 0.2511     0.         0.
 0.         0.2668923  0.         0.21617326 0.02005416]

rule0: age < 30.047
probabilities_array:[0.2657419  0.253112   0.05586551 0.         0.         0.
 0.         0.26201499 0.         0.0747628  0.08850279]

rule13: children = 5.0
probabilities_array:[0.         0.         0.24717064 0.2426381  0.258065   0.
 0.         0.22634344 0.         0.         0.02578284]

rule17: smoker_yes = 1.0
probabilities_array:[0.         0.         0.         0.         0.         0.
 0.         0.2628746  0.24391584 0.27675882 0.21645066]

rule12: children = 4.0
probabilities_array:[0.         0.         0.         0.18066725 0.         0.2548454
 0.04931621 0.18726219 0.02505864 0.2828547  0.01999559]

rule20: region_southeast = 0.0
probabilities_array:[0.00146699 0.07036346 0.00898556 0.04014806 0.00028199 0.03463699
 0.06271927 0.19975212 0.24337663 0.17110051 0.16716845]

rule18: region_northwest = 0.0
probabilities_array:[0.02533492 0.01337511 0.00579888 0.         0.0018076  0.
 0.00164068 0.22464402 0.13297276 0.32449582 0.26993024]

rule23: region_southwest = 1.0
probabilities_array:[0.1093912  0.08663975 0.14338215 0.09530042 0.         0.04578252
 0.00281461 0.16761577 0.1124712  0.16667956 0.0699228 ]

rule9: children = 1.0
probabilities_array:[0.01494056 0.12078079 0.0905911  0.07522619 0.12115544 0.05788002
 0.         0.1575016  0.11623836 0.19568154 0.05000447]

rule15: sex_male = 1.0
probabilities_array:[0.19702779 0.01491715 0.00068275 0.00083025 0.         0.
 0.         0.19016746 0.11213572 0.24372059 0.24051829]

rule22: region_southwest = 0.0
probabilities_array:[0.00051925 0.0036386  0.00428212 0.00042473 0.03886976 0.
 0.00102758 0.16911156 0.1872556  0.35366267 0.24120826]

rule21: region_southeast = 1.0
probabilities_array:[0.20174262 0.00252067 0.1519802  0.         0.00059444 0.
 0.00098405 0.12310132 0.01045351 0.26375383 0.24486943]

rule14: sex_male = 0.0
probabilities_array:[0.         0.1385222  0.02894903 0.0036101  0.05093388 0.
 0.09374069 0.11073487 0.14494963 0.18427238 0.2442873 ]

rule19: region_northwest = 1.0
probabilities_array:[0.         0.20042346 0.04829235 0.11765631 0.         0.15756257
 0.         0.10612556 0.03349516 0.09443601 0.24200855]

rule10: children = 2.0
probabilities_array:[0.         0.10178101 0.09042829 0.14730091 0.17425469 0.07982259
 0.08483995 0.06818261 0.06726816 0.18612178 0.        ]

rule11: children = 3.0
probabilities_array:[0.         0.05871895 0.02122604 0.19331267 0.18898508 0.07450249
 0.08046264 0.04069892 0.16481094 0.17728223 0.        ]


---8---
rule5: 26.553 < bmi < 30.736
probabilities_array:[0.06420486 0.00702368 0.06676049 0.00782207 0.09038124 0.03085354
 0.0551201  0.3262765  0.31091458 0.         0.04064294]

rule3: age > 48.959
probabilities_array:[0.         0.         0.         0.         0.00840472 0.2515173
 0.25285545 0.         0.2519213  0.23284978 0.00245151]

rule4: bmi < 26.553
probabilities_array:[0.10848229 0.05857946 0.09096848 0.05367218 0.0975934  0.05089498
 0.05000963 0.267272   0.21846336 0.         0.00406421]

rule20: region_southeast = 0.0
probabilities_array:[0.00146699 0.07036346 0.00898556 0.04014806 0.00028199 0.03463699
 0.06271927 0.19975212 0.24337663 0.17110051 0.16716845]

rule2: 39.503 < age < 48.959
probabilities_array:[0.         0.         0.         0.22496474 0.2849634  0.00614537
 0.         0.01379422 0.19702436 0.24634925 0.02675869]

rule17: smoker_yes = 1.0
probabilities_array:[0.         0.         0.         0.         0.         0.
 0.         0.2628746  0.24391584 0.27675882 0.21645066]

rule11: children = 3.0
probabilities_array:[0.         0.05871895 0.02122604 0.19331267 0.18898508 0.07450249
 0.08046264 0.04069892 0.16481094 0.17728223 0.        ]

rule22: region_southwest = 0.0
probabilities_array:[0.00051925 0.0036386  0.00428212 0.00042473 0.03886976 0.
 0.00102758 0.16911156 0.1872556  0.35366267 0.24120826]

rule8: children = 0.0
probabilities_array:[0.2528304  0.04835622 0.00534734 0.         0.         0.
 0.13643885 0.03592057 0.1644515  0.13697839 0.21967681]

rule9: children = 1.0
probabilities_array:[0.01494056 0.12078079 0.0905911  0.07522619 0.12115544 0.05788002
 0.         0.1575016  0.11623836 0.19568154 0.05000447]

rule14: sex_male = 0.0
probabilities_array:[0.         0.1385222  0.02894903 0.0036101  0.05093388 0.
 0.09374069 0.11073487 0.14494963 0.18427238 0.2442873 ]

rule23: region_southwest = 1.0
probabilities_array:[0.1093912  0.08663975 0.14338215 0.09530042 0.         0.04578252
 0.00281461 0.16761577 0.1124712  0.16667956 0.0699228 ]

rule18: region_northwest = 0.0
probabilities_array:[0.02533492 0.01337511 0.00579888 0.         0.0018076  0.
 0.00164068 0.22464402 0.13297276 0.32449582 0.26993024]

rule15: sex_male = 1.0
probabilities_array:[0.19702779 0.01491715 0.00068275 0.00083025 0.         0.
 0.         0.19016746 0.11213572 0.24372059 0.24051829]

rule10: children = 2.0
probabilities_array:[0.         0.10178101 0.09042829 0.14730091 0.17425469 0.07982259
 0.08483995 0.06818261 0.06726816 0.18612178 0.        ]


---9---
rule12: children = 4.0
probabilities_array:[0.         0.         0.         0.18066725 0.         0.2548454
 0.04931621 0.18726219 0.02505864 0.2828547  0.01999559]

rule22: region_southwest = 0.0
probabilities_array:[0.00051925 0.0036386  0.00428212 0.00042473 0.03886976 0.
 0.00102758 0.16911156 0.1872556  0.35366267 0.24120826]

rule6: 30.736 < bmi < 34.919
probabilities_array:[0.11439486 0.04894856 0.13077062 0.00615032 0.14612465 0.
 0.11238731 0.         0.         0.29404503 0.14717862]

rule2: 39.503 < age < 48.959
probabilities_array:[0.         0.         0.         0.22496474 0.2849634  0.00614537
 0.         0.01379422 0.19702436 0.24634925 0.02675869]

rule18: region_northwest = 0.0
probabilities_array:[0.02533492 0.01337511 0.00579888 0.         0.0018076  0.
 0.00164068 0.22464402 0.13297276 0.32449582 0.26993024]

rule3: age > 48.959
probabilities_array:[0.         0.         0.         0.         0.00840472 0.2515173
 0.25285545 0.         0.2519213  0.23284978 0.00245151]

rule7: bmi > 34.919
probabilities_array:[0.         0.01246794 0.0258317  0.00407333 0.         0.24739099
 0.         0.         0.         0.35412535 0.35611066]

rule17: smoker_yes = 1.0
probabilities_array:[0.         0.         0.         0.         0.         0.
 0.         0.2628746  0.24391584 0.27675882 0.21645066]

rule1: 30.047 < age < 39.503
probabilities_array:[0.         0.         0.24578024 0.2511     0.         0.
 0.         0.2668923  0.         0.21617326 0.02005416]

rule21: region_southeast = 1.0
probabilities_array:[0.20174262 0.00252067 0.1519802  0.         0.00059444 0.
 0.00098405 0.12310132 0.01045351 0.26375383 0.24486943]

rule10: children = 2.0
probabilities_array:[0.         0.10178101 0.09042829 0.14730091 0.17425469 0.07982259
 0.08483995 0.06818261 0.06726816 0.18612178 0.        ]

rule9: children = 1.0
probabilities_array:[0.01494056 0.12078079 0.0905911  0.07522619 0.12115544 0.05788002
 0.         0.1575016  0.11623836 0.19568154 0.05000447]

rule15: sex_male = 1.0
probabilities_array:[0.19702779 0.01491715 0.00068275 0.00083025 0.         0.
 0.         0.19016746 0.11213572 0.24372059 0.24051829]

rule11: children = 3.0
probabilities_array:[0.         0.05871895 0.02122604 0.19331267 0.18898508 0.07450249
 0.08046264 0.04069892 0.16481094 0.17728223 0.        ]

rule23: region_southwest = 1.0
probabilities_array:[0.1093912  0.08663975 0.14338215 0.09530042 0.         0.04578252
 0.00281461 0.16761577 0.1124712  0.16667956 0.0699228 ]

rule20: region_southeast = 0.0
probabilities_array:[0.00146699 0.07036346 0.00898556 0.04014806 0.00028199 0.03463699
 0.06271927 0.19975212 0.24337663 0.17110051 0.16716845]

rule14: sex_male = 0.0
probabilities_array:[0.         0.1385222  0.02894903 0.0036101  0.05093388 0.
 0.09374069 0.11073487 0.14494963 0.18427238 0.2442873 ]

rule8: children = 0.0
probabilities_array:[0.2528304  0.04835622 0.00534734 0.         0.         0.
 0.13643885 0.03592057 0.1644515  0.13697839 0.21967681]

rule19: region_northwest = 1.0
probabilities_array:[0.         0.20042346 0.04829235 0.11765631 0.         0.15756257
 0.         0.10612556 0.03349516 0.09443601 0.24200855]

rule0: age < 30.047
probabilities_array:[0.2657419  0.253112   0.05586551 0.         0.         0.
 0.         0.26201499 0.         0.0747628  0.08850279]

