R2: 0.6056029045676703


MAE: 25161641.083015636


Accuracy: 0.24936516622616756


F1: 0.258557902403496


Most important rules
-----------------------------

---0---
rule9: -2377.676 < num_voted_users < 98320.773
probabilities_array:[0.18911578 0.17128858 0.15341435 0.15902552 0.13705023 0.08598234
 0.05725986 0.02974225 0.00446367 0.         0.01265736]

rule2: 6.487 < imdb_score < 7.217
probabilities_array:[0.21461824 0.12679538 0.03462911 0.02303857 0.         0.
 0.06559952 0.09975018 0.08576701 0.20061505 0.14918692]

rule7: title_year > 2009.979
probabilities_array:[0.27008617 0.03109027 0.         0.         0.         0.
 0.01891505 0.07456431 0.06550214 0.19314164 0.34670046]

rule51: budget > 226849761.506
probabilities_array:[0.2234228  0.25638396 0.         0.010497   0.         0.
 0.         0.         0.         0.2185984  0.29109788]

rule6: 2003.102 < title_year < 2009.979
probabilities_array:[0.20817265 0.0676188  0.06585018 0.09069826 0.06868393 0.01362233
 0.         0.0208318  0.         0.19972411 0.26479793]

rule12: num_critic_for_reviews < 76.267
probabilities_array:[0.27328935 0.19357657 0.00499214 0.07025202 0.         0.
 0.         0.00282513 0.01159579 0.         0.44346905]

rule16: num_user_for_reviews < 41.981
probabilities_array:[0.2845187  0.20122664 0.         0.         0.         0.
 0.         0.         0.         0.         0.5142546 ]

rule41: -5712.016 < movie_facebook_likes < 9016.071
probabilities_array:[0.24173121 0.07578027 0.         0.         0.01422361 0.
 0.         0.         0.10231433 0.09383608 0.4721144 ]

rule44: duration < 94.578
probabilities_array:[0.20314671 0.         0.06591304 0.         0.         0.
 0.         0.         0.02215436 0.19476296 0.51402295]

rule49: -131949400.379 < budget < 47450180.563
probabilities_array:[0.098519   0.11832935 0.13601282 0.1661668  0.13593099 0.09350365
 0.10643002 0.07598548 0.0459461  0.00099301 0.02218282]

rule1: 5.756 < imdb_score < 6.487
probabilities_array:[0.09909618 0.         0.         0.00564017 0.10709954 0.09752031
 0.13090259 0.13882188 0.14179116 0.18842706 0.09070115]

rule22: 771.213 < director_facebook_likes < 2787.669
probabilities_array:[0.09491964 0.         0.         0.20908156 0.         0.04809709
 0.12206867 0.18087246 0.         0.11632683 0.22863373]

rule33: -535.255 < actor_3_facebook_likes < 753.756
probabilities_array:[0.08612515 0.07193303 0.15242422 0.         0.         0.01517883
 0.01767118 0.12040482 0.06820659 0.07231993 0.39573613]

rule37: -223.783 < cast_total_facebook_likes < 10846.742
probabilities_array:[0.11092021 0.0144477  0.03620988 0.         0.         0.
 0.06587462 0.00494206 0.06050026 0.1005523  0.60655296]


---1---
rule51: budget > 226849761.506
probabilities_array:[0.2234228  0.25638396 0.         0.010497   0.         0.
 0.         0.         0.         0.2185984  0.29109788]

rule9: -2377.676 < num_voted_users < 98320.773
probabilities_array:[0.18911578 0.17128858 0.15341435 0.15902552 0.13705023 0.08598234
 0.05725986 0.02974225 0.00446367 0.         0.01265736]

rule45: 94.578 < duration < 109.721
probabilities_array:[0.02326334 0.19503981 0.02031376 0.17235966 0.         0.01608342
 0.         0.12995885 0.00277225 0.0727554  0.36745346]

rule3: imdb_score > 7.217
probabilities_array:[0.02392869 0.17738032 0.21755444 0.02945704 0.         0.
 0.         0.         0.05881708 0.17183977 0.32102263]

rule49: -131949400.379 < budget < 47450180.563
probabilities_array:[0.098519   0.11832935 0.13601282 0.1661668  0.13593099 0.09350365
 0.10643002 0.07598548 0.0459461  0.00099301 0.02218282]

rule17: 41.981 < num_user_for_reviews < 316.020
probabilities_array:[0.         0.11468323 0.16400687 0.10047263 0.07768059 0.12787868
 0.11973403 0.08682097 0.1452811  0.019814   0.04362784]

rule2: 6.487 < imdb_score < 7.217
probabilities_array:[0.21461824 0.12679538 0.03462911 0.02303857 0.         0.
 0.06559952 0.09975018 0.08576701 0.20061505 0.14918692]

rule12: num_critic_for_reviews < 76.267
probabilities_array:[0.27328935 0.19357657 0.00499214 0.07025202 0.         0.
 0.         0.00282513 0.01159579 0.         0.44346905]

rule16: num_user_for_reviews < 41.981
probabilities_array:[0.2845187  0.20122664 0.         0.         0.         0.
 0.         0.         0.         0.         0.5142546 ]

rule27: actor_1_facebook_likes > 15332.499
probabilities_array:[0.01151938 0.09884831 0.         0.         0.03879378 0.13354416
 0.         0.03382864 0.05909017 0.16205487 0.46232074]

rule6: 2003.102 < title_year < 2009.979
probabilities_array:[0.20817265 0.0676188  0.06585018 0.09069826 0.06868393 0.01362233
 0.         0.0208318  0.         0.19972411 0.26479793]

rule29: -1200.511 < actor_2_facebook_likes < 1915.406
probabilities_array:[0.03817758 0.11963596 0.         0.         0.         0.01533471
 0.03284521 0.         0.05899094 0.10416633 0.63084924]

rule33: -535.255 < actor_3_facebook_likes < 753.756
probabilities_array:[0.08612515 0.07193303 0.15242422 0.         0.         0.01517883
 0.01767118 0.12040482 0.06820659 0.07231993 0.39573613]

rule41: -5712.016 < movie_facebook_likes < 9016.071
probabilities_array:[0.24173121 0.07578027 0.         0.         0.01422361 0.
 0.         0.         0.10231433 0.09383608 0.4721144 ]


---2---
rule17: 41.981 < num_user_for_reviews < 316.020
probabilities_array:[0.         0.11468323 0.16400687 0.10047263 0.07768059 0.12787868
 0.11973403 0.08682097 0.1452811  0.019814   0.04362784]

rule9: -2377.676 < num_voted_users < 98320.773
probabilities_array:[0.18911578 0.17128858 0.15341435 0.15902552 0.13705023 0.08598234
 0.05725986 0.02974225 0.00446367 0.         0.01265736]

rule3: imdb_score > 7.217
probabilities_array:[0.02392869 0.17738032 0.21755444 0.02945704 0.         0.
 0.         0.         0.05881708 0.17183977 0.32102263]

rule49: -131949400.379 < budget < 47450180.563
probabilities_array:[0.098519   0.11832935 0.13601282 0.1661668  0.13593099 0.09350365
 0.10643002 0.07598548 0.0459461  0.00099301 0.02218282]

rule5: 1996.224 < title_year < 2003.102
probabilities_array:[0.0605342  0.00249226 0.15070546 0.04308571 0.         0.07774355
 0.00349347 0.03458545 0.00122589 0.24183157 0.38430247]

rule33: -535.255 < actor_3_facebook_likes < 753.756
probabilities_array:[0.08612515 0.07193303 0.15242422 0.         0.         0.01517883
 0.01767118 0.12040482 0.06820659 0.07231993 0.39573613]

rule14: 159.777 < num_critic_for_reviews < 243.287
probabilities_array:[0.         0.02717318 0.0845475  0.08565871 0.11617022 0.1690919
 0.08946778 0.10279474 0.13522087 0.15552278 0.03435237]

rule46: 109.721 < duration < 124.864
probabilities_array:[0.0027209  0.03828576 0.09802696 0.05363681 0.00919134 0.1099819
 0.13981673 0.15848249 0.15990223 0.         0.22995488]

rule18: 316.020 < num_user_for_reviews < 590.058
probabilities_array:[0.         0.         0.05219578 0.14939442 0.15946029 0.15194419
 0.152903   0.13299835 0.1278346  0.0624541  0.01081525]

rule6: 2003.102 < title_year < 2009.979
probabilities_array:[0.20817265 0.0676188  0.06585018 0.09069826 0.06868393 0.01362233
 0.         0.0208318  0.         0.19972411 0.26479793]

rule23: director_facebook_likes > 2787.669
probabilities_array:[0.00108704 0.         0.06484985 0.15658037 0.         0.
 0.0657387  0.02272656 0.19968171 0.1257307  0.36360508]


---3---
rule30: 1915.406 < actor_2_facebook_likes < 5031.324
probabilities_array:[0.         0.         0.         0.21569674 0.         0.
 0.18923691 0.19683228 0.13775837 0.13631795 0.12415774]

rule49: -131949400.379 < budget < 47450180.563
probabilities_array:[0.098519   0.11832935 0.13601282 0.1661668  0.13593099 0.09350365
 0.10643002 0.07598548 0.0459461  0.00099301 0.02218282]

rule22: 771.213 < director_facebook_likes < 2787.669
probabilities_array:[0.09491964 0.         0.         0.20908156 0.         0.04809709
 0.12206867 0.18087246 0.         0.11632683 0.22863373]

rule9: -2377.676 < num_voted_users < 98320.773
probabilities_array:[0.18911578 0.17128858 0.15341435 0.15902552 0.13705023 0.08598234
 0.05725986 0.02974225 0.00446367 0.         0.01265736]

rule18: 316.020 < num_user_for_reviews < 590.058
probabilities_array:[0.         0.         0.05219578 0.14939442 0.15946029 0.15194419
 0.152903   0.13299835 0.1278346  0.0624541  0.01081525]

rule45: 94.578 < duration < 109.721
probabilities_array:[0.02326334 0.19503981 0.02031376 0.17235966 0.         0.01608342
 0.         0.12995885 0.00277225 0.0727554  0.36745346]

rule23: director_facebook_likes > 2787.669
probabilities_array:[0.00108704 0.         0.06484985 0.15658037 0.         0.
 0.0657387  0.02272656 0.19968171 0.1257307  0.36360508]

rule17: 41.981 < num_user_for_reviews < 316.020
probabilities_array:[0.         0.11468323 0.16400687 0.10047263 0.07768059 0.12787868
 0.11973403 0.08682097 0.1452811  0.019814   0.04362784]

rule14: 159.777 < num_critic_for_reviews < 243.287
probabilities_array:[0.         0.02717318 0.0845475  0.08565871 0.11617022 0.1690919
 0.08946778 0.10279474 0.13522087 0.15552278 0.03435237]

rule34: 753.756 < actor_3_facebook_likes < 2042.768
probabilities_array:[0.         0.01755993 0.         0.08887111 0.16708465 0.05632133
 0.02837774 0.15800786 0.15295504 0.15536273 0.17545964]

rule0: imdb_score < 5.756
probabilities_array:[0.         0.         0.02089603 0.07969456 0.19552757 0.1848093
 0.17241187 0.13451248 0.08275895 0.03999582 0.08939334]

rule6: 2003.102 < title_year < 2009.979
probabilities_array:[0.20817265 0.0676188  0.06585018 0.09069826 0.06868393 0.01362233
 0.         0.0208318  0.         0.19972411 0.26479793]

rule4: title_year < 1996.224
probabilities_array:[0.         0.00431106 0.03947214 0.05548552 0.10175218 0.11568981
 0.08261578 0.13282776 0.21870479 0.22983444 0.01930653]

rule26: 7231.266 < actor_1_facebook_likes < 15332.499
probabilities_array:[2.5818590e-02 0.0000000e+00 8.8672496e-05 6.7863367e-02 0.0000000e+00
 2.4567893e-02 1.3610008e-01 3.5408102e-02 1.5954372e-01 1.7742823e-01
 3.7318134e-01]

rule46: 109.721 < duration < 124.864
probabilities_array:[0.0027209  0.03828576 0.09802696 0.05363681 0.00919134 0.1099819
 0.13981673 0.15848249 0.15990223 0.         0.22995488]


---4---
rule0: imdb_score < 5.756
probabilities_array:[0.         0.         0.02089603 0.07969456 0.19552757 0.1848093
 0.17241187 0.13451248 0.08275895 0.03999582 0.08939334]

rule18: 316.020 < num_user_for_reviews < 590.058
probabilities_array:[0.         0.         0.05219578 0.14939442 0.15946029 0.15194419
 0.152903   0.13299835 0.1278346  0.0624541  0.01081525]

rule34: 753.756 < actor_3_facebook_likes < 2042.768
probabilities_array:[0.         0.01755993 0.         0.08887111 0.16708465 0.05632133
 0.02837774 0.15800786 0.15295504 0.15536273 0.17545964]

rule9: -2377.676 < num_voted_users < 98320.773
probabilities_array:[0.18911578 0.17128858 0.15341435 0.15902552 0.13705023 0.08598234
 0.05725986 0.02974225 0.00446367 0.         0.01265736]

rule49: -131949400.379 < budget < 47450180.563
probabilities_array:[0.098519   0.11832935 0.13601282 0.1661668  0.13593099 0.09350365
 0.10643002 0.07598548 0.0459461  0.00099301 0.02218282]

rule13: 76.267 < num_critic_for_reviews < 159.777
probabilities_array:[0.00048437 0.         0.         0.01182731 0.14711514 0.13744947
 0.12939572 0.17815712 0.17889532 0.0352651  0.18141037]

rule14: 159.777 < num_critic_for_reviews < 243.287
probabilities_array:[0.         0.02717318 0.0845475  0.08565871 0.11617022 0.1690919
 0.08946778 0.10279474 0.13522087 0.15552278 0.03435237]

rule4: title_year < 1996.224
probabilities_array:[0.         0.00431106 0.03947214 0.05548552 0.10175218 0.11568981
 0.08261578 0.13282776 0.21870479 0.22983444 0.01930653]

rule1: 5.756 < imdb_score < 6.487
probabilities_array:[0.09909618 0.         0.         0.00564017 0.10709954 0.09752031
 0.13090259 0.13882188 0.14179116 0.18842706 0.09070115]

rule15: num_critic_for_reviews > 243.287
probabilities_array:[0.0000000e+00 0.0000000e+00 1.8120452e-04 0.0000000e+00 1.1742648e-01
 2.4609117e-01 6.9598503e-02 6.9544904e-02 6.0891561e-02 1.7898695e-01
 2.5727934e-01]

rule17: 41.981 < num_user_for_reviews < 316.020
probabilities_array:[0.         0.11468323 0.16400687 0.10047263 0.07768059 0.12787868
 0.11973403 0.08682097 0.1452811  0.019814   0.04362784]

rule31: actor_2_facebook_likes > 5031.324
probabilities_array:[0.00247845 0.         0.         0.         0.11228751 0.
 0.         0.01794215 0.19736095 0.19056308 0.47936785]

rule6: 2003.102 < title_year < 2009.979
probabilities_array:[0.20817265 0.0676188  0.06585018 0.09069826 0.06868393 0.01362233
 0.         0.0208318  0.         0.19972411 0.26479793]


---5---
rule15: num_critic_for_reviews > 243.287
probabilities_array:[0.0000000e+00 0.0000000e+00 1.8120452e-04 0.0000000e+00 1.1742648e-01
 2.4609117e-01 6.9598503e-02 6.9544904e-02 6.0891561e-02 1.7898695e-01
 2.5727934e-01]

rule0: imdb_score < 5.756
probabilities_array:[0.         0.         0.02089603 0.07969456 0.19552757 0.1848093
 0.17241187 0.13451248 0.08275895 0.03999582 0.08939334]

rule14: 159.777 < num_critic_for_reviews < 243.287
probabilities_array:[0.         0.02717318 0.0845475  0.08565871 0.11617022 0.1690919
 0.08946778 0.10279474 0.13522087 0.15552278 0.03435237]

rule10: 98320.773 < num_voted_users < 199019.222
probabilities_array:[0.         0.         0.00601202 0.00138904 0.         0.18529245
 0.2227834  0.20333365 0.1920577  0.01720443 0.17192733]

rule18: 316.020 < num_user_for_reviews < 590.058
probabilities_array:[0.         0.         0.05219578 0.14939442 0.15946029 0.15194419
 0.152903   0.13299835 0.1278346  0.0624541  0.01081525]

rule42: 9016.071 < movie_facebook_likes < 23744.159
probabilities_array:[0.0000000e+00 4.3887027e-02 7.7290424e-05 4.9505532e-02 3.1930193e-02
 1.7282429e-01 1.7953466e-01 1.2165636e-01 5.9895486e-02 1.3497555e-01
 2.0571357e-01]

rule17: 41.981 < num_user_for_reviews < 316.020
probabilities_array:[0.         0.11468323 0.16400687 0.10047263 0.07768059 0.12787868
 0.11973403 0.08682097 0.1452811  0.019814   0.04362784]

rule4: title_year < 1996.224
probabilities_array:[0.         0.00431106 0.03947214 0.05548552 0.10175218 0.11568981
 0.08261578 0.13282776 0.21870479 0.22983444 0.01930653]

rule13: 76.267 < num_critic_for_reviews < 159.777
probabilities_array:[0.00048437 0.         0.         0.01182731 0.14711514 0.13744947
 0.12939572 0.17815712 0.17889532 0.0352651  0.18141037]

rule49: -131949400.379 < budget < 47450180.563
probabilities_array:[0.098519   0.11832935 0.13601282 0.1661668  0.13593099 0.09350365
 0.10643002 0.07598548 0.0459461  0.00099301 0.02218282]

rule1: 5.756 < imdb_score < 6.487
probabilities_array:[0.09909618 0.         0.         0.00564017 0.10709954 0.09752031
 0.13090259 0.13882188 0.14179116 0.18842706 0.09070115]

rule9: -2377.676 < num_voted_users < 98320.773
probabilities_array:[0.18911578 0.17128858 0.15341435 0.15902552 0.13705023 0.08598234
 0.05725986 0.02974225 0.00446367 0.         0.01265736]

rule46: 109.721 < duration < 124.864
probabilities_array:[0.0027209  0.03828576 0.09802696 0.05363681 0.00919134 0.1099819
 0.13981673 0.15848249 0.15990223 0.         0.22995488]

rule38: 10846.742 < cast_total_facebook_likes < 21917.266
probabilities_array:[0.01962386 0.01251504 0.         0.         0.00642299 0.12753506
 0.         0.16136195 0.14736208 0.16306871 0.36211032]

rule19: num_user_for_reviews > 590.058
probabilities_array:[0.         0.         0.         0.         0.         0.16080824
 0.02842554 0.05162471 0.02244432 0.19561999 0.54107714]

rule27: actor_1_facebook_likes > 15332.499
probabilities_array:[0.01151938 0.09884831 0.         0.         0.03879378 0.13354416
 0.         0.03382864 0.05909017 0.16205487 0.46232074]

rule5: 1996.224 < title_year < 2003.102
probabilities_array:[0.0605342  0.00249226 0.15070546 0.04308571 0.         0.07774355
 0.00349347 0.03458545 0.00122589 0.24183157 0.38430247]

rule34: 753.756 < actor_3_facebook_likes < 2042.768
probabilities_array:[0.         0.01755993 0.         0.08887111 0.16708465 0.05632133
 0.02837774 0.15800786 0.15295504 0.15536273 0.17545964]


---6---
rule10: 98320.773 < num_voted_users < 199019.222
probabilities_array:[0.         0.         0.00601202 0.00138904 0.         0.18529245
 0.2227834  0.20333365 0.1920577  0.01720443 0.17192733]

rule47: duration > 124.864
probabilities_array:[0.         0.         0.         0.02233995 0.03910402 0.00451927
 0.25074744 0.08582074 0.10400001 0.15519719 0.3382714 ]

rule30: 1915.406 < actor_2_facebook_likes < 5031.324
probabilities_array:[0.         0.         0.         0.21569674 0.         0.
 0.18923691 0.19683228 0.13775837 0.13631795 0.12415774]

rule0: imdb_score < 5.756
probabilities_array:[0.         0.         0.02089603 0.07969456 0.19552757 0.1848093
 0.17241187 0.13451248 0.08275895 0.03999582 0.08939334]

rule18: 316.020 < num_user_for_reviews < 590.058
probabilities_array:[0.         0.         0.05219578 0.14939442 0.15946029 0.15194419
 0.152903   0.13299835 0.1278346  0.0624541  0.01081525]

rule50: 47450180.563 < budget < 226849761.506
probabilities_array:[0.         0.         0.         0.         0.         0.01960284
 0.19803225 0.16064146 0.17668845 0.20841363 0.23662135]

rule42: 9016.071 < movie_facebook_likes < 23744.159
probabilities_array:[0.0000000e+00 4.3887027e-02 7.7290424e-05 4.9505532e-02 3.1930193e-02
 1.7282429e-01 1.7953466e-01 1.2165636e-01 5.9895486e-02 1.3497555e-01
 2.0571357e-01]

rule1: 5.756 < imdb_score < 6.487
probabilities_array:[0.09909618 0.         0.         0.00564017 0.10709954 0.09752031
 0.13090259 0.13882188 0.14179116 0.18842706 0.09070115]

rule17: 41.981 < num_user_for_reviews < 316.020
probabilities_array:[0.         0.11468323 0.16400687 0.10047263 0.07768059 0.12787868
 0.11973403 0.08682097 0.1452811  0.019814   0.04362784]

rule46: 109.721 < duration < 124.864
probabilities_array:[0.0027209  0.03828576 0.09802696 0.05363681 0.00919134 0.1099819
 0.13981673 0.15848249 0.15990223 0.         0.22995488]

rule13: 76.267 < num_critic_for_reviews < 159.777
probabilities_array:[0.00048437 0.         0.         0.01182731 0.14711514 0.13744947
 0.12939572 0.17815712 0.17889532 0.0352651  0.18141037]

rule49: -131949400.379 < budget < 47450180.563
probabilities_array:[0.098519   0.11832935 0.13601282 0.1661668  0.13593099 0.09350365
 0.10643002 0.07598548 0.0459461  0.00099301 0.02218282]

rule22: 771.213 < director_facebook_likes < 2787.669
probabilities_array:[0.09491964 0.         0.         0.20908156 0.         0.04809709
 0.12206867 0.18087246 0.         0.11632683 0.22863373]

rule14: 159.777 < num_critic_for_reviews < 243.287
probabilities_array:[0.         0.02717318 0.0845475  0.08565871 0.11617022 0.1690919
 0.08946778 0.10279474 0.13522087 0.15552278 0.03435237]

rule26: 7231.266 < actor_1_facebook_likes < 15332.499
probabilities_array:[2.5818590e-02 0.0000000e+00 8.8672496e-05 6.7863367e-02 0.0000000e+00
 2.4567893e-02 1.3610008e-01 3.5408102e-02 1.5954372e-01 1.7742823e-01
 3.7318134e-01]

rule4: title_year < 1996.224
probabilities_array:[0.         0.00431106 0.03947214 0.05548552 0.10175218 0.11568981
 0.08261578 0.13282776 0.21870479 0.22983444 0.01930653]

rule9: -2377.676 < num_voted_users < 98320.773
probabilities_array:[0.18911578 0.17128858 0.15341435 0.15902552 0.13705023 0.08598234
 0.05725986 0.02974225 0.00446367 0.         0.01265736]

rule2: 6.487 < imdb_score < 7.217
probabilities_array:[0.21461824 0.12679538 0.03462911 0.02303857 0.         0.
 0.06559952 0.09975018 0.08576701 0.20061505 0.14918692]

rule15: num_critic_for_reviews > 243.287
probabilities_array:[0.0000000e+00 0.0000000e+00 1.8120452e-04 0.0000000e+00 1.1742648e-01
 2.4609117e-01 6.9598503e-02 6.9544904e-02 6.0891561e-02 1.7898695e-01
 2.5727934e-01]

rule43: movie_facebook_likes > 23744.159
probabilities_array:[0.         0.         0.         0.04383852 0.         0.00857898
 0.0739353  0.19063821 0.14208105 0.16041577 0.3805121 ]

rule23: director_facebook_likes > 2787.669
probabilities_array:[0.00108704 0.         0.06484985 0.15658037 0.         0.
 0.0657387  0.02272656 0.19968171 0.1257307  0.36360508]


---7---
rule30: 1915.406 < actor_2_facebook_likes < 5031.324
probabilities_array:[0.         0.         0.         0.21569674 0.         0.
 0.18923691 0.19683228 0.13775837 0.13631795 0.12415774]

rule10: 98320.773 < num_voted_users < 199019.222
probabilities_array:[0.         0.         0.00601202 0.00138904 0.         0.18529245
 0.2227834  0.20333365 0.1920577  0.01720443 0.17192733]

rule13: 76.267 < num_critic_for_reviews < 159.777
probabilities_array:[0.00048437 0.         0.         0.01182731 0.14711514 0.13744947
 0.12939572 0.17815712 0.17889532 0.0352651  0.18141037]

rule22: 771.213 < director_facebook_likes < 2787.669
probabilities_array:[0.09491964 0.         0.         0.20908156 0.         0.04809709
 0.12206867 0.18087246 0.         0.11632683 0.22863373]

rule18: 316.020 < num_user_for_reviews < 590.058
probabilities_array:[0.         0.         0.05219578 0.14939442 0.15946029 0.15194419
 0.152903   0.13299835 0.1278346  0.0624541  0.01081525]

rule34: 753.756 < actor_3_facebook_likes < 2042.768
probabilities_array:[0.         0.01755993 0.         0.08887111 0.16708465 0.05632133
 0.02837774 0.15800786 0.15295504 0.15536273 0.17545964]

rule4: title_year < 1996.224
probabilities_array:[0.         0.00431106 0.03947214 0.05548552 0.10175218 0.11568981
 0.08261578 0.13282776 0.21870479 0.22983444 0.01930653]

rule1: 5.756 < imdb_score < 6.487
probabilities_array:[0.09909618 0.         0.         0.00564017 0.10709954 0.09752031
 0.13090259 0.13882188 0.14179116 0.18842706 0.09070115]

rule50: 47450180.563 < budget < 226849761.506
probabilities_array:[0.         0.         0.         0.         0.         0.01960284
 0.19803225 0.16064146 0.17668845 0.20841363 0.23662135]

rule0: imdb_score < 5.756
probabilities_array:[0.         0.         0.02089603 0.07969456 0.19552757 0.1848093
 0.17241187 0.13451248 0.08275895 0.03999582 0.08939334]

rule46: 109.721 < duration < 124.864
probabilities_array:[0.0027209  0.03828576 0.09802696 0.05363681 0.00919134 0.1099819
 0.13981673 0.15848249 0.15990223 0.         0.22995488]

rule43: movie_facebook_likes > 23744.159
probabilities_array:[0.         0.         0.         0.04383852 0.         0.00857898
 0.0739353  0.19063821 0.14208105 0.16041577 0.3805121 ]

rule38: 10846.742 < cast_total_facebook_likes < 21917.266
probabilities_array:[0.01962386 0.01251504 0.         0.         0.00642299 0.12753506
 0.         0.16136195 0.14736208 0.16306871 0.36211032]

rule14: 159.777 < num_critic_for_reviews < 243.287
probabilities_array:[0.         0.02717318 0.0845475  0.08565871 0.11617022 0.1690919
 0.08946778 0.10279474 0.13522087 0.15552278 0.03435237]

rule42: 9016.071 < movie_facebook_likes < 23744.159
probabilities_array:[0.0000000e+00 4.3887027e-02 7.7290424e-05 4.9505532e-02 3.1930193e-02
 1.7282429e-01 1.7953466e-01 1.2165636e-01 5.9895486e-02 1.3497555e-01
 2.0571357e-01]

rule2: 6.487 < imdb_score < 7.217
probabilities_array:[0.21461824 0.12679538 0.03462911 0.02303857 0.         0.
 0.06559952 0.09975018 0.08576701 0.20061505 0.14918692]

rule17: 41.981 < num_user_for_reviews < 316.020
probabilities_array:[0.         0.11468323 0.16400687 0.10047263 0.07768059 0.12787868
 0.11973403 0.08682097 0.1452811  0.019814   0.04362784]

rule45: 94.578 < duration < 109.721
probabilities_array:[0.02326334 0.19503981 0.02031376 0.17235966 0.         0.01608342
 0.         0.12995885 0.00277225 0.0727554  0.36745346]

rule49: -131949400.379 < budget < 47450180.563
probabilities_array:[0.098519   0.11832935 0.13601282 0.1661668  0.13593099 0.09350365
 0.10643002 0.07598548 0.0459461  0.00099301 0.02218282]

rule33: -535.255 < actor_3_facebook_likes < 753.756
probabilities_array:[0.08612515 0.07193303 0.15242422 0.         0.         0.01517883
 0.01767118 0.12040482 0.06820659 0.07231993 0.39573613]

rule47: duration > 124.864
probabilities_array:[0.         0.         0.         0.02233995 0.03910402 0.00451927
 0.25074744 0.08582074 0.10400001 0.15519719 0.3382714 ]

rule15: num_critic_for_reviews > 243.287
probabilities_array:[0.0000000e+00 0.0000000e+00 1.8120452e-04 0.0000000e+00 1.1742648e-01
 2.4609117e-01 6.9598503e-02 6.9544904e-02 6.0891561e-02 1.7898695e-01
 2.5727934e-01]

rule7: title_year > 2009.979
probabilities_array:[0.27008617 0.03109027 0.         0.         0.         0.
 0.01891505 0.07456431 0.06550214 0.19314164 0.34670046]


---8---
rule4: title_year < 1996.224
probabilities_array:[0.         0.00431106 0.03947214 0.05548552 0.10175218 0.11568981
 0.08261578 0.13282776 0.21870479 0.22983444 0.01930653]

rule10: 98320.773 < num_voted_users < 199019.222
probabilities_array:[0.         0.         0.00601202 0.00138904 0.         0.18529245
 0.2227834  0.20333365 0.1920577  0.01720443 0.17192733]

rule13: 76.267 < num_critic_for_reviews < 159.777
probabilities_array:[0.00048437 0.         0.         0.01182731 0.14711514 0.13744947
 0.12939572 0.17815712 0.17889532 0.0352651  0.18141037]

rule17: 41.981 < num_user_for_reviews < 316.020
probabilities_array:[0.         0.11468323 0.16400687 0.10047263 0.07768059 0.12787868
 0.11973403 0.08682097 0.1452811  0.019814   0.04362784]

rule50: 47450180.563 < budget < 226849761.506
probabilities_array:[0.         0.         0.         0.         0.         0.01960284
 0.19803225 0.16064146 0.17668845 0.20841363 0.23662135]

rule14: 159.777 < num_critic_for_reviews < 243.287
probabilities_array:[0.         0.02717318 0.0845475  0.08565871 0.11617022 0.1690919
 0.08946778 0.10279474 0.13522087 0.15552278 0.03435237]

rule1: 5.756 < imdb_score < 6.487
probabilities_array:[0.09909618 0.         0.         0.00564017 0.10709954 0.09752031
 0.13090259 0.13882188 0.14179116 0.18842706 0.09070115]

rule23: director_facebook_likes > 2787.669
probabilities_array:[0.00108704 0.         0.06484985 0.15658037 0.         0.
 0.0657387  0.02272656 0.19968171 0.1257307  0.36360508]

rule18: 316.020 < num_user_for_reviews < 590.058
probabilities_array:[0.         0.         0.05219578 0.14939442 0.15946029 0.15194419
 0.152903   0.13299835 0.1278346  0.0624541  0.01081525]

rule34: 753.756 < actor_3_facebook_likes < 2042.768
probabilities_array:[0.         0.01755993 0.         0.08887111 0.16708465 0.05632133
 0.02837774 0.15800786 0.15295504 0.15536273 0.17545964]

rule46: 109.721 < duration < 124.864
probabilities_array:[0.0027209  0.03828576 0.09802696 0.05363681 0.00919134 0.1099819
 0.13981673 0.15848249 0.15990223 0.         0.22995488]

rule30: 1915.406 < actor_2_facebook_likes < 5031.324
probabilities_array:[0.         0.         0.         0.21569674 0.         0.
 0.18923691 0.19683228 0.13775837 0.13631795 0.12415774]

rule11: num_voted_users > 199019.222
probabilities_array:[0.         0.         0.         0.         0.         0.
 0.         0.         0.22733504 0.27700725 0.4956577 ]

rule31: actor_2_facebook_likes > 5031.324
probabilities_array:[0.00247845 0.         0.         0.         0.11228751 0.
 0.         0.01794215 0.19736095 0.19056308 0.47936785]

rule26: 7231.266 < actor_1_facebook_likes < 15332.499
probabilities_array:[2.5818590e-02 0.0000000e+00 8.8672496e-05 6.7863367e-02 0.0000000e+00
 2.4567893e-02 1.3610008e-01 3.5408102e-02 1.5954372e-01 1.7742823e-01
 3.7318134e-01]

rule38: 10846.742 < cast_total_facebook_likes < 21917.266
probabilities_array:[0.01962386 0.01251504 0.         0.         0.00642299 0.12753506
 0.         0.16136195 0.14736208 0.16306871 0.36211032]

rule43: movie_facebook_likes > 23744.159
probabilities_array:[0.         0.         0.         0.04383852 0.         0.00857898
 0.0739353  0.19063821 0.14208105 0.16041577 0.3805121 ]

rule0: imdb_score < 5.756
probabilities_array:[0.         0.         0.02089603 0.07969456 0.19552757 0.1848093
 0.17241187 0.13451248 0.08275895 0.03999582 0.08939334]

rule2: 6.487 < imdb_score < 7.217
probabilities_array:[0.21461824 0.12679538 0.03462911 0.02303857 0.         0.
 0.06559952 0.09975018 0.08576701 0.20061505 0.14918692]

rule47: duration > 124.864
probabilities_array:[0.         0.         0.         0.02233995 0.03910402 0.00451927
 0.25074744 0.08582074 0.10400001 0.15519719 0.3382714 ]

rule41: -5712.016 < movie_facebook_likes < 9016.071
probabilities_array:[0.24173121 0.07578027 0.         0.         0.01422361 0.
 0.         0.         0.10231433 0.09383608 0.4721144 ]

rule42: 9016.071 < movie_facebook_likes < 23744.159
probabilities_array:[0.0000000e+00 4.3887027e-02 7.7290424e-05 4.9505532e-02 3.1930193e-02
 1.7282429e-01 1.7953466e-01 1.2165636e-01 5.9895486e-02 1.3497555e-01
 2.0571357e-01]

rule15: num_critic_for_reviews > 243.287
probabilities_array:[0.0000000e+00 0.0000000e+00 1.8120452e-04 0.0000000e+00 1.1742648e-01
 2.4609117e-01 6.9598503e-02 6.9544904e-02 6.0891561e-02 1.7898695e-01
 2.5727934e-01]

rule49: -131949400.379 < budget < 47450180.563
probabilities_array:[0.098519   0.11832935 0.13601282 0.1661668  0.13593099 0.09350365
 0.10643002 0.07598548 0.0459461  0.00099301 0.02218282]

rule7: title_year > 2009.979
probabilities_array:[0.27008617 0.03109027 0.         0.         0.         0.
 0.01891505 0.07456431 0.06550214 0.19314164 0.34670046]

rule33: -535.255 < actor_3_facebook_likes < 753.756
probabilities_array:[0.08612515 0.07193303 0.15242422 0.         0.         0.01517883
 0.01767118 0.12040482 0.06820659 0.07231993 0.39573613]


---9---
rule4: title_year < 1996.224
probabilities_array:[0.         0.00431106 0.03947214 0.05548552 0.10175218 0.11568981
 0.08261578 0.13282776 0.21870479 0.22983444 0.01930653]

rule1: 5.756 < imdb_score < 6.487
probabilities_array:[0.09909618 0.         0.         0.00564017 0.10709954 0.09752031
 0.13090259 0.13882188 0.14179116 0.18842706 0.09070115]

rule2: 6.487 < imdb_score < 7.217
probabilities_array:[0.21461824 0.12679538 0.03462911 0.02303857 0.         0.
 0.06559952 0.09975018 0.08576701 0.20061505 0.14918692]

rule50: 47450180.563 < budget < 226849761.506
probabilities_array:[0.         0.         0.         0.         0.         0.01960284
 0.19803225 0.16064146 0.17668845 0.20841363 0.23662135]

rule51: budget > 226849761.506
probabilities_array:[0.2234228  0.25638396 0.         0.010497   0.         0.
 0.         0.         0.         0.2185984  0.29109788]

rule14: 159.777 < num_critic_for_reviews < 243.287
probabilities_array:[0.         0.02717318 0.0845475  0.08565871 0.11617022 0.1690919
 0.08946778 0.10279474 0.13522087 0.15552278 0.03435237]

rule5: 1996.224 < title_year < 2003.102
probabilities_array:[0.0605342  0.00249226 0.15070546 0.04308571 0.         0.07774355
 0.00349347 0.03458545 0.00122589 0.24183157 0.38430247]

rule6: 2003.102 < title_year < 2009.979
probabilities_array:[0.20817265 0.0676188  0.06585018 0.09069826 0.06868393 0.01362233
 0.         0.0208318  0.         0.19972411 0.26479793]

rule11: num_voted_users > 199019.222
probabilities_array:[0.         0.         0.         0.         0.         0.
 0.         0.         0.22733504 0.27700725 0.4956577 ]

rule15: num_critic_for_reviews > 243.287
probabilities_array:[0.0000000e+00 0.0000000e+00 1.8120452e-04 0.0000000e+00 1.1742648e-01
 2.4609117e-01 6.9598503e-02 6.9544904e-02 6.0891561e-02 1.7898695e-01
 2.5727934e-01]

rule34: 753.756 < actor_3_facebook_likes < 2042.768
probabilities_array:[0.         0.01755993 0.         0.08887111 0.16708465 0.05632133
 0.02837774 0.15800786 0.15295504 0.15536273 0.17545964]

rule7: title_year > 2009.979
probabilities_array:[0.27008617 0.03109027 0.         0.         0.         0.
 0.01891505 0.07456431 0.06550214 0.19314164 0.34670046]

rule30: 1915.406 < actor_2_facebook_likes < 5031.324
probabilities_array:[0.         0.         0.         0.21569674 0.         0.
 0.18923691 0.19683228 0.13775837 0.13631795 0.12415774]

rule3: imdb_score > 7.217
probabilities_array:[0.02392869 0.17738032 0.21755444 0.02945704 0.         0.
 0.         0.         0.05881708 0.17183977 0.32102263]

rule26: 7231.266 < actor_1_facebook_likes < 15332.499
probabilities_array:[2.5818590e-02 0.0000000e+00 8.8672496e-05 6.7863367e-02 0.0000000e+00
 2.4567893e-02 1.3610008e-01 3.5408102e-02 1.5954372e-01 1.7742823e-01
 3.7318134e-01]

rule42: 9016.071 < movie_facebook_likes < 23744.159
probabilities_array:[0.0000000e+00 4.3887027e-02 7.7290424e-05 4.9505532e-02 3.1930193e-02
 1.7282429e-01 1.7953466e-01 1.2165636e-01 5.9895486e-02 1.3497555e-01
 2.0571357e-01]

rule38: 10846.742 < cast_total_facebook_likes < 21917.266
probabilities_array:[0.01962386 0.01251504 0.         0.         0.00642299 0.12753506
 0.         0.16136195 0.14736208 0.16306871 0.36211032]

rule47: duration > 124.864
probabilities_array:[0.         0.         0.         0.02233995 0.03910402 0.00451927
 0.25074744 0.08582074 0.10400001 0.15519719 0.3382714 ]

rule43: movie_facebook_likes > 23744.159
probabilities_array:[0.         0.         0.         0.04383852 0.         0.00857898
 0.0739353  0.19063821 0.14208105 0.16041577 0.3805121 ]

rule31: actor_2_facebook_likes > 5031.324
probabilities_array:[0.00247845 0.         0.         0.         0.11228751 0.
 0.         0.01794215 0.19736095 0.19056308 0.47936785]

rule21: -1245.243 < director_facebook_likes < 771.213
probabilities_array:[0.         0.01236245 0.         0.         0.         0.
 0.         0.07795118 0.07839577 0.24048306 0.5908076 ]

rule44: duration < 94.578
probabilities_array:[0.20314671 0.         0.06591304 0.         0.         0.
 0.         0.         0.02215436 0.19476296 0.51402295]

rule35: actor_3_facebook_likes > 2042.768
probabilities_array:[0.         0.         0.         0.         0.03168142 0.
 0.         0.         0.0940218  0.25029117 0.62400556]

rule19: num_user_for_reviews > 590.058
probabilities_array:[0.         0.         0.         0.         0.         0.16080824
 0.02842554 0.05162471 0.02244432 0.19561999 0.54107714]

rule22: 771.213 < director_facebook_likes < 2787.669
probabilities_array:[0.09491964 0.         0.         0.20908156 0.         0.04809709
 0.12206867 0.18087246 0.         0.11632683 0.22863373]

rule27: actor_1_facebook_likes > 15332.499
probabilities_array:[0.01151938 0.09884831 0.         0.         0.03879378 0.13354416
 0.         0.03382864 0.05909017 0.16205487 0.46232074]

rule23: director_facebook_likes > 2787.669
probabilities_array:[0.00108704 0.         0.06484985 0.15658037 0.         0.
 0.0657387  0.02272656 0.19968171 0.1257307  0.36360508]

rule18: 316.020 < num_user_for_reviews < 590.058
probabilities_array:[0.         0.         0.05219578 0.14939442 0.15946029 0.15194419
 0.152903   0.13299835 0.1278346  0.0624541  0.01081525]

rule41: -5712.016 < movie_facebook_likes < 9016.071
probabilities_array:[0.24173121 0.07578027 0.         0.         0.01422361 0.
 0.         0.         0.10231433 0.09383608 0.4721144 ]

rule45: 94.578 < duration < 109.721
probabilities_array:[0.02326334 0.19503981 0.02031376 0.17235966 0.         0.01608342
 0.         0.12995885 0.00277225 0.0727554  0.36745346]

rule25: -869.967 < actor_1_facebook_likes < 7231.266
probabilities_array:[0.07504386 0.01811213 0.         0.03645415 0.         0.
 0.03966203 0.06583845 0.02422044 0.11817902 0.62249005]

rule33: -535.255 < actor_3_facebook_likes < 753.756
probabilities_array:[0.08612515 0.07193303 0.15242422 0.         0.         0.01517883
 0.01767118 0.12040482 0.06820659 0.07231993 0.39573613]

rule39: cast_total_facebook_likes > 21917.266
probabilities_array:[0.0132296  0.00276332 0.01386689 0.         0.         0.00329658
 0.         0.         0.03159906 0.17888145 0.75636303]

