R2: 0.6306492772924273


MAE: 23719941.195282537


Accuracy: 0.2745965984914461


F1: 0.2876911871813547


Most important rules
-----------------------------

---0---
rule2: 6.477 < imdb_score < 7.216
probabilities_array:[0.25283137 0.19174805 0.         0.         0.         0.05803296
 0.0536197  0.07163679 0.21071203 0.16141911]

rule9: -248.868 < num_voted_users < 100782.109
probabilities_array:[0.2085591  0.16989465 0.16009073 0.15773287 0.11802088 0.08412671
 0.07092654 0.02305698 0.         0.00759152]

rule12: num_critic_for_reviews < 77.010
probabilities_array:[0.28115773 0.1480654  0.1379167  0.         0.         0.
 0.04113947 0.         0.         0.39172068]

rule51: budget > 230373922.718
probabilities_array:[0.22122659 0.28890374 0.00042161 0.         0.         0.
 0.         0.         0.25183725 0.23761074]

rule7: title_year > 2009.907
probabilities_array:[0.24520327 0.09118418 0.         0.         0.         0.
 0.00201473 0.11608124 0.19885759 0.346659  ]

rule6: 2003.297 < title_year < 2009.907
probabilities_array:[0.19899961 0.08387907 0.190575   0.044649   0.         0.00135933
 0.04891291 0.00907457 0.13092504 0.2916255 ]

rule44: duration < 94.446
probabilities_array:[0.23590706 0.00058584 0.         0.         0.         0.
 0.         0.         0.30377224 0.4597349 ]

rule16: num_user_for_reviews < 46.711
probabilities_array:[0.28582785 0.14638521 0.         0.         0.         0.
 0.         0.         0.         0.567787  ]

rule41: -5464.783 < movie_facebook_likes < 9279.337
probabilities_array:[0.23948678 0.1111611  0.         0.         0.         0.
 0.         0.08087023 0.07116794 0.49731392]

rule1: 5.738 < imdb_score < 6.477
probabilities_array:[0.11194719 0.         0.01809228 0.07746791 0.10501684 0.13844383
 0.13207713 0.18321136 0.15321837 0.08052514]

rule49: -132629971.845 < budget < 48871975.437
probabilities_array:[0.09115763 0.12634914 0.1883107  0.17086586 0.13864627 0.10893309
 0.1029449  0.03950508 0.00173669 0.03155064]

rule33: -534.604 < actor_3_facebook_likes < 747.177
probabilities_array:[0.17904277 0.00559786 0.         0.05284831 0.         0.
 0.06223    0.0118177  0.08561136 0.602852  ]

rule45: 94.446 < duration < 109.644
probabilities_array:[0.09409757 0.13014676 0.07274403 0.06024659 0.         0.08691578
 0.08005638 0.09091559 0.02230977 0.3625676 ]

rule37: -2328.122 < cast_total_facebook_likes < 11267.438
probabilities_array:[0.11129424 0.09505146 0.         0.         0.         0.
 0.00173436 0.11580195 0.12159261 0.5545254 ]

rule25: -3578.677 < actor_1_facebook_likes < 7606.053
probabilities_array:[0.10429699 0.08750989 0.         0.         0.         0.
 0.01045076 0.07507071 0.11823262 0.604439  ]


---1---
rule51: budget > 230373922.718
probabilities_array:[0.22122659 0.28890374 0.00042161 0.         0.         0.
 0.         0.         0.25183725 0.23761074]

rule9: -248.868 < num_voted_users < 100782.109
probabilities_array:[0.2085591  0.16989465 0.16009073 0.15773287 0.11802088 0.08412671
 0.07092654 0.02305698 0.         0.00759152]

rule2: 6.477 < imdb_score < 7.216
probabilities_array:[0.25283137 0.19174805 0.         0.         0.         0.05803296
 0.0536197  0.07163679 0.21071203 0.16141911]

rule17: 46.711 < num_user_for_reviews < 316.702
probabilities_array:[0.         0.16196206 0.17016171 0.12315696 0.11881603 0.1232197
 0.08883987 0.1156927  0.05180063 0.04635032]

rule3: imdb_score > 7.216
probabilities_array:[0.05569869 0.26581445 0.         0.         0.         0.
 0.         0.         0.19645298 0.48203397]

rule49: -132629971.845 < budget < 48871975.437
probabilities_array:[0.09115763 0.12634914 0.1883107  0.17086586 0.13864627 0.10893309
 0.1029449  0.03950508 0.00173669 0.03155064]

rule12: num_critic_for_reviews < 77.010
probabilities_array:[0.28115773 0.1480654  0.1379167  0.         0.         0.
 0.04113947 0.         0.         0.39172068]

rule45: 94.446 < duration < 109.644
probabilities_array:[0.09409757 0.13014676 0.07274403 0.06024659 0.         0.08691578
 0.08005638 0.09091559 0.02230977 0.3625676 ]

rule16: num_user_for_reviews < 46.711
probabilities_array:[0.28582785 0.14638521 0.         0.         0.         0.
 0.         0.         0.         0.567787  ]

rule7: title_year > 2009.907
probabilities_array:[0.24520327 0.09118418 0.         0.         0.         0.
 0.00201473 0.11608124 0.19885759 0.346659  ]

rule6: 2003.297 < title_year < 2009.907
probabilities_array:[0.19899961 0.08387907 0.190575   0.044649   0.         0.00135933
 0.04891291 0.00907457 0.13092504 0.2916255 ]

rule27: actor_1_facebook_likes > 18790.783
probabilities_array:[0.01642513 0.10196981 0.06099064 0.00045374 0.         0.11099651
 0.10268344 0.         0.18402326 0.42245743]

rule41: -5464.783 < movie_facebook_likes < 9279.337
probabilities_array:[0.23948678 0.1111611  0.         0.         0.         0.
 0.         0.08087023 0.07116794 0.49731392]

rule13: 77.010 < num_critic_for_reviews < 162.013
probabilities_array:[0.         0.05992382 0.0605658  0.05548362 0.14330827 0.13298944
 0.11108423 0.20823763 0.10722868 0.12117846]

rule37: -2328.122 < cast_total_facebook_likes < 11267.438
probabilities_array:[0.11129424 0.09505146 0.         0.         0.         0.
 0.00173436 0.11580195 0.12159261 0.5545254 ]


---2---
rule22: 783.086 < director_facebook_likes < 2841.924
probabilities_array:[0.         0.         0.30841973 0.         0.3066851  0.
 0.06630065 0.         0.0514315  0.26716304]

rule23: director_facebook_likes > 2841.924
probabilities_array:[0.         0.         0.21677391 0.11305819 0.02857276 0.16074425
 0.06089706 0.2345173  0.02894193 0.15649462]

rule49: -132629971.845 < budget < 48871975.437
probabilities_array:[0.09115763 0.12634914 0.1883107  0.17086586 0.13864627 0.10893309
 0.1029449  0.03950508 0.00173669 0.03155064]

rule17: 46.711 < num_user_for_reviews < 316.702
probabilities_array:[0.         0.16196206 0.17016171 0.12315696 0.11881603 0.1232197
 0.08883987 0.1156927  0.05180063 0.04635032]

rule9: -248.868 < num_voted_users < 100782.109
probabilities_array:[0.2085591  0.16989465 0.16009073 0.15773287 0.11802088 0.08412671
 0.07092654 0.02305698 0.         0.00759152]

rule6: 2003.297 < title_year < 2009.907
probabilities_array:[0.19899961 0.08387907 0.190575   0.044649   0.         0.00135933
 0.04891291 0.00907457 0.13092504 0.2916255 ]

rule18: 316.702 < num_user_for_reviews < 586.694
probabilities_array:[0.         0.00142838 0.13007818 0.1686612  0.14871334 0.15151066
 0.15877543 0.14871219 0.08910094 0.00301968]

rule42: 9279.337 < movie_facebook_likes < 24023.456
probabilities_array:[0.         0.03750309 0.13088974 0.0752569  0.1811727  0.13953583
 0.14507185 0.08119898 0.11505456 0.09431643]

rule5: 1996.686 < title_year < 2003.297
probabilities_array:[0.0364028  0.         0.1632345  0.05093831 0.06941354 0.11937559
 0.08703054 0.04888554 0.08310477 0.3416144 ]

rule12: num_critic_for_reviews < 77.010
probabilities_array:[0.28115773 0.1480654  0.1379167  0.         0.         0.
 0.04113947 0.         0.         0.39172068]

rule14: 162.013 < num_critic_for_reviews < 247.016
probabilities_array:[0.         0.02727232 0.07099149 0.11450443 0.18481408 0.07932103
 0.10752408 0.19015726 0.18039463 0.04502065]

rule0: imdb_score < 5.738
probabilities_array:[0.         0.         0.0629651  0.21229188 0.21616718 0.10910653
 0.13044712 0.18622008 0.00858188 0.07422022]

rule4: title_year < 1996.686
probabilities_array:[0.         0.01402165 0.05622664 0.08294491 0.10687437 0.11577436
 0.1323346  0.19880661 0.2763174  0.01669947]

rule13: 77.010 < num_critic_for_reviews < 162.013
probabilities_array:[0.         0.05992382 0.0605658  0.05548362 0.14330827 0.13298944
 0.11108423 0.20823763 0.10722868 0.12117846]

rule45: 94.446 < duration < 109.644
probabilities_array:[0.09409757 0.13014676 0.07274403 0.06024659 0.         0.08691578
 0.08005638 0.09091559 0.02230977 0.3625676 ]

rule38: 11267.438 < cast_total_facebook_likes < 24862.998
probabilities_array:[0.02943092 0.         0.07193821 0.01362104 0.08095806 0.06796308
 0.1032469  0.08930911 0.16319922 0.3803334 ]

rule46: 109.644 < duration < 124.842
probabilities_array:[0.         0.03256246 0.04943831 0.07891819 0.08538293 0.18311557
 0.1324547  0.25208458 0.         0.18604326]


---3---
rule0: imdb_score < 5.738
probabilities_array:[0.         0.         0.0629651  0.21229188 0.21616718 0.10910653
 0.13044712 0.18622008 0.00858188 0.07422022]

rule18: 316.702 < num_user_for_reviews < 586.694
probabilities_array:[0.         0.00142838 0.13007818 0.1686612  0.14871334 0.15151066
 0.15877543 0.14871219 0.08910094 0.00301968]

rule49: -132629971.845 < budget < 48871975.437
probabilities_array:[0.09115763 0.12634914 0.1883107  0.17086586 0.13864627 0.10893309
 0.1029449  0.03950508 0.00173669 0.03155064]

rule9: -248.868 < num_voted_users < 100782.109
probabilities_array:[0.2085591  0.16989465 0.16009073 0.15773287 0.11802088 0.08412671
 0.07092654 0.02305698 0.         0.00759152]

rule17: 46.711 < num_user_for_reviews < 316.702
probabilities_array:[0.         0.16196206 0.17016171 0.12315696 0.11881603 0.1232197
 0.08883987 0.1156927  0.05180063 0.04635032]

rule14: 162.013 < num_critic_for_reviews < 247.016
probabilities_array:[0.         0.02727232 0.07099149 0.11450443 0.18481408 0.07932103
 0.10752408 0.19015726 0.18039463 0.04502065]

rule30: 1945.414 < actor_2_facebook_likes < 5076.415
probabilities_array:[0.00097314 0.         0.01851249 0.11741944 0.         0.2202612
 0.16578451 0.20254537 0.15529376 0.11921001]

rule23: director_facebook_likes > 2841.924
probabilities_array:[0.         0.         0.21677391 0.11305819 0.02857276 0.16074425
 0.06089706 0.2345173  0.02894193 0.15649462]

rule4: title_year < 1996.686
probabilities_array:[0.         0.01402165 0.05622664 0.08294491 0.10687437 0.11577436
 0.1323346  0.19880661 0.2763174  0.01669947]

rule15: num_critic_for_reviews > 247.016
probabilities_array:[0.         0.         0.         0.11734989 0.07862844 0.20356597
 0.         0.04221445 0.2146712  0.34357   ]

rule1: 5.738 < imdb_score < 6.477
probabilities_array:[0.11194719 0.         0.01809228 0.07746791 0.10501684 0.13844383
 0.13207713 0.18321136 0.15321837 0.08052514]

rule42: 9279.337 < movie_facebook_likes < 24023.456
probabilities_array:[0.         0.03750309 0.13088974 0.0752569  0.1811727  0.13953583
 0.14507185 0.08119898 0.11505456 0.09431643]

rule46: 109.644 < duration < 124.842
probabilities_array:[0.         0.03256246 0.04943831 0.07891819 0.08538293 0.18311557
 0.1324547  0.25208458 0.         0.18604326]

rule13: 77.010 < num_critic_for_reviews < 162.013
probabilities_array:[0.         0.05992382 0.0605658  0.05548362 0.14330827 0.13298944
 0.11108423 0.20823763 0.10722868 0.12117846]


---4---
rule22: 783.086 < director_facebook_likes < 2841.924
probabilities_array:[0.         0.         0.30841973 0.         0.3066851  0.
 0.06630065 0.         0.0514315  0.26716304]

rule0: imdb_score < 5.738
probabilities_array:[0.         0.         0.0629651  0.21229188 0.21616718 0.10910653
 0.13044712 0.18622008 0.00858188 0.07422022]

rule14: 162.013 < num_critic_for_reviews < 247.016
probabilities_array:[0.         0.02727232 0.07099149 0.11450443 0.18481408 0.07932103
 0.10752408 0.19015726 0.18039463 0.04502065]

rule42: 9279.337 < movie_facebook_likes < 24023.456
probabilities_array:[0.         0.03750309 0.13088974 0.0752569  0.1811727  0.13953583
 0.14507185 0.08119898 0.11505456 0.09431643]

rule18: 316.702 < num_user_for_reviews < 586.694
probabilities_array:[0.         0.00142838 0.13007818 0.1686612  0.14871334 0.15151066
 0.15877543 0.14871219 0.08910094 0.00301968]

rule49: -132629971.845 < budget < 48871975.437
probabilities_array:[0.09115763 0.12634914 0.1883107  0.17086586 0.13864627 0.10893309
 0.1029449  0.03950508 0.00173669 0.03155064]

rule13: 77.010 < num_critic_for_reviews < 162.013
probabilities_array:[0.         0.05992382 0.0605658  0.05548362 0.14330827 0.13298944
 0.11108423 0.20823763 0.10722868 0.12117846]

rule9: -248.868 < num_voted_users < 100782.109
probabilities_array:[0.2085591  0.16989465 0.16009073 0.15773287 0.11802088 0.08412671
 0.07092654 0.02305698 0.         0.00759152]

rule17: 46.711 < num_user_for_reviews < 316.702
probabilities_array:[0.         0.16196206 0.17016171 0.12315696 0.11881603 0.1232197
 0.08883987 0.1156927  0.05180063 0.04635032]

rule19: num_user_for_reviews > 586.694
probabilities_array:[0.         0.         0.         0.         0.19760199 0.04450865
 0.092755   0.02340622 0.20787081 0.43385735]

rule4: title_year < 1996.686
probabilities_array:[0.         0.01402165 0.05622664 0.08294491 0.10687437 0.11577436
 0.1323346  0.19880661 0.2763174  0.01669947]

rule10: 100782.109 < num_voted_users < 201813.086
probabilities_array:[0.         0.         0.00454705 0.00138741 0.12142907 0.23145677
 0.21795736 0.211276   0.02613592 0.1858104 ]

rule1: 5.738 < imdb_score < 6.477
probabilities_array:[0.11194719 0.         0.01809228 0.07746791 0.10501684 0.13844383
 0.13207713 0.18321136 0.15321837 0.08052514]

rule34: 747.177 < actor_3_facebook_likes < 2028.957
probabilities_array:[0.         0.01533636 0.         0.         0.11370134 0.05230306
 0.1860574  0.12555279 0.22347045 0.28357863]

rule46: 109.644 < duration < 124.842
probabilities_array:[0.         0.03256246 0.04943831 0.07891819 0.08538293 0.18311557
 0.1324547  0.25208458 0.         0.18604326]

rule31: actor_2_facebook_likes > 5076.415
probabilities_array:[0.         0.         0.         0.00067679 0.1181408  0.
 0.08386198 0.15368228 0.17780046 0.4658377 ]

rule15: num_critic_for_reviews > 247.016
probabilities_array:[0.         0.         0.         0.11734989 0.07862844 0.20356597
 0.         0.04221445 0.2146712  0.34357   ]

rule38: 11267.438 < cast_total_facebook_likes < 24862.998
probabilities_array:[0.02943092 0.         0.07193821 0.01362104 0.08095806 0.06796308
 0.1032469  0.08930911 0.16319922 0.3803334 ]

rule5: 1996.686 < title_year < 2003.297
probabilities_array:[0.0364028  0.         0.1632345  0.05093831 0.06941354 0.11937559
 0.08703054 0.04888554 0.08310477 0.3416144 ]

rule47: duration > 124.842
probabilities_array:[0.         0.         0.03530231 0.02635668 0.05224352 0.20732485
 0.18062365 0.16978085 0.10802681 0.22034125]


---5---
rule30: 1945.414 < actor_2_facebook_likes < 5076.415
probabilities_array:[0.00097314 0.         0.01851249 0.11741944 0.         0.2202612
 0.16578451 0.20254537 0.15529376 0.11921001]

rule10: 100782.109 < num_voted_users < 201813.086
probabilities_array:[0.         0.         0.00454705 0.00138741 0.12142907 0.23145677
 0.21795736 0.211276   0.02613592 0.1858104 ]

rule47: duration > 124.842
probabilities_array:[0.         0.         0.03530231 0.02635668 0.05224352 0.20732485
 0.18062365 0.16978085 0.10802681 0.22034125]

rule18: 316.702 < num_user_for_reviews < 586.694
probabilities_array:[0.         0.00142838 0.13007818 0.1686612  0.14871334 0.15151066
 0.15877543 0.14871219 0.08910094 0.00301968]

rule46: 109.644 < duration < 124.842
probabilities_array:[0.         0.03256246 0.04943831 0.07891819 0.08538293 0.18311557
 0.1324547  0.25208458 0.         0.18604326]

rule23: director_facebook_likes > 2841.924
probabilities_array:[0.         0.         0.21677391 0.11305819 0.02857276 0.16074425
 0.06089706 0.2345173  0.02894193 0.15649462]

rule15: num_critic_for_reviews > 247.016
probabilities_array:[0.         0.         0.         0.11734989 0.07862844 0.20356597
 0.         0.04221445 0.2146712  0.34357   ]

rule1: 5.738 < imdb_score < 6.477
probabilities_array:[0.11194719 0.         0.01809228 0.07746791 0.10501684 0.13844383
 0.13207713 0.18321136 0.15321837 0.08052514]

rule42: 9279.337 < movie_facebook_likes < 24023.456
probabilities_array:[0.         0.03750309 0.13088974 0.0752569  0.1811727  0.13953583
 0.14507185 0.08119898 0.11505456 0.09431643]

rule17: 46.711 < num_user_for_reviews < 316.702
probabilities_array:[0.         0.16196206 0.17016171 0.12315696 0.11881603 0.1232197
 0.08883987 0.1156927  0.05180063 0.04635032]

rule13: 77.010 < num_critic_for_reviews < 162.013
probabilities_array:[0.         0.05992382 0.0605658  0.05548362 0.14330827 0.13298944
 0.11108423 0.20823763 0.10722868 0.12117846]

rule4: title_year < 1996.686
probabilities_array:[0.         0.01402165 0.05622664 0.08294491 0.10687437 0.11577436
 0.1323346  0.19880661 0.2763174  0.01669947]

rule49: -132629971.845 < budget < 48871975.437
probabilities_array:[0.09115763 0.12634914 0.1883107  0.17086586 0.13864627 0.10893309
 0.1029449  0.03950508 0.00173669 0.03155064]

rule50: 48871975.437 < budget < 230373922.718
probabilities_array:[0.         0.         0.         0.         0.00439519 0.13541086
 0.2236496  0.17845245 0.22952718 0.22856478]

rule0: imdb_score < 5.738
probabilities_array:[0.         0.         0.0629651  0.21229188 0.21616718 0.10910653
 0.13044712 0.18622008 0.00858188 0.07422022]

rule9: -248.868 < num_voted_users < 100782.109
probabilities_array:[0.2085591  0.16989465 0.16009073 0.15773287 0.11802088 0.08412671
 0.07092654 0.02305698 0.         0.00759152]

rule5: 1996.686 < title_year < 2003.297
probabilities_array:[0.0364028  0.         0.1632345  0.05093831 0.06941354 0.11937559
 0.08703054 0.04888554 0.08310477 0.3416144 ]

rule14: 162.013 < num_critic_for_reviews < 247.016
probabilities_array:[0.         0.02727232 0.07099149 0.11450443 0.18481408 0.07932103
 0.10752408 0.19015726 0.18039463 0.04502065]

rule43: movie_facebook_likes > 24023.456
probabilities_array:[0.         0.         0.01067097 0.03791558 0.         0.11294602
 0.19818066 0.09699647 0.16820902 0.3750812 ]

rule27: actor_1_facebook_likes > 18790.783
probabilities_array:[0.01642513 0.10196981 0.06099064 0.00045374 0.         0.11099651
 0.10268344 0.         0.18402326 0.42245743]

rule45: 94.446 < duration < 109.644
probabilities_array:[0.09409757 0.13014676 0.07274403 0.06024659 0.         0.08691578
 0.08005638 0.09091559 0.02230977 0.3625676 ]

rule2: 6.477 < imdb_score < 7.216
probabilities_array:[0.25283137 0.19174805 0.         0.         0.         0.05803296
 0.0536197  0.07163679 0.21071203 0.16141911]

rule38: 11267.438 < cast_total_facebook_likes < 24862.998
probabilities_array:[0.02943092 0.         0.07193821 0.01362104 0.08095806 0.06796308
 0.1032469  0.08930911 0.16319922 0.3803334 ]


---6---
rule10: 100782.109 < num_voted_users < 201813.086
probabilities_array:[0.         0.         0.00454705 0.00138741 0.12142907 0.23145677
 0.21795736 0.211276   0.02613592 0.1858104 ]

rule50: 48871975.437 < budget < 230373922.718
probabilities_array:[0.         0.         0.         0.         0.00439519 0.13541086
 0.2236496  0.17845245 0.22952718 0.22856478]

rule18: 316.702 < num_user_for_reviews < 586.694
probabilities_array:[0.         0.00142838 0.13007818 0.1686612  0.14871334 0.15151066
 0.15877543 0.14871219 0.08910094 0.00301968]

rule30: 1945.414 < actor_2_facebook_likes < 5076.415
probabilities_array:[0.00097314 0.         0.01851249 0.11741944 0.         0.2202612
 0.16578451 0.20254537 0.15529376 0.11921001]

rule47: duration > 124.842
probabilities_array:[0.         0.         0.03530231 0.02635668 0.05224352 0.20732485
 0.18062365 0.16978085 0.10802681 0.22034125]

rule34: 747.177 < actor_3_facebook_likes < 2028.957
probabilities_array:[0.         0.01533636 0.         0.         0.11370134 0.05230306
 0.1860574  0.12555279 0.22347045 0.28357863]

rule42: 9279.337 < movie_facebook_likes < 24023.456
probabilities_array:[0.         0.03750309 0.13088974 0.0752569  0.1811727  0.13953583
 0.14507185 0.08119898 0.11505456 0.09431643]

rule4: title_year < 1996.686
probabilities_array:[0.         0.01402165 0.05622664 0.08294491 0.10687437 0.11577436
 0.1323346  0.19880661 0.2763174  0.01669947]

rule43: movie_facebook_likes > 24023.456
probabilities_array:[0.         0.         0.01067097 0.03791558 0.         0.11294602
 0.19818066 0.09699647 0.16820902 0.3750812 ]

rule1: 5.738 < imdb_score < 6.477
probabilities_array:[0.11194719 0.         0.01809228 0.07746791 0.10501684 0.13844383
 0.13207713 0.18321136 0.15321837 0.08052514]

rule0: imdb_score < 5.738
probabilities_array:[0.         0.         0.0629651  0.21229188 0.21616718 0.10910653
 0.13044712 0.18622008 0.00858188 0.07422022]

rule46: 109.644 < duration < 124.842
probabilities_array:[0.         0.03256246 0.04943831 0.07891819 0.08538293 0.18311557
 0.1324547  0.25208458 0.         0.18604326]

rule14: 162.013 < num_critic_for_reviews < 247.016
probabilities_array:[0.         0.02727232 0.07099149 0.11450443 0.18481408 0.07932103
 0.10752408 0.19015726 0.18039463 0.04502065]

rule49: -132629971.845 < budget < 48871975.437
probabilities_array:[0.09115763 0.12634914 0.1883107  0.17086586 0.13864627 0.10893309
 0.1029449  0.03950508 0.00173669 0.03155064]

rule13: 77.010 < num_critic_for_reviews < 162.013
probabilities_array:[0.         0.05992382 0.0605658  0.05548362 0.14330827 0.13298944
 0.11108423 0.20823763 0.10722868 0.12117846]

rule17: 46.711 < num_user_for_reviews < 316.702
probabilities_array:[0.         0.16196206 0.17016171 0.12315696 0.11881603 0.1232197
 0.08883987 0.1156927  0.05180063 0.04635032]

rule9: -248.868 < num_voted_users < 100782.109
probabilities_array:[0.2085591  0.16989465 0.16009073 0.15773287 0.11802088 0.08412671
 0.07092654 0.02305698 0.         0.00759152]

rule38: 11267.438 < cast_total_facebook_likes < 24862.998
probabilities_array:[0.02943092 0.         0.07193821 0.01362104 0.08095806 0.06796308
 0.1032469  0.08930911 0.16319922 0.3803334 ]

rule27: actor_1_facebook_likes > 18790.783
probabilities_array:[0.01642513 0.10196981 0.06099064 0.00045374 0.         0.11099651
 0.10268344 0.         0.18402326 0.42245743]

rule5: 1996.686 < title_year < 2003.297
probabilities_array:[0.0364028  0.         0.1632345  0.05093831 0.06941354 0.11937559
 0.08703054 0.04888554 0.08310477 0.3416144 ]

rule19: num_user_for_reviews > 586.694
probabilities_array:[0.         0.         0.         0.         0.19760199 0.04450865
 0.092755   0.02340622 0.20787081 0.43385735]

rule23: director_facebook_likes > 2841.924
probabilities_array:[0.         0.         0.21677391 0.11305819 0.02857276 0.16074425
 0.06089706 0.2345173  0.02894193 0.15649462]

rule45: 94.446 < duration < 109.644
probabilities_array:[0.09409757 0.13014676 0.07274403 0.06024659 0.         0.08691578
 0.08005638 0.09091559 0.02230977 0.3625676 ]

rule22: 783.086 < director_facebook_likes < 2841.924
probabilities_array:[0.         0.         0.30841973 0.         0.3066851  0.
 0.06630065 0.         0.0514315  0.26716304]

rule2: 6.477 < imdb_score < 7.216
probabilities_array:[0.25283137 0.19174805 0.         0.         0.         0.05803296
 0.0536197  0.07163679 0.21071203 0.16141911]

rule31: actor_2_facebook_likes > 5076.415
probabilities_array:[0.         0.         0.         0.00067679 0.1181408  0.
 0.08386198 0.15368228 0.17780046 0.4658377 ]


---7---
rule46: 109.644 < duration < 124.842
probabilities_array:[0.         0.03256246 0.04943831 0.07891819 0.08538293 0.18311557
 0.1324547  0.25208458 0.         0.18604326]

rule23: director_facebook_likes > 2841.924
probabilities_array:[0.         0.         0.21677391 0.11305819 0.02857276 0.16074425
 0.06089706 0.2345173  0.02894193 0.15649462]

rule4: title_year < 1996.686
probabilities_array:[0.         0.01402165 0.05622664 0.08294491 0.10687437 0.11577436
 0.1323346  0.19880661 0.2763174  0.01669947]

rule13: 77.010 < num_critic_for_reviews < 162.013
probabilities_array:[0.         0.05992382 0.0605658  0.05548362 0.14330827 0.13298944
 0.11108423 0.20823763 0.10722868 0.12117846]

rule14: 162.013 < num_critic_for_reviews < 247.016
probabilities_array:[0.         0.02727232 0.07099149 0.11450443 0.18481408 0.07932103
 0.10752408 0.19015726 0.18039463 0.04502065]

rule30: 1945.414 < actor_2_facebook_likes < 5076.415
probabilities_array:[0.00097314 0.         0.01851249 0.11741944 0.         0.2202612
 0.16578451 0.20254537 0.15529376 0.11921001]

rule0: imdb_score < 5.738
probabilities_array:[0.         0.         0.0629651  0.21229188 0.21616718 0.10910653
 0.13044712 0.18622008 0.00858188 0.07422022]

rule10: 100782.109 < num_voted_users < 201813.086
probabilities_array:[0.         0.         0.00454705 0.00138741 0.12142907 0.23145677
 0.21795736 0.211276   0.02613592 0.1858104 ]

rule1: 5.738 < imdb_score < 6.477
probabilities_array:[0.11194719 0.         0.01809228 0.07746791 0.10501684 0.13844383
 0.13207713 0.18321136 0.15321837 0.08052514]

rule18: 316.702 < num_user_for_reviews < 586.694
probabilities_array:[0.         0.00142838 0.13007818 0.1686612  0.14871334 0.15151066
 0.15877543 0.14871219 0.08910094 0.00301968]

rule50: 48871975.437 < budget < 230373922.718
probabilities_array:[0.         0.         0.         0.         0.00439519 0.13541086
 0.2236496  0.17845245 0.22952718 0.22856478]

rule47: duration > 124.842
probabilities_array:[0.         0.         0.03530231 0.02635668 0.05224352 0.20732485
 0.18062365 0.16978085 0.10802681 0.22034125]

rule26: 7606.053 < actor_1_facebook_likes < 18790.783
probabilities_array:[0.01178469 0.         0.01254658 0.06016893 0.04709666 0.01169968
 0.05719815 0.19827265 0.17409004 0.42714262]

rule17: 46.711 < num_user_for_reviews < 316.702
probabilities_array:[0.         0.16196206 0.17016171 0.12315696 0.11881603 0.1232197
 0.08883987 0.1156927  0.05180063 0.04635032]

rule35: actor_3_facebook_likes > 2028.957
probabilities_array:[0.         0.         0.         0.         0.04433973 0.
 0.         0.2144101  0.24382955 0.4974207 ]

rule34: 747.177 < actor_3_facebook_likes < 2028.957
probabilities_array:[0.         0.01533636 0.         0.         0.11370134 0.05230306
 0.1860574  0.12555279 0.22347045 0.28357863]

rule31: actor_2_facebook_likes > 5076.415
probabilities_array:[0.         0.         0.         0.00067679 0.1181408  0.
 0.08386198 0.15368228 0.17780046 0.4658377 ]

rule7: title_year > 2009.907
probabilities_array:[0.24520327 0.09118418 0.         0.         0.         0.
 0.00201473 0.11608124 0.19885759 0.346659  ]

rule42: 9279.337 < movie_facebook_likes < 24023.456
probabilities_array:[0.         0.03750309 0.13088974 0.0752569  0.1811727  0.13953583
 0.14507185 0.08119898 0.11505456 0.09431643]

rule43: movie_facebook_likes > 24023.456
probabilities_array:[0.         0.         0.01067097 0.03791558 0.         0.11294602
 0.19818066 0.09699647 0.16820902 0.3750812 ]

rule2: 6.477 < imdb_score < 7.216
probabilities_array:[0.25283137 0.19174805 0.         0.         0.         0.05803296
 0.0536197  0.07163679 0.21071203 0.16141911]

rule45: 94.446 < duration < 109.644
probabilities_array:[0.09409757 0.13014676 0.07274403 0.06024659 0.         0.08691578
 0.08005638 0.09091559 0.02230977 0.3625676 ]

rule38: 11267.438 < cast_total_facebook_likes < 24862.998
probabilities_array:[0.02943092 0.         0.07193821 0.01362104 0.08095806 0.06796308
 0.1032469  0.08930911 0.16319922 0.3803334 ]

rule11: num_voted_users > 201813.086
probabilities_array:[0.         0.         0.         0.         0.         0.
 0.         0.12550844 0.29829937 0.57619214]

rule37: -2328.122 < cast_total_facebook_likes < 11267.438
probabilities_array:[0.11129424 0.09505146 0.         0.         0.         0.
 0.00173436 0.11580195 0.12159261 0.5545254 ]

rule41: -5464.783 < movie_facebook_likes < 9279.337
probabilities_array:[0.23948678 0.1111611  0.         0.         0.         0.
 0.         0.08087023 0.07116794 0.49731392]


---8---
rule4: title_year < 1996.686
probabilities_array:[0.         0.01402165 0.05622664 0.08294491 0.10687437 0.11577436
 0.1323346  0.19880661 0.2763174  0.01669947]

rule51: budget > 230373922.718
probabilities_array:[0.22122659 0.28890374 0.00042161 0.         0.         0.
 0.         0.         0.25183725 0.23761074]

rule50: 48871975.437 < budget < 230373922.718
probabilities_array:[0.         0.         0.         0.         0.00439519 0.13541086
 0.2236496  0.17845245 0.22952718 0.22856478]

rule2: 6.477 < imdb_score < 7.216
probabilities_array:[0.25283137 0.19174805 0.         0.         0.         0.05803296
 0.0536197  0.07163679 0.21071203 0.16141911]

rule14: 162.013 < num_critic_for_reviews < 247.016
probabilities_array:[0.         0.02727232 0.07099149 0.11450443 0.18481408 0.07932103
 0.10752408 0.19015726 0.18039463 0.04502065]

rule44: duration < 94.446
probabilities_array:[0.23590706 0.00058584 0.         0.         0.         0.
 0.         0.         0.30377224 0.4597349 ]

rule34: 747.177 < actor_3_facebook_likes < 2028.957
probabilities_array:[0.         0.01533636 0.         0.         0.11370134 0.05230306
 0.1860574  0.12555279 0.22347045 0.28357863]

rule15: num_critic_for_reviews > 247.016
probabilities_array:[0.         0.         0.         0.11734989 0.07862844 0.20356597
 0.         0.04221445 0.2146712  0.34357   ]

rule1: 5.738 < imdb_score < 6.477
probabilities_array:[0.11194719 0.         0.01809228 0.07746791 0.10501684 0.13844383
 0.13207713 0.18321136 0.15321837 0.08052514]

rule30: 1945.414 < actor_2_facebook_likes < 5076.415
probabilities_array:[0.00097314 0.         0.01851249 0.11741944 0.         0.2202612
 0.16578451 0.20254537 0.15529376 0.11921001]

rule7: title_year > 2009.907
probabilities_array:[0.24520327 0.09118418 0.         0.         0.         0.
 0.00201473 0.11608124 0.19885759 0.346659  ]

rule11: num_voted_users > 201813.086
probabilities_array:[0.         0.         0.         0.         0.         0.
 0.         0.12550844 0.29829937 0.57619214]

rule35: actor_3_facebook_likes > 2028.957
probabilities_array:[0.         0.         0.         0.         0.04433973 0.
 0.         0.2144101  0.24382955 0.4974207 ]

rule19: num_user_for_reviews > 586.694
probabilities_array:[0.         0.         0.         0.         0.19760199 0.04450865
 0.092755   0.02340622 0.20787081 0.43385735]

rule27: actor_1_facebook_likes > 18790.783
probabilities_array:[0.01642513 0.10196981 0.06099064 0.00045374 0.         0.11099651
 0.10268344 0.         0.18402326 0.42245743]

rule43: movie_facebook_likes > 24023.456
probabilities_array:[0.         0.         0.01067097 0.03791558 0.         0.11294602
 0.19818066 0.09699647 0.16820902 0.3750812 ]

rule42: 9279.337 < movie_facebook_likes < 24023.456
probabilities_array:[0.         0.03750309 0.13088974 0.0752569  0.1811727  0.13953583
 0.14507185 0.08119898 0.11505456 0.09431643]

rule3: imdb_score > 7.216
probabilities_array:[0.05569869 0.26581445 0.         0.         0.         0.
 0.         0.         0.19645298 0.48203397]

rule38: 11267.438 < cast_total_facebook_likes < 24862.998
probabilities_array:[0.02943092 0.         0.07193821 0.01362104 0.08095806 0.06796308
 0.1032469  0.08930911 0.16319922 0.3803334 ]

rule26: 7606.053 < actor_1_facebook_likes < 18790.783
probabilities_array:[0.01178469 0.         0.01254658 0.06016893 0.04709666 0.01169968
 0.05719815 0.19827265 0.17409004 0.42714262]

rule31: actor_2_facebook_likes > 5076.415
probabilities_array:[0.         0.         0.         0.00067679 0.1181408  0.
 0.08386198 0.15368228 0.17780046 0.4658377 ]

rule21: -1275.752 < director_facebook_likes < 783.086
probabilities_array:[0.         0.01357059 0.         0.         0.         0.
 0.03612741 0.08724033 0.24716336 0.6158983 ]

rule13: 77.010 < num_critic_for_reviews < 162.013
probabilities_array:[0.         0.05992382 0.0605658  0.05548362 0.14330827 0.13298944
 0.11108423 0.20823763 0.10722868 0.12117846]

rule6: 2003.297 < title_year < 2009.907
probabilities_array:[0.19899961 0.08387907 0.190575   0.044649   0.         0.00135933
 0.04891291 0.00907457 0.13092504 0.2916255 ]

rule18: 316.702 < num_user_for_reviews < 586.694
probabilities_array:[0.         0.00142838 0.13007818 0.1686612  0.14871334 0.15151066
 0.15877543 0.14871219 0.08910094 0.00301968]

rule47: duration > 124.842
probabilities_array:[0.         0.         0.03530231 0.02635668 0.05224352 0.20732485
 0.18062365 0.16978085 0.10802681 0.22034125]

rule39: cast_total_facebook_likes > 24862.998
probabilities_array:[0.00672012 0.         0.00213621 0.         0.07215503 0.0219597
 0.09232863 0.         0.17141667 0.6332836 ]

rule5: 1996.686 < title_year < 2003.297
probabilities_array:[0.0364028  0.         0.1632345  0.05093831 0.06941354 0.11937559
 0.08703054 0.04888554 0.08310477 0.3416144 ]

rule37: -2328.122 < cast_total_facebook_likes < 11267.438
probabilities_array:[0.11129424 0.09505146 0.         0.         0.         0.
 0.00173436 0.11580195 0.12159261 0.5545254 ]

rule17: 46.711 < num_user_for_reviews < 316.702
probabilities_array:[0.         0.16196206 0.17016171 0.12315696 0.11881603 0.1232197
 0.08883987 0.1156927  0.05180063 0.04635032]

rule25: -3578.677 < actor_1_facebook_likes < 7606.053
probabilities_array:[0.10429699 0.08750989 0.         0.         0.         0.
 0.01045076 0.07507071 0.11823262 0.604439  ]

