R2: 0.6492959424633874


MAE: 24801903.686861288


Accuracy: 0.2695019597802203


F1: 0.2920611798980335


Most important rules
-----------------------------

---0---
rule9: -86.312 < num_voted_users < 96033.890
probabilities_array:[0.18908674 0.17195947 0.15091974 0.15762788 0.12326201 0.09428883
 0.08106154 0.         0.         0.03179386]

rule2: 6.461 < imdb_score < 7.194
probabilities_array:[0.20939851 0.21810687 0.         0.         0.         0.
 0.1363918  0.06079567 0.17726417 0.19804297]

rule12: num_critic_for_reviews < 75.547
probabilities_array:[0.2922678  0.13718867 0.14244871 0.         0.         0.
 0.         0.         0.         0.42809474]

rule6: 2003.210 < title_year < 2010.097
probabilities_array:[0.24884443 0.06756303 0.16722395 0.         0.         0.
 0.         0.         0.16128942 0.35507923]

rule7: title_year > 2010.097
probabilities_array:[0.22435918 0.10982288 0.         0.         0.         0.00636093
 0.07234038 0.0826386  0.17048657 0.33399144]

rule22: 718.127 < director_facebook_likes < 2667.278
probabilities_array:[0.16689558 0.         0.12650415 0.1383194  0.14377253 0.
 0.16391252 0.06155317 0.08689921 0.11214352]

rule41: -5641.878 < movie_facebook_likes < 8670.685
probabilities_array:[0.261385   0.09506446 0.         0.03389126 0.         0.
 0.         0.10633279 0.01875346 0.48457307]

rule33: -464.389 < actor_3_facebook_likes < 713.613
probabilities_array:[0.23074229 0.11635196 0.         0.         0.         0.09275425
 0.09982064 0.         0.04358189 0.41674903]

rule16: num_user_for_reviews < 50.191
probabilities_array:[0.27032396 0.18058129 0.         0.         0.         0.
 0.         0.         0.         0.5490948 ]

rule44: duration < 94.365
probabilities_array:[0.2432014  0.         0.04487737 0.         0.         0.
 0.         0.         0.16042173 0.55149955]

rule49: -125487195.036 < budget < 47653665.010
probabilities_array:[0.09253652 0.13804805 0.1891805  0.16648199 0.13112833 0.11933333
 0.07913932 0.06569105 0.         0.01846088]

rule1: 5.728 < imdb_score < 6.461
probabilities_array:[0.09704947 0.         0.0465829  0.08092465 0.09109847 0.11574115
 0.19396031 0.12610139 0.17430305 0.07423858]

rule3: imdb_score > 7.194
probabilities_array:[0.11034916 0.27675793 0.12719205 0.00039363 0.         0.
 0.         0.         0.16372083 0.32158655]

rule29: -703.288 < actor_2_facebook_likes < 1852.655
probabilities_array:[0.16263305 0.05667    0.0805831  0.         0.         0.
 0.         0.00846832 0.10725874 0.5843868 ]

rule45: 94.365 < duration < 109.846
probabilities_array:[0.08519555 0.15951635 0.02664    0.14204335 0.         0.
 0.         0.07862585 0.08254201 0.4254369 ]

rule37: -2050.288 < cast_total_facebook_likes < 11074.316
probabilities_array:[0.09896035 0.10341095 0.         0.         0.         0.
 0.         0.14327438 0.08837257 0.5659818 ]


---1---
rule3: imdb_score > 7.194
probabilities_array:[0.11034916 0.27675793 0.12719205 0.00039363 0.         0.
 0.         0.         0.16372083 0.32158655]

rule51: budget > 220794525.057
probabilities_array:[0.         0.3075489  0.         0.         0.         0.
 0.         0.         0.30064994 0.3918011 ]

rule2: 6.461 < imdb_score < 7.194
probabilities_array:[0.20939851 0.21810687 0.         0.         0.         0.
 0.1363918  0.06079567 0.17726417 0.19804297]

rule9: -86.312 < num_voted_users < 96033.890
probabilities_array:[0.18908674 0.17195947 0.15091974 0.15762788 0.12326201 0.09428883
 0.08106154 0.         0.         0.03179386]

rule49: -125487195.036 < budget < 47653665.010
probabilities_array:[0.09253652 0.13804805 0.1891805  0.16648199 0.13112833 0.11933333
 0.07913932 0.06569105 0.         0.01846088]

rule17: 50.191 < num_user_for_reviews < 310.724
probabilities_array:[0.         0.13195908 0.15319726 0.1377732  0.13018991 0.11178029
 0.09176526 0.14716354 0.04710928 0.04906216]

rule45: 94.365 < duration < 109.846
probabilities_array:[0.08519555 0.15951635 0.02664    0.14204335 0.         0.
 0.         0.07862585 0.08254201 0.4254369 ]

rule16: num_user_for_reviews < 50.191
probabilities_array:[0.27032396 0.18058129 0.         0.         0.         0.
 0.         0.         0.         0.5490948 ]

rule12: num_critic_for_reviews < 75.547
probabilities_array:[0.2922678  0.13718867 0.14244871 0.         0.         0.
 0.         0.         0.         0.42809474]

rule7: title_year > 2010.097
probabilities_array:[0.22435918 0.10982288 0.         0.         0.         0.00636093
 0.07234038 0.0826386  0.17048657 0.33399144]

rule33: -464.389 < actor_3_facebook_likes < 713.613
probabilities_array:[0.23074229 0.11635196 0.         0.         0.         0.09275425
 0.09982064 0.         0.04358189 0.41674903]

rule41: -5641.878 < movie_facebook_likes < 8670.685
probabilities_array:[0.261385   0.09506446 0.         0.03389126 0.         0.
 0.         0.10633279 0.01875346 0.48457307]

rule37: -2050.288 < cast_total_facebook_likes < 11074.316
probabilities_array:[0.09896035 0.10341095 0.         0.         0.         0.
 0.         0.14327438 0.08837257 0.5659818 ]

rule6: 2003.210 < title_year < 2010.097
probabilities_array:[0.24884443 0.06756303 0.16722395 0.         0.         0.
 0.         0.         0.16128942 0.35507923]


---2---
rule49: -125487195.036 < budget < 47653665.010
probabilities_array:[0.09253652 0.13804805 0.1891805  0.16648199 0.13112833 0.11933333
 0.07913932 0.06569105 0.         0.01846088]

rule23: director_facebook_likes > 2667.278
probabilities_array:[0.         0.         0.24949193 0.05463674 0.01255746 0.09893997
 0.         0.2022802  0.11918275 0.262911  ]

rule9: -86.312 < num_voted_users < 96033.890
probabilities_array:[0.18908674 0.17195947 0.15091974 0.15762788 0.12326201 0.09428883
 0.08106154 0.         0.         0.03179386]

rule17: 50.191 < num_user_for_reviews < 310.724
probabilities_array:[0.         0.13195908 0.15319726 0.1377732  0.13018991 0.11178029
 0.09176526 0.14716354 0.04710928 0.04906216]

rule18: 310.724 < num_user_for_reviews < 571.258
probabilities_array:[0.         0.02341265 0.13273436 0.20416833 0.16258685 0.12626071
 0.12528077 0.11517623 0.10516737 0.00521278]

rule5: 1996.323 < title_year < 2003.210
probabilities_array:[0.         0.         0.17671283 0.07431442 0.1245475  0.05886487
 0.03154116 0.06924085 0.15141937 0.31335902]

rule22: 718.127 < director_facebook_likes < 2667.278
probabilities_array:[0.16689558 0.         0.12650415 0.1383194  0.14377253 0.
 0.16391252 0.06155317 0.08689921 0.11214352]

rule6: 2003.210 < title_year < 2010.097
probabilities_array:[0.24884443 0.06756303 0.16722395 0.         0.         0.
 0.         0.         0.16128942 0.35507923]

rule42: 8670.685 < movie_facebook_likes < 22983.248
probabilities_array:[0.         0.         0.11971688 0.03830048 0.17864038 0.1836887
 0.12296452 0.13139097 0.10723216 0.11806583]

rule3: imdb_score > 7.194
probabilities_array:[0.11034916 0.27675793 0.12719205 0.00039363 0.         0.
 0.         0.         0.16372083 0.32158655]

rule0: imdb_score < 5.728
probabilities_array:[0.         0.         0.09014399 0.17734404 0.18678258 0.13118371
 0.17553848 0.18808785 0.         0.05091933]

rule12: num_critic_for_reviews < 75.547
probabilities_array:[0.2922678  0.13718867 0.14244871 0.         0.         0.
 0.         0.         0.         0.42809474]

rule14: 159.114 < num_critic_for_reviews < 242.680
probabilities_array:[0.         0.03132287 0.06441516 0.10393308 0.18410769 0.13253647
 0.11042181 0.13620308 0.19355829 0.04350154]

rule4: title_year < 1996.323
probabilities_array:[0.         0.01762289 0.06029859 0.08199612 0.11900634 0.0960473
 0.17485817 0.1970661  0.24249479 0.01060973]

rule39: cast_total_facebook_likes > 24198.919
probabilities_array:[0.04792921 0.         0.0827428  0.         0.1416003  0.0779816
 0.         0.04298803 0.14524318 0.46151495]

rule1: 5.728 < imdb_score < 6.461
probabilities_array:[0.09704947 0.         0.0465829  0.08092465 0.09109847 0.11574115
 0.19396031 0.12610139 0.17430305 0.07423858]


---3---
rule18: 310.724 < num_user_for_reviews < 571.258
probabilities_array:[0.         0.02341265 0.13273436 0.20416833 0.16258685 0.12626071
 0.12528077 0.11517623 0.10516737 0.00521278]

rule0: imdb_score < 5.728
probabilities_array:[0.         0.         0.09014399 0.17734404 0.18678258 0.13118371
 0.17553848 0.18808785 0.         0.05091933]

rule49: -125487195.036 < budget < 47653665.010
probabilities_array:[0.09253652 0.13804805 0.1891805  0.16648199 0.13112833 0.11933333
 0.07913932 0.06569105 0.         0.01846088]

rule9: -86.312 < num_voted_users < 96033.890
probabilities_array:[0.18908674 0.17195947 0.15091974 0.15762788 0.12326201 0.09428883
 0.08106154 0.         0.         0.03179386]

rule17: 50.191 < num_user_for_reviews < 310.724
probabilities_array:[0.         0.13195908 0.15319726 0.1377732  0.13018991 0.11178029
 0.09176526 0.14716354 0.04710928 0.04906216]

rule22: 718.127 < director_facebook_likes < 2667.278
probabilities_array:[0.16689558 0.         0.12650415 0.1383194  0.14377253 0.
 0.16391252 0.06155317 0.08689921 0.11214352]

rule30: 1852.655 < actor_2_facebook_likes < 4408.597
probabilities_array:[0.         0.         0.         0.1374867  0.         0.19438374
 0.19553773 0.18072914 0.16677888 0.12508386]

rule14: 159.114 < num_critic_for_reviews < 242.680
probabilities_array:[0.         0.03132287 0.06441516 0.10393308 0.18410769 0.13253647
 0.11042181 0.13620308 0.19355829 0.04350154]

rule34: 713.613 < actor_3_facebook_likes < 1891.616
probabilities_array:[0.         0.         0.         0.1171493  0.00986701 0.08130818
 0.17764007 0.19195443 0.1640296  0.25805143]

rule45: 94.365 < duration < 109.846
probabilities_array:[0.08519555 0.15951635 0.02664    0.14204335 0.         0.
 0.         0.07862585 0.08254201 0.4254369 ]

rule4: title_year < 1996.323
probabilities_array:[0.         0.01762289 0.06029859 0.08199612 0.11900634 0.0960473
 0.17485817 0.1970661  0.24249479 0.01060973]

rule1: 5.728 < imdb_score < 6.461
probabilities_array:[0.09704947 0.         0.0465829  0.08092465 0.09109847 0.11574115
 0.19396031 0.12610139 0.17430305 0.07423858]

rule5: 1996.323 < title_year < 2003.210
probabilities_array:[0.         0.         0.17671283 0.07431442 0.1245475  0.05886487
 0.03154116 0.06924085 0.15141937 0.31335902]

rule15: num_critic_for_reviews > 242.680
probabilities_array:[0.         0.         0.         0.06729394 0.01619725 0.14079913
 0.11810233 0.12288684 0.19426785 0.34045276]

rule46: 109.846 < duration < 125.327
probabilities_array:[0.         0.         0.01843231 0.06624777 0.03152804 0.21106139
 0.04515548 0.20664433 0.07833131 0.34259945]

rule23: director_facebook_likes > 2667.278
probabilities_array:[0.         0.         0.24949193 0.05463674 0.01255746 0.09893997
 0.         0.2022802  0.11918275 0.262911  ]


---4---
rule0: imdb_score < 5.728
probabilities_array:[0.         0.         0.09014399 0.17734404 0.18678258 0.13118371
 0.17553848 0.18808785 0.         0.05091933]

rule14: 159.114 < num_critic_for_reviews < 242.680
probabilities_array:[0.         0.03132287 0.06441516 0.10393308 0.18410769 0.13253647
 0.11042181 0.13620308 0.19355829 0.04350154]

rule18: 310.724 < num_user_for_reviews < 571.258
probabilities_array:[0.         0.02341265 0.13273436 0.20416833 0.16258685 0.12626071
 0.12528077 0.11517623 0.10516737 0.00521278]

rule42: 8670.685 < movie_facebook_likes < 22983.248
probabilities_array:[0.         0.         0.11971688 0.03830048 0.17864038 0.1836887
 0.12296452 0.13139097 0.10723216 0.11806583]

rule35: actor_3_facebook_likes > 1891.616
probabilities_array:[0.         0.         0.         0.         0.2508874  0.
 0.         0.0362246  0.23687524 0.47601274]

rule49: -125487195.036 < budget < 47653665.010
probabilities_array:[0.09253652 0.13804805 0.1891805  0.16648199 0.13112833 0.11933333
 0.07913932 0.06569105 0.         0.01846088]

rule22: 718.127 < director_facebook_likes < 2667.278
probabilities_array:[0.16689558 0.         0.12650415 0.1383194  0.14377253 0.
 0.16391252 0.06155317 0.08689921 0.11214352]

rule17: 50.191 < num_user_for_reviews < 310.724
probabilities_array:[0.         0.13195908 0.15319726 0.1377732  0.13018991 0.11178029
 0.09176526 0.14716354 0.04710928 0.04906216]

rule10: 96033.890 < num_voted_users < 192154.092
probabilities_array:[0.         0.         0.         0.         0.15351577 0.14955877
 0.2121899  0.24762271 0.01837753 0.21873532]

rule9: -86.312 < num_voted_users < 96033.890
probabilities_array:[0.18908674 0.17195947 0.15091974 0.15762788 0.12326201 0.09428883
 0.08106154 0.         0.         0.03179386]

rule4: title_year < 1996.323
probabilities_array:[0.         0.01762289 0.06029859 0.08199612 0.11900634 0.0960473
 0.17485817 0.1970661  0.24249479 0.01060973]

rule13: 75.547 < num_critic_for_reviews < 159.114
probabilities_array:[0.         0.         0.02391342 0.         0.16045116 0.15464659
 0.10971091 0.24630867 0.01583486 0.28913447]

rule26: 7588.075 < actor_1_facebook_likes < 18865.589
probabilities_array:[0.01214205 0.         0.         0.         0.14655453 0.12147441
 0.02648509 0.16439435 0.16115998 0.36778957]

rule5: 1996.323 < title_year < 2003.210
probabilities_array:[0.         0.         0.17671283 0.07431442 0.1245475  0.05886487
 0.03154116 0.06924085 0.15141937 0.31335902]

rule1: 5.728 < imdb_score < 6.461
probabilities_array:[0.09704947 0.         0.0465829  0.08092465 0.09109847 0.11574115
 0.19396031 0.12610139 0.17430305 0.07423858]

rule39: cast_total_facebook_likes > 24198.919
probabilities_array:[0.04792921 0.         0.0827428  0.         0.1416003  0.0779816
 0.         0.04298803 0.14524318 0.46151495]

rule47: duration > 125.327
probabilities_array:[0.         0.01307501 0.0079802  0.         0.10182185 0.18039073
 0.07325633 0.14002751 0.13440421 0.3490443 ]

rule31: actor_2_facebook_likes > 4408.597
probabilities_array:[0.00583875 0.         0.         0.         0.09595191 0.06197492
 0.01384721 0.14696358 0.21041274 0.4650109 ]


---5---
rule30: 1852.655 < actor_2_facebook_likes < 4408.597
probabilities_array:[0.         0.         0.         0.1374867  0.         0.19438374
 0.19553773 0.18072914 0.16677888 0.12508386]

rule42: 8670.685 < movie_facebook_likes < 22983.248
probabilities_array:[0.         0.         0.11971688 0.03830048 0.17864038 0.1836887
 0.12296452 0.13139097 0.10723216 0.11806583]

rule46: 109.846 < duration < 125.327
probabilities_array:[0.         0.         0.01843231 0.06624777 0.03152804 0.21106139
 0.04515548 0.20664433 0.07833131 0.34259945]

rule14: 159.114 < num_critic_for_reviews < 242.680
probabilities_array:[0.         0.03132287 0.06441516 0.10393308 0.18410769 0.13253647
 0.11042181 0.13620308 0.19355829 0.04350154]

rule18: 310.724 < num_user_for_reviews < 571.258
probabilities_array:[0.         0.02341265 0.13273436 0.20416833 0.16258685 0.12626071
 0.12528077 0.11517623 0.10516737 0.00521278]

rule0: imdb_score < 5.728
probabilities_array:[0.         0.         0.09014399 0.17734404 0.18678258 0.13118371
 0.17553848 0.18808785 0.         0.05091933]

rule47: duration > 125.327
probabilities_array:[0.         0.01307501 0.0079802  0.         0.10182185 0.18039073
 0.07325633 0.14002751 0.13440421 0.3490443 ]

rule49: -125487195.036 < budget < 47653665.010
probabilities_array:[0.09253652 0.13804805 0.1891805  0.16648199 0.13112833 0.11933333
 0.07913932 0.06569105 0.         0.01846088]

rule10: 96033.890 < num_voted_users < 192154.092
probabilities_array:[0.         0.         0.         0.         0.15351577 0.14955877
 0.2121899  0.24762271 0.01837753 0.21873532]

rule13: 75.547 < num_critic_for_reviews < 159.114
probabilities_array:[0.         0.         0.02391342 0.         0.16045116 0.15464659
 0.10971091 0.24630867 0.01583486 0.28913447]

rule1: 5.728 < imdb_score < 6.461
probabilities_array:[0.09704947 0.         0.0465829  0.08092465 0.09109847 0.11574115
 0.19396031 0.12610139 0.17430305 0.07423858]

rule17: 50.191 < num_user_for_reviews < 310.724
probabilities_array:[0.         0.13195908 0.15319726 0.1377732  0.13018991 0.11178029
 0.09176526 0.14716354 0.04710928 0.04906216]

rule19: num_user_for_reviews > 571.258
probabilities_array:[0.         0.         0.         0.         0.0120014  0.13982372
 0.19442113 0.16241385 0.17178157 0.31955832]

rule4: title_year < 1996.323
probabilities_array:[0.         0.01762289 0.06029859 0.08199612 0.11900634 0.0960473
 0.17485817 0.1970661  0.24249479 0.01060973]

rule15: num_critic_for_reviews > 242.680
probabilities_array:[0.         0.         0.         0.06729394 0.01619725 0.14079913
 0.11810233 0.12288684 0.19426785 0.34045276]

rule9: -86.312 < num_voted_users < 96033.890
probabilities_array:[0.18908674 0.17195947 0.15091974 0.15762788 0.12326201 0.09428883
 0.08106154 0.         0.         0.03179386]

rule50: 47653665.010 < budget < 220794525.057
probabilities_array:[0.0000000e+00 0.0000000e+00 0.0000000e+00 0.0000000e+00 1.0173468e-04
 1.2217457e-01 2.1192363e-01 1.8460147e-01 2.1592773e-01 2.6527086e-01]

rule26: 7588.075 < actor_1_facebook_likes < 18865.589
probabilities_array:[0.01214205 0.         0.         0.         0.14655453 0.12147441
 0.02648509 0.16439435 0.16115998 0.36778957]

rule23: director_facebook_likes > 2667.278
probabilities_array:[0.         0.         0.24949193 0.05463674 0.01255746 0.09893997
 0.         0.2022802  0.11918275 0.262911  ]

rule34: 713.613 < actor_3_facebook_likes < 1891.616
probabilities_array:[0.         0.         0.         0.1171493  0.00986701 0.08130818
 0.17764007 0.19195443 0.1640296  0.25805143]

rule33: -464.389 < actor_3_facebook_likes < 713.613
probabilities_array:[0.23074229 0.11635196 0.         0.         0.         0.09275425
 0.09982064 0.         0.04358189 0.41674903]

rule39: cast_total_facebook_likes > 24198.919
probabilities_array:[0.04792921 0.         0.0827428  0.         0.1416003  0.0779816
 0.         0.04298803 0.14524318 0.46151495]

rule5: 1996.323 < title_year < 2003.210
probabilities_array:[0.         0.         0.17671283 0.07431442 0.1245475  0.05886487
 0.03154116 0.06924085 0.15141937 0.31335902]


---6---
rule1: 5.728 < imdb_score < 6.461
probabilities_array:[0.09704947 0.         0.0465829  0.08092465 0.09109847 0.11574115
 0.19396031 0.12610139 0.17430305 0.07423858]

rule4: title_year < 1996.323
probabilities_array:[0.         0.01762289 0.06029859 0.08199612 0.11900634 0.0960473
 0.17485817 0.1970661  0.24249479 0.01060973]

rule30: 1852.655 < actor_2_facebook_likes < 4408.597
probabilities_array:[0.         0.         0.         0.1374867  0.         0.19438374
 0.19553773 0.18072914 0.16677888 0.12508386]

rule0: imdb_score < 5.728
probabilities_array:[0.         0.         0.09014399 0.17734404 0.18678258 0.13118371
 0.17553848 0.18808785 0.         0.05091933]

rule10: 96033.890 < num_voted_users < 192154.092
probabilities_array:[0.         0.         0.         0.         0.15351577 0.14955877
 0.2121899  0.24762271 0.01837753 0.21873532]

rule50: 47653665.010 < budget < 220794525.057
probabilities_array:[0.0000000e+00 0.0000000e+00 0.0000000e+00 0.0000000e+00 1.0173468e-04
 1.2217457e-01 2.1192363e-01 1.8460147e-01 2.1592773e-01 2.6527086e-01]

rule22: 718.127 < director_facebook_likes < 2667.278
probabilities_array:[0.16689558 0.         0.12650415 0.1383194  0.14377253 0.
 0.16391252 0.06155317 0.08689921 0.11214352]

rule19: num_user_for_reviews > 571.258
probabilities_array:[0.         0.         0.         0.         0.0120014  0.13982372
 0.19442113 0.16241385 0.17178157 0.31955832]

rule34: 713.613 < actor_3_facebook_likes < 1891.616
probabilities_array:[0.         0.         0.         0.1171493  0.00986701 0.08130818
 0.17764007 0.19195443 0.1640296  0.25805143]

rule18: 310.724 < num_user_for_reviews < 571.258
probabilities_array:[0.         0.02341265 0.13273436 0.20416833 0.16258685 0.12626071
 0.12528077 0.11517623 0.10516737 0.00521278]

rule2: 6.461 < imdb_score < 7.194
probabilities_array:[0.20939851 0.21810687 0.         0.         0.         0.
 0.1363918  0.06079567 0.17726417 0.19804297]

rule42: 8670.685 < movie_facebook_likes < 22983.248
probabilities_array:[0.         0.         0.11971688 0.03830048 0.17864038 0.1836887
 0.12296452 0.13139097 0.10723216 0.11806583]

rule14: 159.114 < num_critic_for_reviews < 242.680
probabilities_array:[0.         0.03132287 0.06441516 0.10393308 0.18410769 0.13253647
 0.11042181 0.13620308 0.19355829 0.04350154]

rule17: 50.191 < num_user_for_reviews < 310.724
probabilities_array:[0.         0.13195908 0.15319726 0.1377732  0.13018991 0.11178029
 0.09176526 0.14716354 0.04710928 0.04906216]

rule9: -86.312 < num_voted_users < 96033.890
probabilities_array:[0.18908674 0.17195947 0.15091974 0.15762788 0.12326201 0.09428883
 0.08106154 0.         0.         0.03179386]

rule13: 75.547 < num_critic_for_reviews < 159.114
probabilities_array:[0.         0.         0.02391342 0.         0.16045116 0.15464659
 0.10971091 0.24630867 0.01583486 0.28913447]

rule15: num_critic_for_reviews > 242.680
probabilities_array:[0.         0.         0.         0.06729394 0.01619725 0.14079913
 0.11810233 0.12288684 0.19426785 0.34045276]

rule49: -125487195.036 < budget < 47653665.010
probabilities_array:[0.09253652 0.13804805 0.1891805  0.16648199 0.13112833 0.11933333
 0.07913932 0.06569105 0.         0.01846088]

rule38: 11074.316 < cast_total_facebook_likes < 24198.919
probabilities_array:[0.02181423 0.         0.         0.00898656 0.         0.01788151
 0.1425511  0.03532558 0.20694007 0.56650096]

rule33: -464.389 < actor_3_facebook_likes < 713.613
probabilities_array:[0.23074229 0.11635196 0.         0.         0.         0.09275425
 0.09982064 0.         0.04358189 0.41674903]

rule7: title_year > 2010.097
probabilities_array:[0.22435918 0.10982288 0.         0.         0.         0.00636093
 0.07234038 0.0826386  0.17048657 0.33399144]

rule47: duration > 125.327
probabilities_array:[0.         0.01307501 0.0079802  0.         0.10182185 0.18039073
 0.07325633 0.14002751 0.13440421 0.3490443 ]


---7---
rule4: title_year < 1996.323
probabilities_array:[0.         0.01762289 0.06029859 0.08199612 0.11900634 0.0960473
 0.17485817 0.1970661  0.24249479 0.01060973]

rule10: 96033.890 < num_voted_users < 192154.092
probabilities_array:[0.         0.         0.         0.         0.15351577 0.14955877
 0.2121899  0.24762271 0.01837753 0.21873532]

rule0: imdb_score < 5.728
probabilities_array:[0.         0.         0.09014399 0.17734404 0.18678258 0.13118371
 0.17553848 0.18808785 0.         0.05091933]

rule13: 75.547 < num_critic_for_reviews < 159.114
probabilities_array:[0.         0.         0.02391342 0.         0.16045116 0.15464659
 0.10971091 0.24630867 0.01583486 0.28913447]

rule30: 1852.655 < actor_2_facebook_likes < 4408.597
probabilities_array:[0.         0.         0.         0.1374867  0.         0.19438374
 0.19553773 0.18072914 0.16677888 0.12508386]

rule23: director_facebook_likes > 2667.278
probabilities_array:[0.         0.         0.24949193 0.05463674 0.01255746 0.09893997
 0.         0.2022802  0.11918275 0.262911  ]

rule34: 713.613 < actor_3_facebook_likes < 1891.616
probabilities_array:[0.         0.         0.         0.1171493  0.00986701 0.08130818
 0.17764007 0.19195443 0.1640296  0.25805143]

rule17: 50.191 < num_user_for_reviews < 310.724
probabilities_array:[0.         0.13195908 0.15319726 0.1377732  0.13018991 0.11178029
 0.09176526 0.14716354 0.04710928 0.04906216]

rule46: 109.846 < duration < 125.327
probabilities_array:[0.         0.         0.01843231 0.06624777 0.03152804 0.21106139
 0.04515548 0.20664433 0.07833131 0.34259945]

rule50: 47653665.010 < budget < 220794525.057
probabilities_array:[0.0000000e+00 0.0000000e+00 0.0000000e+00 0.0000000e+00 1.0173468e-04
 1.2217457e-01 2.1192363e-01 1.8460147e-01 2.1592773e-01 2.6527086e-01]

rule14: 159.114 < num_critic_for_reviews < 242.680
probabilities_array:[0.         0.03132287 0.06441516 0.10393308 0.18410769 0.13253647
 0.11042181 0.13620308 0.19355829 0.04350154]

rule1: 5.728 < imdb_score < 6.461
probabilities_array:[0.09704947 0.         0.0465829  0.08092465 0.09109847 0.11574115
 0.19396031 0.12610139 0.17430305 0.07423858]

rule42: 8670.685 < movie_facebook_likes < 22983.248
probabilities_array:[0.         0.         0.11971688 0.03830048 0.17864038 0.1836887
 0.12296452 0.13139097 0.10723216 0.11806583]

rule18: 310.724 < num_user_for_reviews < 571.258
probabilities_array:[0.         0.02341265 0.13273436 0.20416833 0.16258685 0.12626071
 0.12528077 0.11517623 0.10516737 0.00521278]

rule19: num_user_for_reviews > 571.258
probabilities_array:[0.         0.         0.         0.         0.0120014  0.13982372
 0.19442113 0.16241385 0.17178157 0.31955832]

rule26: 7588.075 < actor_1_facebook_likes < 18865.589
probabilities_array:[0.01214205 0.         0.         0.         0.14655453 0.12147441
 0.02648509 0.16439435 0.16115998 0.36778957]

rule47: duration > 125.327
probabilities_array:[0.         0.01307501 0.0079802  0.         0.10182185 0.18039073
 0.07325633 0.14002751 0.13440421 0.3490443 ]

rule15: num_critic_for_reviews > 242.680
probabilities_array:[0.         0.         0.         0.06729394 0.01619725 0.14079913
 0.11810233 0.12288684 0.19426785 0.34045276]

rule31: actor_2_facebook_likes > 4408.597
probabilities_array:[0.00583875 0.         0.         0.         0.09595191 0.06197492
 0.01384721 0.14696358 0.21041274 0.4650109 ]

rule49: -125487195.036 < budget < 47653665.010
probabilities_array:[0.09253652 0.13804805 0.1891805  0.16648199 0.13112833 0.11933333
 0.07913932 0.06569105 0.         0.01846088]

rule37: -2050.288 < cast_total_facebook_likes < 11074.316
probabilities_array:[0.09896035 0.10341095 0.         0.         0.         0.
 0.         0.14327438 0.08837257 0.5659818 ]

rule11: num_voted_users > 192154.092
probabilities_array:[0.         0.         0.         0.         0.         0.
 0.         0.14286977 0.28774795 0.56938225]

rule7: title_year > 2010.097
probabilities_array:[0.22435918 0.10982288 0.         0.         0.         0.00636093
 0.07234038 0.0826386  0.17048657 0.33399144]

rule41: -5641.878 < movie_facebook_likes < 8670.685
probabilities_array:[0.261385   0.09506446 0.         0.03389126 0.         0.
 0.         0.10633279 0.01875346 0.48457307]

rule22: 718.127 < director_facebook_likes < 2667.278
probabilities_array:[0.16689558 0.         0.12650415 0.1383194  0.14377253 0.
 0.16391252 0.06155317 0.08689921 0.11214352]

rule2: 6.461 < imdb_score < 7.194
probabilities_array:[0.20939851 0.21810687 0.         0.         0.         0.
 0.1363918  0.06079567 0.17726417 0.19804297]

rule5: 1996.323 < title_year < 2003.210
probabilities_array:[0.         0.         0.17671283 0.07431442 0.1245475  0.05886487
 0.03154116 0.06924085 0.15141937 0.31335902]

rule45: 94.365 < duration < 109.846
probabilities_array:[0.08519555 0.15951635 0.02664    0.14204335 0.         0.
 0.         0.07862585 0.08254201 0.4254369 ]


---8---
rule4: title_year < 1996.323
probabilities_array:[0.         0.01762289 0.06029859 0.08199612 0.11900634 0.0960473
 0.17485817 0.1970661  0.24249479 0.01060973]

rule14: 159.114 < num_critic_for_reviews < 242.680
probabilities_array:[0.         0.03132287 0.06441516 0.10393308 0.18410769 0.13253647
 0.11042181 0.13620308 0.19355829 0.04350154]

rule51: budget > 220794525.057
probabilities_array:[0.         0.3075489  0.         0.         0.         0.
 0.         0.         0.30064994 0.3918011 ]

rule1: 5.728 < imdb_score < 6.461
probabilities_array:[0.09704947 0.         0.0465829  0.08092465 0.09109847 0.11574115
 0.19396031 0.12610139 0.17430305 0.07423858]

rule50: 47653665.010 < budget < 220794525.057
probabilities_array:[0.0000000e+00 0.0000000e+00 0.0000000e+00 0.0000000e+00 1.0173468e-04
 1.2217457e-01 2.1192363e-01 1.8460147e-01 2.1592773e-01 2.6527086e-01]

rule30: 1852.655 < actor_2_facebook_likes < 4408.597
probabilities_array:[0.         0.         0.         0.1374867  0.         0.19438374
 0.19553773 0.18072914 0.16677888 0.12508386]

rule2: 6.461 < imdb_score < 7.194
probabilities_array:[0.20939851 0.21810687 0.         0.         0.         0.
 0.1363918  0.06079567 0.17726417 0.19804297]

rule15: num_critic_for_reviews > 242.680
probabilities_array:[0.         0.         0.         0.06729394 0.01619725 0.14079913
 0.11810233 0.12288684 0.19426785 0.34045276]

rule35: actor_3_facebook_likes > 1891.616
probabilities_array:[0.         0.         0.         0.         0.2508874  0.
 0.         0.0362246  0.23687524 0.47601274]

rule11: num_voted_users > 192154.092
probabilities_array:[0.         0.         0.         0.         0.         0.
 0.         0.14286977 0.28774795 0.56938225]

rule34: 713.613 < actor_3_facebook_likes < 1891.616
probabilities_array:[0.         0.         0.         0.1171493  0.00986701 0.08130818
 0.17764007 0.19195443 0.1640296  0.25805143]

rule19: num_user_for_reviews > 571.258
probabilities_array:[0.         0.         0.         0.         0.0120014  0.13982372
 0.19442113 0.16241385 0.17178157 0.31955832]

rule7: title_year > 2010.097
probabilities_array:[0.22435918 0.10982288 0.         0.         0.         0.00636093
 0.07234038 0.0826386  0.17048657 0.33399144]

rule31: actor_2_facebook_likes > 4408.597
probabilities_array:[0.00583875 0.         0.         0.         0.09595191 0.06197492
 0.01384721 0.14696358 0.21041274 0.4650109 ]

rule3: imdb_score > 7.194
probabilities_array:[0.11034916 0.27675793 0.12719205 0.00039363 0.         0.
 0.         0.         0.16372083 0.32158655]

rule18: 310.724 < num_user_for_reviews < 571.258
probabilities_array:[0.         0.02341265 0.13273436 0.20416833 0.16258685 0.12626071
 0.12528077 0.11517623 0.10516737 0.00521278]

rule6: 2003.210 < title_year < 2010.097
probabilities_array:[0.24884443 0.06756303 0.16722395 0.         0.         0.
 0.         0.         0.16128942 0.35507923]

rule5: 1996.323 < title_year < 2003.210
probabilities_array:[0.         0.         0.17671283 0.07431442 0.1245475  0.05886487
 0.03154116 0.06924085 0.15141937 0.31335902]

rule26: 7588.075 < actor_1_facebook_likes < 18865.589
probabilities_array:[0.01214205 0.         0.         0.         0.14655453 0.12147441
 0.02648509 0.16439435 0.16115998 0.36778957]

rule42: 8670.685 < movie_facebook_likes < 22983.248
probabilities_array:[0.         0.         0.11971688 0.03830048 0.17864038 0.1836887
 0.12296452 0.13139097 0.10723216 0.11806583]

rule38: 11074.316 < cast_total_facebook_likes < 24198.919
probabilities_array:[0.02181423 0.         0.         0.00898656 0.         0.01788151
 0.1425511  0.03532558 0.20694007 0.56650096]

rule23: director_facebook_likes > 2667.278
probabilities_array:[0.         0.         0.24949193 0.05463674 0.01255746 0.09893997
 0.         0.2022802  0.11918275 0.262911  ]

rule47: duration > 125.327
probabilities_array:[0.         0.01307501 0.0079802  0.         0.10182185 0.18039073
 0.07325633 0.14002751 0.13440421 0.3490443 ]

rule39: cast_total_facebook_likes > 24198.919
probabilities_array:[0.04792921 0.         0.0827428  0.         0.1416003  0.0779816
 0.         0.04298803 0.14524318 0.46151495]

rule21: -1231.023 < director_facebook_likes < 718.127
probabilities_array:[0.         0.0508281  0.         0.         0.         0.
 0.02748363 0.03040435 0.22941582 0.6618681 ]

rule22: 718.127 < director_facebook_likes < 2667.278
probabilities_array:[0.16689558 0.         0.12650415 0.1383194  0.14377253 0.
 0.16391252 0.06155317 0.08689921 0.11214352]

rule43: movie_facebook_likes > 22983.248
probabilities_array:[0.         0.         0.00102082 0.         0.         0.
 0.09583163 0.02517159 0.2171944  0.6607816 ]

rule44: duration < 94.365
probabilities_array:[0.2432014  0.         0.04487737 0.         0.         0.
 0.         0.         0.16042173 0.55149955]

rule27: actor_1_facebook_likes > 18865.589
probabilities_array:[0.0765104  0.00132279 0.01204387 0.05100463 0.         0.08133114
 0.01878178 0.         0.14951693 0.6094884 ]

rule46: 109.846 < duration < 125.327
probabilities_array:[0.         0.         0.01843231 0.06624777 0.03152804 0.21106139
 0.04515548 0.20664433 0.07833131 0.34259945]

rule45: 94.365 < duration < 109.846
probabilities_array:[0.08519555 0.15951635 0.02664    0.14204335 0.         0.
 0.         0.07862585 0.08254201 0.4254369 ]

rule17: 50.191 < num_user_for_reviews < 310.724
probabilities_array:[0.         0.13195908 0.15319726 0.1377732  0.13018991 0.11178029
 0.09176526 0.14716354 0.04710928 0.04906216]

rule29: -703.288 < actor_2_facebook_likes < 1852.655
probabilities_array:[0.16263305 0.05667    0.0805831  0.         0.         0.
 0.         0.00846832 0.10725874 0.5843868 ]

rule25: -3689.438 < actor_1_facebook_likes < 7588.075
probabilities_array:[0.09076788 0.0544941  0.         0.         0.         0.
 0.         0.09854045 0.11827346 0.6379242 ]

