MSE: 127.6043594117647

Accuracy: 0.8705882352941177

F1: 0.8704268292682926

Confusion Matrix: [[154, 17], [27, 142]]

Uncertainties: {'class0': [0.028208766132593155, 0.28894487023353577, 0.3037225008010864, 0.32738369703292847, 0.48913565278053284], 'class1': [0.1543947160243988, 0.2924162447452545, 0.33279338479042053, 0.33690500259399414, 0.4011232256889343]}

y_test: [13.29, 13.09, 38.07, 43.58, 45.3, 33.42, 39.3, 13.82, 69.3, 27.94, 37.23, 33.05, 56.5, 61.23, 55.6, 45.08, 32.63, 14.8, 44.21, 30.88, 51.04, 25.2, 57.22, 22.49, 32.72, 76.8, 56.14, 53.96, 35.57, 23.52, 27.66, 19.69, 24.0, 11.48, 14.6, 59.0, 52.82, 41.72, 41.37, 50.46, 29.79, 15.09, 12.47, 43.39, 30.45, 33.69, 58.78, 39.7, 15.52, 18.42, 26.2, 52.61, 52.12, 40.23, 53.77, 53.72, 54.28, 44.64, 50.77, 12.05, 23.79, 19.52, 23.52, 56.61, 12.45, 39.29, 43.73, 9.01, 21.86, 46.9, 43.57, 31.18, 11.85, 13.33, 53.1, 28.94, 10.73, 34.49, 27.83, 16.5, 46.24, 67.87, 42.13, 12.18, 56.14, 25.18, 8.0, 49.8, 18.75, 36.84, 33.73, 41.67, 26.32, 23.51, 21.82, 21.97, 28.99, 29.23, 44.87, 27.34, 53.9, 49.2, 37.91, 52.3, 64.3, 41.05, 28.47, 36.45, 29.93, 13.54, 41.89, 20.28, 26.97, 35.36, 33.3, 42.13, 35.85, 42.35, 32.84, 41.68, 9.85, 28.63, 17.54, 24.92, 23.74, 40.06, 53.58, 41.05, 41.68, 13.46, 13.57, 15.34, 37.17, 33.4, 37.72, 41.94, 44.42, 64.9, 77.3, 17.44, 33.49, 25.48, 47.78, 37.43, 77.3, 42.92, 32.88, 53.66, 12.84, 8.2, 33.95, 44.03, 29.89, 15.57, 57.21, 48.67, 48.15, 22.5, 26.74, 35.17, 32.72, 72.1, 56.06, 33.42, 21.95, 12.55, 42.23, 42.64, 18.13, 46.25, 30.12, 22.44, 42.7, 42.29, 13.36, 13.52, 56.1, 39.0, 40.86, 17.2, 39.15, 59.76, 41.93, 14.2, 21.5, 40.68, 26.06, 44.33, 14.5, 46.23, 46.68, 61.07, 26.06, 33.7, 20.73, 39.61, 23.74, 25.12, 44.14, 23.89, 32.92, 71.3, 26.92, 47.74, 23.8, 42.03, 6.88, 34.24, 27.68, 41.1, 35.34, 43.7, 26.4, 41.05, 24.66, 16.28, 4.9, 37.33, 25.56, 71.62, 22.75, 31.9, 19.01, 21.18, 34.57, 79.3, 24.24, 26.85, 15.69, 37.92, 39.42, 46.23, 27.42, 45.71, 37.43, 19.2, 12.73, 27.22, 31.03, 39.38, 44.52, 44.3, 17.57, 15.82, 45.7, 44.39, 6.94, 42.55, 29.75, 24.39, 53.52, 15.87, 41.64, 15.04, 56.62, 19.42, 21.07, 26.94, 34.74, 28.63, 25.22, 48.97, 34.56, 22.95, 25.62, 46.2, 10.34, 47.13, 38.77, 35.08, 49.9, 15.34, 31.74, 30.57, 43.38, 32.05, 37.34, 79.3, 54.77, 20.73, 15.53, 33.06, 40.93, 74.17, 36.44, 27.77, 28.24, 40.87, 39.42, 38.22, 44.3, 38.5, 37.44, 13.2, 8.37, 21.86, 44.7, 20.97, 28.63, 68.5, 35.3, 55.45, 35.1, 11.36, 12.79, 36.35, 50.24, 8.49, 59.89, 41.41, 22.53, 40.2, 15.57, 26.92, 12.54, 40.27, 50.6, 26.31, 38.46, 10.03, 44.28, 77.3, 37.27, 18.13, 21.48, 9.31, 52.5, 49.2, 24.28, 24.45, 37.27, 17.37, 11.65, 56.83, 41.37, 75.5, 30.44, 52.96, 15.52, 30.12]

buck_pred: [0, 0, 1, 1, 1, 1, 0, 0, 1, 0, 1, 0, 1, 1, 1, 1, 0, 0, 1, 0, 1, 0, 1, 0, 1, 1, 1, 1, 1, 0, 0, 0, 0, 0, 0, 1, 1, 1, 1, 1, 0, 0, 0, 0, 0, 0, 1, 0, 0, 0, 0, 1, 1, 0, 1, 1, 1, 0, 1, 0, 0, 0, 0, 1, 0, 1, 1, 0, 1, 1, 1, 0, 0, 0, 1, 0, 0, 1, 0, 0, 1, 1, 1, 0, 1, 0, 0, 1, 0, 1, 0, 1, 0, 0, 0, 0, 0, 0, 0, 0, 1, 1, 0, 1, 1, 1, 0, 1, 0, 0, 1, 0, 0, 1, 0, 1, 1, 1, 0, 1, 0, 1, 0, 0, 0, 0, 1, 1, 0, 0, 0, 1, 1, 1, 1, 1, 1, 1, 1, 0, 1, 0, 1, 1, 1, 1, 0, 1, 0, 0, 0, 1, 0, 0, 1, 1, 1, 0, 1, 1, 0, 1, 1, 1, 0, 0, 1, 0, 0, 1, 1, 0, 1, 0, 0, 0, 1, 1, 0, 0, 1, 1, 1, 0, 0, 0, 0, 1, 0, 1, 1, 1, 0, 0, 0, 1, 0, 0, 1, 0, 1, 1, 0, 1, 0, 1, 0, 0, 0, 0, 1, 0, 0, 1, 0, 0, 0, 1, 1, 1, 0, 0, 0, 0, 1, 1, 0, 0, 0, 0, 1, 1, 0, 0, 1, 0, 0, 0, 0, 1, 1, 1, 0, 0, 1, 1, 0, 1, 0, 0, 1, 0, 0, 0, 1, 0, 0, 0, 1, 1, 0, 1, 1, 0, 0, 1, 0, 1, 0, 1, 1, 0, 0, 0, 1, 0, 1, 1, 1, 0, 0, 0, 1, 1, 0, 0, 0, 1, 1, 1, 1, 0, 0, 0, 0, 1, 0, 0, 1, 1, 1, 1, 1, 0, 0, 1, 1, 0, 1, 1, 0, 0, 0, 0, 0, 1, 0, 0, 1, 0, 1, 1, 1, 0, 0, 0, 0, 1, 0, 0, 0, 0, 0, 1, 1, 1, 0, 1, 0, 1]

bins: [2.33, 34.535, 82.6]

Most important rules
-----------------------------

---0---
rule28: age < 3.230
probabilities_array:[0.9717912  0.         0.02820877]

rule15: water > 196.420
probabilities_array:[0.7110551  0.         0.28894487]

rule27: fine_aggregate > 825.930
probabilities_array:[0.6962775 0.        0.3037225]

rule0: cement < 211.402
probabilities_array:[0.6726163 0.        0.3273837]

rule29: 3.230 < age < 46.587
probabilities_array:[0.5108643  0.         0.48913565]

rule14: 181.551 < water < 196.420
probabilities_array:[0.44431138 0.         0.5556886 ]

rule1: 211.402 < cement < 283.136
probabilities_array:[0.40936318 0.         0.5906368 ]

rule16: superplasticizer < 2.243
probabilities_array:[0.35497 0.      0.64503]

rule26: 770.819 < fine_aggregate < 825.930
probabilities_array:[0.31255814 0.         0.6874419 ]

rule11: fly_ash > 97.521
probabilities_array:[0.24494104 0.0012179  0.7538411 ]

rule23: coarse_aggregate > 1024.449
probabilities_array:[0.21362208 0.         0.7863779 ]


---1---
rule31: age > 89.944
probabilities_array:[0.         0.8456053  0.15439472]

rule12: water < 166.683
probabilities_array:[0.         0.7075838  0.29241624]

rule30: 46.587 < age < 89.944
probabilities_array:[0.         0.6672066  0.33279338]

rule24: fine_aggregate < 715.709
probabilities_array:[0.       0.663095 0.336905]

rule3: cement > 354.869
probabilities_array:[0.         0.5988768  0.40112323]

rule19: superplasticizer > 10.499
probabilities_array:[0.        0.4622193 0.5377807]

rule9: 11.284 < fly_ash < 54.403
probabilities_array:[0.         0.45198858 0.5480114 ]

rule17: 2.243 < superplasticizer < 6.371
probabilities_array:[0.         0.44917518 0.5508248 ]

rule20: coarse_aggregate < 919.333
probabilities_array:[0.         0.40253153 0.5974685 ]

rule13: 166.683 < water < 181.551
probabilities_array:[0.         0.39933184 0.60066813]

rule6: 75.832 < blast_furnace_slag < 134.103
probabilities_array:[0.         0.39025056 0.60974944]

rule10: 54.403 < fly_ash < 97.521
probabilities_array:[0.        0.3873934 0.6126066]

rule8: fly_ash < 11.284
probabilities_array:[0.         0.35218838 0.64781165]

rule18: 6.371 < superplasticizer < 10.499
probabilities_array:[0.         0.34065926 0.65934074]

rule2: 283.136 < cement < 354.869
probabilities_array:[0.01514702 0.32949233 0.65536064]

rule5: 17.560 < blast_furnace_slag < 75.832
probabilities_array:[0.        0.3256976 0.6743024]

rule21: 919.333 < coarse_aggregate < 971.891
probabilities_array:[0.         0.25692117 0.7430788 ]

