R2: 0.812763970733029


MAE: 4.5804337886922495


Accuracy: 0.2719340726530039


F1: 0.2823529411764706


Most important rules
-----------------------------

---0---
rule0: cement < 211.283
probabilities_array:[0.3143509  0.3184132  0.06773567 0.13546056 0.06537732 0.00657853
 0.0373574  0.02711597 0.         0.02761051]

rule28: age < 3.862
probabilities_array:[0.3854731  0.0082705  0.         0.         0.37408042 0.00675193
 0.         0.         0.         0.22542399]

rule15: water > 195.934
probabilities_array:[2.7834752e-01 1.7863856e-01 1.6257402e-01 2.0664088e-01 5.9636332e-02
 7.0990220e-02 3.6009539e-02 7.0869275e-03 0.0000000e+00 7.6041702e-05]

rule14: 181.397 < water < 195.934
probabilities_array:[2.4221610e-01 1.6622218e-01 1.3563110e-01 1.7650080e-01 3.8771365e-02
 1.7420687e-01 5.2082539e-02 4.4226585e-05 5.9202814e-04 1.3732768e-02]

rule4: blast_furnace_slag < 16.484
probabilities_array:[0.24520664 0.12289482 0.17546058 0.10990393 0.         0.
 0.1431344  0.06188064 0.02259203 0.11892693]

rule16: superplasticizer < 2.134
probabilities_array:[0.26184517 0.22809066 0.00459884 0.         0.01997771 0.
 0.         0.24776362 0.         0.23772407]

rule9: 10.517 < fly_ash < 53.452
probabilities_array:[0.18044083 0.10833872 0.         0.12599784 0.         0.00733913
 0.1210989  0.20976809 0.24194197 0.00507447]

rule1: 211.283 < cement < 284.694
probabilities_array:[0.19493937 0.12655866 0.01933096 0.11981992 0.03836335 0.03971877
 0.20689745 0.12602812 0.         0.12834345]

rule8: fly_ash < 10.517
probabilities_array:[0.23516437 0.         0.         0.         0.0550587  0.06394475
 0.         0.02859843 0.3251634  0.2920704 ]

rule27: fine_aggregate > 824.984
probabilities_array:[0.2474291  0.09802009 0.06148743 0.         0.06746209 0.0337828
 0.15048559 0.         0.         0.3413329 ]

rule23: coarse_aggregate > 1026.016
probabilities_array:[0.20399578 0.03707903 0.05726364 0.         0.0059772  0.03699057
 0.         0.04054826 0.39273292 0.2254127 ]

rule21: 920.173 < coarse_aggregate < 973.095
probabilities_array:[0.14028065 0.         0.09907021 0.1432794  0.00427833 0.01973289
 0.0564645  0.22609973 0.17142594 0.13936834]

rule13: 166.861 < water < 181.397
probabilities_array:[0.13562234 0.         0.         0.02947752 0.02781954 0.12361108
 0.20729555 0.06794044 0.22387506 0.18435848]

rule20: coarse_aggregate < 920.173
probabilities_array:[0.11207    0.051275   0.         0.08084941 0.2831225  0.02395811
 0.19675025 0.00458486 0.17911354 0.06827641]

rule18: 6.210 < superplasticizer < 10.287
probabilities_array:[0.08606673 0.         0.23543255 0.06070497 0.00571533 0.16169727
 0.15273611 0.2118136  0.02478238 0.06105112]

rule10: 53.452 < fly_ash < 96.387
probabilities_array:[0.08137434 0.040906   0.15140699 0.1033692  0.18967228 0.00135467
 0.21376304 0.20056053 0.         0.01759294]

rule22: 973.095 < coarse_aggregate < 1026.016
probabilities_array:[0.08191158 0.15957718 0.08316465 0.01227457 0.02599502 0.16906926
 0.21510316 0.11702751 0.         0.13587704]

rule11: fly_ash > 96.387
probabilities_array:[0.07137194 0.06836868 0.16937473 0.16413915 0.06802262 0.14914829
 0.09864496 0.03980784 0.         0.17112175]

rule7: blast_furnace_slag > 131.971
probabilities_array:[0.06037208 0.00453864 0.1832718  0.06978388 0.2937548  0.12955661
 0.04779456 0.         0.17139135 0.03953636]


---1---
rule0: cement < 211.283
probabilities_array:[0.3143509  0.3184132  0.06773567 0.13546056 0.06537732 0.00657853
 0.0373574  0.02711597 0.         0.02761051]

rule29: 3.862 < age < 46.342
probabilities_array:[0.         0.24197909 0.26808086 0.18326703 0.05567322 0.09226435
 0.0495941  0.04606707 0.03290019 0.03017403]

rule15: water > 195.934
probabilities_array:[2.7834752e-01 1.7863856e-01 1.6257402e-01 2.0664088e-01 5.9636332e-02
 7.0990220e-02 3.6009539e-02 7.0869275e-03 0.0000000e+00 7.6041702e-05]

rule16: superplasticizer < 2.134
probabilities_array:[0.26184517 0.22809066 0.00459884 0.         0.01997771 0.
 0.         0.24776362 0.         0.23772407]

rule14: 181.397 < water < 195.934
probabilities_array:[2.4221610e-01 1.6622218e-01 1.3563110e-01 1.7650080e-01 3.8771365e-02
 1.7420687e-01 5.2082539e-02 4.4226585e-05 5.9202814e-04 1.3732768e-02]

rule26: 770.475 < fine_aggregate < 824.984
probabilities_array:[0.         0.17423707 0.03636017 0.05023272 0.         0.19936812
 0.03828998 0.09920671 0.2444338  0.15787148]

rule22: 973.095 < coarse_aggregate < 1026.016
probabilities_array:[0.08191158 0.15957718 0.08316465 0.01227457 0.02599502 0.16906926
 0.21510316 0.11702751 0.         0.13587704]

rule19: superplasticizer > 10.287
probabilities_array:[0.         0.14294043 0.         0.12995856 0.2595242  0.05243692
 0.04865944 0.         0.1952781  0.1712024 ]

rule1: 211.283 < cement < 284.694
probabilities_array:[0.19493937 0.12655866 0.01933096 0.11981992 0.03836335 0.03971877
 0.20689745 0.12602812 0.         0.12834345]

rule4: blast_furnace_slag < 16.484
probabilities_array:[0.24520664 0.12289482 0.17546058 0.10990393 0.         0.
 0.1431344  0.06188064 0.02259203 0.11892693]

rule9: 10.517 < fly_ash < 53.452
probabilities_array:[0.18044083 0.10833872 0.         0.12599784 0.         0.00733913
 0.1210989  0.20976809 0.24194197 0.00507447]

rule27: fine_aggregate > 824.984
probabilities_array:[0.2474291  0.09802009 0.06148743 0.         0.06746209 0.0337828
 0.15048559 0.         0.         0.3413329 ]

rule11: fly_ash > 96.387
probabilities_array:[0.07137194 0.06836868 0.16937473 0.16413915 0.06802262 0.14914829
 0.09864496 0.03980784 0.         0.17112175]

rule20: coarse_aggregate < 920.173
probabilities_array:[0.11207    0.051275   0.         0.08084941 0.2831225  0.02395811
 0.19675025 0.00458486 0.17911354 0.06827641]

rule10: 53.452 < fly_ash < 96.387
probabilities_array:[0.08137434 0.040906   0.15140699 0.1033692  0.18967228 0.00135467
 0.21376304 0.20056053 0.         0.01759294]


---2---
rule29: 3.862 < age < 46.342
probabilities_array:[0.         0.24197909 0.26808086 0.18326703 0.05567322 0.09226435
 0.0495941  0.04606707 0.03290019 0.03017403]

rule18: 6.210 < superplasticizer < 10.287
probabilities_array:[0.08606673 0.         0.23543255 0.06070497 0.00571533 0.16169727
 0.15273611 0.2118136  0.02478238 0.06105112]

rule17: 2.134 < superplasticizer < 6.210
probabilities_array:[0.00056186 0.         0.22295886 0.         0.27625647 0.3200845
 0.00119519 0.         0.07757762 0.10136546]

rule7: blast_furnace_slag > 131.971
probabilities_array:[0.06037208 0.00453864 0.1832718  0.06978388 0.2937548  0.12955661
 0.04779456 0.         0.17139135 0.03953636]

rule15: water > 195.934
probabilities_array:[2.7834752e-01 1.7863856e-01 1.6257402e-01 2.0664088e-01 5.9636332e-02
 7.0990220e-02 3.6009539e-02 7.0869275e-03 0.0000000e+00 7.6041702e-05]

rule4: blast_furnace_slag < 16.484
probabilities_array:[0.24520664 0.12289482 0.17546058 0.10990393 0.         0.
 0.1431344  0.06188064 0.02259203 0.11892693]

rule10: 53.452 < fly_ash < 96.387
probabilities_array:[0.08137434 0.040906   0.15140699 0.1033692  0.18967228 0.00135467
 0.21376304 0.20056053 0.         0.01759294]

rule11: fly_ash > 96.387
probabilities_array:[0.07137194 0.06836868 0.16937473 0.16413915 0.06802262 0.14914829
 0.09864496 0.03980784 0.         0.17112175]

rule14: 181.397 < water < 195.934
probabilities_array:[2.4221610e-01 1.6622218e-01 1.3563110e-01 1.7650080e-01 3.8771365e-02
 1.7420687e-01 5.2082539e-02 4.4226585e-05 5.9202814e-04 1.3732768e-02]

rule21: 920.173 < coarse_aggregate < 973.095
probabilities_array:[0.14028065 0.         0.09907021 0.1432794  0.00427833 0.01973289
 0.0564645  0.22609973 0.17142594 0.13936834]

rule22: 973.095 < coarse_aggregate < 1026.016
probabilities_array:[0.08191158 0.15957718 0.08316465 0.01227457 0.02599502 0.16906926
 0.21510316 0.11702751 0.         0.13587704]

rule0: cement < 211.283
probabilities_array:[0.3143509  0.3184132  0.06773567 0.13546056 0.06537732 0.00657853
 0.0373574  0.02711597 0.         0.02761051]

rule23: coarse_aggregate > 1026.016
probabilities_array:[0.20399578 0.03707903 0.05726364 0.         0.0059772  0.03699057
 0.         0.04054826 0.39273292 0.2254127 ]

rule27: fine_aggregate > 824.984
probabilities_array:[0.2474291  0.09802009 0.06148743 0.         0.06746209 0.0337828
 0.15048559 0.         0.         0.3413329 ]


---3---
rule15: water > 195.934
probabilities_array:[2.7834752e-01 1.7863856e-01 1.6257402e-01 2.0664088e-01 5.9636332e-02
 7.0990220e-02 3.6009539e-02 7.0869275e-03 0.0000000e+00 7.6041702e-05]

rule29: 3.862 < age < 46.342
probabilities_array:[0.         0.24197909 0.26808086 0.18326703 0.05567322 0.09226435
 0.0495941  0.04606707 0.03290019 0.03017403]

rule14: 181.397 < water < 195.934
probabilities_array:[2.4221610e-01 1.6622218e-01 1.3563110e-01 1.7650080e-01 3.8771365e-02
 1.7420687e-01 5.2082539e-02 4.4226585e-05 5.9202814e-04 1.3732768e-02]

rule30: 46.342 < age < 88.822
probabilities_array:[0.         0.         0.         0.17876032 0.         0.
 0.27518487 0.1989646  0.2739803  0.07310994]

rule2: 284.694 < cement < 358.106
probabilities_array:[0.0358176  0.01022046 0.         0.17236897 0.04346096 0.08615581
 0.0574778  0.3291901  0.06872642 0.1965819 ]

rule11: fly_ash > 96.387
probabilities_array:[0.07137194 0.06836868 0.16937473 0.16413915 0.06802262 0.14914829
 0.09864496 0.03980784 0.         0.17112175]

rule0: cement < 211.283
probabilities_array:[0.3143509  0.3184132  0.06773567 0.13546056 0.06537732 0.00657853
 0.0373574  0.02711597 0.         0.02761051]

rule9: 10.517 < fly_ash < 53.452
probabilities_array:[0.18044083 0.10833872 0.         0.12599784 0.         0.00733913
 0.1210989  0.20976809 0.24194197 0.00507447]

rule21: 920.173 < coarse_aggregate < 973.095
probabilities_array:[0.14028065 0.         0.09907021 0.1432794  0.00427833 0.01973289
 0.0564645  0.22609973 0.17142594 0.13936834]

rule19: superplasticizer > 10.287
probabilities_array:[0.         0.14294043 0.         0.12995856 0.2595242  0.05243692
 0.04865944 0.         0.1952781  0.1712024 ]

rule1: 211.283 < cement < 284.694
probabilities_array:[0.19493937 0.12655866 0.01933096 0.11981992 0.03836335 0.03971877
 0.20689745 0.12602812 0.         0.12834345]

rule10: 53.452 < fly_ash < 96.387
probabilities_array:[0.08137434 0.040906   0.15140699 0.1033692  0.18967228 0.00135467
 0.21376304 0.20056053 0.         0.01759294]

rule4: blast_furnace_slag < 16.484
probabilities_array:[0.24520664 0.12289482 0.17546058 0.10990393 0.         0.
 0.1431344  0.06188064 0.02259203 0.11892693]

rule20: coarse_aggregate < 920.173
probabilities_array:[0.11207    0.051275   0.         0.08084941 0.2831225  0.02395811
 0.19675025 0.00458486 0.17911354 0.06827641]

rule7: blast_furnace_slag > 131.971
probabilities_array:[0.06037208 0.00453864 0.1832718  0.06978388 0.2937548  0.12955661
 0.04779456 0.         0.17139135 0.03953636]

rule25: 715.965 < fine_aggregate < 770.475
probabilities_array:[0.         0.         0.         0.07483874 0.3169777  0.04120049
 0.         0.29251778 0.1539143  0.12055095]

rule31: age > 88.822
probabilities_array:[0.0000000e+00 1.4035012e-02 1.5118615e-02 5.9200749e-02 4.1817907e-02
 1.9694196e-01 1.6558132e-01 2.5065270e-01 2.5659725e-01 5.4482938e-05]

rule18: 6.210 < superplasticizer < 10.287
probabilities_array:[0.08606673 0.         0.23543255 0.06070497 0.00571533 0.16169727
 0.15273611 0.2118136  0.02478238 0.06105112]

rule26: 770.475 < fine_aggregate < 824.984
probabilities_array:[0.         0.17423707 0.03636017 0.05023272 0.         0.19936812
 0.03828998 0.09920671 0.2444338  0.15787148]


---4---
rule28: age < 3.862
probabilities_array:[0.3854731  0.0082705  0.         0.         0.37408042 0.00675193
 0.         0.         0.         0.22542399]

rule7: blast_furnace_slag > 131.971
probabilities_array:[0.06037208 0.00453864 0.1832718  0.06978388 0.2937548  0.12955661
 0.04779456 0.         0.17139135 0.03953636]

rule25: 715.965 < fine_aggregate < 770.475
probabilities_array:[0.         0.         0.         0.07483874 0.3169777  0.04120049
 0.         0.29251778 0.1539143  0.12055095]

rule20: coarse_aggregate < 920.173
probabilities_array:[0.11207    0.051275   0.         0.08084941 0.2831225  0.02395811
 0.19675025 0.00458486 0.17911354 0.06827641]

rule17: 2.134 < superplasticizer < 6.210
probabilities_array:[0.00056186 0.         0.22295886 0.         0.27625647 0.3200845
 0.00119519 0.         0.07757762 0.10136546]

rule19: superplasticizer > 10.287
probabilities_array:[0.         0.14294043 0.         0.12995856 0.2595242  0.05243692
 0.04865944 0.         0.1952781  0.1712024 ]

rule10: 53.452 < fly_ash < 96.387
probabilities_array:[0.08137434 0.040906   0.15140699 0.1033692  0.18967228 0.00135467
 0.21376304 0.20056053 0.         0.01759294]

rule6: 74.228 < blast_furnace_slag < 131.971
probabilities_array:[0.00453116 0.         0.         0.         0.19065171 0.22237183
 0.11058921 0.23418517 0.139373   0.09829787]

rule3: cement > 358.106
probabilities_array:[0.         0.         0.         0.00980178 0.14610292 0.24664858
 0.18977895 0.08933414 0.27064267 0.04769094]

rule24: fine_aggregate < 715.965
probabilities_array:[0.00936842 0.         0.00350536 0.02404666 0.12938194 0.05586466
 0.2318728  0.25653273 0.26669574 0.02273174]

rule12: water < 166.861
probabilities_array:[0.         0.         0.         0.         0.17028916 0.04428089
 0.         0.26334354 0.24509214 0.27699432]

rule5: 16.484 < blast_furnace_slag < 74.228
probabilities_array:[0.         0.         0.         0.         0.08673435 0.11910813
 0.         0.31684154 0.2544264  0.2228896 ]

rule0: cement < 211.283
probabilities_array:[0.3143509  0.3184132  0.06773567 0.13546056 0.06537732 0.00657853
 0.0373574  0.02711597 0.         0.02761051]

rule15: water > 195.934
probabilities_array:[2.7834752e-01 1.7863856e-01 1.6257402e-01 2.0664088e-01 5.9636332e-02
 7.0990220e-02 3.6009539e-02 7.0869275e-03 0.0000000e+00 7.6041702e-05]

rule11: fly_ash > 96.387
probabilities_array:[0.07137194 0.06836868 0.16937473 0.16413915 0.06802262 0.14914829
 0.09864496 0.03980784 0.         0.17112175]

rule29: 3.862 < age < 46.342
probabilities_array:[0.         0.24197909 0.26808086 0.18326703 0.05567322 0.09226435
 0.0495941  0.04606707 0.03290019 0.03017403]

rule27: fine_aggregate > 824.984
probabilities_array:[0.2474291  0.09802009 0.06148743 0.         0.06746209 0.0337828
 0.15048559 0.         0.         0.3413329 ]

rule31: age > 88.822
probabilities_array:[0.0000000e+00 1.4035012e-02 1.5118615e-02 5.9200749e-02 4.1817907e-02
 1.9694196e-01 1.6558132e-01 2.5065270e-01 2.5659725e-01 5.4482938e-05]


---5---
rule17: 2.134 < superplasticizer < 6.210
probabilities_array:[0.00056186 0.         0.22295886 0.         0.27625647 0.3200845
 0.00119519 0.         0.07757762 0.10136546]

rule3: cement > 358.106
probabilities_array:[0.         0.         0.         0.00980178 0.14610292 0.24664858
 0.18977895 0.08933414 0.27064267 0.04769094]

rule6: 74.228 < blast_furnace_slag < 131.971
probabilities_array:[0.00453116 0.         0.         0.         0.19065171 0.22237183
 0.11058921 0.23418517 0.139373   0.09829787]

rule31: age > 88.822
probabilities_array:[0.0000000e+00 1.4035012e-02 1.5118615e-02 5.9200749e-02 4.1817907e-02
 1.9694196e-01 1.6558132e-01 2.5065270e-01 2.5659725e-01 5.4482938e-05]

rule14: 181.397 < water < 195.934
probabilities_array:[2.4221610e-01 1.6622218e-01 1.3563110e-01 1.7650080e-01 3.8771365e-02
 1.7420687e-01 5.2082539e-02 4.4226585e-05 5.9202814e-04 1.3732768e-02]

rule26: 770.475 < fine_aggregate < 824.984
probabilities_array:[0.         0.17423707 0.03636017 0.05023272 0.         0.19936812
 0.03828998 0.09920671 0.2444338  0.15787148]

rule18: 6.210 < superplasticizer < 10.287
probabilities_array:[0.08606673 0.         0.23543255 0.06070497 0.00571533 0.16169727
 0.15273611 0.2118136  0.02478238 0.06105112]

rule22: 973.095 < coarse_aggregate < 1026.016
probabilities_array:[0.08191158 0.15957718 0.08316465 0.01227457 0.02599502 0.16906926
 0.21510316 0.11702751 0.         0.13587704]

rule7: blast_furnace_slag > 131.971
probabilities_array:[0.06037208 0.00453864 0.1832718  0.06978388 0.2937548  0.12955661
 0.04779456 0.         0.17139135 0.03953636]

rule11: fly_ash > 96.387
probabilities_array:[0.07137194 0.06836868 0.16937473 0.16413915 0.06802262 0.14914829
 0.09864496 0.03980784 0.         0.17112175]

rule13: 166.861 < water < 181.397
probabilities_array:[0.13562234 0.         0.         0.02947752 0.02781954 0.12361108
 0.20729555 0.06794044 0.22387506 0.18435848]

rule5: 16.484 < blast_furnace_slag < 74.228
probabilities_array:[0.         0.         0.         0.         0.08673435 0.11910813
 0.         0.31684154 0.2544264  0.2228896 ]

rule29: 3.862 < age < 46.342
probabilities_array:[0.         0.24197909 0.26808086 0.18326703 0.05567322 0.09226435
 0.0495941  0.04606707 0.03290019 0.03017403]

rule15: water > 195.934
probabilities_array:[2.7834752e-01 1.7863856e-01 1.6257402e-01 2.0664088e-01 5.9636332e-02
 7.0990220e-02 3.6009539e-02 7.0869275e-03 0.0000000e+00 7.6041702e-05]

rule2: 284.694 < cement < 358.106
probabilities_array:[0.0358176  0.01022046 0.         0.17236897 0.04346096 0.08615581
 0.0574778  0.3291901  0.06872642 0.1965819 ]

rule24: fine_aggregate < 715.965
probabilities_array:[0.00936842 0.         0.00350536 0.02404666 0.12938194 0.05586466
 0.2318728  0.25653273 0.26669574 0.02273174]

rule8: fly_ash < 10.517
probabilities_array:[0.23516437 0.         0.         0.         0.0550587  0.06394475
 0.         0.02859843 0.3251634  0.2920704 ]

rule19: superplasticizer > 10.287
probabilities_array:[0.         0.14294043 0.         0.12995856 0.2595242  0.05243692
 0.04865944 0.         0.1952781  0.1712024 ]


---6---
rule30: 46.342 < age < 88.822
probabilities_array:[0.         0.         0.         0.17876032 0.         0.
 0.27518487 0.1989646  0.2739803  0.07310994]

rule24: fine_aggregate < 715.965
probabilities_array:[0.00936842 0.         0.00350536 0.02404666 0.12938194 0.05586466
 0.2318728  0.25653273 0.26669574 0.02273174]

rule10: 53.452 < fly_ash < 96.387
probabilities_array:[0.08137434 0.040906   0.15140699 0.1033692  0.18967228 0.00135467
 0.21376304 0.20056053 0.         0.01759294]

rule22: 973.095 < coarse_aggregate < 1026.016
probabilities_array:[0.08191158 0.15957718 0.08316465 0.01227457 0.02599502 0.16906926
 0.21510316 0.11702751 0.         0.13587704]

rule20: coarse_aggregate < 920.173
probabilities_array:[0.11207    0.051275   0.         0.08084941 0.2831225  0.02395811
 0.19675025 0.00458486 0.17911354 0.06827641]

rule3: cement > 358.106
probabilities_array:[0.         0.         0.         0.00980178 0.14610292 0.24664858
 0.18977895 0.08933414 0.27064267 0.04769094]

rule1: 211.283 < cement < 284.694
probabilities_array:[0.19493937 0.12655866 0.01933096 0.11981992 0.03836335 0.03971877
 0.20689745 0.12602812 0.         0.12834345]

rule13: 166.861 < water < 181.397
probabilities_array:[0.13562234 0.         0.         0.02947752 0.02781954 0.12361108
 0.20729555 0.06794044 0.22387506 0.18435848]

rule31: age > 88.822
probabilities_array:[0.0000000e+00 1.4035012e-02 1.5118615e-02 5.9200749e-02 4.1817907e-02
 1.9694196e-01 1.6558132e-01 2.5065270e-01 2.5659725e-01 5.4482938e-05]

rule18: 6.210 < superplasticizer < 10.287
probabilities_array:[0.08606673 0.         0.23543255 0.06070497 0.00571533 0.16169727
 0.15273611 0.2118136  0.02478238 0.06105112]

rule4: blast_furnace_slag < 16.484
probabilities_array:[0.24520664 0.12289482 0.17546058 0.10990393 0.         0.
 0.1431344  0.06188064 0.02259203 0.11892693]

rule9: 10.517 < fly_ash < 53.452
probabilities_array:[0.18044083 0.10833872 0.         0.12599784 0.         0.00733913
 0.1210989  0.20976809 0.24194197 0.00507447]

rule6: 74.228 < blast_furnace_slag < 131.971
probabilities_array:[0.00453116 0.         0.         0.         0.19065171 0.22237183
 0.11058921 0.23418517 0.139373   0.09829787]

rule27: fine_aggregate > 824.984
probabilities_array:[0.2474291  0.09802009 0.06148743 0.         0.06746209 0.0337828
 0.15048559 0.         0.         0.3413329 ]

rule11: fly_ash > 96.387
probabilities_array:[0.07137194 0.06836868 0.16937473 0.16413915 0.06802262 0.14914829
 0.09864496 0.03980784 0.         0.17112175]

rule14: 181.397 < water < 195.934
probabilities_array:[2.4221610e-01 1.6622218e-01 1.3563110e-01 1.7650080e-01 3.8771365e-02
 1.7420687e-01 5.2082539e-02 4.4226585e-05 5.9202814e-04 1.3732768e-02]

rule21: 920.173 < coarse_aggregate < 973.095
probabilities_array:[0.14028065 0.         0.09907021 0.1432794  0.00427833 0.01973289
 0.0564645  0.22609973 0.17142594 0.13936834]

rule29: 3.862 < age < 46.342
probabilities_array:[0.         0.24197909 0.26808086 0.18326703 0.05567322 0.09226435
 0.0495941  0.04606707 0.03290019 0.03017403]

rule2: 284.694 < cement < 358.106
probabilities_array:[0.0358176  0.01022046 0.         0.17236897 0.04346096 0.08615581
 0.0574778  0.3291901  0.06872642 0.1965819 ]

rule7: blast_furnace_slag > 131.971
probabilities_array:[0.06037208 0.00453864 0.1832718  0.06978388 0.2937548  0.12955661
 0.04779456 0.         0.17139135 0.03953636]

rule19: superplasticizer > 10.287
probabilities_array:[0.         0.14294043 0.         0.12995856 0.2595242  0.05243692
 0.04865944 0.         0.1952781  0.1712024 ]


---7---
rule2: 284.694 < cement < 358.106
probabilities_array:[0.0358176  0.01022046 0.         0.17236897 0.04346096 0.08615581
 0.0574778  0.3291901  0.06872642 0.1965819 ]

rule25: 715.965 < fine_aggregate < 770.475
probabilities_array:[0.         0.         0.         0.07483874 0.3169777  0.04120049
 0.         0.29251778 0.1539143  0.12055095]

rule24: fine_aggregate < 715.965
probabilities_array:[0.00936842 0.         0.00350536 0.02404666 0.12938194 0.05586466
 0.2318728  0.25653273 0.26669574 0.02273174]

rule31: age > 88.822
probabilities_array:[0.0000000e+00 1.4035012e-02 1.5118615e-02 5.9200749e-02 4.1817907e-02
 1.9694196e-01 1.6558132e-01 2.5065270e-01 2.5659725e-01 5.4482938e-05]

rule5: 16.484 < blast_furnace_slag < 74.228
probabilities_array:[0.         0.         0.         0.         0.08673435 0.11910813
 0.         0.31684154 0.2544264  0.2228896 ]

rule6: 74.228 < blast_furnace_slag < 131.971
probabilities_array:[0.00453116 0.         0.         0.         0.19065171 0.22237183
 0.11058921 0.23418517 0.139373   0.09829787]

rule9: 10.517 < fly_ash < 53.452
probabilities_array:[0.18044083 0.10833872 0.         0.12599784 0.         0.00733913
 0.1210989  0.20976809 0.24194197 0.00507447]

rule18: 6.210 < superplasticizer < 10.287
probabilities_array:[0.08606673 0.         0.23543255 0.06070497 0.00571533 0.16169727
 0.15273611 0.2118136  0.02478238 0.06105112]

rule10: 53.452 < fly_ash < 96.387
probabilities_array:[0.08137434 0.040906   0.15140699 0.1033692  0.18967228 0.00135467
 0.21376304 0.20056053 0.         0.01759294]

rule21: 920.173 < coarse_aggregate < 973.095
probabilities_array:[0.14028065 0.         0.09907021 0.1432794  0.00427833 0.01973289
 0.0564645  0.22609973 0.17142594 0.13936834]

rule12: water < 166.861
probabilities_array:[0.         0.         0.         0.         0.17028916 0.04428089
 0.         0.26334354 0.24509214 0.27699432]

rule16: superplasticizer < 2.134
probabilities_array:[0.26184517 0.22809066 0.00459884 0.         0.01997771 0.
 0.         0.24776362 0.         0.23772407]

rule30: 46.342 < age < 88.822
probabilities_array:[0.         0.         0.         0.17876032 0.         0.
 0.27518487 0.1989646  0.2739803  0.07310994]

rule1: 211.283 < cement < 284.694
probabilities_array:[0.19493937 0.12655866 0.01933096 0.11981992 0.03836335 0.03971877
 0.20689745 0.12602812 0.         0.12834345]

rule22: 973.095 < coarse_aggregate < 1026.016
probabilities_array:[0.08191158 0.15957718 0.08316465 0.01227457 0.02599502 0.16906926
 0.21510316 0.11702751 0.         0.13587704]

rule3: cement > 358.106
probabilities_array:[0.         0.         0.         0.00980178 0.14610292 0.24664858
 0.18977895 0.08933414 0.27064267 0.04769094]

rule26: 770.475 < fine_aggregate < 824.984
probabilities_array:[0.         0.17423707 0.03636017 0.05023272 0.         0.19936812
 0.03828998 0.09920671 0.2444338  0.15787148]

rule13: 166.861 < water < 181.397
probabilities_array:[0.13562234 0.         0.         0.02947752 0.02781954 0.12361108
 0.20729555 0.06794044 0.22387506 0.18435848]

rule4: blast_furnace_slag < 16.484
probabilities_array:[0.24520664 0.12289482 0.17546058 0.10990393 0.         0.
 0.1431344  0.06188064 0.02259203 0.11892693]

rule29: 3.862 < age < 46.342
probabilities_array:[0.         0.24197909 0.26808086 0.18326703 0.05567322 0.09226435
 0.0495941  0.04606707 0.03290019 0.03017403]


---8---
rule23: coarse_aggregate > 1026.016
probabilities_array:[0.20399578 0.03707903 0.05726364 0.         0.0059772  0.03699057
 0.         0.04054826 0.39273292 0.2254127 ]

rule24: fine_aggregate < 715.965
probabilities_array:[0.00936842 0.         0.00350536 0.02404666 0.12938194 0.05586466
 0.2318728  0.25653273 0.26669574 0.02273174]

rule3: cement > 358.106
probabilities_array:[0.         0.         0.         0.00980178 0.14610292 0.24664858
 0.18977895 0.08933414 0.27064267 0.04769094]

rule31: age > 88.822
probabilities_array:[0.0000000e+00 1.4035012e-02 1.5118615e-02 5.9200749e-02 4.1817907e-02
 1.9694196e-01 1.6558132e-01 2.5065270e-01 2.5659725e-01 5.4482938e-05]

rule30: 46.342 < age < 88.822
probabilities_array:[0.         0.         0.         0.17876032 0.         0.
 0.27518487 0.1989646  0.2739803  0.07310994]

rule9: 10.517 < fly_ash < 53.452
probabilities_array:[0.18044083 0.10833872 0.         0.12599784 0.         0.00733913
 0.1210989  0.20976809 0.24194197 0.00507447]

rule8: fly_ash < 10.517
probabilities_array:[0.23516437 0.         0.         0.         0.0550587  0.06394475
 0.         0.02859843 0.3251634  0.2920704 ]

rule26: 770.475 < fine_aggregate < 824.984
probabilities_array:[0.         0.17423707 0.03636017 0.05023272 0.         0.19936812
 0.03828998 0.09920671 0.2444338  0.15787148]

rule5: 16.484 < blast_furnace_slag < 74.228
probabilities_array:[0.         0.         0.         0.         0.08673435 0.11910813
 0.         0.31684154 0.2544264  0.2228896 ]

rule13: 166.861 < water < 181.397
probabilities_array:[0.13562234 0.         0.         0.02947752 0.02781954 0.12361108
 0.20729555 0.06794044 0.22387506 0.18435848]

rule12: water < 166.861
probabilities_array:[0.         0.         0.         0.         0.17028916 0.04428089
 0.         0.26334354 0.24509214 0.27699432]

rule20: coarse_aggregate < 920.173
probabilities_array:[0.11207    0.051275   0.         0.08084941 0.2831225  0.02395811
 0.19675025 0.00458486 0.17911354 0.06827641]

rule7: blast_furnace_slag > 131.971
probabilities_array:[0.06037208 0.00453864 0.1832718  0.06978388 0.2937548  0.12955661
 0.04779456 0.         0.17139135 0.03953636]

rule19: superplasticizer > 10.287
probabilities_array:[0.         0.14294043 0.         0.12995856 0.2595242  0.05243692
 0.04865944 0.         0.1952781  0.1712024 ]

rule21: 920.173 < coarse_aggregate < 973.095
probabilities_array:[0.14028065 0.         0.09907021 0.1432794  0.00427833 0.01973289
 0.0564645  0.22609973 0.17142594 0.13936834]

rule25: 715.965 < fine_aggregate < 770.475
probabilities_array:[0.         0.         0.         0.07483874 0.3169777  0.04120049
 0.         0.29251778 0.1539143  0.12055095]

rule6: 74.228 < blast_furnace_slag < 131.971
probabilities_array:[0.00453116 0.         0.         0.         0.19065171 0.22237183
 0.11058921 0.23418517 0.139373   0.09829787]

rule17: 2.134 < superplasticizer < 6.210
probabilities_array:[0.00056186 0.         0.22295886 0.         0.27625647 0.3200845
 0.00119519 0.         0.07757762 0.10136546]

rule2: 284.694 < cement < 358.106
probabilities_array:[0.0358176  0.01022046 0.         0.17236897 0.04346096 0.08615581
 0.0574778  0.3291901  0.06872642 0.1965819 ]

