MSE: 2701216052.1647825

Accuracy: 0.24418140710200825

F1: 0.1770297996784285

Average Similarity: 0.24418140710200825

Confusion Matrix: [[625, 0, 33, 170, 9, 50, 7, 14, 71, 43], [142, 0, 14, 148, 0, 43, 7, 1, 33, 22], [217, 0, 26, 322, 7, 90, 7, 11, 58, 57], [149, 0, 17, 283, 7, 151, 10, 5, 70, 47], [92, 0, 9, 257, 8, 203, 15, 21, 87, 43], [73, 0, 11, 193, 6, 222, 27, 26, 129, 84], [68, 0, 5, 104, 10, 170, 21, 56, 218, 95], [63, 0, 3, 56, 2, 124, 24, 54, 298, 156], [48, 0, 2, 44, 1, 71, 12, 54, 300, 175], [60, 0, 1, 15, 2, 53, 13, 57, 315, 297]]

Similarity Matrix: [[0.4066363044892648, 0.0, 0.0, 0.0, 0.0, 0.0, 0.0, 0.0, 0.0, 0.0], [0.0, 0.0, 0.0, 0.0, 0.0, 0.0, 0.0, 0.0, 0.0, 0.0], [0.0, 0.0, 0.21487603305785125, 0.0, 0.0, 0.0, 0.0, 0.0, 0.0, 0.0], [0.0, 0.0, 0.0, 0.1777638190954774, 0.0, 0.0, 0.0, 0.0, 0.0, 0.0], [0.0, 0.0, 0.0, 0.0, 0.15384615384615385, 0.0, 0.0, 0.0, 0.0, 0.0], [0.0, 0.0, 0.0, 0.0, 0.0, 0.18861512319456245, 0.0, 0.0, 0.0, 0.0], [0.0, 0.0, 0.0, 0.0, 0.0, 0.0, 0.14685314685314685, 0.0, 0.0, 0.0], [0.0, 0.0, 0.0, 0.0, 0.0, 0.0, 0.0, 0.1806020066889632, 0.0, 0.0], [0.0, 0.0, 0.0, 0.0, 0.0, 0.0, 0.0, 0.0, 0.18999366687777075, 0.0], [0.0, 0.0, 0.0, 0.0, 0.0, 0.0, 0.0, 0.0, 0.0, 0.2914622178606477]]

Uncertainties: {'class0': [], 'class1': [], 'class2': [], 'class3': [], 'class4': [], 'class5': [], 'class6': [], 'class7': [], 'class8': [], 'class9': []}

Most important rules
-----------------------------

---0---

---1---

---2---

---3---

---4---

---5---

---6---

---7---

---8---

---9---
