MSE: 2693395601.7192445

Accuracy: 0.27064769251230214

F1: 0.23486071572661427

Average Similarity: 0.27064769251230214

Confusion Matrix: [[675, 20, 108, 56, 48, 21, 16, 36, 42], [220, 27, 115, 81, 72, 25, 9, 11, 31], [213, 42, 154, 153, 144, 36, 23, 48, 51], [154, 30, 127, 154, 156, 56, 45, 38, 50], [98, 29, 80, 153, 220, 77, 53, 60, 63], [103, 19, 75, 122, 164, 82, 93, 83, 96], [77, 14, 37, 55, 143, 91, 111, 184, 155], [66, 8, 27, 52, 80, 57, 108, 198, 222], [64, 4, 13, 40, 68, 45, 75, 154, 414]]

Similarity Matrix: [[0.4041916167664671, 0.0, 0.0, 0.0, 0.0, 0.0, 0.0, 0.0, 0.0], [0.0, 0.13989637305699482, 0.0, 0.0, 0.0, 0.0, 0.0, 0.0, 0.0], [0.0, 0.0, 0.20923913043478262, 0.0, 0.0, 0.0, 0.0, 0.0, 0.0], [0.0, 0.0, 0.0, 0.17782909930715934, 0.0, 0.0, 0.0, 0.0, 0.0], [0.0, 0.0, 0.0, 0.0, 0.2009132420091324, 0.0, 0.0, 0.0, 0.0], [0.0, 0.0, 0.0, 0.0, 0.0, 0.1673469387755102, 0.0, 0.0, 0.0], [0.0, 0.0, 0.0, 0.0, 0.0, 0.0, 0.20825515947467166, 0.0, 0.0], [0.0, 0.0, 0.0, 0.0, 0.0, 0.0, 0.0, 0.2438423645320197, 0.0], [0.0, 0.0, 0.0, 0.0, 0.0, 0.0, 0.0, 0.0, 0.3683274021352313]]

Uncertainties: {'class0': [], 'class1': [], 'class2': [], 'class3': [], 'class4': [], 'class5': [], 'class6': [], 'class7': [0.6196138262748718], 'class8': []}

Most important rules
-----------------------------

---0---

---1---

---2---

---3---

---4---

---5---

---6---

---7---
rule65: 0.269 < H40p4 < 0.494
probabilities_array:[0.         0.         0.         0.         0.00290185 0.09116932
 0.0836847  0.12295824 0.07967208 0.6196138 ]


---8---
