MSE: 2.664756446991404e-06

Accuracy: 0.42661572747532633

F1: 0.3604942411288358

Confusion Matrix: [[264, 47, 133, 24, 0, 0], [124, 60, 205, 57, 0, 1], [107, 54, 338, 151, 2, 2], [24, 13, 139, 533, 25, 92], [0, 2, 14, 298, 14, 78], [0, 0, 8, 179, 22, 131]]

Uncertainties: {'class0': [0.007877703756093979, 0.020322861149907112, 0.02535257861018181, 0.046917617321014404, 0.1012459546327591], 'class1': [0.007877703756093979, 0.020322861149907112, 0.02535257861018181, 0.030518321320414543, 0.046917617321014404], 'class2': [0.007877703756093979, 0.013893554918467999, 0.020322861149907112, 0.020481375977396965, 0.02535257861018181], 'class3': [0.007877703756093979, 0.013893554918467999, 0.020322861149907112, 0.020481375977396965, 0.02535257861018181], 'class4': [0.013893554918467999, 0.020322861149907112, 0.020481375977396965, 0.02535257861018181, 0.030518321320414543], 'class5': [0.013893554918467999, 0.020322861149907112, 0.020481375977396965, 0.030518321320414543, 0.046917617321014404], 'class6': [], 'class7': []}

y_test: [-0.002, 0.002, 0.001, 0.001, -0.003, 0.001, 0.001, -0.004, -0.003, 0.002, 0.003, 0.001, 0.002, 0.001, -0.003, 0.001, 0.002, -0.004, 0.002, 0.001, -0.001, 0.001, 0.004, -0.001, -0.005, 0.001, 0.002, 0.001, -0.002, -0.005, 0.001, 0.003, 0.001, -0.001, -0.004, -0.002, 0.001, 0.001, -0.004, 0.001, -0.002, -0.002, 0.004, 0.001, 0.001, -0.004, -0.004, 0.001, 0.001, 0.001, -0.001, 0.002, -0.003, 0.001, -0.003, -0.001, 0.001, -0.003, 0.002, 0.004, 0.001, 0.001, 0.002, -0.002, 0.003, -0.001, -0.003, 0.001, 0.002, 0.001, 0.002, 0.003, -0.001, -0.001, 0.001, -0.001, -0.001, -0.001, -0.001, -0.001, 0.002, -0.003, -0.002, 0.005, 0.002, 0.001, -0.001, -0.011, -0.001, -0.003, -0.001, -0.001, 0.001, 0.002, -0.001, -0.006, -0.001, -0.003, -0.005, -0.003, -0.001, -0.004, 0.001, 0.002, -0.001, -0.002, -0.001, -0.003, -0.002, -0.002, 0.003, -0.001, 0.002, -0.001, 0.004, -0.001, -0.005, -0.003, -0.001, -0.001, -0.002, 0.001, 0.001, 0.001, -0.002, 0.001, -0.001, 0.001, -0.002, 0.001, -0.001, 0.001, -0.001, 0.001, -0.002, 0.001, 0.001, 0.002, 0.001, -0.002, 0.001, -0.001, -0.003, -0.002, -0.002, 0.001, 0.001, -0.002, 0.001, -0.005, -0.003, 0.001, -0.003, 0.001, 0.001, -0.001, -0.002, -0.001, 0.002, -0.001, 0.001, -0.002, 0.001, -0.003, 0.005, 0.002, 0.001, -0.009, 0.002, 0.001, -0.004, -0.001, 0.001, 0.002, 0.001, 0.002, 0.002, 0.001, 0.001, 0.001, -0.003, 0.001, 0.001, -0.004, -0.002, 0.002, 0.003, 0.004, 0.003, -0.003, -0.001, 0.004, -0.001, 0.001, -0.003, 0.002, 0.001, 0.001, 0.001, 0.002, 0.003, -0.002, 0.002, -0.003, 0.002, 0.001, -0.003, -0.002, -0.001, 0.001, -0.004, -0.001, 0.001, 0.003, 0.003, 0.001, 0.001, 0.001, -0.001, 0.002, 0.002, 0.001, 0.002, 0.001, -0.001, -0.001, -0.004, -0.002, 0.002, -0.001, -0.006, 0.001, -0.003, 0.004, 0.001, 0.002, -0.001, -0.001, 0.002, 0.005, 0.001, -0.001, 0.001, 0.001, 0.003, 0.002, -0.002, 0.006, 0.004, 0.001, 0.001, 0.002, 0.001, -0.001, -0.002, -0.001, 0.002, -0.003, -0.002, 0.001, -0.001, 0.001, -0.003, -0.003, -0.001, 0.003, 0.001, -0.002, 0.001, 0.002, -0.004, -0.001, 0.001, 0.003, 0.003, 0.001, -0.002, 0.003, 0.001, 0.002, -0.003, -0.002, -0.002, -0.001, 0.001, 0.001, 0.004, -0.001, 0.001, 0.003, 0.002, 0.003, 0.002, 0.001, -0.001, 0.001, -0.005, 0.002, -0.001, -0.002, 0.001, 0.003, 0.001, 0.002, 0.001, 0.001, 0.001, 0.002, -0.002, -0.002, -0.001, -0.001, 0.003, -0.005, -0.001, 0.003, -0.001, 0.001, 0.001, -0.001, 0.001, 0.001, -0.003, 0.001, -0.001, -0.002, -0.003, 0.002, -0.004, 0.002, 0.001, 0.002, 0.002, -0.001, 0.002, 0.002, 0.003, -0.004, -0.001, -0.002, -0.001, -0.005, 0.001, 0.002, -0.001, -0.001, 0.001, -0.002, 0.001, -0.001, -0.004, -0.001, -0.001, 0.001, -0.001, -0.003, 0.003, 0.001, -0.001, -0.004, -0.001, -0.004, 0.001, 0.001, -0.002, 0.001, 0.001, 0.001, 0.001, 0.003, 0.001, -0.002, -0.002, 0.002, -0.005, 0.001, -0.001, -0.003, -0.003, 0.002, -0.001, 0.001, 0.001, -0.002, -0.001, 0.002, 0.001, 0.001, -0.002, 0.001, 0.005, -0.001, 0.001, -0.003, -0.002, -0.002, 0.001, -0.002, -0.002, 0.001, 0.001, -0.001, -0.002, 0.002, -0.002, -0.004, -0.002, 0.001, -0.006, -0.001, 0.003, -0.001, -0.003, -0.004, -0.004, -0.002, -0.002, 0.008, -0.003, -0.001, -0.005, -0.001, -0.002, 0.004, 0.002, -0.001, 0.002, -0.001, -0.006, 0.001, 0.001, 0.001, -0.001, -0.001, 0.003, -0.001, 0.002, -0.003, 0.001, -0.001, -0.004, -0.001, -0.001, -0.001, 0.002, -0.001, -0.001, -0.001, -0.001, 0.001, -0.004, -0.001, -0.004, -0.002, -0.002, -0.001, -0.001, 0.002, -0.002, 0.002, 0.001, 0.004, 0.001, 0.002, 0.001, -0.001, -0.002, -0.002, -0.001, 0.001, -0.001, -0.004, -0.004, -0.001, 0.002, -0.002, 0.001, 0.001, 0.004, -0.001, 0.001, -0.001, -0.001, -0.003, -0.002, -0.002, -0.001, 0.001, 0.003, 0.002, -0.001, 0.003, -0.002, 0.002, -0.002, 0.001, -0.001, 0.001, 0.002, -0.003, -0.002, 0.001, -0.001, 0.001, -0.001, 0.001, 0.003, -0.004, 0.002, 0.001, 0.001, -0.003, 0.002, -0.001, 0.002, 0.001, 0.001, -0.002, -0.001, 0.003, -0.001, -0.004, 0.002, -0.001, 0.003, 0.001, 0.001, 0.001, 0.001, 0.003, -0.001, -0.002, 0.001, 0.002, -0.001, 0.001, -0.003, 0.001, -0.001, -0.001, -0.001, -0.001, -0.001, -0.001, 0.002, 0.001, 0.001, -0.001, -0.001, -0.003, -0.001, 0.005, -0.001, 0.001, 0.001, -0.003, -0.002, -0.003, -0.002, 0.001, -0.004, -0.002, -0.003, -0.002, -0.002, 0.001, 0.001, -0.001, 0.001, 0.001, -0.002, -0.001, -0.002, -0.004, 0.001, -0.001, 0.002, -0.001, -0.005, 0.004, 0.001, -0.001, 0.004, 0.001, -0.001, -0.001, 0.001, -0.002, -0.005, 0.003, -0.002, -0.003, -0.002, -0.001, 0.002, 0.001, 0.003, -0.003, 0.001, 0.001, -0.001, -0.002, 0.002, -0.002, 0.003, 0.002, 0.001, -0.003, 0.003, 0.001, -0.001, -0.001, -0.001, 0.001, -0.001, -0.007, -0.002, 0.001, 0.001, 0.001, 0.004, 0.002, -0.001, -0.002, -0.002, 0.001, 0.002, 0.001, 0.001, -0.005, -0.002, -0.003, 0.001, -0.003, 0.003, -0.007, 0.001, 0.001, 0.002, -0.001, 0.006, -0.003, -0.001, 0.002, 0.001, -0.002, -0.005, 0.001, 0.004, -0.003, 0.003, 0.002, -0.003, -0.001, -0.001, 0.001, -0.002, -0.002, -0.002, -0.001, -0.002, 0.001, 0.001, 0.004, 0.001, 0.001, -0.001, -0.002, 0.001, -0.005, 0.001, 0.001, -0.001, 0.001, -0.003, 0.001, -0.004, -0.002, -0.002, -0.002, -0.002, 0.002, 0.002, 0.002, 0.002, -0.001, 0.002, 0.003, -0.001, -0.001, 0.003, -0.002, 0.004, 0.003, 0.002, 0.001, -0.002, 0.001, -0.002, 0.002, -0.001, 0.002, 0.003, 0.002, 0.003, -0.002, -0.001, -0.003, 0.002, 0.001, -0.001, -0.003, -0.001, 0.001, -0.003, -0.002, 0.004, 0.001, -0.002, -0.002, 0.002, 0.001, -0.002, 0.005, 0.002, 0.001, 0.002, -0.001, -0.001, -0.006, -0.002, -0.001, 0.004, -0.001, 0.001, 0.001, -0.001, -0.003, -0.003, 0.002, -0.002, 0.003, 0.001, 0.001, -0.005, -0.002, -0.001, -0.003, -0.001, -0.003, -0.001, 0.002, -0.002, -0.001, -0.004, -0.001, -0.001, -0.002, -0.003, -0.004, -0.004, -0.002, -0.003, -0.004, -0.002, 0.004, 0.002, -0.001, -0.005, -0.002, -0.001, -0.006, -0.002, -0.002, -0.002, -0.001, -0.001, 0.003, -0.002, 0.001, 0.002, -0.003, -0.007, 0.001, 0.003, 0.002, 0.002, -0.001, 0.001, 0.001, 0.001, 0.001, -0.002, 0.001, -0.001, -0.001, -0.002, -0.002, 0.002, 0.001, -0.001, -0.001, -0.002, -0.003, 0.002, -0.001, -0.001, -0.004, -0.002, -0.003, 0.001, 0.001, 0.002, -0.005, -0.002, 0.002, 0.003, 0.001, 0.001, 0.002, 0.001, 0.002, 0.001, 0.003, 0.001, 0.001, 0.001, 0.002, 0.004, -0.002, -0.001, -0.002, 0.001, -0.002, -0.001, -0.003, 0.002, -0.003, -0.001, 0.001, 0.001, 0.002, 0.001, -0.002, -0.002, -0.001, -0.001, 0.001, -0.001, 0.002, -0.002, -0.002, 0.001, 0.002, 0.001, 0.001, -0.001, -0.004, 0.001, 0.003, 0.002, 0.001, 0.001, 0.002, -0.001, -0.003, -0.001, -0.004, 0.002, -0.002, -0.002, 0.003, 0.003, -0.006, -0.003, 0.004, 0.003, -0.001, 0.001, 0.001, -0.001, 0.001, -0.002, 0.002, 0.002, 0.002, -0.002, -0.004, 0.003, 0.004, -0.004, -0.003, -0.002, -0.001, -0.001, 0.002, 0.003, -0.002, 0.001, 0.001, -0.004, 0.001, -0.003, 0.004, 0.002, -0.003, 0.002, 0.001, 0.002, 0.003, 0.001, 0.001, 0.001, 0.003, 0.001, -0.002, 0.001, -0.003, 0.003, 0.004, 0.003, -0.002, 0.001, 0.005, 0.003, 0.001, -0.001, 0.001, 0.002, -0.001, -0.001, 0.002, -0.001, 0.001, -0.007, 0.002, 0.001, -0.002, -0.002, 0.001, -0.002, -0.001, 0.004, -0.002, -0.004, 0.001, -0.002, -0.001, -0.001, -0.001, -0.004, 0.003, 0.002, -0.002, -0.002, -0.003, 0.002, 0.002, -0.003, -0.003, -0.005, -0.002, 0.001, 0.001, 0.002, 0.001, -0.001, 0.004, -0.006, -0.003, 0.002, -0.003, -0.001, 0.001, -0.002, 0.002, 0.001, 0.001, 0.002, -0.002, -0.003, 0.001, -0.001, 0.001, -0.002, -0.007, -0.001, 0.001, -0.002, 0.002, -0.001, -0.002, 0.003, 0.002, 0.001, -0.001, 0.002, -0.002, 0.001, 0.002, -0.002, 0.003, -0.002, 0.004, 0.001, 0.001, 0.001, -0.001, -0.002, -0.002, -0.006, -0.001, -0.001, -0.001, 0.002, -0.002, 0.001, 0.002, -0.002, 0.001, 0.002, 0.002, 0.001, -0.001, -0.001, -0.004, 0.001, 0.001, -0.001, -0.001, -0.001, 0.001, -0.001, -0.003, 0.002, 0.005, -0.001, -0.002, 0.002, -0.008, 0.001, 0.001, 0.001, -0.004, 0.003, -0.001, 0.001, 0.001, -0.002, 0.001, -0.001, 0.001, 0.001, 0.001, -0.002, 0.001, 0.002, 0.004, -0.001, 0.001, 0.001, -0.001, -0.003, -0.006, -0.001, 0.002, 0.001, 0.004, 0.001, 0.003, 0.002, -0.001, -0.002, 0.002, 0.001, 0.002, 0.001, 0.003, -0.001, 0.003, 0.001, -0.001, 0.003, 0.001, 0.002, -0.004, -0.004, 0.003, -0.001, 0.002, 0.001, 0.001, 0.002, -0.002, -0.003, 0.001, 0.006, 0.002, -0.001, 0.003, -0.001, 0.001, -0.001, -0.008, 0.001, 0.001, -0.002, -0.002, -0.002, 0.001, 0.001, -0.001, 0.002, -0.002, -0.005, 0.003, 0.002, 0.002, 0.002, -0.001, 0.001, -0.001, 0.001, 0.001, 0.005, 0.004, 0.001, 0.001, 0.005, -0.003, -0.001, -0.002, 0.001, 0.002, -0.003, -0.003, -0.001, -0.008, 0.001, 0.002, -0.002, 0.004, 0.002, -0.001, 0.003, 0.001, -0.001, 0.003, -0.004, 0.002, 0.001, 0.001, 0.004, 0.001, -0.002, 0.001, 0.002, -0.003, -0.002, 0.003, -0.001, 0.001, 0.001, 0.005, -0.001, -0.002, 0.001, -0.002, -0.001, 0.002, 0.001, 0.001, -0.002, -0.002, -0.001, -0.002, 0.001, -0.005, -0.003, -0.001, 0.001, 0.001, -0.004, -0.004, -0.002, 0.001, -0.001, 0.001, 0.001, -0.001, -0.005, 0.002, -0.002, -0.001, -0.001, -0.004, -0.001, 0.003, -0.001, 0.001, -0.003, 0.001, 0.003, 0.001, 0.001, 0.004, -0.002, -0.001, -0.001, 0.003, -0.001, 0.001, 0.005, 0.004, -0.002, -0.001, 0.002, -0.001, 0.001, -0.004, 0.001, 0.001, -0.005, 0.001, -0.001, -0.001, -0.002, 0.002, -0.004, -0.004, -0.002, -0.001, 0.002, -0.002, -0.001, 0.001, -0.002, 0.002, -0.002, 0.001, -0.002, 0.001, -0.002, -0.002, 0.001, -0.002, 0.001, 0.001, 0.001, -0.003, 0.002, 0.003, 0.001, 0.002, -0.002, -0.001, -0.002, 0.003, 0.001, -0.003, 0.003, 0.001, -0.001, 0.002, 0.002, 0.002, -0.002, -0.001, -0.003, 0.003, -0.001, -0.002, 0.003, 0.001, 0.001, 0.001, 0.004, -0.003, -0.002, 0.001, -0.001, -0.006, 0.002, -0.001, 0.002, -0.001, -0.002, 0.001, 0.007, -0.001, -0.002, -0.003, 0.002, -0.004, -0.001, 0.004, -0.001, 0.001, 0.001, -0.003, 0.001, 0.003, 0.001, 0.002, 0.001, -0.001, 0.001, 0.001, 0.002, 0.001, 0.001, -0.001, 0.002, 0.002, -0.002, 0.005, 0.002, -0.002, -0.001, -0.003, -0.004, -0.003, 0.003, 0.002, 0.001, 0.004, -0.002, 0.002, -0.005, -0.001, 0.002, -0.002, 0.003, 0.001, 0.002, -0.005, -0.003, 0.001, -0.003, 0.001, 0.002, -0.002, 0.001, -0.001, 0.001, 0.001, 0.001, -0.004, 0.001, -0.003, 0.001, -0.001, -0.003, -0.001, 0.001, 0.002, -0.001, 0.001, 0.001, 0.001, -0.003, -0.004, 0.004, 0.002, -0.001, 0.003, 0.004, 0.003, 0.002, -0.002, 0.003, -0.004, -0.001, 0.001, -0.003, 0.001, 0.002, 0.005, 0.002, 0.002, 0.001, 0.001, -0.002, -0.004, -0.003, 0.001, 0.001, -0.001, -0.002, -0.001, -0.003, 0.002, -0.003, -0.001, -0.001, -0.003, 0.001, 0.004, -0.003, -0.001, 0.001, -0.006, 0.002, -0.002, 0.004, 0.001, -0.001, 0.004, 0.001, -0.004, -0.002, 0.002, -0.003, -0.003, -0.001, -0.002, 0.003, 0.002, 0.003, 0.001, -0.002, -0.002, 0.001, -0.005, 0.001, -0.001, -0.002, 0.001, -0.001, -0.003, -0.004, 0.001, 0.001, 0.003, -0.001, -0.005, -0.001, 0.001, 0.001, 0.002, 0.001, -0.002, -0.002, 0.001, 0.002, 0.003, -0.001, -0.005, 0.001, 0.003, -0.003, 0.002, 0.001, 0.003, 0.001, 0.004, -0.001, -0.002, -0.001, 0.001, -0.001, 0.001, -0.002, -0.002, -0.002, -0.002, -0.001, -0.003, 0.001, -0.002, 0.002, 0.004, 0.002, -0.001, 0.001, 0.004, -0.001, 0.002, 0.002, -0.002, -0.001, 0.001, 0.001, -0.005, 0.001, -0.001, -0.003, 0.001, 0.001, 0.002, -0.002, 0.002, 0.001, 0.001, 0.001, -0.001, 0.002, -0.001, 0.002, -0.001, -0.001, -0.001, 0.003, 0.003, 0.002, -0.002, -0.002, -0.004, 0.001, 0.001, -0.008, -0.001, -0.002, -0.002, -0.003, -0.002, 0.001, -0.003, 0.002, 0.001, -0.001, 0.001, 0.001, 0.001, 0.001, 0.002, 0.002, 0.001, 0.002, -0.005, 0.001, 0.002, 0.003, 0.002, -0.001, 0.003, 0.001, -0.002, -0.001, -0.006, -0.002, -0.001, -0.004, 0.001, -0.001, 0.002, -0.002, -0.001, -0.002, 0.001, -0.002, -0.002, 0.002, -0.001, 0.001, 0.001, 0.001, -0.003, 0.001, 0.003, -0.002, 0.003, -0.001, 0.004, 0.003, 0.001, -0.008, 0.001, 0.001, 0.004, -0.001, 0.003, 0.001, 0.002, -0.002, -0.003, 0.001, -0.001, 0.006, -0.001, 0.001, 0.001, 0.001, -0.002, -0.001, -0.001, 0.001, -0.006, 0.001, 0.001, -0.002, 0.001, -0.002, -0.001, -0.003, 0.002, 0.003, 0.001, 0.002, 0.001, -0.001, 0.002, -0.001, -0.002, 0.001, 0.001, -0.002, 0.006, 0.002, -0.001, -0.004, -0.001, -0.001, -0.002, 0.001, -0.002, -0.001, 0.001, -0.002, 0.001, -0.002, 0.003, 0.004, 0.001, -0.001, 0.002, -0.003, 0.001, -0.001, -0.003, 0.002, -0.002, 0.006, 0.001, -0.002, 0.001, -0.001, -0.001, -0.004, 0.003, -0.002, -0.001, -0.001, 0.001, -0.002, -0.004, 0.002, 0.004, -0.001, -0.002, 0.001, 0.001, 0.002, -0.003, 0.002, -0.002, 0.002, 0.001, 0.001, -0.001, -0.003, 0.004, -0.002, 0.002, -0.001, 0.001, -0.001, -0.002, 0.001, 0.001, 0.002, 0.002, 0.001, -0.002, 0.002, 0.001, -0.001, -0.001, 0.003, 0.002, 0.002, 0.004, -0.003, 0.002, -0.002, 0.003, -0.002, -0.001, -0.001, 0.003, -0.001, 0.003, 0.002, -0.001, -0.005, 0.001, 0.002, 0.002, -0.003, -0.001, -0.001, 0.003, 0.001, -0.001, 0.001, 0.004, -0.002, -0.005, 0.001, -0.001, -0.001, -0.002, -0.002, -0.003, -0.003, -0.001, 0.004, -0.002, -0.003, 0.001, -0.004, -0.001, 0.002, -0.005, -0.001, 0.003, 0.001, -0.003, 0.006, -0.002, 0.001, -0.001, -0.001, -0.001, -0.002, -0.001, 0.002, 0.002, 0.001, -0.001, -0.001, -0.001, 0.005, -0.001, 0.004, -0.001, 0.001, -0.001, 0.002, 0.006, 0.001, 0.002, 0.001, 0.003, 0.001, 0.002, -0.003, 0.001, 0.003, 0.002, -0.001, 0.001, -0.001, 0.001, -0.001, -0.001, 0.003, -0.003, -0.002, -0.001, -0.002, -0.002, -0.002, -0.001, -0.003, -0.003, -0.002, 0.001, -0.001, 0.004, 0.001, -0.001, 0.002, -0.001, -0.001, 0.002, 0.002, -0.001, 0.001, -0.005, -0.001, 0.001, -0.001, 0.002, -0.004, -0.004, -0.001, 0.002, -0.002, 0.002, 0.001, 0.003, 0.002, -0.004, -0.002, 0.001, 0.001, -0.001, -0.001, -0.001, -0.003, 0.001, 0.003, -0.003, 0.001, 0.001, -0.001, -0.003, -0.004, 0.003, 0.001, 0.001, 0.001, -0.002, 0.001, -0.001, 0.005, 0.001, 0.001, 0.001, -0.002, -0.002, 0.001, 0.001, 0.001, -0.003, -0.002, 0.002, 0.001, 0.003, -0.001, -0.002, -0.002, 0.001, -0.003, 0.001, 0.006, -0.003, 0.001, 0.003, -0.001, 0.004, 0.001, 0.001, 0.001, -0.002, -0.003, 0.002, 0.001, 0.003, 0.001, 0.002, -0.003, -0.002, 0.005, 0.002, -0.003, 0.001, -0.001, 0.005, 0.003, 0.001, -0.002, -0.001, 0.001, -0.004, 0.002, 0.003, 0.001, -0.003, -0.003, 0.002, -0.005, 0.001, 0.001, 0.001, -0.002, -0.003, -0.001, 0.002, -0.004, -0.002, 0.003, 0.001, 0.001, 0.001, -0.001, -0.004, 0.001, 0.004, 0.001, 0.001, 0.003, 0.001, -0.001, -0.005, 0.002, -0.002, 0.001, 0.002, -0.004, -0.002, 0.006, -0.001, 0.002, -0.002, 0.001, -0.002, 0.008, -0.001, -0.002, -0.001, -0.003, 0.005, 0.006, -0.002, 0.003, -0.003, -0.003, -0.004, 0.003, 0.003, 0.001, 0.002, -0.001, -0.003, -0.004, -0.001, 0.004, -0.001, -0.003, 0.004, -0.001, 0.002, 0.002, 0.001, 0.001, 0.004, -0.001, -0.001, -0.005, 0.001, -0.003, -0.004, -0.003, -0.001, -0.001, 0.002, -0.001, 0.001, -0.002, 0.002, -0.001, -0.003, 0.001, 0.003, -0.001, 0.001, 0.002, 0.001, -0.001, -0.001, -0.001, 0.001, 0.001, -0.002, 0.002, 0.003, -0.001, 0.002, 0.002, -0.001, -0.002, 0.001, 0.001, -0.001, -0.001, -0.001, -0.006, 0.001, -0.002, -0.002, -0.001, -0.002, -0.001, -0.001, -0.001, -0.002, -0.003, 0.002, 0.001, 0.001, -0.001, 0.001, 0.001, -0.002, 0.001, 0.001, -0.001, 0.002, -0.001, -0.001, 0.001, -0.002, 0.001, 0.001, 0.004, 0.004, 0.002, -0.002, -0.003, 0.001, 0.001, -0.004, 0.002, -0.002, 0.001, -0.001, 0.001, 0.003, -0.002, -0.002, 0.002, 0.002, -0.002, 0.001, -0.001, 0.003, 0.001, 0.004, 0.001, 0.002, 0.002, -0.001, 0.002, -0.002, -0.002, -0.002, 0.003, 0.002, 0.003, -0.001, 0.003, 0.002, -0.001, -0.001, 0.001, 0.007, -0.003, 0.002, -0.001, -0.003, 0.001, 0.002, -0.001, -0.004, -0.003, -0.004, 0.001, -0.003, 0.001, -0.001, 0.001, -0.002, -0.001, -0.003, 0.001, -0.001, -0.001, -0.001, -0.001, 0.009, 0.002, -0.003, -0.002, 0.001, -0.001, -0.001, -0.002, 0.002, 0.002, -0.001, 0.001, 0.001, 0.003, 0.002, -0.001, 0.003, -0.002, -0.001, -0.001, 0.004, 0.003, -0.002, -0.002, 0.002, 0.002, -0.001, -0.002, 0.001, -0.002, 0.001, -0.003, -0.004, 0.004, -0.001, -0.001, -0.001, 0.001, 0.002, 0.002, 0.002, 0.001, -0.002, -0.006, -0.003, 0.001, -0.004, -0.001, 0.001, 0.001, 0.001, 0.002, -0.003, 0.004, 0.001, 0.002, 0.002, 0.001, 0.002, -0.002, 0.001, 0.001, -0.001, 0.001, 0.001, 0.002, 0.001, 0.002, 0.001, 0.001, 0.001, -0.002, -0.002, 0.001, -0.004, -0.003, 0.002, -0.001, 0.002, -0.004, -0.001, -0.001, 0.001, 0.001, 0.003, 0.001, 0.004, -0.003, 0.006, -0.001, 0.001, -0.004, 0.002, -0.004, 0.001, -0.001, 0.001, 0.003, 0.001, -0.001, -0.001, 0.002, 0.001, 0.001, 0.002, -0.001, 0.001, 0.002, 0.002, -0.002, -0.002, 0.003, 0.002, -0.003, -0.002, 0.001, -0.001, -0.005, 0.001, -0.001, 0.002, -0.005, -0.001, 0.001, -0.001, -0.001, 0.001, 0.003, -0.001, 0.002, -0.001, 0.001, 0.002, -0.001, -0.001, 0.003, 0.001, -0.001, -0.001, -0.001, -0.001, 0.001, 0.002, 0.002, -0.001, -0.002, -0.002, 0.001, -0.004, 0.004, 0.001, -0.001, 0.005, -0.002, -0.002, -0.002, 0.003, -0.002, -0.004, -0.002, 0.001, -0.001, 0.001, 0.003, -0.005, 0.004, -0.001, 0.004, -0.003, 0.001, 0.003, 0.002, 0.001, -0.001, -0.001, 0.001, -0.001, -0.001, -0.003, 0.003, -0.004, -0.003, 0.001, -0.002, 0.001, 0.002, -0.001, 0.001, 0.001, 0.001, -0.002, -0.001, -0.001, 0.001, 0.002, 0.001, 0.002, -0.003, -0.005, 0.002, 0.003, 0.001, -0.003, 0.001, -0.002, 0.002, -0.001, 0.003, -0.001, 0.002, 0.001, -0.005, 0.001, -0.001, 0.001, 0.001, 0.002, -0.001, -0.001, 0.006, 0.001, 0.005, 0.001, -0.001, -0.005, -0.004, 0.001, -0.004, -0.002, -0.003, 0.004, -0.001, 0.002, 0.001, 0.005, -0.002, -0.002, -0.002, -0.002, -0.003, 0.004, -0.005, -0.001, -0.001, -0.001, -0.002, -0.001, -0.002, 0.001, -0.004, -0.003, 0.001, -0.002, 0.001, -0.001, 0.001, 0.002, -0.003, -0.001, 0.002, 0.001, -0.003, -0.001, -0.002, -0.003, 0.001, -0.002, -0.001, -0.004, 0.001, 0.003, -0.001, 0.002, -0.001, -0.001, 0.002, -0.004, 0.002, 0.002, -0.002, -0.004, 0.002, 0.001, -0.003, -0.003, -0.003, 0.002, 0.001, -0.002, -0.002, -0.001, 0.002, -0.002, -0.001, 0.001, 0.001, 0.001, 0.002, 0.003, 0.001, -0.006, 0.001, -0.003, 0.002, -0.002, 0.001, 0.001, 0.003, -0.004, 0.002, 0.001, -0.001, 0.001, 0.001, -0.001, 0.001, 0.001, -0.001, -0.002, -0.005, -0.002, -0.007, -0.004, -0.001, -0.002, -0.002, 0.001, 0.001, 0.001, 0.002, -0.002, -0.001, 0.001, -0.002, -0.005, 0.001, 0.001, 0.001, 0.003, -0.001, 0.001, -0.001, 0.003, -0.003, -0.001, -0.003, -0.009, 0.002, 0.002, 0.001, -0.004, 0.002, -0.003, 0.001, -0.001, 0.004, -0.003, -0.001, -0.001, -0.001, 0.001, -0.002, 0.001, 0.003, -0.002, -0.001, 0.001, -0.001, 0.002, 0.001, -0.001, -0.002, -0.004, -0.001, 0.001, 0.003, 0.004, 0.001, 0.001, -0.002, -0.01, 0.001, 0.005, -0.001, -0.001, 0.002, -0.002, -0.002, -0.001, 0.001, -0.001, -0.001, 0.002, -0.003, 0.004, -0.001, 0.004, -0.004, -0.002, -0.002, 0.002, -0.003, 0.001, 0.001, -0.005, 0.002, -0.001, 0.001, -0.001, 0.001, -0.002, 0.001, -0.001, 0.005, -0.001, 0.001, -0.005, 0.001, -0.001, -0.002, -0.003, -0.001, 0.001, -0.002, -0.003, 0.001, -0.001, -0.002, 0.001, -0.005, 0.001, 0.003, -0.002, -0.001, -0.001, 0.002, -0.002, -0.001, -0.002, -0.002, 0.004, -0.001, 0.001, -0.001, 0.001, 0.002, -0.003, -0.002, 0.001, 0.001, 0.001, -0.002, -0.001, 0.001, 0.003, 0.001, -0.001, -0.002, 0.002, 0.001, -0.001, -0.001, -0.002, -0.003, 0.001, 0.001, 0.003, -0.004, -0.003, -0.003, -0.004, -0.002, 0.004, 0.001, -0.001, 0.006, -0.001, 0.003, 0.002, -0.001, -0.001, -0.004, 0.001, 0.001, 0.004, -0.002, -0.001, -0.003, 0.002, -0.003, 0.001, 0.001, -0.001, -0.001, -0.001, 0.001, -0.001, -0.003, 0.001, 0.001, -0.002, 0.002, -0.001, -0.001, 0.001, -0.001, 0.002, 0.001, -0.002, 0.002, -0.001, 0.001, -0.003, -0.002, -0.002, 0.003, 0.001, 0.001, -0.001, 0.004, 0.002, 0.001, -0.006, -0.001, 0.001, 0.001, 0.002, -0.001, 0.005, 0.002, 0.001, 0.002, 0.003, 0.001, -0.001, -0.002, 0.001, -0.001, -0.002, 0.001, 0.001, -0.001, -0.003, -0.004, 0.002, -0.002, -0.003, -0.002, 0.001, -0.005, 0.003, -0.008, 0.001, -0.001, -0.001, 0.005, -0.002, -0.004, 0.002, -0.004, -0.001, 0.001, 0.001, -0.003, 0.002, 0.001, -0.003, -0.002, 0.004, -0.002, -0.001, -0.001, 0.002, -0.003, 0.001, 0.001, -0.002, -0.002, -0.004, -0.002, -0.004, -0.001, -0.002, -0.001, -0.001, 0.002, 0.001, -0.001, 0.009, 0.005, -0.002, 0.001, -0.001, -0.002, -0.001, 0.002, 0.001, -0.001, 0.001, 0.001, 0.003, -0.002, -0.001, 0.001, 0.002, 0.001, -0.001, -0.003, -0.001, 0.002, 0.001, 0.004, 0.001, -0.002, 0.001, -0.002, 0.001, -0.001, -0.001, -0.001, -0.003, -0.002, -0.001, 0.003, 0.002, -0.001, 0.002, -0.003, 0.002, 0.004, 0.001, -0.003, 0.002, 0.001, 0.002, 0.002, -0.003, 0.002, -0.001, -0.001, -0.001, -0.002, -0.001, -0.002, 0.001, -0.003, -0.001, -0.001, 0.002, -0.003, 0.001, -0.001, -0.001, 0.001, -0.003, 0.001, 0.003, 0.001, 0.001, -0.001, -0.004, 0.001, 0.001, -0.002, 0.001, -0.003, -0.002, 0.004, -0.002, -0.001, -0.001, -0.001, -0.001, 0.001, 0.001, 0.003, -0.003, 0.003, 0.001, -0.005, 0.003, -0.003, 0.001, 0.002, 0.001, 0.002, 0.001, 0.001, -0.002, -0.002, -0.001, -0.002, 0.001, 0.001, 0.001, 0.002, 0.001, -0.002, -0.002, -0.002, -0.001, 0.004, 0.002, -0.004, -0.002, 0.001, -0.003, -0.002, 0.001, -0.001, -0.001, -0.001, -0.003, -0.001, 0.004, 0.007, 0.003, 0.002, -0.002, 0.001, 0.001, -0.002, -0.003, 0.002, 0.001, -0.001, 0.003, 0.003, -0.001, -0.003, -0.002, 0.002, -0.003, 0.002, 0.001, -0.007, -0.001, -0.002, -0.001, -0.001, 0.002, -0.002, 0.001, 0.003, 0.003, 0.001, -0.003, -0.001, -0.001, -0.001, 0.001, -0.003, 0.001, -0.001, -0.001, 0.001, -0.002, -0.005, 0.002, -0.001, 0.002, -0.003, 0.002, -0.002, 0.004, 0.001, 0.001, 0.003, -0.002, -0.002, -0.001, -0.001, -0.002, 0.006, -0.002, -0.002, -0.001, 0.001, -0.003, -0.001, 0.001, -0.002, -0.001, -0.002, 0.004, 0.003, 0.001, 0.003, -0.002, 0.001, 0.001, -0.001, 0.001, -0.001, -0.002, 0.001, -0.001, 0.002, 0.001, 0.001, 0.001, -0.001, 0.003, 0.002, -0.002, 0.001, -0.001, -0.013, 0.002, 0.001, 0.003, 0.002, 0.003, 0.001, 0.001, -0.003, 0.003, -0.004, -0.001, 0.001, -0.003, 0.001, -0.001, -0.003, -0.001, 0.001, -0.002, -0.003, -0.001, 0.001, 0.001, 0.001, 0.001, 0.001, -0.001, 0.005, 0.001, -0.001, -0.003, -0.002, -0.001, 0.001, 0.007, -0.002, -0.001, 0.001, 0.003, -0.004, 0.001, -0.001, -0.001, 0.002, 0.001, -0.004, 0.002, 0.001, 0.002, -0.002, -0.002, -0.006, 0.001, 0.001, -0.003, 0.001, 0.005, -0.001, -0.001, 0.002, -0.001, 0.002, -0.001, -0.001, 0.002, 0.002, 0.002, -0.002, 0.001, -0.002, 0.001, -0.002, -0.005, 0.001, 0.001, -0.002, -0.002, 0.001, -0.001, -0.001, -0.001, -0.002, 0.004, -0.002, -0.001, 0.002, 0.001, -0.001, 0.001, 0.003, -0.005, 0.001, 0.002, 0.003, 0.001, -0.001, 0.001, 0.001, 0.001, -0.003, -0.002, -0.002, 0.001, -0.003, 0.004, -0.002, -0.003, -0.001, -0.005, 0.001, 0.002, -0.004, -0.001, -0.001, -0.001, 0.001, 0.001, -0.001, 0.001, -0.002, -0.006, 0.003, -0.001, 0.001, 0.001, -0.002, -0.004, 0.001, -0.004, 0.002, -0.001, -0.003, 0.002, -0.003, 0.002, 0.002, 0.001, 0.002, -0.001, -0.002, -0.001, 0.003, -0.005, 0.001, -0.002, -0.003, -0.001, -0.004, -0.001, 0.004, 0.001, -0.003, -0.002, -0.005, -0.003, 0.001, 0.002, 0.003, 0.001, -0.002, -0.001, 0.001, -0.004, -0.001, -0.001, -0.001, -0.002, -0.005, 0.002, -0.002, 0.004, 0.001, -0.003, -0.012, -0.001, 0.002, -0.001, 0.001, 0.001, 0.001, -0.001, 0.004, 0.001, -0.004, -0.003, 0.003, -0.004, -0.002, 0.001, 0.001, 0.001, 0.004, 0.002, -0.004, 0.004, -0.001, -0.002, 0.001, 0.004, 0.004, -0.006, -0.003, 0.001, -0.003, -0.003, 0.001, -0.003, 0.001, -0.001, -0.001, 0.005, 0.001, 0.004, 0.001, 0.002, -0.001, 0.001, -0.001, -0.002, -0.002, -0.002, -0.002, -0.004, 0.003, -0.002, -0.002, -0.004, 0.003, 0.002, -0.001, -0.001, -0.002, -0.001, -0.003, -0.005, 0.001, 0.002, 0.001, -0.001, 0.001, -0.002, 0.001, -0.004, 0.001, -0.001, -0.004, 0.002, -0.001, -0.001, 0.001, -0.002, 0.001]

buck_pred: [3, 3, 2, 3, 0, 2, 3, 2, 0, 3, 3, 3, 3, 5, 1, 3, 2, 0, 3, 5, 2, 3, 5, 2, 0, 5, 3, 3, 2, 0, 2, 3, 3, 2, 0, 2, 2, 2, 0, 2, 0, 2, 5, 3, 2, 0, 1, 3, 3, 3, 3, 3, 1, 3, 0, 3, 3, 2, 3, 3, 2, 4, 3, 1, 4, 2, 3, 3, 3, 5, 3, 3, 2, 2, 3, 2, 2, 2, 2, 2, 4, 0, 2, 3, 3, 2, 1, 0, 2, 0, 2, 1, 2, 2, 2, 0, 0, 0, 2, 2, 2, 0, 2, 3, 1, 0, 0, 0, 0, 2, 5, 2, 3, 3, 3, 2, 1, 2, 0, 3, 1, 1, 3, 3, 1, 3, 0, 3, 3, 2, 2, 3, 3, 3, 1, 2, 3, 4, 3, 0, 5, 3, 0, 2, 2, 3, 3, 2, 2, 0, 2, 3, 0, 3, 3, 2, 2, 2, 3, 2, 3, 2, 3, 2, 5, 5, 3, 0, 5, 3, 0, 2, 3, 3, 4, 3, 3, 2, 3, 0, 0, 5, 2, 2, 0, 5, 3, 3, 3, 0, 0, 5, 2, 2, 2, 5, 3, 2, 3, 5, 3, 3, 3, 0, 3, 2, 0, 0, 0, 3, 0, 2, 3, 5, 3, 3, 3, 3, 1, 3, 3, 3, 3, 2, 3, 2, 0, 0, 3, 0, 0, 3, 0, 3, 2, 3, 0, 3, 3, 5, 3, 1, 3, 3, 3, 5, 3, 4, 3, 3, 3, 5, 3, 3, 0, 2, 3, 3, 2, 3, 0, 3, 0, 2, 1, 3, 2, 1, 3, 3, 0, 2, 3, 3, 3, 1, 2, 5, 3, 3, 0, 0, 2, 1, 3, 3, 3, 2, 2, 2, 3, 3, 2, 3, 3, 3, 0, 5, 3, 1, 3, 3, 3, 3, 1, 3, 3, 5, 2, 2, 0, 5, 3, 1, 1, 3, 0, 3, 2, 2, 3, 3, 0, 3, 2, 0, 0, 1, 2, 3, 3, 5, 5, 2, 3, 3, 5, 0, 0, 2, 2, 0, 3, 3, 0, 3, 4, 2, 3, 2, 0, 2, 2, 5, 3, 0, 5, 3, 2, 0, 3, 0, 3, 3, 2, 3, 5, 3, 3, 3, 3, 1, 2, 5, 0, 3, 2, 0, 0, 3, 2, 3, 3, 2, 0, 3, 3, 3, 0, 3, 5, 3, 1, 2, 2, 3, 3, 1, 3, 5, 3, 2, 3, 5, 0, 1, 0, 3, 0, 3, 2, 0, 0, 0, 0, 3, 2, 5, 0, 2, 0, 0, 2, 3, 3, 2, 3, 2, 0, 3, 3, 3, 2, 2, 5, 0, 3, 3, 3, 0, 1, 2, 3, 2, 3, 2, 2, 3, 2, 3, 2, 2, 2, 2, 0, 2, 3, 3, 0, 3, 5, 5, 3, 3, 3, 2, 2, 0, 2, 3, 0, 2, 2, 3, 3, 0, 0, 3, 3, 2, 2, 2, 0, 0, 2, 0, 3, 4, 3, 2, 2, 3, 2, 5, 0, 3, 2, 3, 3, 0, 2, 3, 2, 2, 0, 3, 3, 0, 3, 3, 3, 1, 3, 0, 3, 3, 2, 3, 0, 3, 2, 0, 3, 3, 3, 3, 3, 3, 2, 4, 2, 1, 3, 5, 3, 3, 2, 3, 3, 0, 1, 0, 2, 0, 3, 3, 3, 2, 3, 0, 3, 4, 3, 3, 3, 3, 2, 0, 2, 3, 2, 1, 1, 3, 2, 3, 3, 2, 3, 3, 2, 2, 1, 0, 2, 1, 3, 2, 0, 3, 3, 2, 5, 2, 2, 1, 2, 0, 0, 2, 3, 1, 2, 0, 3, 3, 5, 2, 2, 2, 2, 0, 3, 2, 3, 3, 3, 0, 3, 2, 2, 2, 2, 2, 2, 0, 1, 3, 4, 2, 4, 2, 3, 2, 3, 3, 3, 2, 3, 0, 2, 0, 2, 2, 3, 0, 1, 3, 3, 2, 5, 3, 2, 5, 3, 2, 1, 5, 5, 2, 5, 3, 1, 3, 2, 5, 3, 0, 3, 1, 2, 1, 3, 5, 3, 0, 3, 2, 3, 0, 3, 3, 0, 0, 1, 3, 0, 0, 1, 0, 0, 3, 3, 5, 5, 3, 3, 3, 2, 2, 3, 0, 5, 5, 3, 2, 1, 5, 2, 3, 0, 3, 4, 3, 3, 0, 1, 2, 3, 3, 3, 2, 2, 3, 0, 2, 4, 2, 2, 2, 5, 3, 3, 5, 3, 3, 5, 2, 2, 0, 0, 2, 5, 2, 3, 3, 3, 2, 1, 3, 1, 3, 3, 3, 1, 1, 2, 0, 1, 1, 3, 3, 0, 3, 0, 3, 2, 0, 3, 3, 2, 2, 0, 0, 1, 5, 3, 0, 2, 0, 3, 0, 2, 0, 2, 1, 3, 3, 0, 5, 3, 0, 2, 3, 3, 3, 3, 1, 3, 3, 3, 3, 2, 2, 2, 2, 0, 2, 3, 3, 3, 2, 2, 0, 3, 1, 2, 2, 0, 0, 5, 3, 3, 0, 3, 3, 3, 3, 3, 5, 0, 3, 3, 5, 3, 2, 3, 3, 3, 2, 2, 1, 5, 2, 2, 1, 3, 2, 0, 3, 3, 5, 5, 2, 0, 2, 3, 3, 3, 3, 2, 0, 3, 5, 2, 3, 2, 0, 2, 5, 4, 3, 3, 3, 2, 0, 3, 0, 5, 0, 0, 3, 3, 0, 0, 3, 3, 2, 3, 5, 2, 4, 1, 3, 3, 3, 2, 2, 3, 3, 2, 1, 3, 3, 0, 3, 3, 2, 3, 3, 0, 2, 0, 3, 5, 2, 3, 3, 3, 2, 3, 3, 5, 3, 4, 2, 3, 2, 3, 3, 2, 1, 3, 5, 3, 5, 4, 3, 3, 0, 3, 3, 3, 2, 0, 5, 2, 0, 0, 5, 2, 2, 4, 0, 0, 3, 2, 1, 2, 2, 0, 3, 3, 3, 2, 0, 3, 3, 2, 2, 3, 2, 3, 3, 3, 3, 0, 3, 0, 0, 3, 0, 2, 0, 0, 3, 3, 2, 3, 2, 3, 0, 2, 4, 2, 0, 2, 3, 1, 3, 3, 2, 5, 3, 3, 2, 3, 3, 3, 3, 2, 5, 2, 5, 3, 3, 3, 1, 2, 2, 0, 2, 0, 2, 3, 2, 3, 2, 2, 3, 3, 3, 5, 2, 2, 0, 2, 3, 2, 2, 3, 3, 3, 1, 3, 3, 2, 0, 3, 0, 2, 3, 5, 2, 3, 2, 5, 3, 0, 3, 3, 3, 2, 2, 0, 3, 3, 5, 1, 5, 3, 0, 0, 0, 3, 3, 5, 5, 3, 5, 3, 0, 2, 5, 3, 3, 5, 3, 0, 3, 2, 3, 4, 2, 3, 0, 0, 3, 3, 3, 3, 3, 5, 2, 2, 3, 5, 3, 1, 3, 0, 3, 0, 0, 3, 3, 2, 2, 2, 3, 3, 0, 5, 3, 0, 3, 5, 3, 5, 2, 2, 2, 5, 5, 3, 4, 2, 2, 5, 0, 2, 2, 3, 3, 0, 0, 3, 1, 2, 3, 2, 5, 3, 2, 5, 2, 3, 3, 2, 3, 5, 3, 5, 3, 2, 3, 4, 0, 2, 3, 3, 3, 2, 3, 2, 0, 2, 2, 3, 3, 3, 3, 2, 3, 2, 2, 3, 0, 0, 2, 3, 3, 3, 0, 2, 2, 3, 4, 3, 2, 0, 3, 3, 0, 2, 0, 2, 3, 2, 2, 2, 3, 3, 3, 5, 3, 2, 0, 2, 5, 3, 3, 3, 3, 2, 3, 3, 2, 5, 0, 4, 3, 0, 3, 2, 2, 0, 3, 0, 0, 0, 2, 3, 1, 2, 3, 1, 5, 2, 5, 0, 4, 2, 1, 3, 1, 3, 3, 3, 1, 3, 3, 3, 4, 2, 2, 2, 4, 3, 0, 5, 4, 3, 3, 5, 3, 0, 2, 3, 3, 0, 3, 3, 3, 5, 3, 3, 2, 2, 3, 0, 0, 5, 2, 5, 2, 2, 3, 5, 2, 1, 0, 5, 2, 2, 5, 2, 2, 3, 2, 3, 3, 3, 5, 3, 3, 3, 3, 3, 3, 3, 2, 3, 3, 2, 5, 4, 2, 3, 0, 2, 0, 5, 3, 2, 5, 0, 5, 1, 0, 3, 3, 5, 5, 3, 0, 1, 3, 1, 3, 3, 2, 3, 2, 3, 3, 5, 0, 3, 2, 3, 1, 2, 2, 3, 5, 2, 3, 5, 3, 2, 3, 3, 4, 2, 3, 3, 3, 5, 3, 3, 0, 2, 2, 0, 1, 3, 5, 5, 3, 2, 3, 0, 2, 3, 0, 3, 3, 0, 2, 2, 3, 1, 2, 3, 2, 3, 3, 0, 2, 3, 0, 3, 1, 5, 3, 3, 5, 2, 2, 2, 3, 1, 0, 3, 0, 3, 5, 5, 2, 2, 1, 3, 1, 5, 3, 2, 3, 2, 0, 0, 2, 5, 3, 3, 0, 2, 3, 3, 3, 3, 3, 2, 2, 3, 4, 2, 0, 3, 3, 3, 5, 3, 5, 3, 5, 2, 0, 3, 5, 1, 3, 2, 0, 2, 3, 1, 2, 2, 2, 3, 5, 3, 3, 3, 3, 3, 3, 3, 3, 2, 3, 5, 0, 5, 2, 0, 5, 5, 3, 2, 4, 0, 3, 3, 2, 5, 2, 3, 2, 0, 2, 3, 3, 3, 0, 2, 0, 2, 1, 0, 2, 2, 3, 0, 3, 5, 1, 3, 3, 2, 3, 3, 0, 3, 5, 3, 0, 2, 0, 3, 3, 5, 3, 2, 3, 3, 2, 0, 0, 2, 0, 0, 3, 2, 5, 1, 2, 2, 3, 2, 2, 3, 0, 3, 3, 3, 2, 0, 5, 0, 3, 3, 3, 5, 2, 0, 3, 3, 5, 2, 3, 5, 5, 2, 2, 3, 3, 3, 2, 2, 5, 5, 1, 2, 2, 3, 2, 3, 2, 3, 2, 3, 2, 0, 3, 3, 3, 3, 2, 2, 3, 2, 2, 3, 2, 0, 5, 5, 2, 1, 2, 2, 0, 2, 0, 3, 3, 1, 3, 0, 3, 3, 5, 1, 5, 3, 3, 2, 0, 5, 3, 5, 3, 0, 3, 2, 1, 0, 5, 2, 2, 0, 2, 5, 1, 3, 3, 1, 2, 2, 3, 3, 2, 3, 0, 3, 3, 3, 3, 2, 3, 1, 3, 2, 2, 2, 0, 2, 3, 3, 3, 3, 0, 3, 3, 1, 0, 2, 3, 3, 5, 0, 3, 1, 5, 0, 2, 3, 3, 2, 3, 3, 2, 2, 2, 5, 3, 0, 0, 2, 3, 4, 0, 5, 5, 2, 1, 3, 2, 2, 3, 0, 0, 0, 2, 3, 2, 1, 0, 3, 2, 3, 0, 3, 3, 3, 0, 5, 0, 3, 2, 2, 3, 3, 3, 3, 3, 3, 2, 2, 3, 5, 3, 3, 2, 3, 3, 5, 5, 5, 3, 5, 3, 5, 5, 2, 2, 3, 5, 2, 3, 2, 3, 3, 3, 3, 0, 1, 2, 2, 2, 2, 5, 0, 2, 2, 4, 2, 5, 3, 2, 5, 3, 2, 3, 3, 3, 3, 0, 3, 3, 3, 3, 0, 2, 3, 3, 3, 3, 2, 4, 3, 2, 2, 2, 2, 0, 2, 1, 2, 3, 3, 2, 3, 3, 2, 0, 0, 3, 3, 2, 3, 0, 3, 2, 3, 2, 3, 3, 1, 2, 3, 3, 0, 2, 2, 5, 3, 4, 0, 2, 3, 3, 1, 3, 5, 2, 3, 3, 2, 5, 2, 3, 5, 3, 0, 3, 0, 3, 3, 3, 2, 2, 3, 3, 0, 5, 2, 5, 3, 2, 0, 3, 3, 0, 5, 5, 3, 2, 2, 3, 0, 3, 0, 3, 0, 0, 3, 3, 2, 2, 3, 3, 3, 3, 2, 3, 3, 5, 3, 2, 3, 1, 2, 0, 4, 3, 3, 5, 2, 2, 5, 0, 5, 0, 3, 2, 5, 2, 0, 2, 0, 5, 3, 2, 3, 1, 1, 2, 3, 4, 3, 3, 0, 1, 0, 0, 3, 2, 2, 4, 2, 4, 3, 3, 2, 3, 3, 2, 0, 3, 0, 0, 2, 3, 2, 3, 2, 3, 2, 5, 3, 0, 3, 3, 2, 2, 3, 3, 2, 0, 2, 3, 5, 2, 3, 5, 0, 3, 3, 4, 0, 3, 2, 3, 2, 2, 2, 2, 1, 1, 0, 1, 2, 2, 3, 3, 2, 3, 3, 3, 3, 3, 3, 0, 3, 3, 0, 3, 2, 0, 2, 2, 2, 2, 3, 5, 3, 0, 2, 2, 3, 0, 3, 3, 3, 2, 3, 3, 0, 3, 3, 3, 1, 3, 3, 3, 2, 5, 3, 3, 3, 2, 2, 0, 2, 2, 3, 5, 3, 2, 5, 2, 1, 2, 5, 3, 0, 5, 0, 2, 3, 3, 2, 0, 0, 2, 2, 0, 3, 2, 3, 0, 0, 2, 3, 2, 2, 1, 2, 5, 3, 2, 2, 3, 1, 2, 0, 2, 3, 1, 3, 3, 5, 3, 2, 3, 0, 3, 1, 5, 5, 2, 0, 3, 3, 2, 0, 3, 2, 0, 3, 0, 5, 3, 0, 3, 3, 3, 3, 3, 5, 0, 2, 0, 2, 0, 2, 3, 4, 3, 3, 2, 3, 3, 3, 3, 2, 4, 0, 3, 2, 2, 3, 2, 3, 3, 5, 3, 3, 4, 1, 2, 4, 0, 2, 3, 2, 2, 0, 3, 3, 3, 2, 5, 3, 5, 0, 3, 2, 3, 0, 3, 1, 2, 0, 2, 2, 5, 1, 0, 3, 3, 0, 3, 1, 3, 3, 3, 1, 2, 5, 3, 0, 3, 1, 3, 2, 3, 2, 3, 0, 2, 3, 0, 2, 3, 3, 0, 3, 2, 2, 2, 2, 0, 5, 3, 2, 2, 1, 0, 3, 3, 3, 2, 0, 2, 3, 2, 3, 2, 3, 5, 0, 1, 2, 3, 0, 0, 0, 3, 2, 3, 5, 1, 5, 3, 4, 2, 3, 3, 3, 5, 2, 2, 3, 2, 2, 2, 3, 0, 2, 3, 2, 3, 3, 3, 3, 3, 2, 0, 2, 3, 5, 5, 3, 3, 2, 0, 3, 3, 5, 2, 2, 0, 5, 0, 5, 2, 2, 2, 0, 4, 2, 2, 3, 3, 1, 2, 5, 3, 4, 3, 3, 0, 0, 5, 0, 3, 2, 4, 2, 3, 3, 5, 2, 1, 0, 0, 0, 4, 0, 0, 2, 2, 2, 2, 2, 3, 3, 2, 4, 0, 3, 2, 3, 3, 0, 0, 3, 2, 0, 2, 2, 2, 1, 3, 2, 0, 3, 3, 1, 3, 2, 2, 3, 0, 3, 3, 2, 2, 5, 2, 0, 2, 0, 3, 3, 3, 2, 3, 3, 0, 3, 3, 3, 3, 3, 3, 3, 1, 3, 0, 3, 2, 3, 3, 3, 0, 3, 3, 0, 5, 3, 3, 3, 3, 3, 0, 0, 0, 0, 2, 2, 2, 3, 3, 3, 3, 3, 0, 0, 3, 0, 2, 5, 3, 3, 5, 2, 3, 0, 5, 0, 0, 0, 0, 3, 3, 3, 2, 3, 0, 3, 2, 5, 0, 0, 1, 2, 3, 1, 3, 3, 0, 3, 5, 3, 5, 3, 2, 2, 0, 2, 3, 3, 3, 3, 4, 3, 0, 3, 5, 2, 2, 5, 2, 1, 2, 3, 1, 2, 3, 2, 3, 2, 3, 0, 2, 3, 3, 1, 2, 3, 2, 5, 3, 3, 2, 3, 2, 3, 2, 5, 3, 3, 0, 5, 2, 0, 0, 2, 3, 2, 0, 3, 2, 2, 3, 0, 2, 3, 2, 0, 3, 3, 1, 2, 0, 2, 5, 0, 3, 2, 5, 3, 2, 0, 3, 3, 3, 0, 0, 3, 3, 3, 3, 1, 3, 3, 0, 3, 2, 0, 3, 2, 3, 2, 0, 3, 0, 2, 3, 4, 2, 5, 2, 5, 5, 3, 2, 0, 3, 3, 3, 2, 2, 1, 3, 0, 3, 3, 2, 3, 2, 3, 2, 2, 3, 3, 2, 3, 3, 3, 5, 3, 3, 3, 1, 5, 2, 3, 0, 0, 0, 5, 3, 2, 2, 5, 3, 3, 0, 3, 3, 0, 3, 1, 3, 3, 5, 2, 5, 5, 2, 3, 3, 1, 1, 3, 3, 3, 2, 0, 3, 2, 2, 0, 4, 2, 3, 0, 3, 0, 3, 5, 3, 0, 3, 0, 2, 3, 5, 2, 3, 3, 2, 2, 3, 2, 1, 2, 3, 0, 3, 3, 3, 2, 3, 2, 0, 2, 2, 2, 2, 5, 5, 2, 5, 5, 2, 3, 2, 1, 1, 3, 2, 3, 5, 0, 3, 2, 2, 5, 3, 3, 3, 2, 2, 5, 3, 3, 2, 1, 5, 0, 3, 3, 2, 0, 0, 2, 0, 3, 1, 2, 3, 2, 3, 5, 4, 0, 3, 3, 3, 3, 0, 3, 0, 2, 2, 3, 2, 2, 3, 0, 2, 1, 3, 0, 3, 0, 2, 3, 2, 5, 3, 3, 3, 2, 0, 3, 3, 1, 3, 0, 2, 3, 0, 2, 0, 0, 2, 3, 0, 3, 0, 3, 2, 0, 3, 0, 0, 3, 3, 3, 3, 3, 0, 0, 2, 2, 3, 3, 5, 3, 5, 1, 2, 2, 0, 5, 5, 3, 1, 3, 1, 1, 3, 2, 2, 0, 0, 0, 3, 4, 5, 3, 1, 3, 4, 2, 0, 3, 3, 3, 3, 5, 1, 2, 2, 3, 0, 3, 3, 0, 2, 3, 2, 1, 3, 2, 3, 3, 5, 3, 0, 1, 0, 2, 3, 2, 3, 3, 0, 3, 2, 2, 3, 1, 3, 2, 3, 2, 5, 3, 3, 3, 0, 0, 2, 3, 2, 3, 0, 2, 2, 3, 2, 2, 3, 3, 1, 2, 5, 2, 5, 3, 2, 3, 5, 0, 3, 0, 2, 3, 3, 3, 3, 3, 3, 2, 3, 3, 3, 3, 0, 0, 5, 3, 5, 3, 5, 3, 3, 2, 3, 2, 3, 5, 0, 2, 0, 2, 0, 3, 2, 2, 0, 3, 5, 3, 0, 3, 2, 5, 2, 3, 0, 2, 2, 3, 5, 0, 2, 3, 4, 3, 3, 3, 3, 4, 3, 1, 3, 3, 3, 1, 1, 2, 3, 3, 0, 1, 3, 1, 2, 3, 3, 3, 0, 3, 3, 3, 3, 2, 3, 2, 5, 0, 0, 5, 3, 2, 1, 3, 3, 0, 3, 0, 3, 1, 2, 3, 1, 2, 3, 5, 0, 3, 3, 5, 3, 1, 3, 3, 5, 2, 2, 2, 3, 0, 3, 2, 2, 2, 0, 2, 3, 2, 2, 1, 2, 2, 3, 3, 3, 0, 0, 5, 2, 2, 3, 2, 2, 3, 0, 3, 0, 0, 3, 3, 3, 4, 3, 4, 0, 2, 2, 5, 0, 2, 2, 2, 3, 0, 3, 5, 5, 0, 2, 0, 0, 2, 5, 3, 2, 0, 2, 4, 2, 2, 2, 2, 0, 1, 3, 2, 3, 2, 2, 0, 2, 3, 2, 2, 3, 2, 3, 3, 3, 1, 2, 5, 0, 2, 5, 5, 3, 5, 5, 0, 3, 2, 0, 3, 5, 5, 1, 0, 5, 1, 2, 3, 0, 0, 2, 3, 5, 3, 3, 5, 3, 2, 3, 2, 0, 2, 2, 2, 2, 3, 2, 2, 2, 5, 5, 3, 3, 2, 2, 2, 0, 3, 3, 3, 2, 2, 3, 5, 0, 2, 2, 0, 3, 3, 2, 3, 2, 3]

bins: [-0.014, -0.003, -0.002, -0.001, 0.001, 0.002, 0.013]

Most important rules
-----------------------------

---0---
rule0: climbRate < -3.571
probabilities_array:[0.34444872 0.33561254 0.26101357 0.05104752 0.         0.
 0.         0.         0.0078777 ]

rule16: diffClb < -0.119
probabilities_array:[0.4528313  0.27377668 0.         0.         0.         0.
 0.         0.         0.27339208]

rule1: -3.571 < climbRate < -0.281
probabilities_array:[0.28982508 0.27588493 0.24575765 0.10517802 0.05800175 0.
 0.         0.         0.02535258]

rule23: diffDiffClb = 0.0
probabilities_array:[0.20137842 0.17110333 0.12610528 0.1294539  0.15660277 0.19503352
 0.         0.         0.02032286]

rule9: -0.003 < RollRate < 0.000
probabilities_array:[0.27009538 0.23386718 0.15430528 0.0404578  0.         0.02713447
 0.         0.         0.27413988]

rule10: 0.000 < RollRate < 0.004
probabilities_array:[0.18971851 0.18068874 0.1298071  0.12196389 0.1416259  0.18927816
 0.         0.         0.04691762]

rule8: RollRate < -0.003
probabilities_array:[0.22647661 0.16685064 0.31017646 0.068468   0.         0.
 0.         0.         0.2280283 ]

rule6: -12.550 < Altitude < 4.658
probabilities_array:[0.14090185 0.09726042 0.18996164 0.19476648 0.12797016 0.12686163
 0.         0.         0.12227784]

rule15: curRoll > 0.012
probabilities_array:[0.10144342 0.09070918 0.21566525 0.24745205 0.059544   0.05715779
 0.         0.         0.2280283 ]

rule4: Altitude < -29.759
probabilities_array:[0.12873316 0.         0.21388288 0.24933335 0.00256681 0.
 0.         0.         0.40548387]

rule12: curRoll < -0.009
probabilities_array:[0.09173856 0.09347787 0.2287815  0.19509842 0.12952039 0.06622197
 0.         0.         0.19516131]

rule7: Altitude > 4.658
probabilities_array:[0.09693464 0.         0.27800182 0.2392537  0.05094125 0.06275139
 0.         0.         0.2721172 ]

rule14: 0.002 < curRoll < 0.012
probabilities_array:[0.10071636 0.         0.2367709  0.2427801  0.09361052 0.02620703
 0.         0.         0.29991508]

rule17: -0.119 < diffClb < 0.000
probabilities_array:[0.06273216 0.29703754 0.23469926 0.2154754  0.08880975 0.
 0.         0.         0.10124595]

rule5: -29.759 < Altitude < -12.550
probabilities_array:[0.05628618 0.04294994 0.19821589 0.20904796 0.16748087 0.04420026
 0.         0.         0.28181887]


---1---
rule0: climbRate < -3.571
probabilities_array:[0.34444872 0.33561254 0.26101357 0.05104752 0.         0.
 0.         0.         0.0078777 ]

rule1: -3.571 < climbRate < -0.281
probabilities_array:[0.28982508 0.27588493 0.24575765 0.10517802 0.05800175 0.
 0.         0.         0.02535258]

rule17: -0.119 < diffClb < 0.000
probabilities_array:[0.06273216 0.29703754 0.23469926 0.2154754  0.08880975 0.
 0.         0.         0.10124595]

rule16: diffClb < -0.119
probabilities_array:[0.4528313  0.27377668 0.         0.         0.         0.
 0.         0.         0.27339208]

rule10: 0.000 < RollRate < 0.004
probabilities_array:[0.18971851 0.18068874 0.1298071  0.12196389 0.1416259  0.18927816
 0.         0.         0.04691762]

rule9: -0.003 < RollRate < 0.000
probabilities_array:[0.27009538 0.23386718 0.15430528 0.0404578  0.         0.02713447
 0.         0.         0.27413988]

rule23: diffDiffClb = 0.0
probabilities_array:[0.20137842 0.17110333 0.12610528 0.1294539  0.15660277 0.19503352
 0.         0.         0.02032286]

rule8: RollRate < -0.003
probabilities_array:[0.22647661 0.16685064 0.31017646 0.068468   0.         0.
 0.         0.         0.2280283 ]

rule6: -12.550 < Altitude < 4.658
probabilities_array:[0.14090185 0.09726042 0.18996164 0.19476648 0.12797016 0.12686163
 0.         0.         0.12227784]

rule12: curRoll < -0.009
probabilities_array:[0.09173856 0.09347787 0.2287815  0.19509842 0.12952039 0.06622197
 0.         0.         0.19516131]

rule15: curRoll > 0.012
probabilities_array:[0.10144342 0.09070918 0.21566525 0.24745205 0.059544   0.05715779
 0.         0.         0.2280283 ]

rule18: 0.000 < diffClb < 0.119
probabilities_array:[0.         0.05128482 0.09933937 0.33088452 0.3158016  0.17217137
 0.         0.         0.03051832]


---2---
rule0: climbRate < -3.571
probabilities_array:[0.34444872 0.33561254 0.26101357 0.05104752 0.         0.
 0.         0.         0.0078777 ]

rule1: -3.571 < climbRate < -0.281
probabilities_array:[0.28982508 0.27588493 0.24575765 0.10517802 0.05800175 0.
 0.         0.         0.02535258]

rule8: RollRate < -0.003
probabilities_array:[0.22647661 0.16685064 0.31017646 0.068468   0.         0.
 0.         0.         0.2280283 ]

rule17: -0.119 < diffClb < 0.000
probabilities_array:[0.06273216 0.29703754 0.23469926 0.2154754  0.08880975 0.
 0.         0.         0.10124595]

rule7: Altitude > 4.658
probabilities_array:[0.09693464 0.         0.27800182 0.2392537  0.05094125 0.06275139
 0.         0.         0.2721172 ]

rule12: curRoll < -0.009
probabilities_array:[0.09173856 0.09347787 0.2287815  0.19509842 0.12952039 0.06622197
 0.         0.         0.19516131]

rule6: -12.550 < Altitude < 4.658
probabilities_array:[0.14090185 0.09726042 0.18996164 0.19476648 0.12797016 0.12686163
 0.         0.         0.12227784]

rule15: curRoll > 0.012
probabilities_array:[0.10144342 0.09070918 0.21566525 0.24745205 0.059544   0.05715779
 0.         0.         0.2280283 ]

rule14: 0.002 < curRoll < 0.012
probabilities_array:[0.10071636 0.         0.2367709  0.2427801  0.09361052 0.02620703
 0.         0.         0.29991508]

rule2: -0.281 < climbRate < 3.009
probabilities_array:[1.6612252e-03 2.0865591e-04 1.7770359e-01 2.7315211e-01 2.8536826e-01
 1.3144211e-01 0.0000000e+00 0.0000000e+00 1.3046399e-01]

rule5: -29.759 < Altitude < -12.550
probabilities_array:[0.05628618 0.04294994 0.19821589 0.20904796 0.16748087 0.04420026
 0.         0.         0.28181887]

rule4: Altitude < -29.759
probabilities_array:[0.12873316 0.         0.21388288 0.24933335 0.00256681 0.
 0.         0.         0.40548387]

rule10: 0.000 < RollRate < 0.004
probabilities_array:[0.18971851 0.18068874 0.1298071  0.12196389 0.1416259  0.18927816
 0.         0.         0.04691762]

rule23: diffDiffClb = 0.0
probabilities_array:[0.20137842 0.17110333 0.12610528 0.1294539  0.15660277 0.19503352
 0.         0.         0.02032286]

rule9: -0.003 < RollRate < 0.000
probabilities_array:[0.27009538 0.23386718 0.15430528 0.0404578  0.         0.02713447
 0.         0.         0.27413988]

rule18: 0.000 < diffClb < 0.119
probabilities_array:[0.         0.05128482 0.09933937 0.33088452 0.3158016  0.17217137
 0.         0.         0.03051832]

rule13: -0.009 < curRoll < 0.002
probabilities_array:[0.03088072 0.01063494 0.14303052 0.30458146 0.07448582 0.04520186
 0.         0.         0.39118463]

rule19: diffClb > 0.119
probabilities_array:[0.         0.         0.0417018  0.19229789 0.3104935  0.44161326
 0.         0.         0.01389355]

rule3: climbRate > 3.009
probabilities_array:[0.         0.         0.04171855 0.26243266 0.3023343  0.3730331
 0.         0.         0.02048138]


---3---
rule18: 0.000 < diffClb < 0.119
probabilities_array:[0.         0.05128482 0.09933937 0.33088452 0.3158016  0.17217137
 0.         0.         0.03051832]

rule3: climbRate > 3.009
probabilities_array:[0.         0.         0.04171855 0.26243266 0.3023343  0.3730331
 0.         0.         0.02048138]

rule2: -0.281 < climbRate < 3.009
probabilities_array:[1.6612252e-03 2.0865591e-04 1.7770359e-01 2.7315211e-01 2.8536826e-01
 1.3144211e-01 0.0000000e+00 0.0000000e+00 1.3046399e-01]

rule11: RollRate > 0.004
probabilities_array:[0.         0.         0.         0.27943054 0.3237868  0.1800339
 0.         0.         0.21674873]

rule17: -0.119 < diffClb < 0.000
probabilities_array:[0.06273216 0.29703754 0.23469926 0.2154754  0.08880975 0.
 0.         0.         0.10124595]

rule15: curRoll > 0.012
probabilities_array:[0.10144342 0.09070918 0.21566525 0.24745205 0.059544   0.05715779
 0.         0.         0.2280283 ]

rule19: diffClb > 0.119
probabilities_array:[0.         0.         0.0417018  0.19229789 0.3104935  0.44161326
 0.         0.         0.01389355]

rule13: -0.009 < curRoll < 0.002
probabilities_array:[0.03088072 0.01063494 0.14303052 0.30458146 0.07448582 0.04520186
 0.         0.         0.39118463]

rule7: Altitude > 4.658
probabilities_array:[0.09693464 0.         0.27800182 0.2392537  0.05094125 0.06275139
 0.         0.         0.2721172 ]

rule6: -12.550 < Altitude < 4.658
probabilities_array:[0.14090185 0.09726042 0.18996164 0.19476648 0.12797016 0.12686163
 0.         0.         0.12227784]

rule14: 0.002 < curRoll < 0.012
probabilities_array:[0.10071636 0.         0.2367709  0.2427801  0.09361052 0.02620703
 0.         0.         0.29991508]

rule12: curRoll < -0.009
probabilities_array:[0.09173856 0.09347787 0.2287815  0.19509842 0.12952039 0.06622197
 0.         0.         0.19516131]

rule5: -29.759 < Altitude < -12.550
probabilities_array:[0.05628618 0.04294994 0.19821589 0.20904796 0.16748087 0.04420026
 0.         0.         0.28181887]

rule4: Altitude < -29.759
probabilities_array:[0.12873316 0.         0.21388288 0.24933335 0.00256681 0.
 0.         0.         0.40548387]

rule23: diffDiffClb = 0.0
probabilities_array:[0.20137842 0.17110333 0.12610528 0.1294539  0.15660277 0.19503352
 0.         0.         0.02032286]

rule10: 0.000 < RollRate < 0.004
probabilities_array:[0.18971851 0.18068874 0.1298071  0.12196389 0.1416259  0.18927816
 0.         0.         0.04691762]

rule1: -3.571 < climbRate < -0.281
probabilities_array:[0.28982508 0.27588493 0.24575765 0.10517802 0.05800175 0.
 0.         0.         0.02535258]

rule8: RollRate < -0.003
probabilities_array:[0.22647661 0.16685064 0.31017646 0.068468   0.         0.
 0.         0.         0.2280283 ]

rule0: climbRate < -3.571
probabilities_array:[0.34444872 0.33561254 0.26101357 0.05104752 0.         0.
 0.         0.         0.0078777 ]


---4---
rule19: diffClb > 0.119
probabilities_array:[0.         0.         0.0417018  0.19229789 0.3104935  0.44161326
 0.         0.         0.01389355]

rule18: 0.000 < diffClb < 0.119
probabilities_array:[0.         0.05128482 0.09933937 0.33088452 0.3158016  0.17217137
 0.         0.         0.03051832]

rule3: climbRate > 3.009
probabilities_array:[0.         0.         0.04171855 0.26243266 0.3023343  0.3730331
 0.         0.         0.02048138]

rule11: RollRate > 0.004
probabilities_array:[0.         0.         0.         0.27943054 0.3237868  0.1800339
 0.         0.         0.21674873]

rule2: -0.281 < climbRate < 3.009
probabilities_array:[1.6612252e-03 2.0865591e-04 1.7770359e-01 2.7315211e-01 2.8536826e-01
 1.3144211e-01 0.0000000e+00 0.0000000e+00 1.3046399e-01]

rule23: diffDiffClb = 0.0
probabilities_array:[0.20137842 0.17110333 0.12610528 0.1294539  0.15660277 0.19503352
 0.         0.         0.02032286]

rule10: 0.000 < RollRate < 0.004
probabilities_array:[0.18971851 0.18068874 0.1298071  0.12196389 0.1416259  0.18927816
 0.         0.         0.04691762]

rule5: -29.759 < Altitude < -12.550
probabilities_array:[0.05628618 0.04294994 0.19821589 0.20904796 0.16748087 0.04420026
 0.         0.         0.28181887]

rule6: -12.550 < Altitude < 4.658
probabilities_array:[0.14090185 0.09726042 0.18996164 0.19476648 0.12797016 0.12686163
 0.         0.         0.12227784]

rule12: curRoll < -0.009
probabilities_array:[0.09173856 0.09347787 0.2287815  0.19509842 0.12952039 0.06622197
 0.         0.         0.19516131]

rule17: -0.119 < diffClb < 0.000
probabilities_array:[0.06273216 0.29703754 0.23469926 0.2154754  0.08880975 0.
 0.         0.         0.10124595]

rule14: 0.002 < curRoll < 0.012
probabilities_array:[0.10071636 0.         0.2367709  0.2427801  0.09361052 0.02620703
 0.         0.         0.29991508]

rule1: -3.571 < climbRate < -0.281
probabilities_array:[0.28982508 0.27588493 0.24575765 0.10517802 0.05800175 0.
 0.         0.         0.02535258]

rule15: curRoll > 0.012
probabilities_array:[0.10144342 0.09070918 0.21566525 0.24745205 0.059544   0.05715779
 0.         0.         0.2280283 ]

rule13: -0.009 < curRoll < 0.002
probabilities_array:[0.03088072 0.01063494 0.14303052 0.30458146 0.07448582 0.04520186
 0.         0.         0.39118463]


---5---
rule19: diffClb > 0.119
probabilities_array:[0.         0.         0.0417018  0.19229789 0.3104935  0.44161326
 0.         0.         0.01389355]

rule3: climbRate > 3.009
probabilities_array:[0.         0.         0.04171855 0.26243266 0.3023343  0.3730331
 0.         0.         0.02048138]

rule23: diffDiffClb = 0.0
probabilities_array:[0.20137842 0.17110333 0.12610528 0.1294539  0.15660277 0.19503352
 0.         0.         0.02032286]

rule10: 0.000 < RollRate < 0.004
probabilities_array:[0.18971851 0.18068874 0.1298071  0.12196389 0.1416259  0.18927816
 0.         0.         0.04691762]

rule18: 0.000 < diffClb < 0.119
probabilities_array:[0.         0.05128482 0.09933937 0.33088452 0.3158016  0.17217137
 0.         0.         0.03051832]

rule11: RollRate > 0.004
probabilities_array:[0.         0.         0.         0.27943054 0.3237868  0.1800339
 0.         0.         0.21674873]

rule2: -0.281 < climbRate < 3.009
probabilities_array:[1.6612252e-03 2.0865591e-04 1.7770359e-01 2.7315211e-01 2.8536826e-01
 1.3144211e-01 0.0000000e+00 0.0000000e+00 1.3046399e-01]

rule6: -12.550 < Altitude < 4.658
probabilities_array:[0.14090185 0.09726042 0.18996164 0.19476648 0.12797016 0.12686163
 0.         0.         0.12227784]

rule12: curRoll < -0.009
probabilities_array:[0.09173856 0.09347787 0.2287815  0.19509842 0.12952039 0.06622197
 0.         0.         0.19516131]

rule7: Altitude > 4.658
probabilities_array:[0.09693464 0.         0.27800182 0.2392537  0.05094125 0.06275139
 0.         0.         0.2721172 ]

rule15: curRoll > 0.012
probabilities_array:[0.10144342 0.09070918 0.21566525 0.24745205 0.059544   0.05715779
 0.         0.         0.2280283 ]


---6---

---7---
