R2: -0.502676643235753

MAE: 49934786.553532414

MSE: 7453834518895482.0

Accuracy: 0.258557902403496

F1: 0.23927529778024628

Confusion Matrix: [[78, 22, 13, 8, 10, 6, 3, 1, 1, 2], [28, 40, 22, 12, 12, 6, 3, 2, 1, 1], [21, 34, 23, 17, 17, 15, 4, 4, 3, 2], [29, 16, 17, 25, 33, 15, 7, 7, 2, 2], [18, 11, 11, 16, 24, 15, 7, 10, 3, 7], [13, 12, 12, 13, 20, 11, 6, 22, 3, 11], [13, 16, 10, 14, 25, 20, 14, 13, 15, 15], [6, 4, 14, 8, 11, 11, 11, 18, 12, 15], [3, 5, 6, 6, 9, 9, 12, 28, 28, 34], [2, 1, 1, 0, 3, 3, 5, 10, 40, 94]]

Uncertainties: {'class0': [0.5850088000297546, 0.5733833312988281, 0.5236833095550537, 0.48991769552230835, 0.4648316502571106], 'class1': [0.5470618605613708, 0.5236833095550537, 0.48991769552230835, 0.4648316502571106, 0.3650081157684326], 'class2': [0.4648316502571106, 0.36863085627555847, 0.33576229214668274, 0.30657923221588135, 0.26349759101867676], 'class3': [0.3528389632701874, 0.26349759101867676, 0.25701481103897095, 0.2182311713695526, 0.15972648561000824], 'class4': [0.4372756779193878, 0.39273566007614136, 0.3528389632701874, 0.2182311713695526, 0.17950542271137238], 'class5': [0.5513685941696167, 0.4743558466434479, 0.39273566007614136, 0.3650081157684326, 0.3277497887611389], 'class6': [0.39273566007614136, 0.36863085627555847, 0.3650081157684326, 0.33576229214668274, 0.3277497887611389], 'class7': [0.39866700768470764, 0.37716934084892273, 0.3650081157684326, 0.33576229214668274, 0.3277497887611389], 'class8': [0.5565874576568604, 0.5448322892189026, 0.539837121963501, 0.4743558466434479, 0.4372756779193878], 'class9': [0.5733833312988281, 0.5565874576568604, 0.5513685941696167, 0.5470618605613708, 0.5448322892189026]}

Most important rules
-----------------------------

---0---
rule7: title_year > 2009.918
probabilities_array:[0.3017942  0.         0.         0.         0.         0.
 0.         0.09004154 0.04883443 0.18216056 0.37716934]

rule9: -3516.217 < num_voted_users < 95420.951
probabilities_array:[0.17101844 0.15099327 0.15081687 0.1514655  0.13923098 0.11290589
 0.05408987 0.02739073 0.         0.         0.04208839]

rule2: 6.468 < imdb_score < 7.193
probabilities_array:[0.18684795 0.18345983 0.09509956 0.00121783 0.         0.
 0.06160754 0.09406354 0.10767758 0.14349645 0.12652962]

rule16: num_user_for_reviews < 39.923
probabilities_array:[0.2909384  0.21914388 0.         0.         0.         0.
 0.         0.         0.         0.         0.4899177 ]

rule6: 2003.255 < title_year < 2009.918
probabilities_array:[0.17813013 0.06169408 0.03126008 0.13328977 0.0788263  0.
 0.07641457 0.03314604 0.         0.18900791 0.21823117]

rule1: 5.742 < imdb_score < 6.468
probabilities_array:[0.15166903 0.         0.         0.01565254 0.07273109 0.07696149
 0.1184664  0.18816331 0.13685642 0.14279439 0.09670535]

rule12: num_critic_for_reviews < 76.872
probabilities_array:[0.2517311  0.19334291 0.08011389 0.00882165 0.         0.
 0.         0.00115878 0.         0.         0.46483165]

rule41: -5273.462 < movie_facebook_likes < 8435.243
probabilities_array:[0.250261   0.00367506 0.         0.         0.01200215 0.
 0.         0.         0.08768608 0.06136689 0.5850088 ]

rule44: duration < 94.417
probabilities_array:[0.23642    0.00134824 0.         0.04200097 0.03536605 0.
 0.         0.         0.         0.11148134 0.57338333]

rule33: -518.924 < actor_3_facebook_likes < 745.530
probabilities_array:[0.15140091 0.09928318 0.10818081 0.         0.         0.
 0.09320357 0.10130415 0.02677229 0.08409286 0.3357623 ]

rule49: -133527902.574 < budget < 48678020.928
probabilities_array:[0.09766922 0.11276233 0.15419593 0.16267574 0.13439356 0.10041546
 0.0881975  0.09315002 0.03492965 0.         0.02161056]

rule51: budget > 230883944.429
probabilities_array:[0.14333038 0.23782551 0.         0.04082347 0.         0.
 0.         0.         0.         0.24007334 0.33794722]

rule22: 758.439 < director_facebook_likes < 2749.808
probabilities_array:[0.0762189  0.         0.14735362 0.12129039 0.05886862 0.10101036
 0.11206806 0.17487569 0.02508073 0.08369736 0.09953623]

rule45: 94.417 < duration < 109.289
probabilities_array:[0.10070445 0.14497665 0.         0.12150317 0.07447414 0.01828908
 0.         0.05706594 0.07867974 0.05146779 0.35283896]

rule37: -2507.460 < cast_total_facebook_likes < 11169.326
probabilities_array:[0.11551017 0.10045931 0.0624409  0.         0.         0.
 0.         0.00474718 0.06330997 0.12984918 0.5236833 ]


---1---
rule2: 6.468 < imdb_score < 7.193
probabilities_array:[0.18684795 0.18345983 0.09509956 0.00121783 0.         0.
 0.06160754 0.09406354 0.10767758 0.14349645 0.12652962]

rule3: imdb_score > 7.193
probabilities_array:[0.01988375 0.23091266 0.23181708 0.         0.01568843 0.
 0.         0.         0.01352986 0.18158914 0.30657923]

rule51: budget > 230883944.429
probabilities_array:[0.14333038 0.23782551 0.         0.04082347 0.         0.
 0.         0.         0.         0.24007334 0.33794722]

rule9: -3516.217 < num_voted_users < 95420.951
probabilities_array:[0.17101844 0.15099327 0.15081687 0.1514655  0.13923098 0.11290589
 0.05408987 0.02739073 0.         0.         0.04208839]

rule17: 39.923 < num_user_for_reviews < 305.543
probabilities_array:[0.         0.13166232 0.16692592 0.11759419 0.08790064 0.1260898
 0.11499619 0.08898994 0.10236266 0.01109251 0.0523858 ]

rule16: num_user_for_reviews < 39.923
probabilities_array:[0.2909384  0.21914388 0.         0.         0.         0.
 0.         0.         0.         0.         0.4899177 ]

rule49: -133527902.574 < budget < 48678020.928
probabilities_array:[0.09766922 0.11276233 0.15419593 0.16267574 0.13439356 0.10041546
 0.0881975  0.09315002 0.03492965 0.         0.02161056]

rule12: num_critic_for_reviews < 76.872
probabilities_array:[0.2517311  0.19334291 0.08011389 0.00882165 0.         0.
 0.         0.00115878 0.         0.         0.46483165]

rule45: 94.417 < duration < 109.289
probabilities_array:[0.10070445 0.14497665 0.         0.12150317 0.07447414 0.01828908
 0.         0.05706594 0.07867974 0.05146779 0.35283896]

rule25: -3767.675 < actor_1_facebook_likes < 7590.805
probabilities_array:[7.4053511e-02 1.5939113e-01 0.0000000e+00 0.0000000e+00 3.4276736e-03
 0.0000000e+00 0.0000000e+00 3.8700600e-04 7.0163138e-02 1.4551571e-01
 5.4706186e-01]

rule33: -518.924 < actor_3_facebook_likes < 745.530
probabilities_array:[0.15140091 0.09928318 0.10818081 0.         0.         0.
 0.09320357 0.10130415 0.02677229 0.08409286 0.3357623 ]

rule42: 8435.243 < movie_facebook_likes < 22143.948
probabilities_array:[0.         0.05827698 0.10497117 0.0708134  0.1132974  0.14455356
 0.16923271 0.08449961 0.07063673 0.07475559 0.10896278]

rule6: 2003.255 < title_year < 2009.918
probabilities_array:[0.17813013 0.06169408 0.03126008 0.13328977 0.0788263  0.
 0.07641457 0.03314604 0.         0.18900791 0.21823117]

rule37: -2507.460 < cast_total_facebook_likes < 11169.326
probabilities_array:[0.11551017 0.10045931 0.0624409  0.         0.         0.
 0.         0.00474718 0.06330997 0.12984918 0.5236833 ]

rule27: actor_1_facebook_likes > 18949.285
probabilities_array:[0.05840467 0.07111765 0.00625145 0.02007118 0.         0.16320689
 0.06532653 0.13144155 0.         0.11917184 0.36500812]


---2---
rule3: imdb_score > 7.193
probabilities_array:[0.01988375 0.23091266 0.23181708 0.         0.01568843 0.
 0.         0.         0.01352986 0.18158914 0.30657923]

rule17: 39.923 < num_user_for_reviews < 305.543
probabilities_array:[0.         0.13166232 0.16692592 0.11759419 0.08790064 0.1260898
 0.11499619 0.08898994 0.10236266 0.01109251 0.0523858 ]

rule23: director_facebook_likes > 2749.808
probabilities_array:[0.00072486 0.         0.2124704  0.02858994 0.         0.
 0.13024023 0.03347819 0.21180104 0.12329992 0.25939542]

rule49: -133527902.574 < budget < 48678020.928
probabilities_array:[0.09766922 0.11276233 0.15419593 0.16267574 0.13439356 0.10041546
 0.0881975  0.09315002 0.03492965 0.         0.02161056]

rule9: -3516.217 < num_voted_users < 95420.951
probabilities_array:[0.17101844 0.15099327 0.15081687 0.1514655  0.13923098 0.11290589
 0.05408987 0.02739073 0.         0.         0.04208839]

rule22: 758.439 < director_facebook_likes < 2749.808
probabilities_array:[0.0762189  0.         0.14735362 0.12129039 0.05886862 0.10101036
 0.11206806 0.17487569 0.02508073 0.08369736 0.09953623]

rule30: 1921.734 < actor_2_facebook_likes < 5056.000
probabilities_array:[0.         0.         0.13777985 0.1673125  0.01957009 0.
 0.18435888 0.08364718 0.09145825 0.15614668 0.15972649]

rule42: 8435.243 < movie_facebook_likes < 22143.948
probabilities_array:[0.         0.05827698 0.10497117 0.0708134  0.1132974  0.14455356
 0.16923271 0.08449961 0.07063673 0.07475559 0.10896278]

rule2: 6.468 < imdb_score < 7.193
probabilities_array:[0.18684795 0.18345983 0.09509956 0.00121783 0.         0.
 0.06160754 0.09406354 0.10767758 0.14349645 0.12652962]

rule47: duration > 124.162
probabilities_array:[0.         0.         0.11467798 0.         0.         0.02309229
 0.19457863 0.01980422 0.13689138 0.14232463 0.36863086]

rule33: -518.924 < actor_3_facebook_likes < 745.530
probabilities_array:[0.15140091 0.09928318 0.10818081 0.         0.         0.
 0.09320357 0.10130415 0.02677229 0.08409286 0.3357623 ]

rule14: 157.948 < num_critic_for_reviews < 239.024
probabilities_array:[0.         0.04014061 0.06881208 0.1164848  0.15861866 0.12381621
 0.09143697 0.11936444 0.12503429 0.12449258 0.03179933]

rule38: 11169.326 < cast_total_facebook_likes < 24846.113
probabilities_array:[0.01189985 0.         0.06523926 0.08880042 0.04563063 0.14111362
 0.0768047  0.10440201 0.06574316 0.1433515  0.2570148 ]

rule12: num_critic_for_reviews < 76.872
probabilities_array:[0.2517311  0.19334291 0.08011389 0.00882165 0.         0.
 0.         0.00115878 0.         0.         0.46483165]

rule0: imdb_score < 5.742
probabilities_array:[0.         0.         0.04833838 0.14178312 0.18072739 0.18732555
 0.16867298 0.05371935 0.10146715 0.         0.11796606]

rule5: 1996.593 < title_year < 2003.255
probabilities_array:[0.00301946 0.         0.05582307 0.20275082 0.00117004 0.11135497
 0.11726405 0.05397094 0.00159631 0.18955284 0.2634976 ]


---3---
rule49: -133527902.574 < budget < 48678020.928
probabilities_array:[0.09766922 0.11276233 0.15419593 0.16267574 0.13439356 0.10041546
 0.0881975  0.09315002 0.03492965 0.         0.02161056]

rule5: 1996.593 < title_year < 2003.255
probabilities_array:[0.00301946 0.         0.05582307 0.20275082 0.00117004 0.11135497
 0.11726405 0.05397094 0.00159631 0.18955284 0.2634976 ]

rule9: -3516.217 < num_voted_users < 95420.951
probabilities_array:[0.17101844 0.15099327 0.15081687 0.1514655  0.13923098 0.11290589
 0.05408987 0.02739073 0.         0.         0.04208839]

rule30: 1921.734 < actor_2_facebook_likes < 5056.000
probabilities_array:[0.         0.         0.13777985 0.1673125  0.01957009 0.
 0.18435888 0.08364718 0.09145825 0.15614668 0.15972649]

rule0: imdb_score < 5.742
probabilities_array:[0.         0.         0.04833838 0.14178312 0.18072739 0.18732555
 0.16867298 0.05371935 0.10146715 0.         0.11796606]

rule18: 305.543 < num_user_for_reviews < 571.163
probabilities_array:[0.         0.         0.03405223 0.1255103  0.18053444 0.14218153
 0.11097613 0.14001915 0.15341829 0.06303598 0.0502719 ]

rule14: 157.948 < num_critic_for_reviews < 239.024
probabilities_array:[0.         0.04014061 0.06881208 0.1164848  0.15861866 0.12381621
 0.09143697 0.11936444 0.12503429 0.12449258 0.03179933]

rule17: 39.923 < num_user_for_reviews < 305.543
probabilities_array:[0.         0.13166232 0.16692592 0.11759419 0.08790064 0.1260898
 0.11499619 0.08898994 0.10236266 0.01109251 0.0523858 ]

rule22: 758.439 < director_facebook_likes < 2749.808
probabilities_array:[0.0762189  0.         0.14735362 0.12129039 0.05886862 0.10101036
 0.11206806 0.17487569 0.02508073 0.08369736 0.09953623]

rule6: 2003.255 < title_year < 2009.918
probabilities_array:[0.17813013 0.06169408 0.03126008 0.13328977 0.0788263  0.
 0.07641457 0.03314604 0.         0.18900791 0.21823117]

rule4: title_year < 1996.593
probabilities_array:[0.         0.02959422 0.03596415 0.09240745 0.10752042 0.11696871
 0.1190134  0.10235035 0.1933176  0.19879954 0.00406412]

rule45: 94.417 < duration < 109.289
probabilities_array:[0.10070445 0.14497665 0.         0.12150317 0.07447414 0.01828908
 0.         0.05706594 0.07867974 0.05146779 0.35283896]

rule38: 11169.326 < cast_total_facebook_likes < 24846.113
probabilities_array:[0.01189985 0.         0.06523926 0.08880042 0.04563063 0.14111362
 0.0768047  0.10440201 0.06574316 0.1433515  0.2570148 ]

rule42: 8435.243 < movie_facebook_likes < 22143.948
probabilities_array:[0.         0.05827698 0.10497117 0.0708134  0.1132974  0.14455356
 0.16923271 0.08449961 0.07063673 0.07475559 0.10896278]

rule34: 745.530 < actor_3_facebook_likes < 2009.984
probabilities_array:[0.         0.         0.03255917 0.060885   0.18140242 0.04955033
 0.14294633 0.11117304 0.12872888 0.1360043  0.15675056]


---4---
rule18: 305.543 < num_user_for_reviews < 571.163
probabilities_array:[0.         0.         0.03405223 0.1255103  0.18053444 0.14218153
 0.11097613 0.14001915 0.15341829 0.06303598 0.0502719 ]

rule0: imdb_score < 5.742
probabilities_array:[0.         0.         0.04833838 0.14178312 0.18072739 0.18732555
 0.16867298 0.05371935 0.10146715 0.         0.11796606]

rule14: 157.948 < num_critic_for_reviews < 239.024
probabilities_array:[0.         0.04014061 0.06881208 0.1164848  0.15861866 0.12381621
 0.09143697 0.11936444 0.12503429 0.12449258 0.03179933]

rule34: 745.530 < actor_3_facebook_likes < 2009.984
probabilities_array:[0.         0.         0.03255917 0.060885   0.18140242 0.04955033
 0.14294633 0.11117304 0.12872888 0.1360043  0.15675056]

rule9: -3516.217 < num_voted_users < 95420.951
probabilities_array:[0.17101844 0.15099327 0.15081687 0.1514655  0.13923098 0.11290589
 0.05408987 0.02739073 0.         0.         0.04208839]

rule49: -133527902.574 < budget < 48678020.928
probabilities_array:[0.09766922 0.11276233 0.15419593 0.16267574 0.13439356 0.10041546
 0.0881975  0.09315002 0.03492965 0.         0.02161056]

rule13: 76.872 < num_critic_for_reviews < 157.948
probabilities_array:[0.         0.03900071 0.         0.0297597  0.1388624  0.12252872
 0.12957798 0.1497197  0.21076258 0.00028272 0.17950542]

rule4: title_year < 1996.593
probabilities_array:[0.         0.02959422 0.03596415 0.09240745 0.10752042 0.11696871
 0.1190134  0.10235035 0.1933176  0.19879954 0.00406412]

rule42: 8435.243 < movie_facebook_likes < 22143.948
probabilities_array:[0.         0.05827698 0.10497117 0.0708134  0.1132974  0.14455356
 0.16923271 0.08449961 0.07063673 0.07475559 0.10896278]

rule31: actor_2_facebook_likes > 5056.000
probabilities_array:[0.01082912 0.         0.         0.         0.1683419  0.
 0.         0.06546668 0.14826493 0.16982166 0.43727568]

rule15: num_critic_for_reviews > 239.024
probabilities_array:[0.         0.         0.0005363  0.         0.15593949 0.08773584
 0.11759569 0.         0.04083805 0.20461898 0.39273566]

rule17: 39.923 < num_user_for_reviews < 305.543
probabilities_array:[0.         0.13166232 0.16692592 0.11759419 0.08790064 0.1260898
 0.11499619 0.08898994 0.10236266 0.01109251 0.0523858 ]

rule1: 5.742 < imdb_score < 6.468
probabilities_array:[0.15166903 0.         0.         0.01565254 0.07273109 0.07696149
 0.1184664  0.18816331 0.13685642 0.14279439 0.09670535]

rule6: 2003.255 < title_year < 2009.918
probabilities_array:[0.17813013 0.06169408 0.03126008 0.13328977 0.0788263  0.
 0.07641457 0.03314604 0.         0.18900791 0.21823117]

rule22: 758.439 < director_facebook_likes < 2749.808
probabilities_array:[0.0762189  0.         0.14735362 0.12129039 0.05886862 0.10101036
 0.11206806 0.17487569 0.02508073 0.08369736 0.09953623]

rule45: 94.417 < duration < 109.289
probabilities_array:[0.10070445 0.14497665 0.         0.12150317 0.07447414 0.01828908
 0.         0.05706594 0.07867974 0.05146779 0.35283896]


---5---
rule10: 95420.951 < num_voted_users < 194358.119
probabilities_array:[0.0000000e+00 0.0000000e+00 9.4764202e-04 4.4360120e-05 3.5998560e-03
 2.0264412e-01 1.9230387e-01 1.9214083e-01 1.9596538e-01 3.3061817e-02
 1.7929216e-01]

rule0: imdb_score < 5.742
probabilities_array:[0.         0.         0.04833838 0.14178312 0.18072739 0.18732555
 0.16867298 0.05371935 0.10146715 0.         0.11796606]

rule18: 305.543 < num_user_for_reviews < 571.163
probabilities_array:[0.         0.         0.03405223 0.1255103  0.18053444 0.14218153
 0.11097613 0.14001915 0.15341829 0.06303598 0.0502719 ]

rule42: 8435.243 < movie_facebook_likes < 22143.948
probabilities_array:[0.         0.05827698 0.10497117 0.0708134  0.1132974  0.14455356
 0.16923271 0.08449961 0.07063673 0.07475559 0.10896278]

rule14: 157.948 < num_critic_for_reviews < 239.024
probabilities_array:[0.         0.04014061 0.06881208 0.1164848  0.15861866 0.12381621
 0.09143697 0.11936444 0.12503429 0.12449258 0.03179933]

rule17: 39.923 < num_user_for_reviews < 305.543
probabilities_array:[0.         0.13166232 0.16692592 0.11759419 0.08790064 0.1260898
 0.11499619 0.08898994 0.10236266 0.01109251 0.0523858 ]

rule4: title_year < 1996.593
probabilities_array:[0.         0.02959422 0.03596415 0.09240745 0.10752042 0.11696871
 0.1190134  0.10235035 0.1933176  0.19879954 0.00406412]

rule9: -3516.217 < num_voted_users < 95420.951
probabilities_array:[0.17101844 0.15099327 0.15081687 0.1514655  0.13923098 0.11290589
 0.05408987 0.02739073 0.         0.         0.04208839]

rule38: 11169.326 < cast_total_facebook_likes < 24846.113
probabilities_array:[0.01189985 0.         0.06523926 0.08880042 0.04563063 0.14111362
 0.0768047  0.10440201 0.06574316 0.1433515  0.2570148 ]

rule27: actor_1_facebook_likes > 18949.285
probabilities_array:[0.05840467 0.07111765 0.00625145 0.02007118 0.         0.16320689
 0.06532653 0.13144155 0.         0.11917184 0.36500812]

rule46: 109.289 < duration < 124.162
probabilities_array:[0.         0.         0.00557593 0.04680131 0.01921894 0.14336514
 0.17266823 0.1349913  0.16812885 0.02268882 0.2865614 ]

rule13: 76.872 < num_critic_for_reviews < 157.948
probabilities_array:[0.         0.03900071 0.         0.0297597  0.1388624  0.12252872
 0.12957798 0.1497197  0.21076258 0.00028272 0.17950542]

rule49: -133527902.574 < budget < 48678020.928
probabilities_array:[0.09766922 0.11276233 0.15419593 0.16267574 0.13439356 0.10041546
 0.0881975  0.09315002 0.03492965 0.         0.02161056]

rule22: 758.439 < director_facebook_likes < 2749.808
probabilities_array:[0.0762189  0.         0.14735362 0.12129039 0.05886862 0.10101036
 0.11206806 0.17487569 0.02508073 0.08369736 0.09953623]

rule5: 1996.593 < title_year < 2003.255
probabilities_array:[0.00301946 0.         0.05582307 0.20275082 0.00117004 0.11135497
 0.11726405 0.05397094 0.00159631 0.18955284 0.2634976 ]

rule39: cast_total_facebook_likes > 24846.113
probabilities_array:[0.03386425 0.03473425 0.         0.         0.         0.13416325
 0.0636555  0.01452414 0.09499347 0.14970924 0.47435585]

rule1: 5.742 < imdb_score < 6.468
probabilities_array:[0.15166903 0.         0.         0.01565254 0.07273109 0.07696149
 0.1184664  0.18816331 0.13685642 0.14279439 0.09670535]

rule26: 7590.805 < actor_1_facebook_likes < 18949.285
probabilities_array:[0.01283994 0.         0.04116125 0.00093384 0.0160374  0.09737
 0.06479689 0.11926822 0.18554044 0.13430233 0.3277498 ]

rule15: num_critic_for_reviews > 239.024
probabilities_array:[0.         0.         0.0005363  0.         0.15593949 0.08773584
 0.11759569 0.         0.04083805 0.20461898 0.39273566]

rule50: 48678020.928 < budget < 230883944.429
probabilities_array:[0.         0.         0.         0.         0.00407692 0.06936763
 0.10149385 0.16389786 0.17605183 0.19846316 0.28664872]

rule19: num_user_for_reviews > 571.163
probabilities_array:[0.         0.         0.         0.         0.         0.09569352
 0.07044218 0.06419586 0.00794751 0.21035227 0.5513686 ]

rule34: 745.530 < actor_3_facebook_likes < 2009.984
probabilities_array:[0.         0.         0.03255917 0.060885   0.18140242 0.04955033
 0.14294633 0.11117304 0.12872888 0.1360043  0.15675056]


---6---
rule10: 95420.951 < num_voted_users < 194358.119
probabilities_array:[0.0000000e+00 0.0000000e+00 9.4764202e-04 4.4360120e-05 3.5998560e-03
 2.0264412e-01 1.9230387e-01 1.9214083e-01 1.9596538e-01 3.3061817e-02
 1.7929216e-01]

rule30: 1921.734 < actor_2_facebook_likes < 5056.000
probabilities_array:[0.         0.         0.13777985 0.1673125  0.01957009 0.
 0.18435888 0.08364718 0.09145825 0.15614668 0.15972649]

rule42: 8435.243 < movie_facebook_likes < 22143.948
probabilities_array:[0.         0.05827698 0.10497117 0.0708134  0.1132974  0.14455356
 0.16923271 0.08449961 0.07063673 0.07475559 0.10896278]

rule0: imdb_score < 5.742
probabilities_array:[0.         0.         0.04833838 0.14178312 0.18072739 0.18732555
 0.16867298 0.05371935 0.10146715 0.         0.11796606]

rule46: 109.289 < duration < 124.162
probabilities_array:[0.         0.         0.00557593 0.04680131 0.01921894 0.14336514
 0.17266823 0.1349913  0.16812885 0.02268882 0.2865614 ]

rule47: duration > 124.162
probabilities_array:[0.         0.         0.11467798 0.         0.         0.02309229
 0.19457863 0.01980422 0.13689138 0.14232463 0.36863086]

rule34: 745.530 < actor_3_facebook_likes < 2009.984
probabilities_array:[0.         0.         0.03255917 0.060885   0.18140242 0.04955033
 0.14294633 0.11117304 0.12872888 0.1360043  0.15675056]

rule4: title_year < 1996.593
probabilities_array:[0.         0.02959422 0.03596415 0.09240745 0.10752042 0.11696871
 0.1190134  0.10235035 0.1933176  0.19879954 0.00406412]

rule17: 39.923 < num_user_for_reviews < 305.543
probabilities_array:[0.         0.13166232 0.16692592 0.11759419 0.08790064 0.1260898
 0.11499619 0.08898994 0.10236266 0.01109251 0.0523858 ]

rule1: 5.742 < imdb_score < 6.468
probabilities_array:[0.15166903 0.         0.         0.01565254 0.07273109 0.07696149
 0.1184664  0.18816331 0.13685642 0.14279439 0.09670535]

rule13: 76.872 < num_critic_for_reviews < 157.948
probabilities_array:[0.         0.03900071 0.         0.0297597  0.1388624  0.12252872
 0.12957798 0.1497197  0.21076258 0.00028272 0.17950542]

rule18: 305.543 < num_user_for_reviews < 571.163
probabilities_array:[0.         0.         0.03405223 0.1255103  0.18053444 0.14218153
 0.11097613 0.14001915 0.15341829 0.06303598 0.0502719 ]

rule22: 758.439 < director_facebook_likes < 2749.808
probabilities_array:[0.0762189  0.         0.14735362 0.12129039 0.05886862 0.10101036
 0.11206806 0.17487569 0.02508073 0.08369736 0.09953623]

rule23: director_facebook_likes > 2749.808
probabilities_array:[0.00072486 0.         0.2124704  0.02858994 0.         0.
 0.13024023 0.03347819 0.21180104 0.12329992 0.25939542]

rule14: 157.948 < num_critic_for_reviews < 239.024
probabilities_array:[0.         0.04014061 0.06881208 0.1164848  0.15861866 0.12381621
 0.09143697 0.11936444 0.12503429 0.12449258 0.03179933]

rule5: 1996.593 < title_year < 2003.255
probabilities_array:[0.00301946 0.         0.05582307 0.20275082 0.00117004 0.11135497
 0.11726405 0.05397094 0.00159631 0.18955284 0.2634976 ]

rule49: -133527902.574 < budget < 48678020.928
probabilities_array:[0.09766922 0.11276233 0.15419593 0.16267574 0.13439356 0.10041546
 0.0881975  0.09315002 0.03492965 0.         0.02161056]

rule50: 48678020.928 < budget < 230883944.429
probabilities_array:[0.         0.         0.         0.         0.00407692 0.06936763
 0.10149385 0.16389786 0.17605183 0.19846316 0.28664872]

rule15: num_critic_for_reviews > 239.024
probabilities_array:[0.         0.         0.0005363  0.         0.15593949 0.08773584
 0.11759569 0.         0.04083805 0.20461898 0.39273566]

rule33: -518.924 < actor_3_facebook_likes < 745.530
probabilities_array:[0.15140091 0.09928318 0.10818081 0.         0.         0.
 0.09320357 0.10130415 0.02677229 0.08409286 0.3357623 ]

rule6: 2003.255 < title_year < 2009.918
probabilities_array:[0.17813013 0.06169408 0.03126008 0.13328977 0.0788263  0.
 0.07641457 0.03314604 0.         0.18900791 0.21823117]

rule38: 11169.326 < cast_total_facebook_likes < 24846.113
probabilities_array:[0.01189985 0.         0.06523926 0.08880042 0.04563063 0.14111362
 0.0768047  0.10440201 0.06574316 0.1433515  0.2570148 ]

rule2: 6.468 < imdb_score < 7.193
probabilities_array:[0.18684795 0.18345983 0.09509956 0.00121783 0.         0.
 0.06160754 0.09406354 0.10767758 0.14349645 0.12652962]

rule9: -3516.217 < num_voted_users < 95420.951
probabilities_array:[0.17101844 0.15099327 0.15081687 0.1514655  0.13923098 0.11290589
 0.05408987 0.02739073 0.         0.         0.04208839]

rule26: 7590.805 < actor_1_facebook_likes < 18949.285
probabilities_array:[0.01283994 0.         0.04116125 0.00093384 0.0160374  0.09737
 0.06479689 0.11926822 0.18554044 0.13430233 0.3277498 ]

rule27: actor_1_facebook_likes > 18949.285
probabilities_array:[0.05840467 0.07111765 0.00625145 0.02007118 0.         0.16320689
 0.06532653 0.13144155 0.         0.11917184 0.36500812]


---7---
rule1: 5.742 < imdb_score < 6.468
probabilities_array:[0.15166903 0.         0.         0.01565254 0.07273109 0.07696149
 0.1184664  0.18816331 0.13685642 0.14279439 0.09670535]

rule10: 95420.951 < num_voted_users < 194358.119
probabilities_array:[0.0000000e+00 0.0000000e+00 9.4764202e-04 4.4360120e-05 3.5998560e-03
 2.0264412e-01 1.9230387e-01 1.9214083e-01 1.9596538e-01 3.3061817e-02
 1.7929216e-01]

rule22: 758.439 < director_facebook_likes < 2749.808
probabilities_array:[0.0762189  0.         0.14735362 0.12129039 0.05886862 0.10101036
 0.11206806 0.17487569 0.02508073 0.08369736 0.09953623]

rule18: 305.543 < num_user_for_reviews < 571.163
probabilities_array:[0.         0.         0.03405223 0.1255103  0.18053444 0.14218153
 0.11097613 0.14001915 0.15341829 0.06303598 0.0502719 ]

rule13: 76.872 < num_critic_for_reviews < 157.948
probabilities_array:[0.         0.03900071 0.         0.0297597  0.1388624  0.12252872
 0.12957798 0.1497197  0.21076258 0.00028272 0.17950542]

rule50: 48678020.928 < budget < 230883944.429
probabilities_array:[0.         0.         0.         0.         0.00407692 0.06936763
 0.10149385 0.16389786 0.17605183 0.19846316 0.28664872]

rule14: 157.948 < num_critic_for_reviews < 239.024
probabilities_array:[0.         0.04014061 0.06881208 0.1164848  0.15861866 0.12381621
 0.09143697 0.11936444 0.12503429 0.12449258 0.03179933]

rule43: movie_facebook_likes > 22143.948
probabilities_array:[0.         0.         0.0011605  0.0021761  0.         0.06074849
 0.03505822 0.18603936 0.12254959 0.19360079 0.398667  ]

rule4: title_year < 1996.593
probabilities_array:[0.         0.02959422 0.03596415 0.09240745 0.10752042 0.11696871
 0.1190134  0.10235035 0.1933176  0.19879954 0.00406412]

rule46: 109.289 < duration < 124.162
probabilities_array:[0.         0.         0.00557593 0.04680131 0.01921894 0.14336514
 0.17266823 0.1349913  0.16812885 0.02268882 0.2865614 ]

rule34: 745.530 < actor_3_facebook_likes < 2009.984
probabilities_array:[0.         0.         0.03255917 0.060885   0.18140242 0.04955033
 0.14294633 0.11117304 0.12872888 0.1360043  0.15675056]

rule49: -133527902.574 < budget < 48678020.928
probabilities_array:[0.09766922 0.11276233 0.15419593 0.16267574 0.13439356 0.10041546
 0.0881975  0.09315002 0.03492965 0.         0.02161056]

rule17: 39.923 < num_user_for_reviews < 305.543
probabilities_array:[0.         0.13166232 0.16692592 0.11759419 0.08790064 0.1260898
 0.11499619 0.08898994 0.10236266 0.01109251 0.0523858 ]

rule27: actor_1_facebook_likes > 18949.285
probabilities_array:[0.05840467 0.07111765 0.00625145 0.02007118 0.         0.16320689
 0.06532653 0.13144155 0.         0.11917184 0.36500812]

rule2: 6.468 < imdb_score < 7.193
probabilities_array:[0.18684795 0.18345983 0.09509956 0.00121783 0.         0.
 0.06160754 0.09406354 0.10767758 0.14349645 0.12652962]

rule26: 7590.805 < actor_1_facebook_likes < 18949.285
probabilities_array:[0.01283994 0.         0.04116125 0.00093384 0.0160374  0.09737
 0.06479689 0.11926822 0.18554044 0.13430233 0.3277498 ]

rule38: 11169.326 < cast_total_facebook_likes < 24846.113
probabilities_array:[0.01189985 0.         0.06523926 0.08880042 0.04563063 0.14111362
 0.0768047  0.10440201 0.06574316 0.1433515  0.2570148 ]

rule42: 8435.243 < movie_facebook_likes < 22143.948
probabilities_array:[0.         0.05827698 0.10497117 0.0708134  0.1132974  0.14455356
 0.16923271 0.08449961 0.07063673 0.07475559 0.10896278]

rule30: 1921.734 < actor_2_facebook_likes < 5056.000
probabilities_array:[0.         0.         0.13777985 0.1673125  0.01957009 0.
 0.18435888 0.08364718 0.09145825 0.15614668 0.15972649]

rule33: -518.924 < actor_3_facebook_likes < 745.530
probabilities_array:[0.15140091 0.09928318 0.10818081 0.         0.         0.
 0.09320357 0.10130415 0.02677229 0.08409286 0.3357623 ]

rule7: title_year > 2009.918
probabilities_array:[0.3017942  0.         0.         0.         0.         0.
 0.         0.09004154 0.04883443 0.18216056 0.37716934]

rule0: imdb_score < 5.742
probabilities_array:[0.         0.         0.04833838 0.14178312 0.18072739 0.18732555
 0.16867298 0.05371935 0.10146715 0.         0.11796606]


---8---
rule4: title_year < 1996.593
probabilities_array:[0.         0.02959422 0.03596415 0.09240745 0.10752042 0.11696871
 0.1190134  0.10235035 0.1933176  0.19879954 0.00406412]

rule13: 76.872 < num_critic_for_reviews < 157.948
probabilities_array:[0.         0.03900071 0.         0.0297597  0.1388624  0.12252872
 0.12957798 0.1497197  0.21076258 0.00028272 0.17950542]

rule10: 95420.951 < num_voted_users < 194358.119
probabilities_array:[0.0000000e+00 0.0000000e+00 9.4764202e-04 4.4360120e-05 3.5998560e-03
 2.0264412e-01 1.9230387e-01 1.9214083e-01 1.9596538e-01 3.3061817e-02
 1.7929216e-01]

rule23: director_facebook_likes > 2749.808
probabilities_array:[0.00072486 0.         0.2124704  0.02858994 0.         0.
 0.13024023 0.03347819 0.21180104 0.12329992 0.25939542]

rule18: 305.543 < num_user_for_reviews < 571.163
probabilities_array:[0.         0.         0.03405223 0.1255103  0.18053444 0.14218153
 0.11097613 0.14001915 0.15341829 0.06303598 0.0502719 ]

rule50: 48678020.928 < budget < 230883944.429
probabilities_array:[0.         0.         0.         0.         0.00407692 0.06936763
 0.10149385 0.16389786 0.17605183 0.19846316 0.28664872]

rule26: 7590.805 < actor_1_facebook_likes < 18949.285
probabilities_array:[0.01283994 0.         0.04116125 0.00093384 0.0160374  0.09737
 0.06479689 0.11926822 0.18554044 0.13430233 0.3277498 ]

rule1: 5.742 < imdb_score < 6.468
probabilities_array:[0.15166903 0.         0.         0.01565254 0.07273109 0.07696149
 0.1184664  0.18816331 0.13685642 0.14279439 0.09670535]

rule14: 157.948 < num_critic_for_reviews < 239.024
probabilities_array:[0.         0.04014061 0.06881208 0.1164848  0.15861866 0.12381621
 0.09143697 0.11936444 0.12503429 0.12449258 0.03179933]

rule46: 109.289 < duration < 124.162
probabilities_array:[0.         0.         0.00557593 0.04680131 0.01921894 0.14336514
 0.17266823 0.1349913  0.16812885 0.02268882 0.2865614 ]

rule34: 745.530 < actor_3_facebook_likes < 2009.984
probabilities_array:[0.         0.         0.03255917 0.060885   0.18140242 0.04955033
 0.14294633 0.11117304 0.12872888 0.1360043  0.15675056]

rule17: 39.923 < num_user_for_reviews < 305.543
probabilities_array:[0.         0.13166232 0.16692592 0.11759419 0.08790064 0.1260898
 0.11499619 0.08898994 0.10236266 0.01109251 0.0523858 ]

rule2: 6.468 < imdb_score < 7.193
probabilities_array:[0.18684795 0.18345983 0.09509956 0.00121783 0.         0.
 0.06160754 0.09406354 0.10767758 0.14349645 0.12652962]

rule11: num_voted_users > 194358.119
probabilities_array:[0.         0.         0.         0.         0.         0.
 0.         0.         0.19615848 0.26400444 0.5398371 ]

rule0: imdb_score < 5.742
probabilities_array:[0.         0.         0.04833838 0.14178312 0.18072739 0.18732555
 0.16867298 0.05371935 0.10146715 0.         0.11796606]

rule35: actor_3_facebook_likes > 2009.984
probabilities_array:[0.         0.         0.         0.04434695 0.         0.
 0.         0.         0.1912086  0.21961209 0.5448323 ]

rule47: duration > 124.162
probabilities_array:[0.         0.         0.11467798 0.         0.         0.02309229
 0.19457863 0.01980422 0.13689138 0.14232463 0.36863086]

rule31: actor_2_facebook_likes > 5056.000
probabilities_array:[0.01082912 0.         0.         0.         0.1683419  0.
 0.         0.06546668 0.14826493 0.16982166 0.43727568]

rule30: 1921.734 < actor_2_facebook_likes < 5056.000
probabilities_array:[0.         0.         0.13777985 0.1673125  0.01957009 0.
 0.18435888 0.08364718 0.09145825 0.15614668 0.15972649]

rule43: movie_facebook_likes > 22143.948
probabilities_array:[0.         0.         0.0011605  0.0021761  0.         0.06074849
 0.03505822 0.18603936 0.12254959 0.19360079 0.398667  ]

rule42: 8435.243 < movie_facebook_likes < 22143.948
probabilities_array:[0.         0.05827698 0.10497117 0.0708134  0.1132974  0.14455356
 0.16923271 0.08449961 0.07063673 0.07475559 0.10896278]

rule21: -1232.930 < director_facebook_likes < 758.439
probabilities_array:[0.00676773 0.         0.         0.         0.         0.
 0.         0.06073993 0.13852851 0.23737638 0.55658746]

rule45: 94.417 < duration < 109.289
probabilities_array:[0.10070445 0.14497665 0.         0.12150317 0.07447414 0.01828908
 0.         0.05706594 0.07867974 0.05146779 0.35283896]

rule39: cast_total_facebook_likes > 24846.113
probabilities_array:[0.03386425 0.03473425 0.         0.         0.         0.13416325
 0.0636555  0.01452414 0.09499347 0.14970924 0.47435585]

rule38: 11169.326 < cast_total_facebook_likes < 24846.113
probabilities_array:[0.01189985 0.         0.06523926 0.08880042 0.04563063 0.14111362
 0.0768047  0.10440201 0.06574316 0.1433515  0.2570148 ]


---9---
rule4: title_year < 1996.593
probabilities_array:[0.         0.02959422 0.03596415 0.09240745 0.10752042 0.11696871
 0.1190134  0.10235035 0.1933176  0.19879954 0.00406412]

rule51: budget > 230883944.429
probabilities_array:[0.14333038 0.23782551 0.         0.04082347 0.         0.
 0.         0.         0.         0.24007334 0.33794722]

rule6: 2003.255 < title_year < 2009.918
probabilities_array:[0.17813013 0.06169408 0.03126008 0.13328977 0.0788263  0.
 0.07641457 0.03314604 0.         0.18900791 0.21823117]

rule50: 48678020.928 < budget < 230883944.429
probabilities_array:[0.         0.         0.         0.         0.00407692 0.06936763
 0.10149385 0.16389786 0.17605183 0.19846316 0.28664872]

rule5: 1996.593 < title_year < 2003.255
probabilities_array:[0.00301946 0.         0.05582307 0.20275082 0.00117004 0.11135497
 0.11726405 0.05397094 0.00159631 0.18955284 0.2634976 ]

rule30: 1921.734 < actor_2_facebook_likes < 5056.000
probabilities_array:[0.         0.         0.13777985 0.1673125  0.01957009 0.
 0.18435888 0.08364718 0.09145825 0.15614668 0.15972649]

rule1: 5.742 < imdb_score < 6.468
probabilities_array:[0.15166903 0.         0.         0.01565254 0.07273109 0.07696149
 0.1184664  0.18816331 0.13685642 0.14279439 0.09670535]

rule3: imdb_score > 7.193
probabilities_array:[0.01988375 0.23091266 0.23181708 0.         0.01568843 0.
 0.         0.         0.01352986 0.18158914 0.30657923]

rule2: 6.468 < imdb_score < 7.193
probabilities_array:[0.18684795 0.18345983 0.09509956 0.00121783 0.         0.
 0.06160754 0.09406354 0.10767758 0.14349645 0.12652962]

rule15: num_critic_for_reviews > 239.024
probabilities_array:[0.         0.         0.0005363  0.         0.15593949 0.08773584
 0.11759569 0.         0.04083805 0.20461898 0.39273566]

rule11: num_voted_users > 194358.119
probabilities_array:[0.         0.         0.         0.         0.         0.
 0.         0.         0.19615848 0.26400444 0.5398371 ]

rule14: 157.948 < num_critic_for_reviews < 239.024
probabilities_array:[0.         0.04014061 0.06881208 0.1164848  0.15861866 0.12381621
 0.09143697 0.11936444 0.12503429 0.12449258 0.03179933]

rule43: movie_facebook_likes > 22143.948
probabilities_array:[0.         0.         0.0011605  0.0021761  0.         0.06074849
 0.03505822 0.18603936 0.12254959 0.19360079 0.398667  ]

rule34: 745.530 < actor_3_facebook_likes < 2009.984
probabilities_array:[0.         0.         0.03255917 0.060885   0.18140242 0.04955033
 0.14294633 0.11117304 0.12872888 0.1360043  0.15675056]

rule7: title_year > 2009.918
probabilities_array:[0.3017942  0.         0.         0.         0.         0.
 0.         0.09004154 0.04883443 0.18216056 0.37716934]

rule38: 11169.326 < cast_total_facebook_likes < 24846.113
probabilities_array:[0.01189985 0.         0.06523926 0.08880042 0.04563063 0.14111362
 0.0768047  0.10440201 0.06574316 0.1433515  0.2570148 ]

rule21: -1232.930 < director_facebook_likes < 758.439
probabilities_array:[0.00676773 0.         0.         0.         0.         0.
 0.         0.06073993 0.13852851 0.23737638 0.55658746]

rule35: actor_3_facebook_likes > 2009.984
probabilities_array:[0.         0.         0.         0.04434695 0.         0.
 0.         0.         0.1912086  0.21961209 0.5448323 ]

rule31: actor_2_facebook_likes > 5056.000
probabilities_array:[0.01082912 0.         0.         0.         0.1683419  0.
 0.         0.06546668 0.14826493 0.16982166 0.43727568]

rule19: num_user_for_reviews > 571.163
probabilities_array:[0.         0.         0.         0.         0.         0.09569352
 0.07044218 0.06419586 0.00794751 0.21035227 0.5513686 ]

rule23: director_facebook_likes > 2749.808
probabilities_array:[0.00072486 0.         0.2124704  0.02858994 0.         0.
 0.13024023 0.03347819 0.21180104 0.12329992 0.25939542]

rule26: 7590.805 < actor_1_facebook_likes < 18949.285
probabilities_array:[0.01283994 0.         0.04116125 0.00093384 0.0160374  0.09737
 0.06479689 0.11926822 0.18554044 0.13430233 0.3277498 ]

rule47: duration > 124.162
probabilities_array:[0.         0.         0.11467798 0.         0.         0.02309229
 0.19457863 0.01980422 0.13689138 0.14232463 0.36863086]

rule39: cast_total_facebook_likes > 24846.113
probabilities_array:[0.03386425 0.03473425 0.         0.         0.         0.13416325
 0.0636555  0.01452414 0.09499347 0.14970924 0.47435585]

rule27: actor_1_facebook_likes > 18949.285
probabilities_array:[0.05840467 0.07111765 0.00625145 0.02007118 0.         0.16320689
 0.06532653 0.13144155 0.         0.11917184 0.36500812]

rule22: 758.439 < director_facebook_likes < 2749.808
probabilities_array:[0.0762189  0.         0.14735362 0.12129039 0.05886862 0.10101036
 0.11206806 0.17487569 0.02508073 0.08369736 0.09953623]

rule42: 8435.243 < movie_facebook_likes < 22143.948
probabilities_array:[0.         0.05827698 0.10497117 0.0708134  0.1132974  0.14455356
 0.16923271 0.08449961 0.07063673 0.07475559 0.10896278]

rule25: -3767.675 < actor_1_facebook_likes < 7590.805
probabilities_array:[7.4053511e-02 1.5939113e-01 0.0000000e+00 0.0000000e+00 3.4276736e-03
 0.0000000e+00 0.0000000e+00 3.8700600e-04 7.0163138e-02 1.4551571e-01
 5.4706186e-01]

rule37: -2507.460 < cast_total_facebook_likes < 11169.326
probabilities_array:[0.11551017 0.10045931 0.0624409  0.         0.         0.
 0.         0.00474718 0.06330997 0.12984918 0.5236833 ]

rule18: 305.543 < num_user_for_reviews < 571.163
probabilities_array:[0.         0.         0.03405223 0.1255103  0.18053444 0.14218153
 0.11097613 0.14001915 0.15341829 0.06303598 0.0502719 ]

rule33: -518.924 < actor_3_facebook_likes < 745.530
probabilities_array:[0.15140091 0.09928318 0.10818081 0.         0.         0.
 0.09320357 0.10130415 0.02677229 0.08409286 0.3357623 ]

rule44: duration < 94.417
probabilities_array:[0.23642    0.00134824 0.         0.04200097 0.03536605 0.
 0.         0.         0.         0.11148134 0.57338333]

