R2: -0.5091344099616606

MAE: 46435995.94537509

MSE: 6391480008869223.0

Accuracy: 0.29351784413692644

F1: 0.2838588342263454

Confusion Matrix: [[91, 32, 8, 10, 10, 2, 2, 1], [46, 72, 29, 18, 13, 4, 2, 6], [26, 42, 28, 41, 16, 15, 8, 4], [16, 28, 23, 38, 17, 21, 13, 7], [7, 30, 16, 31, 19, 28, 23, 12], [14, 25, 15, 27, 18, 26, 27, 30], [2, 15, 4, 30, 15, 35, 34, 54], [0, 4, 1, 9, 5, 8, 25, 95]]

Uncertainties: {'class0': [0.6980151534080505, 0.5930773615837097, 0.5019495487213135, 0.49414288997650146, 0.45846667885780334], 'class1': [0.555863082408905, 0.49414288997650146, 0.4058838486671448, 0.3784564435482025, 0.3285028636455536], 'class2': [0.4906633794307709, 0.44811776280403137, 0.3784564435482025, 0.3285028636455536, 0.29744577407836914], 'class3': [0.2803087830543518, 0.26077473163604736, 0.2557729184627533, 0.24419355392456055, 0.2020387202501297], 'class4': [0.6143832206726074, 0.5188818573951721, 0.44811776280403137, 0.44378897547721863, 0.3897262513637543], 'class5': [0.4906633794307709, 0.3736797571182251, 0.3285028636455536, 0.29744577407836914, 0.29591014981269836], 'class6': [0.555863082408905, 0.5343605279922485, 0.49414288997650146, 0.4906633794307709, 0.45958447456359863], 'class7': [0.701009213924408, 0.6815024018287659, 0.6740978360176086, 0.6030417680740356, 0.5930773615837097]}

Most important rules
-----------------------------

---0---
rule9: -3526.405 < num_voted_users < 98308.117
probabilities_array:[0.24748616 0.2081398  0.21102093 0.1180187  0.09657665 0.07799826
 0.02652143 0.         0.01423805]

rule6: 2003.284 < title_year < 2009.856
probabilities_array:[0.26560515 0.0264625  0.22513929 0.06282849 0.         0.02101465
 0.00140099 0.11724018 0.28030878]

rule7: title_year > 2009.856
probabilities_array:[3.0693963e-01 0.0000000e+00 3.6192851e-05 0.0000000e+00 0.0000000e+00
 7.8735687e-04 9.8497652e-02 2.1116504e-01 3.8257411e-01]

rule2: 6.487 < imdb_score < 7.231
probabilities_array:[0.20872734 0.17174327 0.04174289 0.         0.00710725 0.10827766
 0.12657283 0.19063528 0.14519337]

rule12: num_critic_for_reviews < 77.306
probabilities_array:[0.28649828 0.177378   0.14188434 0.         0.         0.
 0.01578297 0.         0.37845644]

rule41: -5546.411 < movie_facebook_likes < 9043.499
probabilities_array:[0.2587254  0.00920962 0.         0.05919826 0.         0.
 0.1515188  0.06288115 0.45846668]

rule44: duration < 93.853
probabilities_array:[0.24310206 0.06068199 0.         0.         0.         0.
 0.         0.19426636 0.50194955]

rule3: imdb_score > 7.231
probabilities_array:[0.19901773 0.20726085 0.00836536 0.         0.         0.
 0.         0.17947221 0.40588385]

rule49: -34699457.152 < budget < 41758036.072
probabilities_array:[0.11332104 0.16363832 0.18345322 0.19343212 0.17684656 0.0966882
 0.04753498 0.         0.02508548]

rule16: num_user_for_reviews < 43.131
probabilities_array:[0.29525888 0.00277906 0.00394693 0.         0.         0.
 0.         0.         0.69801515]

rule33: -498.826 < actor_3_facebook_likes < 740.160
probabilities_array:[1.6757795e-01 1.2467162e-01 4.1475019e-04 0.0000000e+00 7.6425015e-03
 4.7829647e-02 8.9514665e-02 6.8206012e-02 4.9414289e-01]

rule1: 5.743 < imdb_score < 6.487
probabilities_array:[0.07857586 0.         0.00231666 0.09925688 0.13848962 0.18216956
 0.18096377 0.22008798 0.09813966]

rule45: 93.853 < duration < 109.799
probabilities_array:[0.1001552  0.         0.06807671 0.06435631 0.         0.01275372
 0.05093183 0.11064889 0.59307736]


---1---
rule9: -3526.405 < num_voted_users < 98308.117
probabilities_array:[0.24748616 0.2081398  0.21102093 0.1180187  0.09657665 0.07799826
 0.02652143 0.         0.01423805]

rule17: 43.131 < num_user_for_reviews < 312.574
probabilities_array:[0.         0.17834057 0.1341847  0.1437974  0.13974454 0.12136091
 0.14095652 0.07495192 0.06666338]

rule49: -34699457.152 < budget < 41758036.072
probabilities_array:[0.11332104 0.16363832 0.18345322 0.19343212 0.17684656 0.0966882
 0.04753498 0.         0.02508548]

rule2: 6.487 < imdb_score < 7.231
probabilities_array:[0.20872734 0.17174327 0.04174289 0.         0.00710725 0.10827766
 0.12657283 0.19063528 0.14519337]

rule3: imdb_score > 7.231
probabilities_array:[0.19901773 0.20726085 0.00836536 0.         0.         0.
 0.         0.17947221 0.40588385]

rule12: num_critic_for_reviews < 77.306
probabilities_array:[0.28649828 0.177378   0.14188434 0.         0.         0.
 0.01578297 0.         0.37845644]

rule42: 9043.499 < movie_facebook_likes < 23633.408
probabilities_array:[0.         0.10913523 0.04163039 0.08325241 0.13267086 0.18045771
 0.1367446  0.12226307 0.19384581]

rule14: 159.414 < num_critic_for_reviews < 241.522
probabilities_array:[0.00022279 0.07689427 0.14970188 0.11753772 0.16170214 0.10640185
 0.14961314 0.20242071 0.03550545]

rule33: -498.826 < actor_3_facebook_likes < 740.160
probabilities_array:[1.6757795e-01 1.2467162e-01 4.1475019e-04 0.0000000e+00 7.6425015e-03
 4.7829647e-02 8.9514665e-02 6.8206012e-02 4.9414289e-01]

rule5: 1996.712 < title_year < 2003.284
probabilities_array:[3.6391561e-05 8.5706808e-02 2.2396329e-01 1.0908394e-02 2.1679623e-02
 7.3919460e-02 1.4680679e-01 1.0847637e-01 3.2850286e-01]

rule25: -3882.572 < actor_1_facebook_likes < 7363.424
probabilities_array:[0.05248857 0.09415488 0.04418943 0.         0.         0.
 0.09240494 0.16089904 0.5558631 ]


---2---
rule9: -3526.405 < num_voted_users < 98308.117
probabilities_array:[0.24748616 0.2081398  0.21102093 0.1180187  0.09657665 0.07799826
 0.02652143 0.         0.01423805]

rule49: -34699457.152 < budget < 41758036.072
probabilities_array:[0.11332104 0.16363832 0.18345322 0.19343212 0.17684656 0.0966882
 0.04753498 0.         0.02508548]

rule6: 2003.284 < title_year < 2009.856
probabilities_array:[0.26560515 0.0264625  0.22513929 0.06282849 0.         0.02101465
 0.00140099 0.11724018 0.28030878]

rule22: 737.621 < director_facebook_likes < 2745.885
probabilities_array:[2.4813956e-03 6.3746345e-05 2.2900563e-01 5.1395507e-03 1.9859298e-01
 1.1049004e-01 0.0000000e+00 1.5678099e-01 2.9744577e-01]

rule18: 312.574 < num_user_for_reviews < 582.017
probabilities_array:[0.         0.02466408 0.1600251  0.21000552 0.1732272  0.11196478
 0.17885913 0.13484597 0.00640821]

rule5: 1996.712 < title_year < 2003.284
probabilities_array:[3.6391561e-05 8.5706808e-02 2.2396329e-01 1.0908394e-02 2.1679623e-02
 7.3919460e-02 1.4680679e-01 1.0847637e-01 3.2850286e-01]

rule14: 159.414 < num_critic_for_reviews < 241.522
probabilities_array:[0.00022279 0.07689427 0.14970188 0.11753772 0.16170214 0.10640185
 0.14961314 0.20242071 0.03550545]

rule17: 43.131 < num_user_for_reviews < 312.574
probabilities_array:[0.         0.17834057 0.1341847  0.1437974  0.13974454 0.12136091
 0.14095652 0.07495192 0.06666338]

rule12: num_critic_for_reviews < 77.306
probabilities_array:[0.28649828 0.177378   0.14188434 0.         0.         0.
 0.01578297 0.         0.37845644]

rule4: title_year < 1996.712
probabilities_array:[0.         0.03010065 0.07644991 0.10043498 0.08838066 0.14036909
 0.19409496 0.3294665  0.04070327]

rule0: imdb_score < 5.743
probabilities_array:[0.         0.         0.05503488 0.23761168 0.24442174 0.15365955
 0.19361277 0.01796936 0.09769003]

rule43: movie_facebook_likes > 23633.408
probabilities_array:[0.         0.         0.09687193 0.         0.         0.11414081
 0.1057944  0.19252951 0.49066338]

rule30: 1924.331 < actor_2_facebook_likes < 5043.742
probabilities_array:[0.         0.         0.05929621 0.         0.01857702 0.2348968
 0.21074216 0.23350221 0.24298562]

rule38: 10961.522 < cast_total_facebook_likes < 24539.909
probabilities_array:[0.05917249 0.         0.07276975 0.02145986 0.08903993 0.02938947
 0.09347477 0.18657592 0.44811776]


---3---
rule0: imdb_score < 5.743
probabilities_array:[0.         0.         0.05503488 0.23761168 0.24442174 0.15365955
 0.19361277 0.01796936 0.09769003]

rule18: 312.574 < num_user_for_reviews < 582.017
probabilities_array:[0.         0.02466408 0.1600251  0.21000552 0.1732272  0.11196478
 0.17885913 0.13484597 0.00640821]

rule49: -34699457.152 < budget < 41758036.072
probabilities_array:[0.11332104 0.16363832 0.18345322 0.19343212 0.17684656 0.0966882
 0.04753498 0.         0.02508548]

rule15: num_critic_for_reviews > 241.522
probabilities_array:[0.         0.         0.         0.20216003 0.13120961 0.192793
 0.06092498 0.16871874 0.24419355]

rule50: 41758036.072 < budget < 118215529.295
probabilities_array:[0.         0.         0.         0.15960939 0.1671157  0.2566989
 0.19365048 0.10464832 0.11827713]

rule17: 43.131 < num_user_for_reviews < 312.574
probabilities_array:[0.         0.17834057 0.1341847  0.1437974  0.13974454 0.12136091
 0.14095652 0.07495192 0.06666338]

rule9: -3526.405 < num_voted_users < 98308.117
probabilities_array:[0.24748616 0.2081398  0.21102093 0.1180187  0.09657665 0.07799826
 0.02652143 0.         0.01423805]

rule13: 77.306 < num_critic_for_reviews < 159.414
probabilities_array:[0.         0.02876761 0.03175661 0.15260348 0.12300734 0.14853166
 0.13521034 0.12435001 0.25577292]

rule14: 159.414 < num_critic_for_reviews < 241.522
probabilities_array:[0.00022279 0.07689427 0.14970188 0.11753772 0.16170214 0.10640185
 0.14961314 0.20242071 0.03550545]

rule34: 740.160 < actor_3_facebook_likes < 1979.146
probabilities_array:[0.         0.         0.03932993 0.13583298 0.         0.10146362
 0.24079521 0.22180355 0.26077473]

rule4: title_year < 1996.712
probabilities_array:[0.         0.03010065 0.07644991 0.10043498 0.08838066 0.14036909
 0.19409496 0.3294665  0.04070327]

rule1: 5.743 < imdb_score < 6.487
probabilities_array:[0.07857586 0.         0.00231666 0.09925688 0.13848962 0.18216956
 0.18096377 0.22008798 0.09813966]

rule10: 98308.117 < num_voted_users < 200142.638
probabilities_array:[0.         0.         0.         0.09188718 0.24800959 0.27528435
 0.18995205 0.04935451 0.14551233]

rule42: 9043.499 < movie_facebook_likes < 23633.408
probabilities_array:[0.         0.10913523 0.04163039 0.08325241 0.13267086 0.18045771
 0.1367446  0.12226307 0.19384581]

rule46: 109.799 < duration < 125.746
probabilities_array:[0.         0.0499361  0.04077338 0.06010445 0.12113562 0.19962361
 0.2101825  0.11620571 0.20203872]

rule6: 2003.284 < title_year < 2009.856
probabilities_array:[0.26560515 0.0264625  0.22513929 0.06282849 0.         0.02101465
 0.00140099 0.11724018 0.28030878]


---4---
rule0: imdb_score < 5.743
probabilities_array:[0.         0.         0.05503488 0.23761168 0.24442174 0.15365955
 0.19361277 0.01796936 0.09769003]

rule10: 98308.117 < num_voted_users < 200142.638
probabilities_array:[0.         0.         0.         0.09188718 0.24800959 0.27528435
 0.18995205 0.04935451 0.14551233]

rule49: -34699457.152 < budget < 41758036.072
probabilities_array:[0.11332104 0.16363832 0.18345322 0.19343212 0.17684656 0.0966882
 0.04753498 0.         0.02508548]

rule18: 312.574 < num_user_for_reviews < 582.017
probabilities_array:[0.         0.02466408 0.1600251  0.21000552 0.1732272  0.11196478
 0.17885913 0.13484597 0.00640821]

rule14: 159.414 < num_critic_for_reviews < 241.522
probabilities_array:[0.00022279 0.07689427 0.14970188 0.11753772 0.16170214 0.10640185
 0.14961314 0.20242071 0.03550545]

rule50: 41758036.072 < budget < 118215529.295
probabilities_array:[0.         0.         0.         0.15960939 0.1671157  0.2566989
 0.19365048 0.10464832 0.11827713]

rule22: 737.621 < director_facebook_likes < 2745.885
probabilities_array:[2.4813956e-03 6.3746345e-05 2.2900563e-01 5.1395507e-03 1.9859298e-01
 1.1049004e-01 0.0000000e+00 1.5678099e-01 2.9744577e-01]

rule17: 43.131 < num_user_for_reviews < 312.574
probabilities_array:[0.         0.17834057 0.1341847  0.1437974  0.13974454 0.12136091
 0.14095652 0.07495192 0.06666338]

rule1: 5.743 < imdb_score < 6.487
probabilities_array:[0.07857586 0.         0.00231666 0.09925688 0.13848962 0.18216956
 0.18096377 0.22008798 0.09813966]

rule42: 9043.499 < movie_facebook_likes < 23633.408
probabilities_array:[0.         0.10913523 0.04163039 0.08325241 0.13267086 0.18045771
 0.1367446  0.12226307 0.19384581]

rule15: num_critic_for_reviews > 241.522
probabilities_array:[0.         0.         0.         0.20216003 0.13120961 0.192793
 0.06092498 0.16871874 0.24419355]

rule46: 109.799 < duration < 125.746
probabilities_array:[0.         0.0499361  0.04077338 0.06010445 0.12113562 0.19962361
 0.2101825  0.11620571 0.20203872]

rule9: -3526.405 < num_voted_users < 98308.117
probabilities_array:[0.24748616 0.2081398  0.21102093 0.1180187  0.09657665 0.07799826
 0.02652143 0.         0.01423805]

rule47: duration > 125.746
probabilities_array:[0.         0.         0.04418632 0.02672191 0.13286875 0.20504804
 0.16455984 0.13070506 0.29591015]

rule13: 77.306 < num_critic_for_reviews < 159.414
probabilities_array:[0.         0.02876761 0.03175661 0.15260348 0.12300734 0.14853166
 0.13521034 0.12435001 0.25577292]

rule19: num_user_for_reviews > 582.017
probabilities_array:[0.         0.         0.         0.00140322 0.14219896 0.2323455
 0.05475239 0.19562022 0.37367976]

rule4: title_year < 1996.712
probabilities_array:[0.         0.03010065 0.07644991 0.10043498 0.08838066 0.14036909
 0.19409496 0.3294665  0.04070327]

rule23: director_facebook_likes > 2745.885
probabilities_array:[0.01849221 0.         0.00042734 0.00692545 0.11797354 0.
 0.29825482 0.16820042 0.38972625]

rule27: actor_1_facebook_likes > 18609.419
probabilities_array:[0.04056767 0.         0.06004893 0.         0.1470422  0.05621174
 0.         0.17724764 0.51888186]

rule26: 7363.424 < actor_1_facebook_likes < 18609.419
probabilities_array:[0.02884101 0.         0.00077197 0.04094034 0.09472544 0.04732405
 0.16649601 0.17711225 0.44378898]

rule38: 10961.522 < cast_total_facebook_likes < 24539.909
probabilities_array:[0.05917249 0.         0.07276975 0.02145986 0.08903993 0.02938947
 0.09347477 0.18657592 0.44811776]

rule29: -1195.080 < actor_2_facebook_likes < 1924.331
probabilities_array:[0.07336641 0.00719859 0.         0.04860935 0.11946196 0.03922905
 0.         0.09775143 0.6143832 ]


---5---
rule10: 98308.117 < num_voted_users < 200142.638
probabilities_array:[0.         0.         0.         0.09188718 0.24800959 0.27528435
 0.18995205 0.04935451 0.14551233]

rule50: 41758036.072 < budget < 118215529.295
probabilities_array:[0.         0.         0.         0.15960939 0.1671157  0.2566989
 0.19365048 0.10464832 0.11827713]

rule30: 1924.331 < actor_2_facebook_likes < 5043.742
probabilities_array:[0.         0.         0.05929621 0.         0.01857702 0.2348968
 0.21074216 0.23350221 0.24298562]

rule1: 5.743 < imdb_score < 6.487
probabilities_array:[0.07857586 0.         0.00231666 0.09925688 0.13848962 0.18216956
 0.18096377 0.22008798 0.09813966]

rule46: 109.799 < duration < 125.746
probabilities_array:[0.         0.0499361  0.04077338 0.06010445 0.12113562 0.19962361
 0.2101825  0.11620571 0.20203872]

rule15: num_critic_for_reviews > 241.522
probabilities_array:[0.         0.         0.         0.20216003 0.13120961 0.192793
 0.06092498 0.16871874 0.24419355]

rule19: num_user_for_reviews > 582.017
probabilities_array:[0.         0.         0.         0.00140322 0.14219896 0.2323455
 0.05475239 0.19562022 0.37367976]

rule42: 9043.499 < movie_facebook_likes < 23633.408
probabilities_array:[0.         0.10913523 0.04163039 0.08325241 0.13267086 0.18045771
 0.1367446  0.12226307 0.19384581]

rule47: duration > 125.746
probabilities_array:[0.         0.         0.04418632 0.02672191 0.13286875 0.20504804
 0.16455984 0.13070506 0.29591015]

rule0: imdb_score < 5.743
probabilities_array:[0.         0.         0.05503488 0.23761168 0.24442174 0.15365955
 0.19361277 0.01796936 0.09769003]

rule4: title_year < 1996.712
probabilities_array:[0.         0.03010065 0.07644991 0.10043498 0.08838066 0.14036909
 0.19409496 0.3294665  0.04070327]

rule17: 43.131 < num_user_for_reviews < 312.574
probabilities_array:[0.         0.17834057 0.1341847  0.1437974  0.13974454 0.12136091
 0.14095652 0.07495192 0.06666338]

rule18: 312.574 < num_user_for_reviews < 582.017
probabilities_array:[0.         0.02466408 0.1600251  0.21000552 0.1732272  0.11196478
 0.17885913 0.13484597 0.00640821]

rule13: 77.306 < num_critic_for_reviews < 159.414
probabilities_array:[0.         0.02876761 0.03175661 0.15260348 0.12300734 0.14853166
 0.13521034 0.12435001 0.25577292]

rule14: 159.414 < num_critic_for_reviews < 241.522
probabilities_array:[0.00022279 0.07689427 0.14970188 0.11753772 0.16170214 0.10640185
 0.14961314 0.20242071 0.03550545]

rule49: -34699457.152 < budget < 41758036.072
probabilities_array:[0.11332104 0.16363832 0.18345322 0.19343212 0.17684656 0.0966882
 0.04753498 0.         0.02508548]

rule2: 6.487 < imdb_score < 7.231
probabilities_array:[0.20872734 0.17174327 0.04174289 0.         0.00710725 0.10827766
 0.12657283 0.19063528 0.14519337]

rule22: 737.621 < director_facebook_likes < 2745.885
probabilities_array:[2.4813956e-03 6.3746345e-05 2.2900563e-01 5.1395507e-03 1.9859298e-01
 1.1049004e-01 0.0000000e+00 1.5678099e-01 2.9744577e-01]

rule9: -3526.405 < num_voted_users < 98308.117
probabilities_array:[0.24748616 0.2081398  0.21102093 0.1180187  0.09657665 0.07799826
 0.02652143 0.         0.01423805]

rule34: 740.160 < actor_3_facebook_likes < 1979.146
probabilities_array:[0.         0.         0.03932993 0.13583298 0.         0.10146362
 0.24079521 0.22180355 0.26077473]

rule43: movie_facebook_likes > 23633.408
probabilities_array:[0.         0.         0.09687193 0.         0.         0.11414081
 0.1057944  0.19252951 0.49066338]

rule5: 1996.712 < title_year < 2003.284
probabilities_array:[3.6391561e-05 8.5706808e-02 2.2396329e-01 1.0908394e-02 2.1679623e-02
 7.3919460e-02 1.4680679e-01 1.0847637e-01 3.2850286e-01]


---6---
rule4: title_year < 1996.712
probabilities_array:[0.         0.03010065 0.07644991 0.10043498 0.08838066 0.14036909
 0.19409496 0.3294665  0.04070327]

rule23: director_facebook_likes > 2745.885
probabilities_array:[0.01849221 0.         0.00042734 0.00692545 0.11797354 0.
 0.29825482 0.16820042 0.38972625]

rule34: 740.160 < actor_3_facebook_likes < 1979.146
probabilities_array:[0.         0.         0.03932993 0.13583298 0.         0.10146362
 0.24079521 0.22180355 0.26077473]

rule18: 312.574 < num_user_for_reviews < 582.017
probabilities_array:[0.         0.02466408 0.1600251  0.21000552 0.1732272  0.11196478
 0.17885913 0.13484597 0.00640821]

rule0: imdb_score < 5.743
probabilities_array:[0.         0.         0.05503488 0.23761168 0.24442174 0.15365955
 0.19361277 0.01796936 0.09769003]

rule50: 41758036.072 < budget < 118215529.295
probabilities_array:[0.         0.         0.         0.15960939 0.1671157  0.2566989
 0.19365048 0.10464832 0.11827713]

rule46: 109.799 < duration < 125.746
probabilities_array:[0.         0.0499361  0.04077338 0.06010445 0.12113562 0.19962361
 0.2101825  0.11620571 0.20203872]

rule1: 5.743 < imdb_score < 6.487
probabilities_array:[0.07857586 0.         0.00231666 0.09925688 0.13848962 0.18216956
 0.18096377 0.22008798 0.09813966]

rule10: 98308.117 < num_voted_users < 200142.638
probabilities_array:[0.         0.         0.         0.09188718 0.24800959 0.27528435
 0.18995205 0.04935451 0.14551233]

rule30: 1924.331 < actor_2_facebook_likes < 5043.742
probabilities_array:[0.         0.         0.05929621 0.         0.01857702 0.2348968
 0.21074216 0.23350221 0.24298562]

rule14: 159.414 < num_critic_for_reviews < 241.522
probabilities_array:[0.00022279 0.07689427 0.14970188 0.11753772 0.16170214 0.10640185
 0.14961314 0.20242071 0.03550545]

rule17: 43.131 < num_user_for_reviews < 312.574
probabilities_array:[0.         0.17834057 0.1341847  0.1437974  0.13974454 0.12136091
 0.14095652 0.07495192 0.06666338]

rule31: actor_2_facebook_likes > 5043.742
probabilities_array:[0.00284101 0.         0.06246801 0.04276432 0.         0.
 0.21615015 0.21619205 0.45958447]

rule47: duration > 125.746
probabilities_array:[0.         0.         0.04418632 0.02672191 0.13286875 0.20504804
 0.16455984 0.13070506 0.29591015]

rule42: 9043.499 < movie_facebook_likes < 23633.408
probabilities_array:[0.         0.10913523 0.04163039 0.08325241 0.13267086 0.18045771
 0.1367446  0.12226307 0.19384581]

rule2: 6.487 < imdb_score < 7.231
probabilities_array:[0.20872734 0.17174327 0.04174289 0.         0.00710725 0.10827766
 0.12657283 0.19063528 0.14519337]

rule13: 77.306 < num_critic_for_reviews < 159.414
probabilities_array:[0.         0.02876761 0.03175661 0.15260348 0.12300734 0.14853166
 0.13521034 0.12435001 0.25577292]

rule5: 1996.712 < title_year < 2003.284
probabilities_array:[3.6391561e-05 8.5706808e-02 2.2396329e-01 1.0908394e-02 2.1679623e-02
 7.3919460e-02 1.4680679e-01 1.0847637e-01 3.2850286e-01]

rule26: 7363.424 < actor_1_facebook_likes < 18609.419
probabilities_array:[0.02884101 0.         0.00077197 0.04094034 0.09472544 0.04732405
 0.16649601 0.17711225 0.44378898]

rule41: -5546.411 < movie_facebook_likes < 9043.499
probabilities_array:[0.2587254  0.00920962 0.         0.05919826 0.         0.
 0.1515188  0.06288115 0.45846668]

rule11: num_voted_users > 200142.638
probabilities_array:[0.         0.         0.         0.         0.         0.
 0.15980569 0.3058338  0.5343605 ]

rule7: title_year > 2009.856
probabilities_array:[3.0693963e-01 0.0000000e+00 3.6192851e-05 0.0000000e+00 0.0000000e+00
 7.8735687e-04 9.8497652e-02 2.1116504e-01 3.8257411e-01]

rule43: movie_facebook_likes > 23633.408
probabilities_array:[0.         0.         0.09687193 0.         0.         0.11414081
 0.1057944  0.19252951 0.49066338]

rule38: 10961.522 < cast_total_facebook_likes < 24539.909
probabilities_array:[0.05917249 0.         0.07276975 0.02145986 0.08903993 0.02938947
 0.09347477 0.18657592 0.44811776]

rule49: -34699457.152 < budget < 41758036.072
probabilities_array:[0.11332104 0.16363832 0.18345322 0.19343212 0.17684656 0.0966882
 0.04753498 0.         0.02508548]

rule15: num_critic_for_reviews > 241.522
probabilities_array:[0.         0.         0.         0.20216003 0.13120961 0.192793
 0.06092498 0.16871874 0.24419355]

rule33: -498.826 < actor_3_facebook_likes < 740.160
probabilities_array:[1.6757795e-01 1.2467162e-01 4.1475019e-04 0.0000000e+00 7.6425015e-03
 4.7829647e-02 8.9514665e-02 6.8206012e-02 4.9414289e-01]

rule25: -3882.572 < actor_1_facebook_likes < 7363.424
probabilities_array:[0.05248857 0.09415488 0.04418943 0.         0.         0.
 0.09240494 0.16089904 0.5558631 ]


---7---
rule4: title_year < 1996.712
probabilities_array:[0.         0.03010065 0.07644991 0.10043498 0.08838066 0.14036909
 0.19409496 0.3294665  0.04070327]

rule1: 5.743 < imdb_score < 6.487
probabilities_array:[0.07857586 0.         0.00231666 0.09925688 0.13848962 0.18216956
 0.18096377 0.22008798 0.09813966]

rule14: 159.414 < num_critic_for_reviews < 241.522
probabilities_array:[0.00022279 0.07689427 0.14970188 0.11753772 0.16170214 0.10640185
 0.14961314 0.20242071 0.03550545]

rule30: 1924.331 < actor_2_facebook_likes < 5043.742
probabilities_array:[0.         0.         0.05929621 0.         0.01857702 0.2348968
 0.21074216 0.23350221 0.24298562]

rule34: 740.160 < actor_3_facebook_likes < 1979.146
probabilities_array:[0.         0.         0.03932993 0.13583298 0.         0.10146362
 0.24079521 0.22180355 0.26077473]

rule2: 6.487 < imdb_score < 7.231
probabilities_array:[0.20872734 0.17174327 0.04174289 0.         0.00710725 0.10827766
 0.12657283 0.19063528 0.14519337]

rule11: num_voted_users > 200142.638
probabilities_array:[0.         0.         0.         0.         0.         0.
 0.15980569 0.3058338  0.5343605 ]

rule18: 312.574 < num_user_for_reviews < 582.017
probabilities_array:[0.         0.02466408 0.1600251  0.21000552 0.1732272  0.11196478
 0.17885913 0.13484597 0.00640821]

rule7: title_year > 2009.856
probabilities_array:[3.0693963e-01 0.0000000e+00 3.6192851e-05 0.0000000e+00 0.0000000e+00
 7.8735687e-04 9.8497652e-02 2.1116504e-01 3.8257411e-01]

rule21: -1270.643 < director_facebook_likes < 737.621
probabilities_array:[0.         0.         0.00057265 0.         0.         0.08563767
 0.03786639 0.30371988 0.57220334]

rule15: num_critic_for_reviews > 241.522
probabilities_array:[0.         0.         0.         0.20216003 0.13120961 0.192793
 0.06092498 0.16871874 0.24419355]

rule19: num_user_for_reviews > 582.017
probabilities_array:[0.         0.         0.         0.00140322 0.14219896 0.2323455
 0.05475239 0.19562022 0.37367976]

rule31: actor_2_facebook_likes > 5043.742
probabilities_array:[0.00284101 0.         0.06246801 0.04276432 0.         0.
 0.21615015 0.21619205 0.45958447]

rule22: 737.621 < director_facebook_likes < 2745.885
probabilities_array:[2.4813956e-03 6.3746345e-05 2.2900563e-01 5.1395507e-03 1.9859298e-01
 1.1049004e-01 0.0000000e+00 1.5678099e-01 2.9744577e-01]

rule3: imdb_score > 7.231
probabilities_array:[0.19901773 0.20726085 0.00836536 0.         0.         0.
 0.         0.17947221 0.40588385]

rule38: 10961.522 < cast_total_facebook_likes < 24539.909
probabilities_array:[0.05917249 0.         0.07276975 0.02145986 0.08903993 0.02938947
 0.09347477 0.18657592 0.44811776]

rule23: director_facebook_likes > 2745.885
probabilities_array:[0.01849221 0.         0.00042734 0.00692545 0.11797354 0.
 0.29825482 0.16820042 0.38972625]

rule51: budget > 118215529.295
probabilities_array:[0.         0.         0.         0.         0.         0.
 0.         0.31849757 0.6815024 ]

rule42: 9043.499 < movie_facebook_likes < 23633.408
probabilities_array:[0.         0.10913523 0.04163039 0.08325241 0.13267086 0.18045771
 0.1367446  0.12226307 0.19384581]

rule26: 7363.424 < actor_1_facebook_likes < 18609.419
probabilities_array:[0.02884101 0.         0.00077197 0.04094034 0.09472544 0.04732405
 0.16649601 0.17711225 0.44378898]

rule43: movie_facebook_likes > 23633.408
probabilities_array:[0.         0.         0.09687193 0.         0.         0.11414081
 0.1057944  0.19252951 0.49066338]

rule44: duration < 93.853
probabilities_array:[0.24310206 0.06068199 0.         0.         0.         0.
 0.         0.19426636 0.50194955]

rule46: 109.799 < duration < 125.746
probabilities_array:[0.         0.0499361  0.04077338 0.06010445 0.12113562 0.19962361
 0.2101825  0.11620571 0.20203872]

rule13: 77.306 < num_critic_for_reviews < 159.414
probabilities_array:[0.         0.02876761 0.03175661 0.15260348 0.12300734 0.14853166
 0.13521034 0.12435001 0.25577292]

rule50: 41758036.072 < budget < 118215529.295
probabilities_array:[0.         0.         0.         0.15960939 0.1671157  0.2566989
 0.19365048 0.10464832 0.11827713]

rule47: duration > 125.746
probabilities_array:[0.         0.         0.04418632 0.02672191 0.13286875 0.20504804
 0.16455984 0.13070506 0.29591015]

rule27: actor_1_facebook_likes > 18609.419
probabilities_array:[0.04056767 0.         0.06004893 0.         0.1470422  0.05621174
 0.         0.17724764 0.51888186]

rule6: 2003.284 < title_year < 2009.856
probabilities_array:[0.26560515 0.0264625  0.22513929 0.06282849 0.         0.02101465
 0.00140099 0.11724018 0.28030878]

rule35: actor_3_facebook_likes > 1979.146
probabilities_array:[0.         0.         0.0250577  0.         0.         0.
 0.         0.27393314 0.7010092 ]

rule5: 1996.712 < title_year < 2003.284
probabilities_array:[3.6391561e-05 8.5706808e-02 2.2396329e-01 1.0908394e-02 2.1679623e-02
 7.3919460e-02 1.4680679e-01 1.0847637e-01 3.2850286e-01]

rule25: -3882.572 < actor_1_facebook_likes < 7363.424
probabilities_array:[0.05248857 0.09415488 0.04418943 0.         0.         0.
 0.09240494 0.16089904 0.5558631 ]

rule17: 43.131 < num_user_for_reviews < 312.574
probabilities_array:[0.         0.17834057 0.1341847  0.1437974  0.13974454 0.12136091
 0.14095652 0.07495192 0.06666338]

rule39: cast_total_facebook_likes > 24539.909
probabilities_array:[1.2409742e-02 3.2505393e-02 3.7677167e-04 0.0000000e+00 0.0000000e+00
 7.2450195e-03 8.1678182e-02 1.9168703e-01 6.7409784e-01]

rule37: -2616.865 < cast_total_facebook_likes < 10961.522
probabilities_array:[0.08973613 0.07585648 0.         0.         0.         0.
 0.08706819 0.14429735 0.60304177]

rule45: 93.853 < duration < 109.799
probabilities_array:[0.1001552  0.         0.06807671 0.06435631 0.         0.01275372
 0.05093183 0.11064889 0.59307736]

rule10: 98308.117 < num_voted_users < 200142.638
probabilities_array:[0.         0.         0.         0.09188718 0.24800959 0.27528435
 0.18995205 0.04935451 0.14551233]

