R2: -0.5024044990973817

MAE: 48688793.6802622

MSE: 7089045066004916.0

Accuracy: 0.30662782228696284

F1: 0.28992810296896293

Confusion Matrix: [[93, 38, 12, 9, 7, 0, 3, 1], [34, 63, 32, 27, 4, 6, 6, 1], [26, 41, 21, 36, 8, 16, 8, 1], [20, 18, 28, 56, 13, 11, 18, 5], [20, 32, 14, 38, 23, 9, 35, 24], [9, 31, 17, 27, 10, 16, 42, 24], [8, 19, 5, 20, 13, 21, 40, 41], [2, 1, 2, 9, 2, 15, 33, 109]]

Uncertainties: {'class0': [0.6566990613937378, 0.6547281742095947, 0.6456134915351868, 0.6344450116157532, 0.6241747140884399], 'class1': [0.513001561164856, 0.4944860339164734, 0.39458951354026794, 0.31220802664756775, 0.2764914333820343], 'class2': [0.6295308470726013, 0.49550649523735046, 0.48848509788513184, 0.37726372480392456, 0.31220802664756775], 'class3': [0.3889510929584503, 0.2565308213233948, 0.23480014503002167, 0.19024011492729187, 0.1483665108680725], 'class4': [0.513001561164856, 0.4224115014076233, 0.37726372480392456, 0.3326607346534729, 0.3063865602016449], 'class5': [0.48952609300613403, 0.48609310388565063, 0.4128347933292389, 0.39458951354026794, 0.3326607346534729], 'class6': [0.48952609300613403, 0.48848509788513184, 0.48609310388565063, 0.4224115014076233, 0.4128347933292389], 'class7': [0.7207067012786865, 0.7060102820396423, 0.6534551978111267, 0.6295308470726013, 0.6120187640190125]}

Most important rules
-----------------------------

---0---
rule22: 697.855 < director_facebook_likes < 2589.270
probabilities_array:[0.29675835 0.         0.02117742 0.05200373 0.         0.02365255
 0.19964543 0.16176783 0.24499458]

rule51: budget > 231073205.340
probabilities_array:[0.22889206 0.2743357  0.00181089 0.01740475 0.         0.
 0.         0.24704964 0.23050696]

rule7: title_year > 2010.324
probabilities_array:[0.23787887 0.         0.         0.         0.15200992 0.03181782
 0.0874049  0.18450195 0.30638656]

rule2: 6.464 < imdb_score < 7.209
probabilities_array:[0.20050105 0.23590796 0.00802215 0.         0.         0.03659882
 0.09831182 0.1686336  0.25202462]

rule12: num_critic_for_reviews < 78.692
probabilities_array:[2.9504716e-01 1.3576102e-01 7.4606419e-02 0.0000000e+00 0.0000000e+00
 0.0000000e+00 9.9378492e-05 0.0000000e+00 4.9448603e-01]

rule6: 2003.476 < title_year < 2010.324
probabilities_array:[0.27919134 0.         0.0904208  0.         0.         0.
 0.         0.13488139 0.4955065 ]

rule49: -133359817.920 < budget < 48856693.710
probabilities_array:[0.13957904 0.1521903  0.20258313 0.20108937 0.10837194 0.11374661
 0.04714007 0.00159757 0.03370189]

rule8: num_voted_users < 526.453
probabilities_array:[0.3543865 0.        0.        0.        0.        0.        0.
 0.        0.6456135]

rule16: num_user_for_reviews < 50.579
probabilities_array:[0.33110437 0.04472096 0.         0.         0.         0.
 0.         0.         0.6241747 ]

rule1: 5.719 < imdb_score < 6.464
probabilities_array:[0.12654291 0.         0.01295574 0.09083621 0.11208206 0.10671899
 0.2469338  0.18117616 0.1227541 ]

rule9: 526.453 < num_voted_users < 97037.153
probabilities_array:[0.10923378 0.22036292 0.20426124 0.17274101 0.14094697 0.11075428
 0.02509882 0.         0.01660094]

rule33: -511.041 < actor_3_facebook_likes < 734.752
probabilities_array:[0.17482181 0.13243577 0.         0.         0.         0.12473288
 0.12399845 0.04942155 0.3945895 ]

rule44: duration < 94.537
probabilities_array:[0.23994076 0.         0.         0.01079836 0.         0.
 0.         0.16365069 0.5856102 ]

rule3: imdb_score > 7.209
probabilities_array:[0.13962436 0.24602938 0.09686875 0.00994985 0.         0.
 0.         0.19531958 0.31220803]

rule41: -5067.847 < movie_facebook_likes < 9149.578
probabilities_array:[0.27313134 0.00187471 0.         0.         0.         0.
 0.01469998 0.05359486 0.65669906]

rule25: -3347.894 < actor_1_facebook_likes < 7365.159
probabilities_array:[0.14171629 0.04531522 0.02097934 0.         0.         0.
 0.05226103 0.1277095  0.61201876]

rule37: -1838.589 < cast_total_facebook_likes < 10861.508
probabilities_array:[0.14956038 0.01027296 0.00067368 0.         0.         0.
 0.10573266 0.09931539 0.634445  ]

rule29: -709.268 < actor_2_facebook_likes < 1847.058
probabilities_array:[0.15553139 0.06201713 0.         0.         0.01464503 0.
 0.         0.11307818 0.6547282 ]


---1---
rule9: 526.453 < num_voted_users < 97037.153
probabilities_array:[0.10923378 0.22036292 0.20426124 0.17274101 0.14094697 0.11075428
 0.02509882 0.         0.01660094]

rule51: budget > 231073205.340
probabilities_array:[0.22889206 0.2743357  0.00181089 0.01740475 0.         0.
 0.         0.24704964 0.23050696]

rule2: 6.464 < imdb_score < 7.209
probabilities_array:[0.20050105 0.23590796 0.00802215 0.         0.         0.03659882
 0.09831182 0.1686336  0.25202462]

rule3: imdb_score > 7.209
probabilities_array:[0.13962436 0.24602938 0.09686875 0.00994985 0.         0.
 0.         0.19531958 0.31220803]

rule17: 50.579 < num_user_for_reviews < 312.018
probabilities_array:[0.         0.17323773 0.16786005 0.09457266 0.16199511 0.08555033
 0.16929498 0.06137586 0.08611337]

rule49: -133359817.920 < budget < 48856693.710
probabilities_array:[0.13957904 0.1521903  0.20258313 0.20108937 0.10837194 0.11374661
 0.04714007 0.00159757 0.03370189]

rule42: 9149.578 < movie_facebook_likes < 23367.002
probabilities_array:[0.         0.11857575 0.08666957 0.08477931 0.16049032 0.20033096
 0.06938478 0.13140517 0.14836414]

rule33: -511.041 < actor_3_facebook_likes < 734.752
probabilities_array:[0.17482181 0.13243577 0.         0.         0.         0.12473288
 0.12399845 0.04942155 0.3945895 ]

rule12: num_critic_for_reviews < 78.692
probabilities_array:[2.9504716e-01 1.3576102e-01 7.4606419e-02 0.0000000e+00 0.0000000e+00
 0.0000000e+00 9.9378492e-05 0.0000000e+00 4.9448603e-01]

rule5: 1996.628 < title_year < 2003.476
probabilities_array:[0.00334169 0.08302215 0.1346372  0.         0.15348421 0.08669322
 0.13623798 0.12609208 0.27649143]

rule14: 162.009 < num_critic_for_reviews < 245.327
probabilities_array:[0.         0.06050314 0.131391   0.13567913 0.13759375 0.1279705
 0.13313368 0.21696118 0.05676765]

rule27: actor_1_facebook_likes > 18078.211
probabilities_array:[0.0147176  0.0854947  0.         0.         0.18694393 0.04572137
 0.         0.15412079 0.51300156]

rule46: 109.074 < duration < 123.610
probabilities_array:[0.         0.04870777 0.09777461 0.07725357 0.15930998 0.11460332
 0.21051612 0.14346817 0.14836651]


---2---
rule9: 526.453 < num_voted_users < 97037.153
probabilities_array:[0.10923378 0.22036292 0.20426124 0.17274101 0.14094697 0.11075428
 0.02509882 0.         0.01660094]

rule49: -133359817.920 < budget < 48856693.710
probabilities_array:[0.13957904 0.1521903  0.20258313 0.20108937 0.10837194 0.11374661
 0.04714007 0.00159757 0.03370189]

rule17: 50.579 < num_user_for_reviews < 312.018
probabilities_array:[0.         0.17323773 0.16786005 0.09457266 0.16199511 0.08555033
 0.16929498 0.06137586 0.08611337]

rule18: 312.018 < num_user_for_reviews < 573.457
probabilities_array:[0.         0.000736   0.13844301 0.21403387 0.18884066 0.16014606
 0.1470172  0.10036922 0.05041406]

rule14: 162.009 < num_critic_for_reviews < 245.327
probabilities_array:[0.         0.06050314 0.131391   0.13567913 0.13759375 0.1279705
 0.13313368 0.21696118 0.05676765]

rule5: 1996.628 < title_year < 2003.476
probabilities_array:[0.00334169 0.08302215 0.1346372  0.         0.15348421 0.08669322
 0.13623798 0.12609208 0.27649143]

rule45: 94.537 < duration < 109.074
probabilities_array:[0.07557783 0.         0.17066862 0.04371924 0.         0.
 0.14660195 0.07494731 0.4884851 ]

rule46: 109.074 < duration < 123.610
probabilities_array:[0.         0.04870777 0.09777461 0.07725357 0.15930998 0.11460332
 0.21051612 0.14346817 0.14836651]

rule42: 9149.578 < movie_facebook_likes < 23367.002
probabilities_array:[0.         0.11857575 0.08666957 0.08477931 0.16049032 0.20033096
 0.06938478 0.13140517 0.14836414]

rule0: imdb_score < 5.719
probabilities_array:[0.         0.         0.08099872 0.23636831 0.24590515 0.09919466
 0.21799286 0.01143641 0.10810377]

rule23: director_facebook_likes > 2589.270
probabilities_array:[0.00658561 0.         0.11479834 0.02934749 0.09438068 0.03596508
 0.22263005 0.11902901 0.37726372]

rule3: imdb_score > 7.209
probabilities_array:[0.13962436 0.24602938 0.09686875 0.00994985 0.         0.
 0.         0.19531958 0.31220803]

rule4: title_year < 1996.628
probabilities_array:[0.         0.02309316 0.06118019 0.11899251 0.11938297 0.14147475
 0.22212477 0.27749833 0.03625332]

rule39: cast_total_facebook_likes > 23561.605
probabilities_array:[0.01278353 0.00256083 0.12983271 0.         0.00190415 0.0771182
 0.01735969 0.12891006 0.62953085]

rule6: 2003.476 < title_year < 2010.324
probabilities_array:[0.27919134 0.         0.0904208  0.         0.         0.
 0.         0.13488139 0.4955065 ]


---3---
rule0: imdb_score < 5.719
probabilities_array:[0.         0.         0.08099872 0.23636831 0.24590515 0.09919466
 0.21799286 0.01143641 0.10810377]

rule18: 312.018 < num_user_for_reviews < 573.457
probabilities_array:[0.         0.000736   0.13844301 0.21403387 0.18884066 0.16014606
 0.1470172  0.10036922 0.05041406]

rule49: -133359817.920 < budget < 48856693.710
probabilities_array:[0.13957904 0.1521903  0.20258313 0.20108937 0.10837194 0.11374661
 0.04714007 0.00159757 0.03370189]

rule9: 526.453 < num_voted_users < 97037.153
probabilities_array:[0.10923378 0.22036292 0.20426124 0.17274101 0.14094697 0.11075428
 0.02509882 0.         0.01660094]

rule15: num_critic_for_reviews > 245.327
probabilities_array:[0.         0.00521671 0.00209398 0.18868335 0.08904995 0.14966291
 0.14388888 0.18660407 0.23480015]

rule13: 78.692 < num_critic_for_reviews < 162.009
probabilities_array:[0.         0.         0.         0.1841226  0.10162754 0.20048386
 0.18072423 0.07651086 0.25653082]

rule14: 162.009 < num_critic_for_reviews < 245.327
probabilities_array:[0.         0.06050314 0.131391   0.13567913 0.13759375 0.1279705
 0.13313368 0.21696118 0.05676765]

rule31: actor_2_facebook_likes > 4403.384
probabilities_array:[0.         0.         0.03207302 0.19432533 0.         0.
 0.20552129 0.17912927 0.3889511 ]

rule34: 734.752 < actor_3_facebook_likes < 1980.545
probabilities_array:[0.         0.0239945  0.03491568 0.1464358  0.08812632 0.15971555
 0.18316448 0.17340755 0.19024011]

rule4: title_year < 1996.628
probabilities_array:[0.         0.02309316 0.06118019 0.11899251 0.11938297 0.14147475
 0.22212477 0.27749833 0.03625332]

rule17: 50.579 < num_user_for_reviews < 312.018
probabilities_array:[0.         0.17323773 0.16786005 0.09457266 0.16199511 0.08555033
 0.16929498 0.06137586 0.08611337]

rule1: 5.719 < imdb_score < 6.464
probabilities_array:[0.12654291 0.         0.01295574 0.09083621 0.11208206 0.10671899
 0.2469338  0.18117616 0.1227541 ]

rule42: 9149.578 < movie_facebook_likes < 23367.002
probabilities_array:[0.         0.11857575 0.08666957 0.08477931 0.16049032 0.20033096
 0.06938478 0.13140517 0.14836414]

rule46: 109.074 < duration < 123.610
probabilities_array:[0.         0.04870777 0.09777461 0.07725357 0.15930998 0.11460332
 0.21051612 0.14346817 0.14836651]


---4---
rule0: imdb_score < 5.719
probabilities_array:[0.         0.         0.08099872 0.23636831 0.24590515 0.09919466
 0.21799286 0.01143641 0.10810377]

rule10: 97037.153 < num_voted_users < 193547.853
probabilities_array:[0.         0.         0.00370442 0.04217823 0.25403047 0.23258609
 0.21413255 0.0881699  0.1651983 ]

rule18: 312.018 < num_user_for_reviews < 573.457
probabilities_array:[0.         0.000736   0.13844301 0.21403387 0.18884066 0.16014606
 0.1470172  0.10036922 0.05041406]

rule17: 50.579 < num_user_for_reviews < 312.018
probabilities_array:[0.         0.17323773 0.16786005 0.09457266 0.16199511 0.08555033
 0.16929498 0.06137586 0.08611337]

rule9: 526.453 < num_voted_users < 97037.153
probabilities_array:[0.10923378 0.22036292 0.20426124 0.17274101 0.14094697 0.11075428
 0.02509882 0.         0.01660094]

rule42: 9149.578 < movie_facebook_likes < 23367.002
probabilities_array:[0.         0.11857575 0.08666957 0.08477931 0.16049032 0.20033096
 0.06938478 0.13140517 0.14836414]

rule46: 109.074 < duration < 123.610
probabilities_array:[0.         0.04870777 0.09777461 0.07725357 0.15930998 0.11460332
 0.21051612 0.14346817 0.14836651]

rule14: 162.009 < num_critic_for_reviews < 245.327
probabilities_array:[0.         0.06050314 0.131391   0.13567913 0.13759375 0.1279705
 0.13313368 0.21696118 0.05676765]

rule4: title_year < 1996.628
probabilities_array:[0.         0.02309316 0.06118019 0.11899251 0.11938297 0.14147475
 0.22212477 0.27749833 0.03625332]

rule5: 1996.628 < title_year < 2003.476
probabilities_array:[0.00334169 0.08302215 0.1346372  0.         0.15348421 0.08669322
 0.13623798 0.12609208 0.27649143]

rule7: title_year > 2010.324
probabilities_array:[0.23787887 0.         0.         0.         0.15200992 0.03181782
 0.0874049  0.18450195 0.30638656]

rule49: -133359817.920 < budget < 48856693.710
probabilities_array:[0.13957904 0.1521903  0.20258313 0.20108937 0.10837194 0.11374661
 0.04714007 0.00159757 0.03370189]

rule19: num_user_for_reviews > 573.457
probabilities_array:[0.         0.         0.         0.         0.1548697  0.23697029
 0.0863784  0.18912089 0.33266073]

rule1: 5.719 < imdb_score < 6.464
probabilities_array:[0.12654291 0.         0.01295574 0.09083621 0.11208206 0.10671899
 0.2469338  0.18117616 0.1227541 ]

rule27: actor_1_facebook_likes > 18078.211
probabilities_array:[0.0147176  0.0854947  0.         0.         0.18694393 0.04572137
 0.         0.15412079 0.51300156]

rule38: 10861.508 < cast_total_facebook_likes < 23561.605
probabilities_array:[0.01280563 0.         0.         0.06789388 0.14185451 0.06006522
 0.09082961 0.20413959 0.4224115 ]

rule13: 78.692 < num_critic_for_reviews < 162.009
probabilities_array:[0.         0.         0.         0.1841226  0.10162754 0.20048386
 0.18072423 0.07651086 0.25653082]

rule34: 734.752 < actor_3_facebook_likes < 1980.545
probabilities_array:[0.         0.0239945  0.03491568 0.1464358  0.08812632 0.15971555
 0.18316448 0.17340755 0.19024011]

rule15: num_critic_for_reviews > 245.327
probabilities_array:[0.         0.00521671 0.00209398 0.18868335 0.08904995 0.14966291
 0.14388888 0.18660407 0.23480015]

rule23: director_facebook_likes > 2589.270
probabilities_array:[0.00658561 0.         0.11479834 0.02934749 0.09438068 0.03596508
 0.22263005 0.11902901 0.37726372]


---5---
rule10: 97037.153 < num_voted_users < 193547.853
probabilities_array:[0.         0.         0.00370442 0.04217823 0.25403047 0.23258609
 0.21413255 0.0881699  0.1651983 ]

rule30: 1847.058 < actor_2_facebook_likes < 4403.384
probabilities_array:[0.         0.         0.         0.04414793 0.         0.2658222
 0.22388805 0.17035331 0.29578844]

rule42: 9149.578 < movie_facebook_likes < 23367.002
probabilities_array:[0.         0.11857575 0.08666957 0.08477931 0.16049032 0.20033096
 0.06938478 0.13140517 0.14836414]

rule19: num_user_for_reviews > 573.457
probabilities_array:[0.         0.         0.         0.         0.1548697  0.23697029
 0.0863784  0.18912089 0.33266073]

rule50: 48856693.710 < budget < 231073205.340
probabilities_array:[0.         0.         0.         0.         0.03282005 0.21578173
 0.20399997 0.25299355 0.29440472]

rule18: 312.018 < num_user_for_reviews < 573.457
probabilities_array:[0.         0.000736   0.13844301 0.21403387 0.18884066 0.16014606
 0.1470172  0.10036922 0.05041406]

rule13: 78.692 < num_critic_for_reviews < 162.009
probabilities_array:[0.         0.         0.         0.1841226  0.10162754 0.20048386
 0.18072423 0.07651086 0.25653082]

rule4: title_year < 1996.628
probabilities_array:[0.         0.02309316 0.06118019 0.11899251 0.11938297 0.14147475
 0.22212477 0.27749833 0.03625332]

rule34: 734.752 < actor_3_facebook_likes < 1980.545
probabilities_array:[0.         0.0239945  0.03491568 0.1464358  0.08812632 0.15971555
 0.18316448 0.17340755 0.19024011]

rule14: 162.009 < num_critic_for_reviews < 245.327
probabilities_array:[0.         0.06050314 0.131391   0.13567913 0.13759375 0.1279705
 0.13313368 0.21696118 0.05676765]

rule15: num_critic_for_reviews > 245.327
probabilities_array:[0.         0.00521671 0.00209398 0.18868335 0.08904995 0.14966291
 0.14388888 0.18660407 0.23480015]

rule49: -133359817.920 < budget < 48856693.710
probabilities_array:[0.13957904 0.1521903  0.20258313 0.20108937 0.10837194 0.11374661
 0.04714007 0.00159757 0.03370189]

rule9: 526.453 < num_voted_users < 97037.153
probabilities_array:[0.10923378 0.22036292 0.20426124 0.17274101 0.14094697 0.11075428
 0.02509882 0.         0.01660094]

rule43: movie_facebook_likes > 23367.002
probabilities_array:[0.         0.         0.00756509 0.00518036 0.06035145 0.18170048
 0.15318689 0.17918088 0.4128348 ]

rule46: 109.074 < duration < 123.610
probabilities_array:[0.         0.04870777 0.09777461 0.07725357 0.15930998 0.11460332
 0.21051612 0.14346817 0.14836651]

rule1: 5.719 < imdb_score < 6.464
probabilities_array:[0.12654291 0.         0.01295574 0.09083621 0.11208206 0.10671899
 0.2469338  0.18117616 0.1227541 ]

rule0: imdb_score < 5.719
probabilities_array:[0.         0.         0.08099872 0.23636831 0.24590515 0.09919466
 0.21799286 0.01143641 0.10810377]

rule17: 50.579 < num_user_for_reviews < 312.018
probabilities_array:[0.         0.17323773 0.16786005 0.09457266 0.16199511 0.08555033
 0.16929498 0.06137586 0.08611337]

rule33: -511.041 < actor_3_facebook_likes < 734.752
probabilities_array:[0.17482181 0.13243577 0.         0.         0.         0.12473288
 0.12399845 0.04942155 0.3945895 ]

rule5: 1996.628 < title_year < 2003.476
probabilities_array:[0.00334169 0.08302215 0.1346372  0.         0.15348421 0.08669322
 0.13623798 0.12609208 0.27649143]

rule26: 7365.159 < actor_1_facebook_likes < 18078.211
probabilities_array:[0.01271349 0.         0.01420536 0.         0.01366325 0.11608021
 0.18875259 0.16505902 0.4895261 ]

rule47: duration > 123.610
probabilities_array:[0.00182904 0.         0.00864551 0.         0.02375938 0.08218658
 0.22966698 0.16781937 0.4860931 ]


---6---
rule1: 5.719 < imdb_score < 6.464
probabilities_array:[0.12654291 0.         0.01295574 0.09083621 0.11208206 0.10671899
 0.2469338  0.18117616 0.1227541 ]

rule4: title_year < 1996.628
probabilities_array:[0.         0.02309316 0.06118019 0.11899251 0.11938297 0.14147475
 0.22212477 0.27749833 0.03625332]

rule0: imdb_score < 5.719
probabilities_array:[0.         0.         0.08099872 0.23636831 0.24590515 0.09919466
 0.21799286 0.01143641 0.10810377]

rule46: 109.074 < duration < 123.610
probabilities_array:[0.         0.04870777 0.09777461 0.07725357 0.15930998 0.11460332
 0.21051612 0.14346817 0.14836651]

rule10: 97037.153 < num_voted_users < 193547.853
probabilities_array:[0.         0.         0.00370442 0.04217823 0.25403047 0.23258609
 0.21413255 0.0881699  0.1651983 ]

rule30: 1847.058 < actor_2_facebook_likes < 4403.384
probabilities_array:[0.         0.         0.         0.04414793 0.         0.2658222
 0.22388805 0.17035331 0.29578844]

rule17: 50.579 < num_user_for_reviews < 312.018
probabilities_array:[0.         0.17323773 0.16786005 0.09457266 0.16199511 0.08555033
 0.16929498 0.06137586 0.08611337]

rule22: 697.855 < director_facebook_likes < 2589.270
probabilities_array:[0.29675835 0.         0.02117742 0.05200373 0.         0.02365255
 0.19964543 0.16176783 0.24499458]

rule34: 734.752 < actor_3_facebook_likes < 1980.545
probabilities_array:[0.         0.0239945  0.03491568 0.1464358  0.08812632 0.15971555
 0.18316448 0.17340755 0.19024011]

rule50: 48856693.710 < budget < 231073205.340
probabilities_array:[0.         0.         0.         0.         0.03282005 0.21578173
 0.20399997 0.25299355 0.29440472]

rule18: 312.018 < num_user_for_reviews < 573.457
probabilities_array:[0.         0.000736   0.13844301 0.21403387 0.18884066 0.16014606
 0.1470172  0.10036922 0.05041406]

rule23: director_facebook_likes > 2589.270
probabilities_array:[0.00658561 0.         0.11479834 0.02934749 0.09438068 0.03596508
 0.22263005 0.11902901 0.37726372]

rule13: 78.692 < num_critic_for_reviews < 162.009
probabilities_array:[0.         0.         0.         0.1841226  0.10162754 0.20048386
 0.18072423 0.07651086 0.25653082]

rule31: actor_2_facebook_likes > 4403.384
probabilities_array:[0.         0.         0.03207302 0.19432533 0.         0.
 0.20552129 0.17912927 0.3889511 ]

rule14: 162.009 < num_critic_for_reviews < 245.327
probabilities_array:[0.         0.06050314 0.131391   0.13567913 0.13759375 0.1279705
 0.13313368 0.21696118 0.05676765]

rule47: duration > 123.610
probabilities_array:[0.00182904 0.         0.00864551 0.         0.02375938 0.08218658
 0.22966698 0.16781937 0.4860931 ]

rule15: num_critic_for_reviews > 245.327
probabilities_array:[0.         0.00521671 0.00209398 0.18868335 0.08904995 0.14966291
 0.14388888 0.18660407 0.23480015]

rule5: 1996.628 < title_year < 2003.476
probabilities_array:[0.00334169 0.08302215 0.1346372  0.         0.15348421 0.08669322
 0.13623798 0.12609208 0.27649143]

rule26: 7365.159 < actor_1_facebook_likes < 18078.211
probabilities_array:[0.01271349 0.         0.01420536 0.         0.01366325 0.11608021
 0.18875259 0.16505902 0.4895261 ]

rule43: movie_facebook_likes > 23367.002
probabilities_array:[0.         0.         0.00756509 0.00518036 0.06035145 0.18170048
 0.15318689 0.17918088 0.4128348 ]

rule33: -511.041 < actor_3_facebook_likes < 734.752
probabilities_array:[0.17482181 0.13243577 0.         0.         0.         0.12473288
 0.12399845 0.04942155 0.3945895 ]

rule45: 94.537 < duration < 109.074
probabilities_array:[0.07557783 0.         0.17066862 0.04371924 0.         0.
 0.14660195 0.07494731 0.4884851 ]

rule2: 6.464 < imdb_score < 7.209
probabilities_array:[0.20050105 0.23590796 0.00802215 0.         0.         0.03659882
 0.09831182 0.1686336  0.25202462]

rule7: title_year > 2010.324
probabilities_array:[0.23787887 0.         0.         0.         0.15200992 0.03181782
 0.0874049  0.18450195 0.30638656]

rule42: 9149.578 < movie_facebook_likes < 23367.002
probabilities_array:[0.         0.11857575 0.08666957 0.08477931 0.16049032 0.20033096
 0.06938478 0.13140517 0.14836414]

rule19: num_user_for_reviews > 573.457
probabilities_array:[0.         0.         0.         0.         0.1548697  0.23697029
 0.0863784  0.18912089 0.33266073]

rule38: 10861.508 < cast_total_facebook_likes < 23561.605
probabilities_array:[0.01280563 0.         0.         0.06789388 0.14185451 0.06006522
 0.09082961 0.20413959 0.4224115 ]

rule49: -133359817.920 < budget < 48856693.710
probabilities_array:[0.13957904 0.1521903  0.20258313 0.20108937 0.10837194 0.11374661
 0.04714007 0.00159757 0.03370189]


---7---
rule4: title_year < 1996.628
probabilities_array:[0.         0.02309316 0.06118019 0.11899251 0.11938297 0.14147475
 0.22212477 0.27749833 0.03625332]

rule14: 162.009 < num_critic_for_reviews < 245.327
probabilities_array:[0.         0.06050314 0.131391   0.13567913 0.13759375 0.1279705
 0.13313368 0.21696118 0.05676765]

rule51: budget > 231073205.340
probabilities_array:[0.22889206 0.2743357  0.00181089 0.01740475 0.         0.
 0.         0.24704964 0.23050696]

rule50: 48856693.710 < budget < 231073205.340
probabilities_array:[0.         0.         0.         0.         0.03282005 0.21578173
 0.20399997 0.25299355 0.29440472]

rule1: 5.719 < imdb_score < 6.464
probabilities_array:[0.12654291 0.         0.01295574 0.09083621 0.11208206 0.10671899
 0.2469338  0.18117616 0.1227541 ]

rule15: num_critic_for_reviews > 245.327
probabilities_array:[0.         0.00521671 0.00209398 0.18868335 0.08904995 0.14966291
 0.14388888 0.18660407 0.23480015]

rule34: 734.752 < actor_3_facebook_likes < 1980.545
probabilities_array:[0.         0.0239945  0.03491568 0.1464358  0.08812632 0.15971555
 0.18316448 0.17340755 0.19024011]

rule3: imdb_score > 7.209
probabilities_array:[0.13962436 0.24602938 0.09686875 0.00994985 0.         0.
 0.         0.19531958 0.31220803]

rule7: title_year > 2010.324
probabilities_array:[0.23787887 0.         0.         0.         0.15200992 0.03181782
 0.0874049  0.18450195 0.30638656]

rule19: num_user_for_reviews > 573.457
probabilities_array:[0.         0.         0.         0.         0.1548697  0.23697029
 0.0863784  0.18912089 0.33266073]

rule2: 6.464 < imdb_score < 7.209
probabilities_array:[0.20050105 0.23590796 0.00802215 0.         0.         0.03659882
 0.09831182 0.1686336  0.25202462]

rule46: 109.074 < duration < 123.610
probabilities_array:[0.         0.04870777 0.09777461 0.07725357 0.15930998 0.11460332
 0.21051612 0.14346817 0.14836651]

rule22: 697.855 < director_facebook_likes < 2589.270
probabilities_array:[0.29675835 0.         0.02117742 0.05200373 0.         0.02365255
 0.19964543 0.16176783 0.24499458]

rule30: 1847.058 < actor_2_facebook_likes < 4403.384
probabilities_array:[0.         0.         0.         0.04414793 0.         0.2658222
 0.22388805 0.17035331 0.29578844]

rule38: 10861.508 < cast_total_facebook_likes < 23561.605
probabilities_array:[0.01280563 0.         0.         0.06789388 0.14185451 0.06006522
 0.09082961 0.20413959 0.4224115 ]

rule42: 9149.578 < movie_facebook_likes < 23367.002
probabilities_array:[0.         0.11857575 0.08666957 0.08477931 0.16049032 0.20033096
 0.06938478 0.13140517 0.14836414]

rule31: actor_2_facebook_likes > 4403.384
probabilities_array:[0.         0.         0.03207302 0.19432533 0.         0.
 0.20552129 0.17912927 0.3889511 ]

rule43: movie_facebook_likes > 23367.002
probabilities_array:[0.         0.         0.00756509 0.00518036 0.06035145 0.18170048
 0.15318689 0.17918088 0.4128348 ]

rule11: num_voted_users > 193547.853
probabilities_array:[0.         0.         0.         0.         0.         0.
 0.05003935 0.29650548 0.6534552 ]

rule18: 312.018 < num_user_for_reviews < 573.457
probabilities_array:[0.         0.000736   0.13844301 0.21403387 0.18884066 0.16014606
 0.1470172  0.10036922 0.05041406]

rule5: 1996.628 < title_year < 2003.476
probabilities_array:[0.00334169 0.08302215 0.1346372  0.         0.15348421 0.08669322
 0.13623798 0.12609208 0.27649143]

rule47: duration > 123.610
probabilities_array:[0.00182904 0.         0.00864551 0.         0.02375938 0.08218658
 0.22966698 0.16781937 0.4860931 ]

rule26: 7365.159 < actor_1_facebook_likes < 18078.211
probabilities_array:[0.01271349 0.         0.01420536 0.         0.01366325 0.11608021
 0.18875259 0.16505902 0.4895261 ]

rule27: actor_1_facebook_likes > 18078.211
probabilities_array:[0.0147176  0.0854947  0.         0.         0.18694393 0.04572137
 0.         0.15412079 0.51300156]

rule35: actor_3_facebook_likes > 1980.545
probabilities_array:[0.0000000e+00 0.0000000e+00 1.0575216e-04 3.8773105e-02 0.0000000e+00
 0.0000000e+00 0.0000000e+00 2.5511086e-01 7.0601028e-01]

rule23: director_facebook_likes > 2589.270
probabilities_array:[0.00658561 0.         0.11479834 0.02934749 0.09438068 0.03596508
 0.22263005 0.11902901 0.37726372]

rule10: 97037.153 < num_voted_users < 193547.853
probabilities_array:[0.         0.         0.00370442 0.04217823 0.25403047 0.23258609
 0.21413255 0.0881699  0.1651983 ]

rule21: -1193.559 < director_facebook_likes < 697.855
probabilities_array:[0.         0.02573939 0.         0.         0.         0.
 0.         0.25355393 0.7207067 ]

rule6: 2003.476 < title_year < 2010.324
probabilities_array:[0.27919134 0.         0.0904208  0.         0.         0.
 0.         0.13488139 0.4955065 ]

rule44: duration < 94.537
probabilities_array:[0.23994076 0.         0.         0.01079836 0.         0.
 0.         0.16365069 0.5856102 ]

rule13: 78.692 < num_critic_for_reviews < 162.009
probabilities_array:[0.         0.         0.         0.1841226  0.10162754 0.20048386
 0.18072423 0.07651086 0.25653082]

rule17: 50.579 < num_user_for_reviews < 312.018
probabilities_array:[0.         0.17323773 0.16786005 0.09457266 0.16199511 0.08555033
 0.16929498 0.06137586 0.08611337]

rule25: -3347.894 < actor_1_facebook_likes < 7365.159
probabilities_array:[0.14171629 0.04531522 0.02097934 0.         0.         0.
 0.05226103 0.1277095  0.61201876]

rule39: cast_total_facebook_likes > 23561.605
probabilities_array:[0.01278353 0.00256083 0.12983271 0.         0.00190415 0.0771182
 0.01735969 0.12891006 0.62953085]

