MSE: 3472296166386034.0

Accuracy: 0.3568827385287691

F1: 0.3413642348561492

Confusion Matrix: [[112, 46, 22, 8, 4, 3, 1], [32, 86, 40, 22, 13, 8, 6], [42, 53, 66, 30, 12, 20, 4], [22, 22, 48, 37, 24, 30, 13], [10, 22, 21, 34, 25, 30, 33], [11, 11, 28, 22, 16, 38, 52], [0, 4, 3, 7, 16, 38, 126]]

Uncertainties: {'class0': [0.010747001506388187, 0.052380893379449844, 0.14089030027389526, 0.15838736295700073, 0.2380443960428238], 'class1': [0.010747001506388187, 0.02601017989218235, 0.052380893379449844, 0.07088248431682587, 0.08657832443714142], 'class2': [0.010747001506388187, 0.02601017989218235, 0.032956499606370926, 0.052380893379449844, 0.07088248431682587], 'class3': [0.010747001506388187, 0.02601017989218235, 0.032956499606370926, 0.052380893379449844, 0.07088248431682587], 'class4': [0.010747001506388187, 0.02601017989218235, 0.032956499606370926, 0.052380893379449844, 0.07088248431682587], 'class5': [0.010747001506388187, 0.02601017989218235, 0.032956499606370926, 0.052380893379449844, 0.07088248431682587], 'class6': [0.02601017989218235, 0.032956499606370926, 0.07088248431682587, 0.08657832443714142, 0.10400734096765518]}

y_test: [8373585.0, 45489752.0, 12610552.0, 190418803.0, 71346930.0, 14448589.0, 29062561.0, 80920948.0, 9013113.0, 103001286.0, 56536016.0, 7486906.0, 49024969.0, 15427192.0, 95308367.0, 61280963.0, 148383780.0, 14294842.0, 43853424.0, 304124.0, 51600000.0, 34964818.0, 177343675.0, 25590119.0, 68642452.0, 3029870.0, 70098138.0, 6471394.0, 4734235.0, 3273588.0, 41523271.0, 2024854.0, 14003141.0, 312057433.0, 1183354.0, 27024.0, 40485039.0, 6061759.0, 7689458.0, 1172769.0, 279282.0, 17100000.0, 7830611.0, 133103929.0, 56667870.0, 10996440.0, 3799339.0, 22326247.0, 32003620.0, 15102127.0, 34180954.0, 6543194.0, 41252428.0, 515005.0, 31655091.0, 7563670.0, 528972.0, 2835886.0, 41102171.0, 117560.0, 6851969.0, 95016.0, 99147.0, 792966.0, 48856.0, 231186.0, 106869.0, 47806295.0, 69148997.0, 41256277.0, 186739919.0, 300523113.0, 42638165.0, 183088.0, 23179303.0, 112935.0, 95001351.0, 4443403.0, 80170146.0, 50000.0, 25517500.0, 11702090.0, 37432299.0, 107285004.0, 27296514.0, 10494494.0, 75638743.0, 101228.0, 38317535.0, 6739141.0, 53884821.0, 144431.0, 7826.0, 110720.0, 19661987.0, 1729969.0, 15655665.0, 251501645.0, 141340178.0, 139259759.0, 30226144.0, 10725228.0, 2246000.0, 31397498.0, 37939782.0, 377420.0, 379643.0, 14131298.0, 44456509.0, 40066497.0, 11827301.0, 140016.0, 16101109.0, 143492840.0, 1111.0, 9172810.0, 4000000.0, 2209479.0, 72660029.0, 142614158.0, 94175854.0, 25926543.0, 28747570.0, 25052000.0, 882710.0, 50693162.0, 65182182.0, 352358779.0, 133228348.0, 5359774.0, 26814957.0, 42919096.0, 14174654.0, 91443253.0, 37652565.0, 31597131.0, 23222861.0, 37606.0, 116724075.0, 130468626.0, 91121452.0, 3300230.0, 218051260.0, 16991902.0, 72279690.0, 16204793.0, 19693891.0, 54228104.0, 168213584.0, 3216970.0, 17071230.0, 5400000.0, 38168022.0, 1127331.0, 100412.0, 78120196.0, 178406268.0, 3222857.0, 548934.0, 79568000.0, 57469179.0, 21557240.0, 60008303.0, 45063889.0, 90353764.0, 31141074.0, 9286314.0, 59068786.0, 8000000.0, 12212417.0, 11538204.0, 3749061.0, 7159147.0, 4414535.0, 31968347.0, 26082914.0, 475000.0, 34014398.0, 3478.0, 32122249.0, 1110286.0, 700000.0, 33565375.0, 42057340.0, 15738632.0, 241407328.0, 83348920.0, 119654900.0, 10956379.0, 219200000.0, 19719930.0, 24127895.0, 1744858.0, 5595428.0, 111505642.0, 56702901.0, 183662.0, 91457688.0, 16684352.0, 2600000.0, 2961991.0, 6706368.0, 18500966.0, 5002310.0, 38345403.0, 6755271.0, 48006503.0, 198539855.0, 177243721.0, 22734486.0, 36200000.0, 201573391.0, 11632420.0, 183125.0, 20763013.0, 16235293.0, 52961.0, 32662299.0, 3122616.0, 721.0, 5974653.0, 82300000.0, 120776832.0, 155984.0, 25809813.0, 65269010.0, 24004159.0, 16702864.0, 17311.0, 2338695.0, 9016377.0, 10824921.0, 9528092.0, 703.0, 43982842.0, 100685880.0, 41814863.0, 21009180.0, 21160089.0, 57637485.0, 26830000.0, 113733726.0, 5773519.0, 125169.0, 55942830.0, 305070.0, 75817994.0, 27669413.0, 1752214.0, 6201757.0, 52700832.0, 109713132.0, 70360285.0, 254455986.0, 22770864.0, 20819129.0, 104257.0, 10214013.0, 163214286.0, 25003072.0, 102515793.0, 1050445.0, 1677838.0, 13303319.0, 7204138.0, 94596.0, 535249.0, 233103.0, 466702.0, 37567440.0, 37752931.0, 208543795.0, 57300000.0, 40687294.0, 77413017.0, 5851188.0, 79363785.0, 10572742.0, 133778.0, 128937.0, 170684505.0, 11546543.0, 58255287.0, 18081626.0, 66365290.0, 325491.0, 3064356.0, 229094.0, 45356386.0, 49122319.0, 51109400.0, 38122105.0, 1754319.0, 1980338.0, 136432.0, 3885134.0, 85416609.0, 10149779.0, 19406406.0, 44566004.0, 10137232.0, 70071.0, 22913677.0, 2580.0, 39511038.0, 10166502.0, 109306210.0, 17848322.0, 53302314.0, 7764027.0, 162804648.0, 1569918.0, 1346503.0, 160201106.0, 16999046.0, 125014030.0, 41229.0, 613556.0, 8855646.0, 177343675.0, 1796024.0, 5773519.0, 120147445.0, 30523568.0, 62933793.0, 2283276.0, 7221458.0, 418953.0, 4599680.0, 52397389.0, 66734992.0, 18272447.0, 32279955.0, 45860039.0, 8434601.0, 1779284.0, 4914.0, 418268.0, 35385560.0, 48745150.0, 33328051.0, 22294341.0, 10018.0, 12281500.0, 51814190.0, 145096820.0, 281666058.0, 57744720.0, 5383834.0, 9190525.0, 29302097.0, 157299717.0, 43982842.0, 141853.0, 38360195.0, 124051759.0, 40559930.0, 128067808.0, 70011073.0, 10268846.0, 56443482.0, 58607007.0, 72455275.0, 778565.0, 10515579.0, 96793.0, 2203641.0, 296665.0, 16800000.0, 40334024.0, 33386128.0, 30084.0, 125320003.0, 16252765.0, 58297830.0, 64459316.0, 5561.0, 301956980.0, 22723.0, 29975979.0, 26345.0, 23472900.0, 75074950.0, 54257433.0, 5932060.0, 26505000.0, 28133159.0, 36000000.0, 151389.0, 40137776.0, 60786269.0, 38966057.0, 144731527.0, 7871693.0, 2268296.0, 13829734.0, 80197993.0, 3169424.0, 86930411.0, 90820.0, 2207975.0, 16988996.0, 38432823.0, 30306268.0, 2221809.0, 67631157.0, 190666.0, 2557668.0, 43532294.0, 36883539.0, 46451.0, 766487.0, 215395021.0, 93307796.0, 144512310.0, 69800000.0, 25530884.0, 72515360.0, 90135191.0, 52580895.0, 58006147.0, 124720.0, 17010646.0, 1702277.0, 30920167.0, 96471845.0, 65500000.0, 1197786.0, 31836745.0, 200803.0, 65535067.0, 112521.0, 10763469.0, 21426805.0, 134141530.0, 33000000.0, 29655590.0, 26421314.0, 85200000.0, 13367101.0, 67344392.0, 125305545.0, 85570368.0, 204843350.0, 22927390.0, 12276810.0, 14358033.0, 119219978.0, 66468315.0, 3645438.0, 27758465.0, 15709385.0, 380262555.0, 323505540.0, 24705.0, 127997349.0, 110008260.0, 8231.0, 140530114.0, 45670855.0, 18195.0, 54910560.0, 2175312.0, 14888028.0, 1190018.0, 10561238.0, 88915214.0, 14792779.0, 40270895.0, 48546578.0, 5000000.0, 78031620.0, 56692.0, 20803237.0, 45856732.0, 206435493.0, 50026353.0, 611709.0, 125332007.0, 10017041.0, 102310175.0, 30013346.0, 11000000.0, 20915465.0, 13101142.0, 81257500.0, 25900000.0, 214948780.0, 336530303.0, 226792.0, 7994115.0, 144812796.0, 47111.0, 20991497.0, 84136909.0, 45089048.0, 74205.0, 13766014.0, 12831121.0, 27515786.0, 303439.0, 65010106.0, 48043505.0, 4356743.0, 126930660.0, 10049886.0, 1508689.0, 214202.0, 52937130.0, 32357532.0, 234760500.0, 26297.0, 3014541.0, 49851591.0, 316842.0, 306124059.0, 1089365.0, 7262288.0, 56114221.0, 1829142.0, 77862546.0, 45996718.0, 4350774.0, 49369900.0, 9176553.0, 5660084.0, 82163317.0, 17314483.0, 83552429.0, 21133087.0, 55202.0, 40557.0, 41997790.0, 33771174.0, 40048332.0, 322157.0, 38400000.0, 177200000.0, 10014234.0, 27545445.0, 227946274.0, 63411478.0, 44540956.0, 45290318.0, 24809547.0, 46800000.0, 4956401.0, 1260917.0, 26183197.0, 12610731.0, 19316646.0, 172051787.0, 37300107.0, 4992159.0, 82528097.0, 89289910.0, 4291965.0, 5108820.0, 28501651.0, 2849142.0, 42700000.0, 333130696.0, 304360277.0, 71026631.0, 114324072.0, 24268828.0, 25359200.0, 35054909.0, 60000000.0, 10508.0, 47860214.0, 47124400.0, 19158074.0, 12081447.0, 30688364.0, 18996755.0, 117144465.0, 149234747.0, 13746550.0, 10139254.0, 176049130.0, 60269340.0, 12514138.0, 73548.0, 56607223.0, 1110186.0, 377019252.0, 90443603.0, 234903076.0, 14967182.0, 51396781.0, 87666629.0, 20773070.0, 50549107.0, 37304950.0, 11883495.0, 38297305.0, 23838.0, 130313314.0, 236266.0, 20257000.0, 93926386.0, 107225164.0, 77086030.0, 869325.0, 7518876.0, 9664316.0, 354704.0, 21244913.0, 25871834.0, 20380.0, 43095600.0, 110175871.0, 17518220.0, 73209340.0, 115648585.0, 88761720.0, 12181484.0, 158115031.0, 22359293.0, 39532308.0, 34964818.0, 4131640.0, 30400000.0, 795126.0, 4170647.0, 6100000.0, 168368427.0, 5032496.0, 22551000.0, 18298649.0, 13569248.0, 217326336.0, 75600000.0, 58156435.0, 99851.0, 8044906.0, 37442180.0, 1445366.0, 180965237.0, 4496583.0, 16667084.0, 1711.0, 70960517.0, 197148.0, 27400000.0, 110029.0, 20167424.0, 16017403.0, 278821.0, 16005978.0, 63540020.0, 163192114.0, 4091.0, 39200000.0, 69304264.0, 21564616.0, 89253340.0, 8104069.0, 9821335.0, 7707563.0, 29113588.0, 40041683.0, 48430355.0, 55682070.0, 84749884.0, 9353573.0, 34872293.0, 37882551.0, 5459824.0, 4756.0, 148213377.0, 13220.0, 172825435.0, 118666.0, 34014398.0, 6409206.0, 134006721.0, 1134049.0, 37754208.0, 32983713.0, 8880705.0, 58885635.0, 4595000.0, 17804273.0, 86300000.0, 90556401.0, 100675.0, 108662.0, 144795350.0, 227241.0, 3275585.0, 27053815.0, 406035.0, 10106233.0, 57981889.0, 76081498.0, 4311834.0, 115603980.0, 1186957.0, 42272747.0, 100468793.0, 4193025.0, 36310118.0, 75590286.0, 10297897.0, 18663911.0, 100117603.0, 273420.0, 13650738.0, 728.0, 72660029.0, 101978840.0, 20384136.0, 57366262.0, 876671.0, 1954202.0, 75668868.0, 25335935.0, 88246220.0, 800000.0, 10539414.0, 70906973.0, 33422556.0, 830210.0, 9701559.0, 31569268.0, 18653615.0, 86897182.0, 31937.0, 32853640.0, 28965197.0, 20338609.0, 49000.0, 32721635.0, 52885587.0, 184208848.0, 15091542.0, 2938208.0, 16779636.0, 34300771.0, 43119879.0, 148734225.0, 48056940.0, 53300852.0, 14564027.0, 24985612.0, 17225675.0, 30127963.0, 75072454.0, 31704416.0, 42610000.0, 16640210.0, 51225796.0, 12796277.0, 12495865.0, 14612840.0, 2963012.0, 16929123.0, 26871.0, 350123553.0, 143151473.0, 29374178.0, 62700000.0, 35168677.0, 7605668.0, 76600000.0, 33574332.0, 17266505.0, 8508843.0, 630779.0, 20186.0, 10941801.0, 182805123.0, 64933670.0, 13838130.0, 237301.0, 93050117.0, 19421271.0, 6525762.0, 26000610.0, 14616.0, 17508670.0, 92362.0, 24044532.0, 181166115.0, 35794166.0, 215397307.0, 38747385.0, 170708996.0, 1114943.0, 3254172.0, 4250320.0, 7916887.0, 33451479.0, 46975183.0, 46815748.0, 40566655.0, 6013.0, 18438149.0, 176781728.0, 50752337.0, 6619173.0, 45250.0, 2926565.0, 8355815.0, 4542775.0, 25200412.0, 183405771.0, 77564037.0, 5333658.0, 10161099.0, 44469602.0, 11797927.0, 1339152.0, 76657000.0, 16027866.0, 3287435.0, 375723.0, 184925485.0, 5899797.0, 8742261.0, 33244684.0, 116631310.0, 3500000.0, 88504640.0, 22434.0, 59696176.0, 7000000.0, 533344.0, 163591.0, 13558739.0, 22494487.0, 1064277.0, 447750.0, 24741700.0, 202853933.0, 9430988.0, 100240.0, 592014.0, 1293295.0, 28064226.0, 39143839.0, 111722000.0, 95236.0, 399611.0, 141600000.0, 22531698.0, 122012710.0, 250863268.0, 21176322.0, 191309.0, 17000000.0, 77032279.0, 671240.0, 129115.0, 62300000.0, 3105269.0, 7282851.0, 13401683.0, 5997134.0, 71277420.0, 162001186.0, 23527955.0, 866778.0, 47000000.0, 8888143.0, 41597830.0, 6491350.0, 119518352.0, 11434867.0, 7098492.0, 1641788.0, 2104000.0, 14479776.0, 4440055.0, 72601713.0, 36020063.0, 137340146.0, 84037039.0, 187165546.0, 760505847.0, 334185206.0, 35688.0, 134904.0, 113006880.0, 3830.0, 1987762.0, 27277055.0, 17174870.0, 381225.0, 2800000.0, 34098563.0, 713413.0, 39737645.0, 12200000.0, 4693919.0, 55802754.0, 76400000.0, 13005485.0, 277313371.0, 167007184.0, 1687311.0, 296623634.0, 274299.0, 5600000.0, 32014289.0, 66009973.0, 1221261.0, 24381334.0, 28870.0, 50382128.0, 29106737.0, 131564731.0, 1325073.0, 25472967.0, 31874869.0, 13592872.0, 181655.0, 2428241.0, 40158000.0, 64255243.0, 108638745.0, 138396624.0, 47277326.0, 42660000.0, 34308901.0, 200074175.0, 16025394.0, 51019112.0, 26906039.0, 116006080.0, 205399422.0, 72217000.0, 40846082.0, 37566230.0, 40905277.0, 198407.0, 119412921.0, 76806312.0, 171988.0, 34531832.0, 141204016.0, 27854896.0, 17768000.0, 13876974.0, 35811509.0, 78656813.0, 109712885.0, 233914986.0, 32600000.0, 33048353.0, 31584722.0, 24629916.0, 255950375.0, 179883016.0, 18535191.0, 181360000.0, 150832203.0, 871577.0, 7156725.0, 52353636.0, 30538669.0, 15361537.0, 9473382.0, 22362500.0, 4231500.0, 52166.0, 61112916.0, 49413.0, 36000000.0, 44606335.0, 98895417.0, 25967000.0, 47592825.0, 44737059.0, 57859105.0, 2035566.0, 10042266.0, 18882880.0, 8500000.0, 33927476.0, 20627372.0, 34580635.0, 15854988.0, 155370362.0, 29781453.0, 340478898.0, 8111360.0, 687081.0, 2542264.0, 55153403.0, 7156933.0, 1181197.0, 18352454.0, 511920.0, 66528842.0, 5776314.0, 9652000.0, 610991.0, 222487711.0, 508867.0, 6998324.0, 4463292.0, 132122995.0, 7501404.0, 3590010.0, 12232937.0, 2181290.0, 29753944.0, 24708699.0, 17803796.0, 56007.0, 17843379.0, 469947.0, 18472363.0, 15785632.0, 35228696.0, 42640890.0, 15152879.0, 105807520.0, 2197331.0, 33508922.0, 3100650.0, 883887.0, 1243961.0, 35887263.0, 21413502.0, 32051917.0, 4584.0, 12626905.0, 2832826.0, 6852144.0, 2365931.0, 3650677.0, 13555988.0, 1250798.0, 62494975.0, 24944213.0, 19976073.0, 17609982.0, 35799026.0, 4556.0, 74058698.0, 42194060.0, 10198766.0, 5731103.0, 84263837.0, 9609.0, 5306447.0, 4563029.0, 63270259.0, 30628981.0, 3049135.0, 45542421.0, 11900000.0, 1689999.0, 112950721.0, 16892.0, 86208010.0, 8460990.0, 64998368.0, 141600000.0, 27689474.0, 19179969.0, 56083966.0, 233630478.0, 8579684.0, 30059386.0, 35168395.0, 6173485.0, 17791031.0, 7137502.0, 285761243.0, 39100956.0, 179982968.0, 54800000.0, 37766350.0, 8396942.0, 368049635.0, 238774.0, 21283440.0, 2706659.0, 1821983.0, 610968.0, 22264487.0, 756452.0, 882290.0, 45645204.0, 4835968.0, 42643187.0, 43247140.0, 209364921.0, 54000000.0, 111544445.0, 6126237.0, 31471430.0, 121697350.0, 4806750.0, 50007168.0, 14218868.0, 252652.0, 33828318.0, 12555230.0, 6373693.0, 292000866.0, 54132596.0, 17529157.0, 5128124.0, 63231524.0, 5009677.0, 48472213.0, 623279547.0, 39552600.0, 1066555.0, 55762229.0, 49392095.0, 46813366.0, 119412921.0, 16323969.0, 14334645.0, 9094451.0, 8735529.0, 62321039.0, 371081.0, 118500000.0, 187670866.0, 3333823.0, 1953732.0, 860002.0, 61490000.0, 13684949.0, 113155.0, 20950820.0, 191449475.0, 263365.0, 13214030.0, 27445.0, 356454367.0, 145771527.0, 2275557.0, 4063.0, 34074895.0, 84518155.0, 118683135.0, 29580087.0, 1943649.0, 123922370.0, 22466994.0, 777423.0, 304360277.0, 7292175.0, 11030963.0, 841206.0, 14545844.0, 14208384.0, 100289690.0, 52277485.0, 22450975.0, 17321573.0, 21413105.0, 2708188.0, 91188905.0, 114053579.0, 7774730.0, 29077547.0, 10443.0, 30063805.0, 444044.0, 13134.0, 127490802.0, 83077470.0, 4064333.0, 39292022.0, 80574010.0, 16247775.0, 72077000.0, 399793.0, 11529368.0, 30102717.0, 28873374.0, 106793915.0, 73343413.0, 27356090.0, 32800000.0, 5480996.0, 76261036.0, 14589444.0, 70405498.0, 548712.0, 173381405.0, 161317423.0, 43097652.0, 623279547.0, 66207920.0, 14018364.0, 1554566.0, 56724080.0, 39399750.0, 228756232.0, 5895238.0, 129319.0, 126975169.0, 80014842.0, 1573712.0, 13823741.0, 26049082.0, 531806.0, 84049211.0, 20339754.0, 19548064.0, 6167817.0, 43060566.0, 6239558.0, 5132655.0, 54557348.0, 13491653.0, 28341469.0, 16459004.0, 40542.0, 3559990.0, 4308981.0, 8596914.0, 87100000.0, 5354039.0, 95632614.0, 22235901.0, 144512310.0, 6165429.0, 5844929.0, 165500000.0, 5542025.0, 33583175.0, 7888703.0, 89706988.0, 23324666.0, 12055108.0, 434949459.0, 118471320.0, 18318000.0, 94999143.0, 2508841.0, 32000000.0, 27900000.0, 17176900.0, 12995673.0, 16842303.0, 23808111.0, 21589307.0, 8054280.0, 32131483.0, 326308.0, 3050934.0, 202351611.0, 10114315.0, 46563158.0, 2426851.0, 21520719.0, 578382.0, 103028109.0, 20668843.0, 14114488.0, 10556196.0, 241063875.0, 24784.0, 6105175.0, 9180275.0, 658672302.0, 26003149.0, 1877179.0, 20991497.0, 48430.0, 19281235.0, 3895664.0, 82226474.0, 72306065.0, 1647780.0, 37479778.0, 56437947.0, 350034110.0, 28399192.0, 25266129.0, 112703470.0, 19097994.0, 23159305.0, 291021565.0, 31768374.0, 12674183.0, 256386216.0, 176483808.0, 16033556.0, 44886089.0, 81292135.0, 6855137.0, 18112929.0, 69582.0, 11326836.0, 2601847.0, 34468224.0, 258113.0, 195329763.0, 20998709.0, 8047690.0, 7369373.0, 105943.0, 24343673.0, 46982632.0, 247740.0, 1206135.0, 8460995.0, 42335698.0, 50562555.0, 18761993.0, 76137505.0, 241816.0, 126088877.0, 2360184.0, 6531491.0, 13391174.0, 108200000.0, 48169908.0, 3707794.0, 41573740.0, 85884815.0, 1891821.0, 7060876.0, 36976367.0, 51676606.0, 80050171.0, 309125409.0, 10097096.0, 2874.0, 80034302.0, 82301521.0, 29136626.0, 25675765.0, 4235837.0, 41482207.0, 57362581.0, 37481242.0, 69700000.0, 9714482.0, 410241.0, 5005883.0, 81525.0, 871527.0, 32701088.0, 13998282.0, 67263182.0, 17292381.0, 15988876.0, 10814185.0, 37023395.0, 39235088.0, 141319195.0, 197171806.0, 24343673.0, 10353690.0, 14060950.0, 32541719.0, 78900000.0, 11614236.0, 58800000.0, 82506325.0, 126149655.0, 57651794.0, 134518390.0, 55673333.0, 14998070.0, 11008432.0, 183635922.0, 2221994.0, 54758461.0]

buck_pred: [4, 2, 2, 6, 1, 2, 0, 0, 1, 6, 0, 1, 5, 2, 6, 3, 3, 3, 4, 0, 6, 4, 4, 2, 5, 5, 4, 3, 1, 1, 5, 0, 0, 6, 2, 1, 3, 2, 5, 1, 0, 2, 1, 4, 6, 3, 1, 4, 2, 0, 5, 1, 3, 1, 3, 2, 1, 1, 4, 0, 5, 1, 0, 2, 1, 0, 0, 2, 2, 4, 6, 5, 3, 0, 0, 1, 5, 1, 6, 0, 3, 0, 4, 5, 5, 2, 5, 2, 1, 2, 2, 0, 0, 0, 2, 1, 1, 6, 5, 6, 1, 3, 0, 3, 2, 0, 0, 4, 1, 2, 0, 0, 1, 6, 0, 1, 2, 0, 5, 4, 1, 2, 5, 5, 3, 4, 0, 6, 6, 1, 3, 3, 2, 4, 2, 1, 0, 1, 5, 4, 6, 3, 6, 5, 1, 2, 2, 4, 6, 6, 2, 4, 1, 1, 0, 6, 5, 1, 1, 4, 2, 3, 2, 6, 2, 4, 3, 2, 1, 1, 1, 3, 2, 1, 3, 2, 0, 5, 1, 4, 1, 5, 5, 5, 3, 6, 4, 6, 2, 5, 2, 6, 1, 1, 1, 4, 1, 4, 4, 1, 2, 1, 3, 0, 6, 2, 3, 6, 5, 1, 3, 6, 0, 2, 3, 2, 0, 1, 0, 0, 2, 3, 6, 0, 4, 2, 5, 3, 0, 3, 0, 6, 1, 0, 6, 5, 3, 3, 0, 6, 3, 4, 3, 0, 6, 0, 3, 0, 1, 1, 5, 4, 2, 6, 1, 3, 1, 2, 4, 2, 6, 1, 1, 5, 4, 1, 0, 1, 0, 5, 3, 6, 6, 3, 2, 5, 6, 0, 0, 0, 5, 1, 2, 0, 3, 1, 1, 0, 4, 4, 3, 5, 1, 1, 1, 1, 0, 2, 0, 6, 5, 0, 2, 0, 3, 5, 2, 0, 5, 0, 6, 1, 0, 6, 2, 4, 4, 3, 1, 4, 3, 3, 5, 4, 3, 1, 5, 2, 2, 6, 1, 0, 4, 0, 3, 1, 0, 2, 2, 5, 5, 2, 0, 5, 5, 6, 6, 2, 4, 5, 1, 6, 6, 0, 3, 5, 5, 6, 3, 1, 5, 6, 5, 4, 1, 1, 1, 1, 1, 3, 3, 0, 6, 3, 0, 0, 0, 6, 0, 5, 4, 6, 2, 1, 2, 6, 3, 1, 0, 5, 2, 4, 5, 5, 3, 2, 3, 1, 1, 0, 1, 2, 1, 5, 1, 6, 0, 0, 5, 6, 0, 2, 6, 5, 6, 3, 6, 5, 6, 3, 2, 0, 2, 2, 4, 6, 5, 1, 4, 2, 0, 0, 4, 3, 2, 1, 5, 2, 6, 0, 5, 6, 2, 6, 2, 3, 2, 5, 6, 2, 1, 1, 6, 4, 0, 6, 4, 0, 6, 3, 0, 5, 6, 2, 6, 2, 5, 1, 4, 3, 4, 5, 5, 5, 4, 6, 3, 0, 6, 0, 1, 3, 5, 2, 4, 6, 5, 6, 6, 0, 3, 6, 0, 3, 6, 3, 1, 5, 1, 0, 0, 5, 6, 2, 6, 6, 1, 1, 4, 5, 5, 2, 1, 0, 3, 6, 3, 3, 5, 1, 6, 6, 3, 3, 2, 5, 0, 2, 6, 2, 0, 0, 5, 1, 5, 1, 6, 3, 2, 2, 6, 5, 6, 4, 4, 3, 1, 1, 2, 3, 3, 6, 2, 0, 1, 6, 1, 0, 3, 1, 1, 6, 6, 3, 6, 2, 6, 6, 3, 0, 2, 2, 1, 0, 3, 4, 6, 6, 3, 5, 6, 2, 0, 2, 3, 1, 6, 6, 6, 2, 6, 6, 2, 4, 4, 1, 6, 2, 6, 3, 2, 6, 4, 5, 2, 0, 1, 3, 3, 2, 0, 3, 5, 1, 6, 5, 5, 2, 5, 0, 5, 4, 0, 1, 1, 1, 6, 6, 4, 1, 2, 1, 3, 6, 2, 0, 1, 4, 1, 6, 1, 4, 0, 1, 0, 4, 0, 4, 2, 0, 4, 6, 6, 0, 6, 2, 0, 5, 0, 0, 0, 4, 2, 3, 6, 2, 2, 3, 2, 2, 0, 5, 0, 6, 0, 5, 3, 6, 0, 6, 0, 0, 5, 0, 5, 4, 3, 0, 2, 6, 0, 2, 2, 1, 2, 5, 5, 2, 6, 1, 0, 6, 1, 0, 6, 0, 1, 6, 3, 2, 0, 5, 1, 2, 6, 1, 1, 4, 6, 6, 3, 3, 6, 5, 2, 5, 6, 1, 6, 0, 2, 6, 2, 0, 1, 1, 6, 3, 1, 2, 6, 3, 5, 5, 5, 3, 4, 3, 1, 3, 5, 5, 5, 0, 1, 0, 0, 3, 4, 5, 6, 5, 2, 4, 5, 4, 5, 5, 3, 0, 1, 0, 2, 6, 4, 2, 2, 6, 0, 4, 3, 0, 1, 0, 2, 6, 4, 6, 2, 6, 0, 3, 1, 3, 0, 6, 3, 5, 1, 0, 5, 2, 2, 6, 0, 5, 1, 2, 6, 6, 2, 1, 4, 2, 2, 2, 2, 1, 0, 6, 1, 2, 3, 4, 3, 6, 0, 4, 3, 5, 0, 2, 5, 0, 1, 1, 6, 1, 0, 1, 1, 3, 3, 3, 0, 0, 2, 3, 5, 6, 2, 0, 3, 6, 1, 0, 4, 0, 3, 6, 1, 3, 6, 3, 1, 6, 1, 3, 0, 4, 3, 4, 1, 0, 2, 1, 0, 2, 6, 5, 6, 6, 6, 2, 0, 5, 0, 2, 4, 1, 0, 1, 5, 1, 3, 2, 2, 5, 1, 2, 6, 6, 0, 6, 0, 2, 3, 3, 1, 0, 0, 0, 1, 5, 1, 2, 4, 2, 1, 0, 1, 3, 6, 6, 6, 2, 2, 6, 5, 5, 2, 6, 3, 6, 3, 2, 4, 1, 6, 5, 0, 3, 6, 4, 3, 1, 1, 3, 4, 6, 3, 6, 5, 0, 6, 6, 1, 5, 6, 1, 2, 6, 0, 2, 1, 5, 1, 0, 5, 0, 1, 6, 6, 1, 5, 5, 0, 1, 0, 4, 2, 3, 2, 6, 2, 5, 4, 6, 1, 0, 0, 0, 1, 0, 6, 0, 5, 1, 0, 0, 6, 0, 2, 4, 6, 1, 2, 2, 6, 3, 0, 2, 2, 0, 1, 5, 1, 3, 0, 3, 5, 1, 4, 2, 0, 0, 2, 2, 1, 0, 3, 4, 2, 2, 4, 0, 1, 6, 2, 2, 3, 6, 0, 5, 5, 2, 0, 2, 0, 1, 5, 5, 2, 2, 0, 1, 0, 3, 0, 2, 0, 6, 6, 2, 3, 6, 6, 1, 5, 4, 1, 5, 0, 6, 1, 6, 1, 1, 4, 6, 0, 3, 1, 2, 4, 2, 3, 0, 1, 2, 0, 6, 6, 1, 5, 0, 0, 5, 0, 4, 3, 1, 5, 3, 3, 6, 2, 2, 1, 2, 2, 3, 6, 0, 0, 2, 3, 4, 6, 2, 3, 2, 2, 6, 1, 6, 6, 0, 2, 0, 1, 0, 0, 0, 3, 0, 1, 0, 6, 6, 3, 0, 1, 2, 6, 5, 1, 1, 2, 1, 6, 1, 3, 0, 0, 1, 5, 1, 6, 0, 5, 0, 3, 5, 2, 0, 0, 5, 0, 0, 6, 5, 2, 6, 5, 0, 2, 2, 1, 4, 2, 5, 6, 3, 3, 1, 6, 5, 6, 1, 4, 6, 1, 6, 6, 2, 0, 6, 0, 6, 3, 0, 6, 4, 1, 1, 3, 0, 5, 0, 5, 1, 6, 1, 2, 6, 2, 6, 2, 0, 2, 0, 1, 1, 4, 6, 0, 6, 1, 1, 5, 0, 4, 2, 6, 3, 1, 6, 5, 0, 6, 1, 4, 1, 5, 2, 2, 2, 5, 0, 2, 2, 1, 6, 1, 6, 0, 0, 5, 5, 2, 2, 0, 6, 0, 6, 1, 6, 5, 0, 3, 1, 2, 1, 5, 4, 1, 5, 2, 6, 2, 2, 5, 0, 6, 6, 3, 0, 6, 6, 2, 1, 5, 3, 2, 0, 1, 2, 5, 0, 6, 0, 1, 2, 0, 4, 6, 0, 4, 1, 6, 3, 1, 5, 1, 5, 1, 5, 0, 5, 1, 1, 5, 4, 5, 3, 4, 3, 5, 6, 0, 0, 0, 2, 4, 3, 3, 5, 3, 2, 4, 1, 1, 2, 1, 2, 1, 2, 6, 2, 0, 3, 6, 5, 6, 6, 4, 0, 1, 2, 3, 2, 3, 5, 6, 3, 6, 1, 3, 2, 6, 4, 6]

bins: [162.0, 1054931.9999999998, 7457462.714285715, 19028531.714285705, 34350553.0, 55524396.857142836, 100447124.0, 652177271.0]

Most important rules
-----------------------------

---0---
rule51: budget > 230478015.685
probabilities_array:[0.37604532 0.03633061 0.00124449 0.         0.         0.
 0.26704216 0.31933746]

rule9: -815.958 < num_voted_users < 99096.379
probabilities_array:[0.23905656 0.2273156  0.17210415 0.17947757 0.11392464 0.05737448
 0.         0.010747  ]

rule2: 6.476 < imdb_score < 7.217
probabilities_array:[0.27992883 0.13466816 0.         0.00401059 0.06250217 0.14624116
 0.21426176 0.15838736]

rule22: 746.083 < director_facebook_likes < 2733.160
probabilities_array:[0.25207275 0.         0.09913904 0.1284683  0.01959469 0.05756858
 0.20511234 0.2380444 ]

rule3: imdb_score > 7.217
probabilities_array:[0.23305622 0.27771434 0.06875462 0.         0.         0.
 0.17306143 0.24741341]

rule12: num_critic_for_reviews < 78.693
probabilities_array:[0.33352977 0.15240069 0.         0.         0.         0.00719315
 0.         0.5068764 ]

rule36: cast_total_facebook_likes < 28.814
probabilities_array:[0.30695823 0.18119772 0.         0.         0.         0.
 0.         0.51184404]

rule6: 2003.156 < title_year < 2010.139
probabilities_array:[0.27775297 0.06148448 0.         0.         0.         0.06843737
 0.08266835 0.50965685]

rule16: num_user_for_reviews < 45.461
probabilities_array:[0.3521938  0.01691286 0.         0.         0.         0.
 0.         0.6308933 ]

rule41: -5463.833 < movie_facebook_likes < 9082.144
probabilities_array:[0.2594001  0.13089818 0.         0.         0.         0.00580415
 0.09405715 0.5098403 ]

rule1: 5.736 < imdb_score < 6.476
probabilities_array:[0.14025614 0.         0.01601415 0.09431922 0.1484705  0.1891758
 0.2708739  0.1408903 ]

rule44: duration < 93.945
probabilities_array:[0.2365411  0.         0.         0.         0.         0.
 0.25303698 0.51042193]

rule7: title_year > 2010.139
probabilities_array:[0.1802318  0.         0.         0.         0.1890628  0.01084537
 0.20106472 0.41879532]

rule49: -132934079.430 < budget < 48771968.127
probabilities_array:[0.09888896 0.20321125 0.2589789  0.166787   0.15828761 0.06146527
 0.         0.05238089]

rule33: -452.265 < actor_3_facebook_likes < 705.709
probabilities_array:[0.20308815 0.16817923 0.         0.         0.         0.07232914
 0.00264527 0.5537582 ]

rule27: actor_1_facebook_likes > 14701.615
probabilities_array:[0.08452982 0.02225442 0.         0.20809636 0.1485423  0.03362149
 0.10740252 0.39555314]


---1---
rule9: -815.958 < num_voted_users < 99096.379
probabilities_array:[0.23905656 0.2273156  0.17210415 0.17947757 0.11392464 0.05737448
 0.         0.010747  ]

rule3: imdb_score > 7.217
probabilities_array:[0.23305622 0.27771434 0.06875462 0.         0.         0.
 0.17306143 0.24741341]

rule49: -132934079.430 < budget < 48771968.127
probabilities_array:[0.09888896 0.20321125 0.2589789  0.166787   0.15828761 0.06146527
 0.         0.05238089]

rule17: 45.461 < num_user_for_reviews < 312.975
probabilities_array:[0.         0.20668124 0.1944372  0.16940995 0.14441067 0.13115469
 0.06732789 0.08657832]

rule14: 162.130 < num_critic_for_reviews < 245.567
probabilities_array:[0.         0.12284538 0.11280955 0.25791577 0.0941434  0.15716998
 0.18423344 0.07088248]

rule2: 6.476 < imdb_score < 7.217
probabilities_array:[0.27992883 0.13466816 0.         0.00401059 0.06250217 0.14624116
 0.21426176 0.15838736]

rule36: cast_total_facebook_likes < 28.814
probabilities_array:[0.30695823 0.18119772 0.         0.         0.         0.
 0.         0.51184404]

rule12: num_critic_for_reviews < 78.693
probabilities_array:[0.33352977 0.15240069 0.         0.         0.         0.00719315
 0.         0.5068764 ]

rule33: -452.265 < actor_3_facebook_likes < 705.709
probabilities_array:[0.20308815 0.16817923 0.         0.         0.         0.07232914
 0.00264527 0.5537582 ]

rule30: 1942.482 < actor_2_facebook_likes < 5070.668
probabilities_array:[0.         0.07845311 0.15590282 0.         0.18071169 0.27110666
 0.20981841 0.10400734]

rule41: -5463.833 < movie_facebook_likes < 9082.144
probabilities_array:[0.2594001  0.13089818 0.         0.         0.         0.00580415
 0.09405715 0.5098403 ]

rule18: 312.975 < num_user_for_reviews < 580.489
probabilities_array:[0.         0.05076377 0.22272867 0.19319509 0.16614753 0.20769085
 0.13346392 0.02601018]


---2---
rule49: -132934079.430 < budget < 48771968.127
probabilities_array:[0.09888896 0.20321125 0.2589789  0.166787   0.15828761 0.06146527
 0.         0.05238089]

rule18: 312.975 < num_user_for_reviews < 580.489
probabilities_array:[0.         0.05076377 0.22272867 0.19319509 0.16614753 0.20769085
 0.13346392 0.02601018]

rule17: 45.461 < num_user_for_reviews < 312.975
probabilities_array:[0.         0.20668124 0.1944372  0.16940995 0.14441067 0.13115469
 0.06732789 0.08657832]

rule9: -815.958 < num_voted_users < 99096.379
probabilities_array:[0.23905656 0.2273156  0.17210415 0.17947757 0.11392464 0.05737448
 0.         0.010747  ]

rule0: imdb_score < 5.736
probabilities_array:[0.         0.03745031 0.17597082 0.23678118 0.17331865 0.24160162
 0.02161016 0.11326727]

rule30: 1942.482 < actor_2_facebook_likes < 5070.668
probabilities_array:[0.         0.07845311 0.15590282 0.         0.18071169 0.27110666
 0.20981841 0.10400734]

rule26: 7035.893 < actor_1_facebook_likes < 14701.615
probabilities_array:[0.01064498 0.00565332 0.18947215 0.1506034  0.         0.15185724
 0.15773177 0.3340372 ]

rule14: 162.130 < num_critic_for_reviews < 245.567
probabilities_array:[0.         0.12284538 0.11280955 0.25791577 0.0941434  0.15716998
 0.18423344 0.07088248]

rule45: 93.945 < duration < 109.599
probabilities_array:[0.03426051 0.         0.20944795 0.         0.         0.18161353
 0.04392213 0.5307559 ]

rule4: title_year < 1996.173
probabilities_array:[0.         0.03224085 0.0960694  0.15067127 0.15814562 0.19121894
 0.3386975  0.0329565 ]

rule22: 746.083 < director_facebook_likes < 2733.160
probabilities_array:[0.25207275 0.         0.09913904 0.1284683  0.01959469 0.05756858
 0.20511234 0.2380444 ]

rule43: movie_facebook_likes > 23628.121
probabilities_array:[0.         0.         0.1105707  0.         0.21411863 0.17536981
 0.17156555 0.32837534]

rule10: 99096.379 < num_voted_users < 199008.715
probabilities_array:[0.         0.         0.07472111 0.19237587 0.26213965 0.20367962
 0.066426   0.20065773]

rule15: num_critic_for_reviews > 245.567
probabilities_array:[0.         0.         0.09945538 0.11684839 0.01292092 0.14592192
 0.20584513 0.41900834]

rule3: imdb_score > 7.217
probabilities_array:[0.23305622 0.27771434 0.06875462 0.         0.         0.
 0.17306143 0.24741341]

rule38: 10614.546 < cast_total_facebook_likes < 21200.278
probabilities_array:[0.05827336 0.         0.07843445 0.10080526 0.14843778 0.13286825
 0.13802098 0.34316   ]

rule34: 705.709 < actor_3_facebook_likes < 1863.684
probabilities_array:[0.         0.         0.07877163 0.         0.10637049 0.20084259
 0.25251108 0.3615042 ]


---3---
rule14: 162.130 < num_critic_for_reviews < 245.567
probabilities_array:[0.         0.12284538 0.11280955 0.25791577 0.0941434  0.15716998
 0.18423344 0.07088248]

rule0: imdb_score < 5.736
probabilities_array:[0.         0.03745031 0.17597082 0.23678118 0.17331865 0.24160162
 0.02161016 0.11326727]

rule18: 312.975 < num_user_for_reviews < 580.489
probabilities_array:[0.         0.05076377 0.22272867 0.19319509 0.16614753 0.20769085
 0.13346392 0.02601018]

rule9: -815.958 < num_voted_users < 99096.379
probabilities_array:[0.23905656 0.2273156  0.17210415 0.17947757 0.11392464 0.05737448
 0.         0.010747  ]

rule49: -132934079.430 < budget < 48771968.127
probabilities_array:[0.09888896 0.20321125 0.2589789  0.166787   0.15828761 0.06146527
 0.         0.05238089]

rule17: 45.461 < num_user_for_reviews < 312.975
probabilities_array:[0.         0.20668124 0.1944372  0.16940995 0.14441067 0.13115469
 0.06732789 0.08657832]

rule10: 99096.379 < num_voted_users < 199008.715
probabilities_array:[0.         0.         0.07472111 0.19237587 0.26213965 0.20367962
 0.066426   0.20065773]

rule4: title_year < 1996.173
probabilities_array:[0.         0.03224085 0.0960694  0.15067127 0.15814562 0.19121894
 0.3386975  0.0329565 ]

rule27: actor_1_facebook_likes > 14701.615
probabilities_array:[0.08452982 0.02225442 0.         0.20809636 0.1485423  0.03362149
 0.10740252 0.39555314]

rule13: 78.693 < num_critic_for_reviews < 162.130
probabilities_array:[0.         0.         0.0387028  0.18338794 0.10335825 0.15585269
 0.20015447 0.31854385]

rule35: actor_3_facebook_likes > 1863.684
probabilities_array:[0.         0.         0.         0.24191439 0.         0.
 0.23624301 0.52184254]

rule26: 7035.893 < actor_1_facebook_likes < 14701.615
probabilities_array:[0.01064498 0.00565332 0.18947215 0.1506034  0.         0.15185724
 0.15773177 0.3340372 ]

rule22: 746.083 < director_facebook_likes < 2733.160
probabilities_array:[0.25207275 0.         0.09913904 0.1284683  0.01959469 0.05756858
 0.20511234 0.2380444 ]

rule1: 5.736 < imdb_score < 6.476
probabilities_array:[0.14025614 0.         0.01601415 0.09431922 0.1484705  0.1891758
 0.2708739  0.1408903 ]

rule42: 9082.144 < movie_facebook_likes < 23628.121
probabilities_array:[0.         0.         0.         0.14424768 0.30474904 0.07270025
 0.02797023 0.45033276]

rule19: num_user_for_reviews > 580.489
probabilities_array:[0.         0.         0.         0.15503792 0.08210441 0.05000291
 0.22426255 0.48859215]

rule15: num_critic_for_reviews > 245.567
probabilities_array:[0.         0.         0.09945538 0.11684839 0.01292092 0.14592192
 0.20584513 0.41900834]

rule38: 10614.546 < cast_total_facebook_likes < 21200.278
probabilities_array:[0.05827336 0.         0.07843445 0.10080526 0.14843778 0.13286825
 0.13802098 0.34316   ]

rule46: 109.599 < duration < 125.252
probabilities_array:[0.         0.02073913 0.04432139 0.08412784 0.16737399 0.25265825
 0.08854356 0.3422359 ]

rule47: duration > 125.252
probabilities_array:[0.         0.01607551 0.         0.0749836  0.2436694  0.2312628
 0.14514682 0.28886184]


---4---
rule10: 99096.379 < num_voted_users < 199008.715
probabilities_array:[0.         0.         0.07472111 0.19237587 0.26213965 0.20367962
 0.066426   0.20065773]

rule47: duration > 125.252
probabilities_array:[0.         0.01607551 0.         0.0749836  0.2436694  0.2312628
 0.14514682 0.28886184]

rule42: 9082.144 < movie_facebook_likes < 23628.121
probabilities_array:[0.         0.         0.         0.14424768 0.30474904 0.07270025
 0.02797023 0.45033276]

rule30: 1942.482 < actor_2_facebook_likes < 5070.668
probabilities_array:[0.         0.07845311 0.15590282 0.         0.18071169 0.27110666
 0.20981841 0.10400734]

rule18: 312.975 < num_user_for_reviews < 580.489
probabilities_array:[0.         0.05076377 0.22272867 0.19319509 0.16614753 0.20769085
 0.13346392 0.02601018]

rule0: imdb_score < 5.736
probabilities_array:[0.         0.03745031 0.17597082 0.23678118 0.17331865 0.24160162
 0.02161016 0.11326727]

rule4: title_year < 1996.173
probabilities_array:[0.         0.03224085 0.0960694  0.15067127 0.15814562 0.19121894
 0.3386975  0.0329565 ]

rule49: -132934079.430 < budget < 48771968.127
probabilities_array:[0.09888896 0.20321125 0.2589789  0.166787   0.15828761 0.06146527
 0.         0.05238089]

rule43: movie_facebook_likes > 23628.121
probabilities_array:[0.         0.         0.1105707  0.         0.21411863 0.17536981
 0.17156555 0.32837534]

rule23: director_facebook_likes > 2733.160
probabilities_array:[0.         0.         0.         0.         0.21254642 0.2359094
 0.22128475 0.33025947]

rule50: 48771968.127 < budget < 230478015.685
probabilities_array:[0.         0.         0.         0.05303834 0.19354483 0.19467403
 0.2690024  0.2897404 ]

rule17: 45.461 < num_user_for_reviews < 312.975
probabilities_array:[0.         0.20668124 0.1944372  0.16940995 0.14441067 0.13115469
 0.06732789 0.08657832]

rule1: 5.736 < imdb_score < 6.476
probabilities_array:[0.14025614 0.         0.01601415 0.09431922 0.1484705  0.1891758
 0.2708739  0.1408903 ]

rule9: -815.958 < num_voted_users < 99096.379
probabilities_array:[0.23905656 0.2273156  0.17210415 0.17947757 0.11392464 0.05737448
 0.         0.010747  ]

rule46: 109.599 < duration < 125.252
probabilities_array:[0.         0.02073913 0.04432139 0.08412784 0.16737399 0.25265825
 0.08854356 0.3422359 ]

rule7: title_year > 2010.139
probabilities_array:[0.1802318  0.         0.         0.         0.1890628  0.01084537
 0.20106472 0.41879532]

rule38: 10614.546 < cast_total_facebook_likes < 21200.278
probabilities_array:[0.05827336 0.         0.07843445 0.10080526 0.14843778 0.13286825
 0.13802098 0.34316   ]

rule27: actor_1_facebook_likes > 14701.615
probabilities_array:[0.08452982 0.02225442 0.         0.20809636 0.1485423  0.03362149
 0.10740252 0.39555314]

rule14: 162.130 < num_critic_for_reviews < 245.567
probabilities_array:[0.         0.12284538 0.11280955 0.25791577 0.0941434  0.15716998
 0.18423344 0.07088248]

rule13: 78.693 < num_critic_for_reviews < 162.130
probabilities_array:[0.         0.         0.0387028  0.18338794 0.10335825 0.15585269
 0.20015447 0.31854385]

rule34: 705.709 < actor_3_facebook_likes < 1863.684
probabilities_array:[0.         0.         0.07877163 0.         0.10637049 0.20084259
 0.25251108 0.3615042 ]

rule5: 1996.173 < title_year < 2003.156
probabilities_array:[0.05127606 0.         0.01278902 0.0304399  0.13769186 0.04118961
 0.12605233 0.6005612 ]

rule2: 6.476 < imdb_score < 7.217
probabilities_array:[0.27992883 0.13466816 0.         0.00401059 0.06250217 0.14624116
 0.21426176 0.15838736]

rule37: 28.814 < cast_total_facebook_likes < 10614.546
probabilities_array:[0.         0.         0.05634734 0.         0.11027265 0.05606114
 0.16246216 0.6148567 ]

rule19: num_user_for_reviews > 580.489
probabilities_array:[0.         0.         0.         0.15503792 0.08210441 0.05000291
 0.22426255 0.48859215]


---5---
rule30: 1942.482 < actor_2_facebook_likes < 5070.668
probabilities_array:[0.         0.07845311 0.15590282 0.         0.18071169 0.27110666
 0.20981841 0.10400734]

rule0: imdb_score < 5.736
probabilities_array:[0.         0.03745031 0.17597082 0.23678118 0.17331865 0.24160162
 0.02161016 0.11326727]

rule18: 312.975 < num_user_for_reviews < 580.489
probabilities_array:[0.         0.05076377 0.22272867 0.19319509 0.16614753 0.20769085
 0.13346392 0.02601018]

rule4: title_year < 1996.173
probabilities_array:[0.         0.03224085 0.0960694  0.15067127 0.15814562 0.19121894
 0.3386975  0.0329565 ]

rule46: 109.599 < duration < 125.252
probabilities_array:[0.         0.02073913 0.04432139 0.08412784 0.16737399 0.25265825
 0.08854356 0.3422359 ]

rule47: duration > 125.252
probabilities_array:[0.         0.01607551 0.         0.0749836  0.2436694  0.2312628
 0.14514682 0.28886184]

rule10: 99096.379 < num_voted_users < 199008.715
probabilities_array:[0.         0.         0.07472111 0.19237587 0.26213965 0.20367962
 0.066426   0.20065773]

rule1: 5.736 < imdb_score < 6.476
probabilities_array:[0.14025614 0.         0.01601415 0.09431922 0.1484705  0.1891758
 0.2708739  0.1408903 ]

rule23: director_facebook_likes > 2733.160
probabilities_array:[0.         0.         0.         0.         0.21254642 0.2359094
 0.22128475 0.33025947]

rule14: 162.130 < num_critic_for_reviews < 245.567
probabilities_array:[0.         0.12284538 0.11280955 0.25791577 0.0941434  0.15716998
 0.18423344 0.07088248]

rule50: 48771968.127 < budget < 230478015.685
probabilities_array:[0.         0.         0.         0.05303834 0.19354483 0.19467403
 0.2690024  0.2897404 ]

rule34: 705.709 < actor_3_facebook_likes < 1863.684
probabilities_array:[0.         0.         0.07877163 0.         0.10637049 0.20084259
 0.25251108 0.3615042 ]

rule2: 6.476 < imdb_score < 7.217
probabilities_array:[0.27992883 0.13466816 0.         0.00401059 0.06250217 0.14624116
 0.21426176 0.15838736]

rule17: 45.461 < num_user_for_reviews < 312.975
probabilities_array:[0.         0.20668124 0.1944372  0.16940995 0.14441067 0.13115469
 0.06732789 0.08657832]

rule43: movie_facebook_likes > 23628.121
probabilities_array:[0.         0.         0.1105707  0.         0.21411863 0.17536981
 0.17156555 0.32837534]

rule31: actor_2_facebook_likes > 5070.668
probabilities_array:[0.01827579 0.         0.03559544 0.07152697 0.         0.2110215
 0.19074862 0.47283167]

rule13: 78.693 < num_critic_for_reviews < 162.130
probabilities_array:[0.         0.         0.0387028  0.18338794 0.10335825 0.15585269
 0.20015447 0.31854385]

rule26: 7035.893 < actor_1_facebook_likes < 14701.615
probabilities_array:[0.01064498 0.00565332 0.18947215 0.1506034  0.         0.15185724
 0.15773177 0.3340372 ]

rule38: 10614.546 < cast_total_facebook_likes < 21200.278
probabilities_array:[0.05827336 0.         0.07843445 0.10080526 0.14843778 0.13286825
 0.13802098 0.34316   ]

rule45: 93.945 < duration < 109.599
probabilities_array:[0.03426051 0.         0.20944795 0.         0.         0.18161353
 0.04392213 0.5307559 ]

rule15: num_critic_for_reviews > 245.567
probabilities_array:[0.         0.         0.09945538 0.11684839 0.01292092 0.14592192
 0.20584513 0.41900834]

rule21: -1240.993 < director_facebook_likes < 746.083
probabilities_array:[0.01535262 0.         0.01595222 0.         0.         0.15885043
 0.23216242 0.5776823 ]

rule49: -132934079.430 < budget < 48771968.127
probabilities_array:[0.09888896 0.20321125 0.2589789  0.166787   0.15828761 0.06146527
 0.         0.05238089]

rule9: -815.958 < num_voted_users < 99096.379
probabilities_array:[0.23905656 0.2273156  0.17210415 0.17947757 0.11392464 0.05737448
 0.         0.010747  ]

rule22: 746.083 < director_facebook_likes < 2733.160
probabilities_array:[0.25207275 0.         0.09913904 0.1284683  0.01959469 0.05756858
 0.20511234 0.2380444 ]


---6---
rule4: title_year < 1996.173
probabilities_array:[0.         0.03224085 0.0960694  0.15067127 0.15814562 0.19121894
 0.3386975  0.0329565 ]

rule1: 5.736 < imdb_score < 6.476
probabilities_array:[0.14025614 0.         0.01601415 0.09431922 0.1484705  0.1891758
 0.2708739  0.1408903 ]

rule50: 48771968.127 < budget < 230478015.685
probabilities_array:[0.         0.         0.         0.05303834 0.19354483 0.19467403
 0.2690024  0.2897404 ]

rule30: 1942.482 < actor_2_facebook_likes < 5070.668
probabilities_array:[0.         0.07845311 0.15590282 0.         0.18071169 0.27110666
 0.20981841 0.10400734]

rule51: budget > 230478015.685
probabilities_array:[0.37604532 0.03633061 0.00124449 0.         0.         0.
 0.26704216 0.31933746]

rule2: 6.476 < imdb_score < 7.217
probabilities_array:[0.27992883 0.13466816 0.         0.00401059 0.06250217 0.14624116
 0.21426176 0.15838736]

rule14: 162.130 < num_critic_for_reviews < 245.567
probabilities_array:[0.         0.12284538 0.11280955 0.25791577 0.0941434  0.15716998
 0.18423344 0.07088248]

rule34: 705.709 < actor_3_facebook_likes < 1863.684
probabilities_array:[0.         0.         0.07877163 0.         0.10637049 0.20084259
 0.25251108 0.3615042 ]

rule22: 746.083 < director_facebook_likes < 2733.160
probabilities_array:[0.25207275 0.         0.09913904 0.1284683  0.01959469 0.05756858
 0.20511234 0.2380444 ]

rule23: director_facebook_likes > 2733.160
probabilities_array:[0.         0.         0.         0.         0.21254642 0.2359094
 0.22128475 0.33025947]

rule13: 78.693 < num_critic_for_reviews < 162.130
probabilities_array:[0.         0.         0.0387028  0.18338794 0.10335825 0.15585269
 0.20015447 0.31854385]

rule3: imdb_score > 7.217
probabilities_array:[0.23305622 0.27771434 0.06875462 0.         0.         0.
 0.17306143 0.24741341]

rule18: 312.975 < num_user_for_reviews < 580.489
probabilities_array:[0.         0.05076377 0.22272867 0.19319509 0.16614753 0.20769085
 0.13346392 0.02601018]

rule44: duration < 93.945
probabilities_array:[0.2365411  0.         0.         0.         0.         0.
 0.25303698 0.51042193]

rule11: num_voted_users > 199008.715
probabilities_array:[0.         0.         0.         0.         0.         0.00181142
 0.3510201  0.6471685 ]

rule15: num_critic_for_reviews > 245.567
probabilities_array:[0.         0.         0.09945538 0.11684839 0.01292092 0.14592192
 0.20584513 0.41900834]

rule7: title_year > 2010.139
probabilities_array:[0.1802318  0.         0.         0.         0.1890628  0.01084537
 0.20106472 0.41879532]

rule43: movie_facebook_likes > 23628.121
probabilities_array:[0.         0.         0.1105707  0.         0.21411863 0.17536981
 0.17156555 0.32837534]

rule19: num_user_for_reviews > 580.489
probabilities_array:[0.         0.         0.         0.15503792 0.08210441 0.05000291
 0.22426255 0.48859215]

rule35: actor_3_facebook_likes > 1863.684
probabilities_array:[0.         0.         0.         0.24191439 0.         0.
 0.23624301 0.52184254]

rule26: 7035.893 < actor_1_facebook_likes < 14701.615
probabilities_array:[0.01064498 0.00565332 0.18947215 0.1506034  0.         0.15185724
 0.15773177 0.3340372 ]

rule47: duration > 125.252
probabilities_array:[0.         0.01607551 0.         0.0749836  0.2436694  0.2312628
 0.14514682 0.28886184]

rule31: actor_2_facebook_likes > 5070.668
probabilities_array:[0.01827579 0.         0.03559544 0.07152697 0.         0.2110215
 0.19074862 0.47283167]

rule21: -1240.993 < director_facebook_likes < 746.083
probabilities_array:[0.01535262 0.         0.01595222 0.         0.         0.15885043
 0.23216242 0.5776823 ]

rule38: 10614.546 < cast_total_facebook_likes < 21200.278
probabilities_array:[0.05827336 0.         0.07843445 0.10080526 0.14843778 0.13286825
 0.13802098 0.34316   ]

rule39: cast_total_facebook_likes > 21200.278
probabilities_array:[0.0272632  0.07423672 0.00454214 0.01971269 0.         0.07788048
 0.18767002 0.6086948 ]

rule27: actor_1_facebook_likes > 14701.615
probabilities_array:[0.08452982 0.02225442 0.         0.20809636 0.1485423  0.03362149
 0.10740252 0.39555314]

rule37: 28.814 < cast_total_facebook_likes < 10614.546
probabilities_array:[0.         0.         0.05634734 0.         0.11027265 0.05606114
 0.16246216 0.6148567 ]

rule17: 45.461 < num_user_for_reviews < 312.975
probabilities_array:[0.         0.20668124 0.1944372  0.16940995 0.14441067 0.13115469
 0.06732789 0.08657832]

rule46: 109.599 < duration < 125.252
probabilities_array:[0.         0.02073913 0.04432139 0.08412784 0.16737399 0.25265825
 0.08854356 0.3422359 ]

rule10: 99096.379 < num_voted_users < 199008.715
probabilities_array:[0.         0.         0.07472111 0.19237587 0.26213965 0.20367962
 0.066426   0.20065773]

rule25: -629.829 < actor_1_facebook_likes < 7035.893
probabilities_array:[0.10793178 0.         0.07382461 0.         0.01503175 0.01509923
 0.14732225 0.64079046]

rule5: 1996.173 < title_year < 2003.156
probabilities_array:[0.05127606 0.         0.01278902 0.0304399  0.13769186 0.04118961
 0.12605233 0.6005612 ]

rule41: -5463.833 < movie_facebook_likes < 9082.144
probabilities_array:[0.2594001  0.13089818 0.         0.         0.         0.00580415
 0.09405715 0.5098403 ]

rule6: 2003.156 < title_year < 2010.139
probabilities_array:[0.27775297 0.06148448 0.         0.         0.         0.06843737
 0.08266835 0.50965685]

