MSE: 98.54476823529411

Accuracy: 0.40588235294117647

F1: 0.38939398646671586

Confusion Matrix: [[37, 7, 8, 3, 0, 0, 0], [18, 14, 11, 2, 3, 0, 0], [10, 14, 19, 5, 7, 1, 1], [1, 7, 5, 8, 12, 4, 1], [0, 4, 6, 5, 11, 16, 7], [0, 2, 0, 1, 8, 19, 13], [0, 0, 0, 2, 4, 14, 30]]

Uncertainties: {'class0': [0.0, 0.007720993831753731, 0.010215997695922852, 0.012108962051570415, 0.051111407577991486], 'class1': [0.0, 0.007720993831753731, 0.010215997695922852, 0.012108962051570415, 0.049008313566446304], 'class2': [0.0, 0.007720993831753731, 0.012108962051570415, 0.021018777042627335, 0.049008313566446304], 'class3': [0.0, 0.007720993831753731, 0.010215997695922852, 0.012108962051570415, 0.046632491052150726], 'class4': [0.007720993831753731, 0.021018777042627335, 0.046632491052150726, 0.049008313566446304, 0.051111407577991486], 'class5': [0.0, 0.012108962051570415, 0.021018777042627335, 0.046632491052150726, 0.049008313566446304], 'class6': [0.0, 0.021018777042627335, 0.046632491052150726, 0.049008313566446304, 0.060493554919958115]}

y_test: [32.88, 41.2, 35.86, 36.15, 61.23, 28.99, 69.3, 18.13, 23.22, 33.01, 21.5, 39.61, 24.58, 46.93, 27.87, 54.28, 51.86, 15.75, 39.46, 44.52, 29.98, 23.79, 37.23, 22.44, 19.2, 31.35, 67.87, 10.79, 36.94, 17.57, 39.27, 39.0, 33.09, 36.97, 41.89, 53.66, 37.8, 42.42, 30.28, 28.63, 15.52, 25.57, 32.01, 22.63, 23.74, 40.15, 53.9, 9.31, 60.28, 31.97, 25.45, 36.3, 8.37, 67.57, 40.06, 22.5, 60.29, 33.8, 35.36, 17.54, 55.55, 52.52, 9.13, 12.45, 44.03, 32.72, 14.64, 25.12, 31.27, 7.68, 56.63, 18.75, 27.74, 60.32, 44.28, 15.03, 38.41, 33.8, 20.42, 44.13, 28.02, 19.52, 42.14, 20.87, 17.34, 31.35, 15.57, 37.43, 29.72, 81.75, 34.24, 10.54, 14.6, 39.09, 40.2, 27.77, 17.44, 59.89, 41.16, 32.1, 38.89, 17.54, 55.6, 32.96, 30.85, 31.12, 63.4, 31.9, 15.09, 66.42, 30.88, 14.54, 27.68, 56.81, 31.35, 29.87, 24.54, 52.01, 13.36, 33.04, 48.72, 16.11, 43.01, 17.54, 39.42, 9.74, 14.4, 11.41, 30.44, 68.1, 37.33, 26.94, 38.0, 45.3, 70.7, 68.5, 18.03, 20.59, 9.87, 9.73, 53.52, 47.97, 13.54, 63.14, 29.39, 41.05, 52.44, 66.0, 24.45, 6.27, 12.18, 15.36, 8.54, 46.68, 28.63, 32.07, 46.8, 25.18, 25.37, 73.7, 11.17, 48.4, 15.69, 39.3, 6.9, 62.05, 23.64, 10.39, 8.2, 34.29, 45.84, 42.35, 42.92, 38.6, 13.12, 44.42, 40.68, 48.67, 50.77, 12.47, 31.42, 10.73, 33.69, 37.91, 44.52, 27.42, 44.28, 15.53, 56.34, 56.74, 41.84, 37.43, 4.9, 51.02, 59.76, 74.99, 57.22, 69.84, 39.94, 55.02, 15.87, 24.85, 15.82, 25.42, 21.91, 64.9, 32.24, 74.36, 15.34, 28.47, 39.38, 47.28, 30.12, 33.4, 26.23, 74.7, 23.52, 35.1, 26.4, 24.99, 33.12, 12.64, 41.67, 40.23, 65.2, 14.84, 17.95, 38.77, 51.73, 25.18, 31.02, 26.06, 37.34, 33.72, 66.6, 43.8, 24.1, 14.2, 38.8, 8.0, 38.02, 16.5, 50.51, 17.24, 32.96, 33.96, 39.0, 12.84, 41.1, 53.58, 23.8, 40.71, 38.6, 33.7, 26.97, 32.53, 30.57, 23.52, 26.32, 41.3, 21.86, 55.83, 43.7, 77.3, 13.52, 45.71, 9.56, 51.06, 6.81, 26.91, 31.84, 49.2, 28.3, 13.4, 23.89, 47.22, 74.5, 53.72, 25.1, 44.28, 25.56, 17.96, 49.77, 6.88, 33.19, 44.4, 46.25, 41.94, 66.1, 19.99, 40.93, 35.34, 12.37, 22.35, 20.92, 35.34, 47.1, 50.53, 43.5, 37.68, 9.45, 40.66, 40.87, 33.0, 21.97, 39.78, 57.6, 37.36, 33.05, 24.0, 20.77, 59.2, 17.17, 56.85, 38.11, 67.31, 55.51, 55.9, 56.06, 33.08, 26.86, 38.21, 31.74, 32.33, 21.26, 26.86, 21.82, 22.53, 56.14, 31.03, 59.59, 55.45, 23.85, 29.07, 52.43, 51.96, 77.3, 46.39, 55.06, 46.24]

buck_pred: [2, 1, 2, 4, 6, 2, 6, 2, 4, 1, 1, 4, 2, 5, 0, 4, 5, 3, 3, 4, 2, 1, 4, 0, 0, 4, 5, 1, 1, 0, 4, 4, 1, 4, 2, 5, 3, 6, 2, 3, 1, 2, 0, 1, 1, 5, 5, 0, 3, 2, 1, 4, 0, 4, 2, 1, 6, 5, 3, 0, 3, 4, 0, 0, 6, 4, 0, 0, 1, 0, 5, 0, 4, 5, 5, 2, 5, 4, 2, 3, 0, 0, 5, 0, 0, 5, 0, 3, 2, 6, 1, 0, 2, 1, 3, 1, 2, 5, 4, 0, 4, 0, 6, 3, 2, 1, 6, 1, 0, 5, 2, 0, 3, 5, 4, 2, 1, 6, 0, 2, 5, 0, 5, 1, 5, 0, 0, 0, 0, 6, 4, 2, 6, 6, 6, 6, 3, 0, 0, 3, 3, 6, 0, 6, 6, 5, 6, 6, 1, 0, 0, 0, 0, 6, 0, 4, 6, 2, 2, 6, 0, 6, 2, 6, 0, 6, 0, 2, 0, 1, 5, 4, 5, 5, 0, 6, 2, 5, 5, 0, 2, 1, 1, 3, 4, 0, 5, 0, 6, 5, 5, 3, 0, 6, 6, 6, 4, 6, 2, 5, 0, 1, 1, 2, 4, 6, 2, 6, 0, 1, 4, 5, 4, 6, 2, 4, 2, 5, 1, 1, 5, 0, 6, 1, 6, 1, 0, 5, 5, 1, 0, 1, 4, 4, 6, 5, 4, 1, 2, 1, 6, 2, 6, 2, 3, 4, 6, 2, 3, 6, 0, 4, 2, 4, 1, 0, 1, 0, 0, 3, 2, 5, 5, 6, 0, 1, 0, 5, 3, 2, 1, 6, 1, 0, 2, 4, 6, 5, 1, 5, 2, 0, 5, 0, 0, 5, 4, 5, 6, 1, 5, 4, 2, 0, 1, 5, 6, 5, 5, 4, 0, 4, 4, 2, 0, 5, 6, 3, 2, 1, 2, 6, 0, 5, 4, 6, 5, 6, 5, 1, 3, 1, 2, 4, 2, 3, 2, 2, 5, 1, 4, 6, 3, 3, 4, 5, 6, 1, 5, 4]

bins: [2.33, 17.318571428571428, 25.168571428571425, 32.72, 37.94857142857143, 44.14999999999999, 54.84428571428571, 82.6]

Most important rules
-----------------------------

---0---
rule28: age < 3.498
probabilities_array:[0.41144538 0.28423405 0.         0.29293746 0.00116715 0.
 0.         0.010216  ]

rule0: cement < 210.923
probabilities_array:[0.37209147 0.35715994 0.0816182  0.08162717 0.03455912 0.06083507
 0.         0.01210896]

rule14: 181.682 < water < 196.386
probabilities_array:[0.34133524 0.1206122  0.20373422 0.         0.20104115 0.
 0.01052526 0.12275189]

rule11: fly_ash > 98.623
probabilities_array:[0.29510054 0.         0.30518386 0.03454046 0.2188467  0.09212432
 0.         0.05420408]

rule27: fine_aggregate > 826.032
probabilities_array:[0.40592176 0.05094581 0.03215177 0.187525   0.00115542 0.
 0.         0.32230023]

rule15: water > 196.386
probabilities_array:[2.6791987e-01 1.7969194e-01 2.4328360e-01 2.2879875e-01 5.1968716e-02
 2.0524690e-02 9.1405273e-05 7.7209938e-03]

rule16: superplasticizer < 2.269
probabilities_array:[2.5697553e-01 5.5111650e-02 2.4634488e-01 3.1334162e-02 1.9442788e-01
 1.6465759e-01 3.6973270e-05 5.1111408e-02]

rule4: blast_furnace_slag < 15.652
probabilities_array:[0.311335   0.19001439 0.10988884 0.         0.02460099 0.
 0.07195035 0.2922104 ]

rule13: 166.978 < water < 181.682
probabilities_array:[0.19797298 0.03626965 0.05438266 0.29958102 0.         0.19906785
 0.100043   0.1126828 ]

rule23: coarse_aggregate > 1026.173
probabilities_array:[0.19529055 0.39735803 0.00147189 0.14312118 0.         0.02128067
 0.13589786 0.10557986]

rule9: 11.770 < fly_ash < 55.197
probabilities_array:[0.17448689 0.05675861 0.3911427  0.04452722 0.         0.14788495
 0.18519966 0.        ]

rule26: 771.601 < fine_aggregate < 826.032
probabilities_array:[0.15238114 0.06008088 0.00317538 0.00917359 0.27686968 0.12849048
 0.18813309 0.18169568]

rule8: fly_ash < 11.770
probabilities_array:[0.16143394 0.00807961 0.         0.06710448 0.         0.
 0.32481068 0.43857127]

rule5: 15.652 < blast_furnace_slag < 73.980
probabilities_array:[0.09504541 0.23267059 0.         0.02592025 0.         0.22932298
 0.34175676 0.07528398]

rule21: 919.905 < coarse_aggregate < 973.039
probabilities_array:[0.09925042 0.15822625 0.1523537  0.         0.20467834 0.1361947
 0.01879443 0.23050222]

rule1: 210.923 < cement < 281.922
probabilities_array:[0.07879143 0.06988075 0.21379848 0.         0.         0.4019532
 0.         0.23557618]


---1---
rule23: coarse_aggregate > 1026.173
probabilities_array:[0.19529055 0.39735803 0.00147189 0.14312118 0.         0.02128067
 0.13589786 0.10557986]

rule0: cement < 210.923
probabilities_array:[0.37209147 0.35715994 0.0816182  0.08162717 0.03455912 0.06083507
 0.         0.01210896]

rule28: age < 3.498
probabilities_array:[0.41144538 0.28423405 0.         0.29293746 0.00116715 0.
 0.         0.010216  ]

rule29: 3.498 < age < 45.914
probabilities_array:[0.         0.3049897  0.22628482 0.14312562 0.09346535 0.05403946
 0.09576914 0.08232582]

rule17: 2.269 < superplasticizer < 6.303
probabilities_array:[0.         0.26214212 0.         0.15084355 0.372854   0.02126041
 0.08446398 0.10843594]

rule5: 15.652 < blast_furnace_slag < 73.980
probabilities_array:[0.09504541 0.23267059 0.         0.02592025 0.         0.22932298
 0.34175676 0.07528398]

rule18: 6.303 < superplasticizer < 10.336
probabilities_array:[0.01450241 0.19881512 0.18196502 0.         0.27462676 0.22331588
 0.05776643 0.04900831]

rule15: water > 196.386
probabilities_array:[2.6791987e-01 1.7969194e-01 2.4328360e-01 2.2879875e-01 5.1968716e-02
 2.0524690e-02 9.1405273e-05 7.7209938e-03]

rule22: 973.039 < coarse_aggregate < 1026.173
probabilities_array:[0.         0.19230197 0.15855305 0.1629868  0.2221514  0.05424273
 0.0352     0.17456405]

rule2: 281.922 < cement < 352.922
probabilities_array:[1.7426039e-04 1.6313235e-01 1.8076636e-01 0.0000000e+00 9.6649796e-02
 3.0741119e-01 1.3001655e-01 1.2184948e-01]

rule6: 73.980 < blast_furnace_slag < 132.307
probabilities_array:[0.         0.15864946 0.         0.1702022  0.12554434 0.267294
 0.15246062 0.12584943]

rule4: blast_furnace_slag < 15.652
probabilities_array:[0.311335   0.19001439 0.10988884 0.         0.02460099 0.
 0.07195035 0.2922104 ]

rule21: 919.905 < coarse_aggregate < 973.039
probabilities_array:[0.09925042 0.15822625 0.1523537  0.         0.20467834 0.1361947
 0.01879443 0.23050222]

rule14: 181.682 < water < 196.386
probabilities_array:[0.34133524 0.1206122  0.20373422 0.         0.20104115 0.
 0.01052526 0.12275189]

rule10: 55.197 < fly_ash < 98.623
probabilities_array:[0.03942539 0.0903658  0.30096656 0.07160973 0.1522821  0.21726014
 0.         0.1280902 ]

rule9: 11.770 < fly_ash < 55.197
probabilities_array:[0.17448689 0.05675861 0.3911427  0.04452722 0.         0.14788495
 0.18519966 0.        ]

rule1: 210.923 < cement < 281.922
probabilities_array:[0.07879143 0.06988075 0.21379848 0.         0.         0.4019532
 0.         0.23557618]

rule16: superplasticizer < 2.269
probabilities_array:[2.5697553e-01 5.5111650e-02 2.4634488e-01 3.1334162e-02 1.9442788e-01
 1.6465759e-01 3.6973270e-05 5.1111408e-02]

rule26: 771.601 < fine_aggregate < 826.032
probabilities_array:[0.15238114 0.06008088 0.00317538 0.00917359 0.27686968 0.12849048
 0.18813309 0.18169568]


---2---
rule9: 11.770 < fly_ash < 55.197
probabilities_array:[0.17448689 0.05675861 0.3911427  0.04452722 0.         0.14788495
 0.18519966 0.        ]

rule11: fly_ash > 98.623
probabilities_array:[0.29510054 0.         0.30518386 0.03454046 0.2188467  0.09212432
 0.         0.05420408]

rule10: 55.197 < fly_ash < 98.623
probabilities_array:[0.03942539 0.0903658  0.30096656 0.07160973 0.1522821  0.21726014
 0.         0.1280902 ]

rule15: water > 196.386
probabilities_array:[2.6791987e-01 1.7969194e-01 2.4328360e-01 2.2879875e-01 5.1968716e-02
 2.0524690e-02 9.1405273e-05 7.7209938e-03]

rule16: superplasticizer < 2.269
probabilities_array:[2.5697553e-01 5.5111650e-02 2.4634488e-01 3.1334162e-02 1.9442788e-01
 1.6465759e-01 3.6973270e-05 5.1111408e-02]

rule29: 3.498 < age < 45.914
probabilities_array:[0.         0.3049897  0.22628482 0.14312562 0.09346535 0.05403946
 0.09576914 0.08232582]

rule14: 181.682 < water < 196.386
probabilities_array:[0.34133524 0.1206122  0.20373422 0.         0.20104115 0.
 0.01052526 0.12275189]

rule18: 6.303 < superplasticizer < 10.336
probabilities_array:[0.01450241 0.19881512 0.18196502 0.         0.27462676 0.22331588
 0.05776643 0.04900831]

rule1: 210.923 < cement < 281.922
probabilities_array:[0.07879143 0.06988075 0.21379848 0.         0.         0.4019532
 0.         0.23557618]

rule2: 281.922 < cement < 352.922
probabilities_array:[1.7426039e-04 1.6313235e-01 1.8076636e-01 0.0000000e+00 9.6649796e-02
 3.0741119e-01 1.3001655e-01 1.2184948e-01]

rule7: blast_furnace_slag > 132.307
probabilities_array:[0.0248435  0.         0.15143116 0.35545594 0.07046241 0.06854623
 0.20037484 0.12888591]

rule22: 973.039 < coarse_aggregate < 1026.173
probabilities_array:[0.         0.19230197 0.15855305 0.1629868  0.2221514  0.05424273
 0.0352     0.17456405]

rule21: 919.905 < coarse_aggregate < 973.039
probabilities_array:[0.09925042 0.15822625 0.1523537  0.         0.20467834 0.1361947
 0.01879443 0.23050222]

rule0: cement < 210.923
probabilities_array:[0.37209147 0.35715994 0.0816182  0.08162717 0.03455912 0.06083507
 0.         0.01210896]

rule4: blast_furnace_slag < 15.652
probabilities_array:[0.311335   0.19001439 0.10988884 0.         0.02460099 0.
 0.07195035 0.2922104 ]

rule13: 166.978 < water < 181.682
probabilities_array:[0.19797298 0.03626965 0.05438266 0.29958102 0.         0.19906785
 0.100043   0.1126828 ]

rule25: 717.169 < fine_aggregate < 771.601
probabilities_array:[0.         0.03033757 0.04943629 0.1554895  0.06469334 0.19314538
 0.38738197 0.11951597]

rule31: age > 88.331
probabilities_array:[0.         0.00695934 0.04284859 0.01289389 0.24177808 0.29309762
 0.38140368 0.02101878]


---3---
rule7: blast_furnace_slag > 132.307
probabilities_array:[0.0248435  0.         0.15143116 0.35545594 0.07046241 0.06854623
 0.20037484 0.12888591]

rule28: age < 3.498
probabilities_array:[0.41144538 0.28423405 0.         0.29293746 0.00116715 0.
 0.         0.010216  ]

rule19: superplasticizer > 10.336
probabilities_array:[0.         0.         0.         0.3920693  0.         0.03429818
 0.3095121  0.26412043]

rule13: 166.978 < water < 181.682
probabilities_array:[0.19797298 0.03626965 0.05438266 0.29958102 0.         0.19906785
 0.100043   0.1126828 ]

rule15: water > 196.386
probabilities_array:[2.6791987e-01 1.7969194e-01 2.4328360e-01 2.2879875e-01 5.1968716e-02
 2.0524690e-02 9.1405273e-05 7.7209938e-03]

rule3: cement > 352.922
probabilities_array:[0.         0.         0.         0.19412707 0.29082665 0.
 0.3551062  0.15994014]

rule24: fine_aggregate < 717.169
probabilities_array:[0.01418897 0.         0.         0.16336359 0.08347262 0.25556463
 0.4367777  0.04663249]

rule6: 73.980 < blast_furnace_slag < 132.307
probabilities_array:[0.         0.15864946 0.         0.1702022  0.12554434 0.267294
 0.15246062 0.12584943]

rule20: coarse_aggregate < 919.905
probabilities_array:[0.04355188 0.         0.         0.1781512  0.08742988 0.11018686
 0.35144362 0.2292366 ]

rule25: 717.169 < fine_aggregate < 771.601
probabilities_array:[0.         0.03033757 0.04943629 0.1554895  0.06469334 0.19314538
 0.38738197 0.11951597]

rule22: 973.039 < coarse_aggregate < 1026.173
probabilities_array:[0.         0.19230197 0.15855305 0.1629868  0.2221514  0.05424273
 0.0352     0.17456405]

rule17: 2.269 < superplasticizer < 6.303
probabilities_array:[0.         0.26214212 0.         0.15084355 0.372854   0.02126041
 0.08446398 0.10843594]

rule29: 3.498 < age < 45.914
probabilities_array:[0.         0.3049897  0.22628482 0.14312562 0.09346535 0.05403946
 0.09576914 0.08232582]

rule23: coarse_aggregate > 1026.173
probabilities_array:[0.19529055 0.39735803 0.00147189 0.14312118 0.         0.02128067
 0.13589786 0.10557986]

rule27: fine_aggregate > 826.032
probabilities_array:[0.40592176 0.05094581 0.03215177 0.187525   0.00115542 0.
 0.         0.32230023]

rule0: cement < 210.923
probabilities_array:[0.37209147 0.35715994 0.0816182  0.08162717 0.03455912 0.06083507
 0.         0.01210896]

rule10: 55.197 < fly_ash < 98.623
probabilities_array:[0.03942539 0.0903658  0.30096656 0.07160973 0.1522821  0.21726014
 0.         0.1280902 ]

rule9: 11.770 < fly_ash < 55.197
probabilities_array:[0.17448689 0.05675861 0.3911427  0.04452722 0.         0.14788495
 0.18519966 0.        ]


---4---
rule17: 2.269 < superplasticizer < 6.303
probabilities_array:[0.         0.26214212 0.         0.15084355 0.372854   0.02126041
 0.08446398 0.10843594]

rule18: 6.303 < superplasticizer < 10.336
probabilities_array:[0.01450241 0.19881512 0.18196502 0.         0.27462676 0.22331588
 0.05776643 0.04900831]

rule3: cement > 352.922
probabilities_array:[0.         0.         0.         0.19412707 0.29082665 0.
 0.3551062  0.15994014]

rule31: age > 88.331
probabilities_array:[0.         0.00695934 0.04284859 0.01289389 0.24177808 0.29309762
 0.38140368 0.02101878]

rule26: 771.601 < fine_aggregate < 826.032
probabilities_array:[0.15238114 0.06008088 0.00317538 0.00917359 0.27686968 0.12849048
 0.18813309 0.18169568]

rule11: fly_ash > 98.623
probabilities_array:[0.29510054 0.         0.30518386 0.03454046 0.2188467  0.09212432
 0.         0.05420408]

rule30: 45.914 < age < 88.331
probabilities_array:[0.         0.         0.04249736 0.         0.20865712 0.29308733
 0.3952646  0.06049355]

rule16: superplasticizer < 2.269
probabilities_array:[2.5697553e-01 5.5111650e-02 2.4634488e-01 3.1334162e-02 1.9442788e-01
 1.6465759e-01 3.6973270e-05 5.1111408e-02]

rule22: 973.039 < coarse_aggregate < 1026.173
probabilities_array:[0.         0.19230197 0.15855305 0.1629868  0.2221514  0.05424273
 0.0352     0.17456405]

rule14: 181.682 < water < 196.386
probabilities_array:[0.34133524 0.1206122  0.20373422 0.         0.20104115 0.
 0.01052526 0.12275189]

rule21: 919.905 < coarse_aggregate < 973.039
probabilities_array:[0.09925042 0.15822625 0.1523537  0.         0.20467834 0.1361947
 0.01879443 0.23050222]

rule10: 55.197 < fly_ash < 98.623
probabilities_array:[0.03942539 0.0903658  0.30096656 0.07160973 0.1522821  0.21726014
 0.         0.1280902 ]

rule6: 73.980 < blast_furnace_slag < 132.307
probabilities_array:[0.         0.15864946 0.         0.1702022  0.12554434 0.267294
 0.15246062 0.12584943]

rule29: 3.498 < age < 45.914
probabilities_array:[0.         0.3049897  0.22628482 0.14312562 0.09346535 0.05403946
 0.09576914 0.08232582]

rule2: 281.922 < cement < 352.922
probabilities_array:[1.7426039e-04 1.6313235e-01 1.8076636e-01 0.0000000e+00 9.6649796e-02
 3.0741119e-01 1.3001655e-01 1.2184948e-01]

rule24: fine_aggregate < 717.169
probabilities_array:[0.01418897 0.         0.         0.16336359 0.08347262 0.25556463
 0.4367777  0.04663249]

rule12: water < 166.978
probabilities_array:[0.         0.00046843 0.         0.04971178 0.08615126 0.35996875
 0.28898188 0.21471788]

rule20: coarse_aggregate < 919.905
probabilities_array:[0.04355188 0.         0.         0.1781512  0.08742988 0.11018686
 0.35144362 0.2292366 ]

rule7: blast_furnace_slag > 132.307
probabilities_array:[0.0248435  0.         0.15143116 0.35545594 0.07046241 0.06854623
 0.20037484 0.12888591]

rule25: 717.169 < fine_aggregate < 771.601
probabilities_array:[0.         0.03033757 0.04943629 0.1554895  0.06469334 0.19314538
 0.38738197 0.11951597]

rule15: water > 196.386
probabilities_array:[2.6791987e-01 1.7969194e-01 2.4328360e-01 2.2879875e-01 5.1968716e-02
 2.0524690e-02 9.1405273e-05 7.7209938e-03]


---5---
rule1: 210.923 < cement < 281.922
probabilities_array:[0.07879143 0.06988075 0.21379848 0.         0.         0.4019532
 0.         0.23557618]

rule31: age > 88.331
probabilities_array:[0.         0.00695934 0.04284859 0.01289389 0.24177808 0.29309762
 0.38140368 0.02101878]

rule12: water < 166.978
probabilities_array:[0.         0.00046843 0.         0.04971178 0.08615126 0.35996875
 0.28898188 0.21471788]

rule30: 45.914 < age < 88.331
probabilities_array:[0.         0.         0.04249736 0.         0.20865712 0.29308733
 0.3952646  0.06049355]

rule2: 281.922 < cement < 352.922
probabilities_array:[1.7426039e-04 1.6313235e-01 1.8076636e-01 0.0000000e+00 9.6649796e-02
 3.0741119e-01 1.3001655e-01 1.2184948e-01]

rule24: fine_aggregate < 717.169
probabilities_array:[0.01418897 0.         0.         0.16336359 0.08347262 0.25556463
 0.4367777  0.04663249]

rule6: 73.980 < blast_furnace_slag < 132.307
probabilities_array:[0.         0.15864946 0.         0.1702022  0.12554434 0.267294
 0.15246062 0.12584943]

rule18: 6.303 < superplasticizer < 10.336
probabilities_array:[0.01450241 0.19881512 0.18196502 0.         0.27462676 0.22331588
 0.05776643 0.04900831]

rule5: 15.652 < blast_furnace_slag < 73.980
probabilities_array:[0.09504541 0.23267059 0.         0.02592025 0.         0.22932298
 0.34175676 0.07528398]

rule10: 55.197 < fly_ash < 98.623
probabilities_array:[0.03942539 0.0903658  0.30096656 0.07160973 0.1522821  0.21726014
 0.         0.1280902 ]

rule13: 166.978 < water < 181.682
probabilities_array:[0.19797298 0.03626965 0.05438266 0.29958102 0.         0.19906785
 0.100043   0.1126828 ]

rule25: 717.169 < fine_aggregate < 771.601
probabilities_array:[0.         0.03033757 0.04943629 0.1554895  0.06469334 0.19314538
 0.38738197 0.11951597]

rule16: superplasticizer < 2.269
probabilities_array:[2.5697553e-01 5.5111650e-02 2.4634488e-01 3.1334162e-02 1.9442788e-01
 1.6465759e-01 3.6973270e-05 5.1111408e-02]

rule9: 11.770 < fly_ash < 55.197
probabilities_array:[0.17448689 0.05675861 0.3911427  0.04452722 0.         0.14788495
 0.18519966 0.        ]

rule26: 771.601 < fine_aggregate < 826.032
probabilities_array:[0.15238114 0.06008088 0.00317538 0.00917359 0.27686968 0.12849048
 0.18813309 0.18169568]

rule21: 919.905 < coarse_aggregate < 973.039
probabilities_array:[0.09925042 0.15822625 0.1523537  0.         0.20467834 0.1361947
 0.01879443 0.23050222]

rule11: fly_ash > 98.623
probabilities_array:[0.29510054 0.         0.30518386 0.03454046 0.2188467  0.09212432
 0.         0.05420408]

rule20: coarse_aggregate < 919.905
probabilities_array:[0.04355188 0.         0.         0.1781512  0.08742988 0.11018686
 0.35144362 0.2292366 ]

rule0: cement < 210.923
probabilities_array:[0.37209147 0.35715994 0.0816182  0.08162717 0.03455912 0.06083507
 0.         0.01210896]

rule7: blast_furnace_slag > 132.307
probabilities_array:[0.0248435  0.         0.15143116 0.35545594 0.07046241 0.06854623
 0.20037484 0.12888591]

rule29: 3.498 < age < 45.914
probabilities_array:[0.         0.3049897  0.22628482 0.14312562 0.09346535 0.05403946
 0.09576914 0.08232582]

rule22: 973.039 < coarse_aggregate < 1026.173
probabilities_array:[0.         0.19230197 0.15855305 0.1629868  0.2221514  0.05424273
 0.0352     0.17456405]


---6---
rule24: fine_aggregate < 717.169
probabilities_array:[0.01418897 0.         0.         0.16336359 0.08347262 0.25556463
 0.4367777  0.04663249]

rule31: age > 88.331
probabilities_array:[0.         0.00695934 0.04284859 0.01289389 0.24177808 0.29309762
 0.38140368 0.02101878]

rule30: 45.914 < age < 88.331
probabilities_array:[0.         0.         0.04249736 0.         0.20865712 0.29308733
 0.3952646  0.06049355]

rule25: 717.169 < fine_aggregate < 771.601
probabilities_array:[0.         0.03033757 0.04943629 0.1554895  0.06469334 0.19314538
 0.38738197 0.11951597]

rule5: 15.652 < blast_furnace_slag < 73.980
probabilities_array:[0.09504541 0.23267059 0.         0.02592025 0.         0.22932298
 0.34175676 0.07528398]

rule3: cement > 352.922
probabilities_array:[0.         0.         0.         0.19412707 0.29082665 0.
 0.3551062  0.15994014]

rule20: coarse_aggregate < 919.905
probabilities_array:[0.04355188 0.         0.         0.1781512  0.08742988 0.11018686
 0.35144362 0.2292366 ]

rule19: superplasticizer > 10.336
probabilities_array:[0.         0.         0.         0.3920693  0.         0.03429818
 0.3095121  0.26412043]

rule12: water < 166.978
probabilities_array:[0.         0.00046843 0.         0.04971178 0.08615126 0.35996875
 0.28898188 0.21471788]

rule9: 11.770 < fly_ash < 55.197
probabilities_array:[0.17448689 0.05675861 0.3911427  0.04452722 0.         0.14788495
 0.18519966 0.        ]

rule8: fly_ash < 11.770
probabilities_array:[0.16143394 0.00807961 0.         0.06710448 0.         0.
 0.32481068 0.43857127]

rule7: blast_furnace_slag > 132.307
probabilities_array:[0.0248435  0.         0.15143116 0.35545594 0.07046241 0.06854623
 0.20037484 0.12888591]

rule26: 771.601 < fine_aggregate < 826.032
probabilities_array:[0.15238114 0.06008088 0.00317538 0.00917359 0.27686968 0.12849048
 0.18813309 0.18169568]

rule6: 73.980 < blast_furnace_slag < 132.307
probabilities_array:[0.         0.15864946 0.         0.1702022  0.12554434 0.267294
 0.15246062 0.12584943]

rule23: coarse_aggregate > 1026.173
probabilities_array:[0.19529055 0.39735803 0.00147189 0.14312118 0.         0.02128067
 0.13589786 0.10557986]

rule2: 281.922 < cement < 352.922
probabilities_array:[1.7426039e-04 1.6313235e-01 1.8076636e-01 0.0000000e+00 9.6649796e-02
 3.0741119e-01 1.3001655e-01 1.2184948e-01]

rule13: 166.978 < water < 181.682
probabilities_array:[0.19797298 0.03626965 0.05438266 0.29958102 0.         0.19906785
 0.100043   0.1126828 ]

rule29: 3.498 < age < 45.914
probabilities_array:[0.         0.3049897  0.22628482 0.14312562 0.09346535 0.05403946
 0.09576914 0.08232582]

rule17: 2.269 < superplasticizer < 6.303
probabilities_array:[0.         0.26214212 0.         0.15084355 0.372854   0.02126041
 0.08446398 0.10843594]

rule18: 6.303 < superplasticizer < 10.336
probabilities_array:[0.01450241 0.19881512 0.18196502 0.         0.27462676 0.22331588
 0.05776643 0.04900831]

rule4: blast_furnace_slag < 15.652
probabilities_array:[0.311335   0.19001439 0.10988884 0.         0.02460099 0.
 0.07195035 0.2922104 ]

