MSE: 2.7201528175740207e-06

Accuracy: 0.5125756128621458

F1: 0.39964799929154327

Confusion Matrix: [[739, 113, 43, 0, 4], [355, 185, 143, 0, 9], [100, 88, 554, 0, 74], [15, 11, 294, 0, 81], [1, 3, 196, 1, 132]]

Uncertainties: {'class0': [0.17405714094638824, 0.20035351812839508, 0.24347124993801117, 0.25324881076812744, 0.2811645567417145], 'class1': [0.024025171995162964, 0.09120260924100876, 0.17405714094638824, 0.20035351812839508, 0.20297929644584656], 'class2': [0.011966072954237461, 0.024025171995162964, 0.09120260924100876, 0.17405714094638824, 0.20297929644584656], 'class3': [0.011966072954237461, 0.024025171995162964, 0.09120260924100876, 0.20297929644584656, 0.3526206314563751], 'class4': [0.011966072954237461, 0.024025171995162964, 0.09120260924100876]}

y_test: [-0.002, 0.001, -0.002, 0.003, -0.001, -0.002, 0.001, 0.001, 0.001, -0.002, 0.001, -0.002, 0.006, 0.001, -0.002, 0.001, -0.004, 0.001, 0.002, 0.001, -0.002, 0.002, 0.002, -0.002, 0.002, -0.005, -0.005, 0.002, -0.004, 0.004, 0.001, 0.002, -0.001, 0.001, 0.002, 0.007, 0.002, -0.002, -0.002, -0.002, 0.001, 0.001, 0.001, 0.001, 0.002, 0.004, -0.001, -0.002, 0.003, 0.001, -0.001, 0.001, 0.001, -0.003, -0.002, 0.002, 0.001, 0.002, 0.001, 0.001, 0.001, 0.001, -0.002, -0.005, 0.003, 0.001, 0.001, 0.002, 0.002, 0.001, 0.006, -0.001, -0.001, -0.005, -0.001, 0.001, 0.001, -0.003, 0.001, 0.003, -0.001, -0.004, 0.002, -0.002, -0.002, 0.002, 0.004, 0.003, -0.001, -0.002, 0.003, -0.003, -0.004, 0.002, 0.001, -0.001, -0.001, -0.005, 0.001, -0.002, -0.001, -0.002, -0.004, -0.002, 0.002, -0.002, 0.001, -0.003, -0.001, 0.003, 0.006, -0.002, 0.002, 0.001, -0.005, -0.001, 0.001, -0.001, 0.004, -0.006, 0.002, 0.001, -0.004, -0.001, -0.003, -0.001, 0.003, 0.003, -0.002, -0.001, -0.002, 0.002, -0.003, -0.001, 0.004, 0.002, 0.003, 0.001, 0.003, -0.002, -0.001, -0.002, -0.001, -0.003, -0.003, 0.003, -0.001, -0.003, -0.002, 0.001, 0.001, -0.001, 0.005, -0.002, 0.001, -0.008, 0.001, 0.001, 0.001, 0.001, 0.003, 0.001, 0.003, 0.003, -0.001, 0.001, -0.003, -0.004, 0.001, 0.001, -0.001, -0.001, 0.001, -0.005, 0.001, 0.003, 0.001, -0.002, -0.002, 0.002, 0.001, -0.003, -0.001, -0.001, 0.002, -0.001, 0.004, -0.005, 0.001, 0.001, 0.002, -0.002, -0.003, 0.002, 0.002, 0.001, 0.001, 0.002, 0.001, -0.001, -0.003, -0.001, 0.001, -0.002, -0.004, -0.001, 0.002, -0.001, -0.003, -0.001, -0.001, 0.002, -0.001, -0.001, -0.002, -0.001, -0.001, -0.002, -0.002, 0.001, 0.004, -0.005, -0.001, 0.003, -0.003, 0.001, 0.002, 0.001, 0.002, 0.003, -0.001, -0.003, 0.002, 0.001, -0.004, -0.001, -0.001, 0.001, -0.003, -0.001, -0.003, -0.002, 0.001, -0.003, 0.005, 0.001, -0.001, 0.002, -0.004, -0.005, 0.001, -0.003, 0.002, -0.001, 0.004, 0.001, 0.001, -0.002, 0.001, 0.001, -0.001, 0.001, 0.002, -0.001, 0.003, 0.008, -0.001, 0.003, 0.001, 0.005, 0.002, 0.001, 0.004, 0.002, -0.004, 0.002, -0.001, -0.003, 0.002, -0.002, -0.001, 0.001, -0.004, -0.001, 0.001, 0.003, -0.003, 0.001, 0.003, 0.002, -0.002, -0.001, 0.004, -0.001, -0.002, -0.002, 0.002, 0.001, 0.001, 0.001, 0.001, -0.003, -0.001, 0.003, -0.003, -0.005, 0.001, 0.002, -0.002, 0.003, -0.002, -0.001, 0.001, 0.002, -0.002, 0.004, -0.003, -0.003, 0.002, -0.002, -0.003, -0.001, 0.002, -0.001, 0.001, 0.002, 0.002, 0.001, -0.003, 0.002, 0.001, -0.001, 0.001, 0.002, 0.001, 0.001, 0.001, 0.003, 0.002, 0.002, 0.001, -0.003, 0.002, -0.001, 0.001, -0.003, -0.002, -0.002, -0.001, 0.002, 0.001, 0.005, -0.004, -0.002, 0.001, 0.002, 0.001, -0.004, 0.001, 0.002, -0.001, 0.001, 0.002, -0.002, 0.004, -0.005, -0.001, 0.002, 0.001, 0.001, 0.001, -0.002, 0.002, 0.001, 0.001, 0.001, 0.002, -0.001, 0.003, -0.003, -0.004, -0.002, 0.001, -0.001, 0.001, 0.002, 0.001, 0.001, -0.001, 0.002, 0.002, -0.002, 0.003, 0.002, 0.002, 0.005, 0.001, -0.002, 0.002, -0.001, -0.001, 0.001, 0.005, 0.002, 0.001, -0.001, 0.003, -0.003, 0.003, 0.002, 0.001, -0.002, 0.001, 0.001, -0.003, 0.002, -0.001, 0.001, -0.003, 0.003, -0.001, -0.003, -0.002, 0.001, -0.004, -0.002, -0.002, 0.001, -0.002, 0.002, -0.003, -0.005, -0.002, -0.001, -0.003, 0.004, -0.004, -0.001, -0.001, 0.001, -0.003, -0.002, -0.003, -0.005, 0.002, -0.002, 0.002, 0.001, 0.002, -0.003, 0.001, 0.002, 0.001, -0.005, -0.002, 0.001, -0.002, -0.002, -0.001, 0.005, 0.001, 0.002, -0.004, -0.001, -0.002, 0.003, 0.003, -0.001, -0.002, 0.001, 0.001, -0.004, -0.003, 0.001, 0.001, 0.003, -0.002, -0.004, -0.001, -0.001, -0.002, -0.001, 0.001, -0.001, 0.002, 0.001, 0.004, 0.001, -0.001, -0.001, -0.002, 0.001, -0.001, -0.002, -0.001, 0.001, -0.002, -0.003, 0.001, 0.002, -0.002, -0.001, -0.001, 0.001, -0.003, 0.002, -0.002, 0.001, -0.004, -0.005, -0.001, 0.001, -0.003, -0.001, 0.006, -0.001, -0.001, -0.001, -0.002, 0.002, -0.002, -0.003, -0.001, 0.002, -0.001, -0.001, 0.002, 0.001, -0.002, 0.001, 0.003, -0.001, -0.005, -0.004, 0.004, -0.001, 0.001, -0.001, -0.001, -0.002, -0.003, 0.002, 0.001, 0.003, 0.001, -0.001, -0.002, -0.001, 0.003, -0.006, -0.001, 0.001, 0.005, -0.002, 0.001, 0.002, 0.005, 0.002, -0.006, 0.001, 0.002, -0.002, 0.004, -0.002, 0.001, -0.001, 0.001, 0.002, -0.001, 0.001, -0.002, -0.001, -0.002, -0.002, -0.004, -0.003, -0.003, -0.001, 0.002, 0.001, 0.001, 0.001, -0.001, 0.002, 0.004, -0.001, -0.004, -0.001, -0.004, 0.001, -0.003, 0.001, -0.001, -0.006, 0.001, -0.002, -0.001, 0.002, 0.002, 0.001, 0.001, -0.001, 0.001, 0.004, -0.002, 0.001, -0.001, -0.002, 0.001, -0.002, -0.004, -0.003, -0.001, -0.004, -0.001, -0.004, -0.003, -0.001, 0.001, 0.001, 0.001, -0.003, -0.003, -0.001, -0.003, 0.001, -0.003, -0.002, -0.002, -0.001, -0.009, 0.002, 0.003, -0.004, -0.001, 0.001, 0.001, -0.001, -0.005, -0.006, 0.001, 0.001, 0.001, 0.001, 0.001, 0.001, -0.003, 0.001, -0.002, 0.002, -0.005, -0.001, 0.001, 0.002, -0.001, 0.001, 0.003, -0.002, 0.002, -0.002, 0.002, 0.004, 0.001, -0.004, 0.001, -0.006, -0.002, 0.002, -0.003, 0.001, -0.002, 0.003, -0.002, 0.001, 0.001, -0.001, -0.005, 0.004, -0.001, -0.001, 0.002, -0.001, -0.001, 0.004, -0.001, -0.001, -0.002, -0.001, -0.003, 0.001, -0.002, -0.001, 0.001, 0.001, -0.001, 0.002, 0.001, 0.004, -0.004, 0.001, 0.002, -0.001, 0.002, -0.001, -0.002, 0.002, 0.003, 0.003, -0.001, 0.003, 0.002, 0.001, 0.004, -0.001, 0.002, 0.001, -0.002, -0.004, -0.001, 0.001, 0.001, -0.001, -0.001, -0.004, -0.001, 0.001, -0.002, -0.001, -0.001, 0.001, 0.001, 0.001, -0.002, -0.001, -0.001, -0.001, -0.006, -0.003, 0.001, -0.001, 0.001, 0.001, 0.002, 0.001, 0.003, -0.004, -0.005, -0.004, -0.003, -0.001, 0.001, 0.001, -0.001, -0.002, 0.005, -0.001, 0.001, -0.001, -0.001, 0.005, 0.001, -0.001, -0.003, -0.002, 0.001, -0.003, -0.002, 0.001, 0.003, 0.001, 0.003, -0.003, -0.002, 0.001, 0.001, -0.001, 0.002, -0.001, 0.002, -0.001, 0.001, -0.001, 0.002, 0.001, -0.003, 0.003, 0.001, -0.003, -0.001, 0.001, -0.001, -0.001, -0.006, -0.001, 0.004, 0.001, -0.001, -0.001, -0.001, -0.005, 0.002, 0.001, -0.003, 0.002, -0.003, -0.001, 0.001, 0.004, 0.002, 0.001, -0.003, 0.005, 0.001, 0.001, -0.001, -0.001, -0.003, 0.002, -0.001, -0.005, 0.003, -0.003, 0.001, 0.001, 0.002, -0.001, 0.002, -0.002, -0.001, 0.001, 0.001, -0.001, 0.002, 0.002, 0.001, 0.001, -0.001, -0.001, -0.004, 0.003, -0.004, 0.003, -0.002, -0.001, -0.001, 0.001, 0.001, -0.004, 0.001, 0.006, -0.004, 0.002, 0.001, -0.001, -0.002, -0.001, 0.001, -0.001, -0.001, -0.001, -0.002, 0.003, -0.001, 0.003, -0.001, -0.001, -0.001, -0.001, 0.001, -0.002, -0.002, -0.001, 0.002, -0.003, -0.001, -0.003, 0.004, 0.001, 0.001, 0.001, 0.001, 0.001, -0.003, 0.001, -0.002, -0.001, 0.002, -0.001, 0.001, 0.004, 0.003, 0.002, -0.002, 0.003, -0.002, 0.001, 0.001, -0.001, -0.002, -0.001, 0.001, -0.001, -0.002, 0.002, 0.002, 0.002, -0.001, -0.001, 0.001, -0.001, 0.001, -0.001, 0.001, 0.002, -0.002, 0.001, -0.002, 0.001, 0.001, 0.003, 0.003, 0.002, 0.002, 0.001, 0.004, -0.006, -0.001, -0.003, 0.001, 0.002, -0.004, -0.007, 0.001, 0.001, 0.002, 0.003, 0.002, 0.004, 0.001, 0.005, 0.001, -0.001, 0.001, 0.001, 0.001, 0.001, -0.003, -0.003, -0.001, 0.001, -0.001, 0.001, -0.001, -0.001, -0.001, 0.002, -0.001, -0.001, 0.001, 0.002, -0.004, -0.001, -0.003, -0.001, 0.001, -0.008, 0.002, 0.001, -0.001, 0.001, -0.001, 0.001, -0.008, -0.001, -0.001, -0.001, 0.002, 0.001, 0.003, 0.001, 0.001, 0.001, -0.003, 0.001, -0.003, 0.001, -0.001, 0.001, 0.001, 0.002, -0.004, -0.002, -0.001, 0.002, 0.001, -0.001, -0.003, 0.001, 0.001, 0.001, 0.002, 0.001, 0.001, 0.001, 0.001, 0.002, -0.002, 0.003, 0.002, -0.001, -0.003, 0.001, 0.001, -0.002, -0.001, 0.002, -0.003, 0.003, -0.002, -0.004, -0.001, 0.002, -0.001, -0.001, 0.001, 0.002, 0.001, 0.001, 0.001, 0.001, 0.004, -0.003, -0.001, 0.002, 0.002, -0.001, 0.001, -0.002, -0.006, -0.001, 0.002, -0.001, -0.001, 0.001, -0.001, -0.002, -0.002, 0.004, 0.001, 0.013, 0.001, -0.001, 0.002, 0.002, -0.002, -0.001, -0.003, 0.001, -0.003, -0.001, -0.001, 0.003, 0.001, -0.001, 0.001, 0.001, -0.001, -0.001, 0.002, -0.001, -0.001, 0.001, -0.001, 0.001, 0.001, 0.001, -0.002, 0.002, 0.002, 0.003, -0.001, -0.003, 0.004, -0.001, 0.001, -0.002, 0.001, -0.002, -0.001, -0.001, 0.002, -0.002, -0.002, 0.001, 0.001, -0.001, -0.001, 0.001, -0.001, -0.004, -0.001, -0.002, -0.001, -0.002, 0.001, -0.003, 0.002, 0.001, -0.001, -0.003, -0.002, 0.001, -0.004, 0.002, -0.004, -0.001, -0.001, 0.001, -0.004, -0.005, -0.001, -0.001, -0.002, -0.001, 0.003, 0.003, -0.001, -0.003, -0.001, -0.005, 0.001, -0.003, -0.003, -0.001, 0.001, -0.003, -0.002, 0.002, 0.001, 0.002, -0.001, 0.002, 0.001, -0.001, -0.007, 0.001, -0.001, 0.001, -0.002, -0.001, -0.002, 0.001, -0.003, 0.004, 0.004, 0.003, -0.001, 0.002, 0.001, 0.001, -0.002, 0.004, 0.003, 0.002, -0.002, 0.001, -0.001, -0.001, -0.001, 0.001, 0.001, 0.002, -0.002, -0.001, 0.002, 0.001, -0.001, 0.001, -0.005, 0.003, -0.001, 0.001, 0.002, 0.001, 0.001, -0.001, 0.001, -0.004, -0.001, 0.002, -0.002, -0.001, -0.001, -0.001, -0.001, -0.003, -0.001, -0.002, -0.003, 0.001, -0.002, 0.001, -0.001, -0.001, 0.001, 0.001, -0.002, -0.001, -0.001, -0.002, -0.002, 0.002, 0.001, -0.003, -0.003, 0.003, -0.008, 0.002, 0.002, -0.001, 0.003, -0.001, -0.001, 0.001, 0.001, 0.004, 0.001, 0.001, 0.001, 0.003, -0.001, -0.002, 0.002, 0.001, -0.002, -0.002, -0.001, 0.001, 0.003, -0.001, 0.002, 0.004, -0.001, 0.001, -0.003, 0.005, 0.001, -0.006, 0.003, 0.003, -0.004, 0.001, 0.001, -0.003, 0.001, 0.001, 0.002, -0.002, 0.001, 0.001, -0.001, -0.001, 0.001, -0.004, 0.002, 0.001, 0.001, -0.001, -0.002, 0.002, 0.001, -0.001, -0.002, 0.002, -0.002, -0.001, 0.002, 0.001, -0.002, -0.001, -0.002, -0.001, 0.001, -0.002, -0.001, 0.001, -0.002, -0.001, 0.002, -0.006, -0.003, 0.004, 0.003, 0.006, -0.004, 0.003, -0.002, 0.001, 0.005, 0.002, -0.005, -0.001, 0.002, 0.002, 0.001, -0.002, -0.004, -0.002, 0.003, -0.001, -0.003, 0.001, 0.005, -0.001, -0.001, 0.001, -0.002, -0.006, 0.001, 0.002, -0.002, -0.001, -0.001, -0.002, -0.007, 0.002, 0.001, 0.003, -0.002, -0.001, -0.002, 0.001, -0.002, 0.001, 0.002, 0.002, -0.002, 0.003, -0.006, -0.001, 0.002, 0.003, 0.001, -0.001, -0.001, 0.001, 0.001, 0.003, 0.001, -0.001, -0.001, 0.003, 0.002, -0.005, 0.002, 0.003, 0.001, -0.001, 0.001, -0.003, 0.003, -0.002, 0.002, 0.009, -0.002, -0.006, -0.001, -0.002, 0.003, 0.001, -0.002, 0.001, -0.002, -0.001, 0.001, 0.001, -0.001, 0.002, -0.001, -0.001, 0.001, 0.001, -0.001, 0.002, 0.001, -0.004, 0.002, 0.003, -0.001, -0.004, 0.001, -0.002, -0.001, -0.001, -0.002, 0.003, 0.002, 0.001, 0.001, 0.004, -0.003, -0.001, 0.001, 0.001, 0.003, -0.001, -0.001, -0.002, -0.002, 0.001, 0.002, -0.002, 0.002, -0.001, 0.002, 0.004, 0.002, -0.003, 0.001, 0.004, 0.001, -0.002, -0.001, -0.005, -0.001, 0.001, 0.001, 0.001, -0.001, -0.002, -0.004, -0.001, -0.002, 0.005, 0.001, -0.001, -0.001, -0.003, -0.001, 0.003, -0.002, -0.001, 0.003, 0.005, -0.002, 0.001, -0.001, -0.003, 0.002, -0.001, 0.003, 0.001, -0.003, -0.001, -0.001, -0.001, 0.001, 0.001, 0.001, -0.003, -0.004, -0.001, -0.002, -0.001, -0.006, -0.001, -0.001, 0.001, -0.001, 0.003, 0.001, -0.003, -0.002, -0.002, -0.002, 0.001, -0.002, 0.002, -0.004, -0.001, -0.002, 0.002, 0.002, 0.001, 0.001, -0.002, -0.002, 0.001, 0.002, 0.001, 0.001, -0.001, -0.002, 0.003, 0.001, -0.001, -0.004, 0.002, 0.001, 0.003, 0.002, -0.003, 0.003, -0.005, -0.004, -0.004, -0.002, 0.001, -0.004, -0.002, 0.001, -0.002, 0.002, 0.003, 0.001, -0.001, 0.001, -0.003, 0.001, 0.001, -0.001, -0.003, -0.001, -0.004, 0.001, 0.004, -0.001, 0.003, -0.001, 0.004, -0.003, -0.003, 0.001, 0.001, -0.005, -0.002, 0.001, -0.002, -0.004, -0.002, 0.001, 0.001, 0.001, -0.005, -0.002, 0.001, -0.002, 0.003, 0.002, 0.001, -0.001, -0.003, -0.001, -0.001, 0.005, 0.003, -0.001, -0.004, -0.001, 0.004, 0.003, 0.002, -0.002, 0.001, -0.002, 0.001, 0.003, 0.003, -0.001, -0.001, 0.001, 0.001, 0.001, 0.001, 0.001, 0.002, -0.001, -0.001, 0.003, 0.001, 0.005, 0.002, 0.001, 0.001, 0.003, 0.002, 0.002, 0.001, -0.003, -0.002, 0.001, -0.001, -0.001, 0.002, -0.002, -0.001, -0.001, -0.001, -0.007, 0.001, 0.004, -0.003, 0.001, 0.002, -0.002, 0.001, 0.001, 0.001, -0.001, -0.005, -0.001, 0.002, -0.002, -0.004, 0.001, 0.003, -0.002, 0.001, -0.002, -0.001, 0.001, 0.001, 0.001, 0.003, 0.001, -0.002, 0.004, 0.001, -0.001, 0.001, 0.008, -0.002, -0.001, 0.001, -0.001, -0.003, 0.002, -0.004, 0.001, -0.002, -0.005, 0.002, 0.001, 0.003, -0.001, 0.001, -0.004, -0.002, 0.002, -0.004, 0.002, 0.004, 0.002, 0.007, -0.002, 0.002, 0.002, 0.004, -0.004, 0.002, 0.002, -0.001, 0.001, -0.004, -0.004, 0.003, -0.003, 0.002, -0.001, 0.002, -0.001, -0.001, 0.001, 0.004, 0.001, -0.001, 0.001, 0.001, 0.005, 0.001, -0.001, -0.008, -0.002, 0.003, -0.003, 0.002, 0.002, -0.002, -0.004, 0.004, 0.001, 0.002, -0.001, -0.001, 0.001, 0.001, -0.001, 0.002, 0.004, -0.001, -0.003, -0.004, 0.001, 0.001, 0.004, -0.001, 0.002, -0.001, -0.003, 0.003, 0.004, 0.001, -0.001, 0.001, -0.005, 0.003, -0.002, -0.006, -0.001, -0.002, 0.001, 0.001, 0.002, -0.001, -0.001, 0.001, -0.001, 0.001, 0.002, 0.002, 0.002, -0.002, 0.004, 0.001, 0.001, -0.002, 0.001, -0.002, 0.003, 0.001, -0.004, -0.004, -0.004, 0.001, -0.005, -0.002, 0.004, -0.002, 0.001, -0.002, -0.001, -0.001, -0.001, -0.004, -0.001, -0.002, 0.002, 0.003, 0.006, 0.001, -0.002, -0.001, 0.001, 0.001, -0.001, 0.001, -0.001, 0.002, -0.001, -0.001, -0.001, 0.001, 0.001, -0.003, -0.001, -0.001, -0.003, -0.001, -0.001, 0.001, -0.002, -0.003, -0.001, -0.001, 0.001, -0.001, -0.001, 0.003, 0.001, -0.003, -0.001, 0.001, 0.003, 0.002, -0.001, -0.003, 0.001, 0.001, 0.001, 0.002, 0.002, 0.001, -0.005, 0.001, 0.002, 0.001, -0.001, -0.001, 0.001, -0.001, 0.001, 0.001, 0.002, 0.001, -0.004, -0.003, 0.001, -0.001, -0.008, -0.002, -0.002, 0.004, 0.001, -0.001, 0.001, -0.005, 0.004, -0.001, 0.001, -0.001, -0.001, -0.002, -0.001, 0.002, 0.002, -0.005, 0.004, 0.001, -0.003, -0.002, 0.001, -0.004, -0.005, 0.005, -0.001, 0.001, 0.002, -0.002, -0.003, 0.003, -0.003, 0.002, -0.001, -0.002, -0.001, -0.002, 0.001, 0.001, -0.003, -0.001, 0.003, 0.001, -0.001, -0.002, 0.001, 0.003, 0.002, 0.001, 0.002, 0.001, -0.003, 0.001, 0.003, -0.002, -0.005, 0.001, 0.001, 0.001, 0.002, -0.002, 0.002, -0.003, -0.001, -0.001, -0.002, 0.001, -0.001, 0.005, 0.004, 0.002, -0.002, 0.002, -0.002, 0.001, 0.001, 0.001, -0.001, -0.002, 0.001, 0.001, -0.001, 0.001, 0.006, -0.004, -0.002, -0.001, 0.003, 0.004, 0.002, 0.001, -0.003, -0.002, -0.001, -0.001, -0.003, -0.001, -0.002, -0.001, 0.004, 0.009, -0.004, 0.003, 0.002, 0.001, -0.002, -0.001, -0.006, 0.001, -0.003, -0.003, -0.001, -0.001, 0.001, 0.001, 0.001, 0.002, 0.003, -0.001, 0.001, 0.001, 0.002, 0.003, -0.001, 0.001, -0.002, 0.001, 0.003, -0.001, 0.001, 0.001, -0.001, -0.001, -0.002, -0.001, 0.002, -0.005, 0.001, 0.004, -0.001, 0.001, 0.001, -0.002, 0.001, 0.003, -0.001, -0.001, 0.004, 0.002, 0.003, 0.002, 0.001, 0.002, 0.001, 0.003, -0.001, -0.002, -0.001, -0.002, -0.003, -0.003, -0.003, -0.003, -0.003, -0.002, 0.002, 0.002, -0.001, 0.001, -0.001, -0.001, 0.002, -0.001, 0.001, 0.002, 0.001, 0.001, 0.001, -0.001, -0.001, 0.001, 0.001, 0.002, -0.003, 0.003, 0.007, 0.001, -0.003, -0.001, 0.001, -0.001, -0.003, 0.001, 0.003, 0.002, -0.001, -0.003, 0.001, 0.006, -0.001, 0.001, 0.002, 0.003, -0.001, -0.005, -0.003, 0.001, -0.006, -0.001, -0.004, -0.001, -0.001, 0.002, 0.003, 0.002, 0.001, -0.002, -0.002, 0.001, -0.002, -0.005, -0.008, -0.002, -0.001, 0.001, 0.003, 0.001, 0.001, -0.001, -0.001, -0.003, 0.001, 0.002, 0.001, -0.001, -0.004, -0.001, 0.001, -0.002, 0.001, -0.002, 0.001, 0.001, 0.001, -0.003, 0.002, 0.001, -0.002, 0.004, 0.002, 0.002, -0.003, 0.001, -0.001, -0.002, 0.002, -0.003, 0.001, -0.001, -0.001, -0.001, -0.004, -0.001, 0.001, -0.002, 0.002, 0.002, 0.003, 0.002, 0.001, 0.001, -0.001, 0.001, -0.001, 0.001, -0.004, -0.002, -0.003, -0.002, -0.002, -0.001, -0.001, 0.002, 0.003, 0.001, -0.003, -0.005, -0.001, -0.002, 0.001, -0.002, -0.003, 0.001, 0.002, -0.001, 0.001, 0.004, -0.002, -0.001, -0.003, 0.001, -0.001, 0.003, 0.001, -0.003, 0.001, 0.001, -0.002, -0.001, 0.002, -0.001, -0.005, -0.004, 0.001, -0.003, -0.001, -0.002, 0.001, 0.001, -0.001, 0.001, -0.001, 0.002, 0.001, -0.005, -0.002, -0.001, -0.003, -0.002, 0.001, 0.001, 0.003, -0.003, -0.001, -0.001, 0.004, -0.001, -0.001, -0.002, -0.001, 0.001, 0.001, -0.001, 0.001, 0.001, -0.002, -0.002, -0.005, -0.002, 0.001, 0.001, -0.002, -0.006, -0.001, 0.002, -0.001, 0.003, 0.001, -0.004, 0.004, -0.003, 0.002, 0.001, 0.001, -0.008, -0.003, -0.002, 0.001, -0.001, -0.001, -0.003, -0.002, -0.002, 0.003, 0.002, 0.001, -0.001, 0.001, 0.001, -0.001, 0.003, 0.003, -0.001, -0.001, 0.004, -0.001, 0.001, -0.001, 0.004, 0.002, 0.005, 0.003, 0.001, 0.002, -0.002, -0.001, -0.001, -0.002, -0.005, 0.001, 0.002, -0.003, -0.002, -0.002, -0.003, -0.003, -0.002, -0.002, 0.002, 0.002, 0.001, -0.003, 0.004, 0.002, -0.001, 0.002, -0.003, -0.002, 0.003, 0.001, 0.001, 0.001, -0.002, -0.001, -0.002, -0.003, -0.003, 0.001, -0.004, 0.001, -0.001, 0.002, -0.008, 0.001, -0.001, -0.004, 0.003, -0.001, -0.001, 0.002, 0.005, -0.002, 0.001, -0.002, 0.002, 0.002, 0.001, 0.002, 0.001, -0.001, -0.001, 0.002, -0.001, -0.001, -0.001, -0.001, 0.002, -0.005, 0.004, 0.002, -0.003, -0.002, -0.003, 0.003, -0.002, 0.002, -0.001, 0.002, -0.001, -0.002, 0.003, 0.002, -0.001, -0.002, 0.001, 0.001, -0.002, -0.002, -0.001, 0.001, -0.001, -0.003, 0.001, -0.003, -0.005, 0.001, 0.006, -0.008, -0.003, -0.002, 0.001, 0.001, -0.001, -0.001, -0.001, 0.005, 0.004, -0.002, 0.001, 0.001, -0.002, 0.001, 0.002, -0.002, 0.001, -0.001, -0.003, -0.004, -0.003, -0.001, 0.001, -0.001, -0.001, -0.002, 0.004, -0.003, 0.005, -0.003, -0.001, 0.001, 0.001, 0.001, 0.002, -0.004, 0.002, 0.001, 0.002, 0.002, -0.001, -0.001, 0.004, -0.002, 0.001, -0.006, 0.003, 0.002, -0.001, 0.001, 0.003, 0.005, 0.001, -0.001, 0.001, 0.001, 0.002, -0.001, -0.002, -0.001, 0.003, 0.001, -0.002, -0.002, 0.002, 0.002, -0.001, -0.001, 0.002, -0.002, 0.001, -0.001, 0.001, -0.003, -0.003, 0.004, 0.003, 0.002, -0.001, 0.001, 0.001, 0.002, 0.001, 0.001, 0.002, -0.002, -0.003, -0.003, 0.002, 0.002, -0.004, -0.002, -0.001, 0.002, 0.002, 0.001, -0.002, 0.001, 0.001, -0.003, -0.001, 0.001, 0.002, -0.001, -0.003, 0.002, -0.001, -0.001, 0.001, 0.001, 0.001, -0.002, -0.001, 0.002, -0.002, -0.002, 0.001, -0.002, 0.001, -0.003, 0.003, -0.001, 0.001, -0.001, 0.003, 0.002, -0.003, 0.003, 0.002, 0.001, 0.002, -0.002, -0.003, 0.002, -0.002, 0.001, -0.002, -0.004, -0.001, -0.003, 0.001, 0.001, -0.004, 0.001, 0.001, -0.004, -0.003, 0.001, -0.004, -0.004, 0.001, 0.001, 0.002, 0.001, 0.005, -0.003, -0.001, 0.001, -0.001, 0.001, 0.005, 0.001, 0.012, -0.002, -0.001, -0.002, 0.001, 0.002, 0.001, 0.001, -0.001, -0.001, 0.002, -0.001, -0.002, -0.001, -0.002, 0.002, 0.001, -0.002, -0.001, 0.004, 0.001, -0.002, -0.002, 0.001, -0.001, -0.002, -0.001, 0.001, -0.002, -0.002, 0.002, 0.001, -0.001, -0.001, 0.004, 0.001, -0.002, -0.002, -0.002, 0.002, 0.001, 0.003, 0.001, -0.003, 0.001, 0.002, -0.001, 0.003, -0.002, 0.002, 0.002, 0.001, -0.003, 0.001, -0.002, 0.002, 0.001, 0.002, -0.003, -0.001, -0.003, -0.002, 0.002, -0.001, -0.001, -0.001, 0.003, 0.001, -0.005, 0.002, 0.001, -0.002, 0.002, 0.001, 0.001, 0.001, 0.002, 0.001, -0.002, 0.002, 0.002, -0.001, -0.003, -0.002, 0.002, 0.001, 0.001, -0.007, -0.001, 0.002, 0.001, 0.001, 0.001, 0.002, 0.001, -0.002, -0.001, 0.004, 0.001, -0.002, -0.001, -0.001, -0.003, 0.001, -0.003, 0.001, -0.001, -0.002, 0.001, -0.003, 0.001, 0.002, -0.001, 0.002, 0.002, 0.003, -0.001, -0.001, -0.004, -0.001, 0.003, -0.001, 0.005, 0.002, -0.002, 0.005, -0.001, 0.001, -0.002, 0.002, -0.004, -0.003, -0.001, -0.002, 0.003, 0.003, 0.001, -0.002, 0.002, 0.002, 0.001, -0.001, -0.001, -0.002, -0.001, 0.003, 0.003, 0.001, 0.001, 0.003, 0.001, -0.001, -0.002, -0.003, 0.002, -0.001, 0.002, -0.001, -0.001, 0.001, -0.001, -0.002, -0.003, 0.001, -0.001, 0.003, -0.005, 0.001, -0.002, 0.001, 0.001, -0.001, -0.001, -0.002, -0.001, 0.001, -0.001, 0.003, -0.001, 0.001, -0.001, 0.001, 0.002, -0.002, 0.001, -0.003, -0.001, -0.002, -0.003, -0.003, -0.001, 0.001, 0.003, -0.004, 0.003, 0.001, 0.001, 0.001, 0.001, 0.002, 0.003, 0.001, 0.002, -0.003, -0.001, 0.002, 0.002, -0.004, -0.004, -0.005, -0.002, 0.003, 0.001, 0.002, 0.003, 0.001, -0.001, -0.001, 0.001, 0.001, -0.001, 0.001, 0.001, -0.001, -0.002, 0.001, -0.001, 0.001, -0.001, 0.004, -0.001, -0.002, -0.001, -0.002, -0.002, -0.003, -0.001, 0.003, 0.001, -0.001, -0.004, -0.003, -0.001, -0.001, -0.001, 0.001, 0.003, -0.003, -0.001, -0.001, -0.001, -0.002, -0.002, -0.001, -0.003, -0.003, -0.001, 0.002, -0.008, -0.001, 0.001, 0.002, -0.002, -0.001, -0.001, -0.003, -0.004, 0.002, 0.002, 0.001, 0.001, -0.002, -0.01, -0.002, 0.002, -0.003, 0.001, -0.002, -0.001, -0.001, 0.001, 0.005, 0.002, -0.002, 0.002, 0.002, -0.001, 0.002, 0.003, 0.002, -0.003, -0.003, -0.001, -0.001, -0.002, 0.004, -0.001, -0.002, 0.002, -0.003, 0.003, -0.001, -0.001, -0.001, 0.001, 0.001, -0.003, 0.001, -0.003, 0.001, 0.001, 0.002, -0.001, 0.001, -0.002, -0.003, -0.002, -0.001, -0.001, -0.002, -0.003, 0.002, -0.002, 0.002, -0.005, 0.001, -0.004, -0.001, 0.002, -0.001, -0.001, 0.001, 0.001, 0.001, -0.003, 0.001, 0.001, -0.002, -0.002, -0.006, 0.002, -0.001, -0.002, -0.001, -0.003, 0.001, -0.003, -0.003, 0.001, -0.006, 0.001, -0.001, -0.001, 0.001, 0.001, -0.003, -0.001, -0.001, -0.001, -0.002, -0.004, -0.001, -0.001, -0.001, 0.005, 0.001, -0.001, -0.002, -0.006, -0.002, -0.001, 0.001, -0.004, 0.003, 0.001, 0.001, -0.002, 0.003, 0.001, 0.001, 0.001, -0.003, 0.001, 0.001, 0.003, 0.002, 0.001, -0.002, 0.002, -0.001, -0.004, 0.001, 0.002, -0.002, -0.001, -0.004, -0.002, 0.001, 0.001, 0.001, -0.001, -0.001, -0.002, -0.005, 0.001, -0.002, -0.001, -0.001, -0.003, -0.002, -0.002, -0.002, -0.001, 0.001, 0.002, -0.001, -0.002, 0.003, 0.004, 0.002, -0.002, 0.001, 0.001, -0.001, 0.001, 0.001, -0.001, -0.001, 0.002, 0.002, 0.001, -0.005, -0.005, 0.002, 0.002, -0.006, -0.002, -0.004, 0.001, 0.001, -0.003, -0.002, 0.001, -0.001, -0.002, 0.003, -0.003, 0.001, 0.003, 0.002, -0.005, 0.001, 0.002, 0.003, -0.002, 0.002, 0.001, -0.002, 0.001, -0.002, 0.001, 0.006, 0.004, -0.001, -0.001, 0.001, -0.004, 0.001, -0.002, -0.001, -0.001, 0.001, -0.002, 0.002, -0.001, 0.002, 0.001, -0.002, -0.003, 0.002, -0.002, 0.001, -0.001, -0.001, -0.001, 0.002, -0.002, -0.004, 0.001, 0.001, -0.002, -0.002, 0.001, 0.001, 0.001, 0.001, -0.001, 0.001, -0.003, -0.001, -0.001, -0.002, 0.004, 0.001, 0.002, 0.003, 0.001, 0.001, -0.005, -0.001, -0.003, -0.003, 0.001, -0.004, 0.001, -0.003, -0.002, -0.002, -0.001, -0.001, 0.002, -0.001, 0.002, 0.001, 0.001, -0.004, -0.002, -0.003, 0.001, 0.004, -0.003, 0.002, -0.002, -0.003, 0.001, 0.001, -0.002, -0.002, -0.001, 0.003, 0.003, 0.002, -0.002, -0.002, -0.002, -0.003, 0.001, 0.001, -0.003, -0.003, 0.005, 0.001, 0.001, -0.003, -0.001, -0.002, -0.001, 0.001, -0.001, 0.002, 0.001, 0.001, -0.001, 0.002, 0.003, -0.003, -0.002, -0.001, -0.001, -0.002, -0.002, -0.004, 0.003, -0.002, -0.002, -0.001, 0.002, 0.001, 0.001, -0.003, 0.001, -0.001, -0.004, 0.001, -0.001, -0.003, -0.003, 0.003, 0.002, -0.004, 0.001, -0.002, 0.002, 0.006, 0.001, 0.001, 0.003, -0.001, 0.002, 0.003, 0.001, 0.001, -0.003, 0.001, 0.003, -0.002, 0.001, -0.001, 0.001, -0.001, -0.002, 0.006, -0.002, -0.003, 0.003, 0.002, 0.001, -0.001, 0.004, -0.002, -0.006, 0.004, -0.001, -0.002, -0.001, -0.002, -0.004, 0.001, 0.001, -0.001, -0.002, -0.001, -0.004, 0.002, 0.001, 0.001, -0.002, -0.001, 0.002, 0.003, 0.001, -0.001, 0.001, -0.001, -0.002, -0.002, -0.001, 0.002, -0.001, -0.003, -0.001, -0.002, -0.006, 0.001, -0.001, 0.001, 0.001, 0.004, -0.002, -0.001, -0.001, 0.002, -0.002, -0.001, 0.002, -0.001, 0.001, 0.001, -0.002, 0.001, -0.001, 0.001]

buck_pred: [0, 2, 0, 2, 0, 0, 0, 4, 2, 0, 2, 0, 4, 2, 0, 0, 0, 2, 2, 2, 0, 4, 2, 0, 1, 0, 1, 2, 0, 2, 2, 2, 2, 2, 2, 2, 2, 2, 0, 0, 4, 1, 2, 2, 2, 4, 0, 0, 0, 0, 2, 4, 2, 1, 0, 2, 0, 0, 2, 0, 2, 2, 0, 2, 2, 1, 2, 2, 2, 2, 4, 0, 0, 0, 0, 1, 2, 0, 2, 4, 0, 0, 4, 0, 1, 2, 4, 4, 1, 0, 1, 0, 0, 2, 2, 1, 2, 0, 0, 0, 1, 0, 0, 0, 0, 0, 2, 1, 1, 2, 4, 1, 2, 2, 0, 1, 2, 2, 4, 0, 2, 1, 0, 2, 0, 1, 4, 2, 0, 0, 0, 1, 0, 0, 2, 2, 2, 2, 4, 0, 0, 0, 0, 0, 0, 4, 0, 0, 2, 1, 2, 2, 2, 0, 0, 0, 2, 2, 2, 4, 4, 2, 2, 4, 0, 2, 0, 0, 2, 2, 1, 0, 2, 0, 2, 2, 2, 0, 0, 2, 2, 0, 1, 0, 2, 0, 2, 0, 2, 2, 4, 2, 0, 2, 2, 1, 1, 2, 2, 4, 0, 0, 2, 1, 0, 0, 2, 0, 0, 0, 0, 2, 0, 2, 1, 0, 2, 1, 1, 2, 1, 0, 0, 4, 0, 2, 4, 2, 2, 2, 0, 1, 2, 2, 0, 0, 0, 0, 0, 0, 0, 0, 2, 0, 4, 2, 0, 4, 0, 0, 0, 0, 2, 1, 2, 2, 2, 0, 2, 2, 0, 0, 4, 1, 4, 4, 2, 2, 2, 4, 2, 2, 2, 1, 0, 4, 0, 0, 2, 2, 1, 2, 0, 2, 4, 2, 0, 2, 4, 4, 0, 0, 2, 1, 0, 1, 4, 1, 0, 1, 1, 0, 0, 2, 0, 0, 2, 2, 0, 2, 1, 0, 2, 2, 2, 4, 0, 2, 2, 0, 0, 0, 4, 0, 2, 4, 0, 2, 0, 4, 2, 1, 2, 2, 2, 0, 1, 2, 2, 2, 4, 0, 2, 0, 4, 0, 2, 0, 0, 2, 0, 4, 0, 0, 2, 2, 0, 0, 2, 2, 0, 2, 2, 0, 4, 0, 0, 2, 2, 2, 2, 0, 2, 0, 2, 0, 2, 2, 2, 0, 0, 0, 2, 1, 1, 1, 2, 0, 0, 4, 2, 0, 2, 2, 4, 2, 0, 0, 4, 1, 2, 2, 4, 2, 2, 2, 4, 0, 2, 2, 2, 0, 2, 2, 0, 4, 1, 4, 2, 2, 1, 0, 0, 2, 1, 0, 1, 2, 0, 2, 0, 1, 0, 1, 2, 4, 0, 2, 1, 2, 0, 4, 0, 0, 4, 0, 2, 1, 2, 0, 4, 4, 2, 0, 0, 4, 0, 1, 2, 4, 0, 4, 0, 1, 0, 2, 4, 1, 0, 4, 4, 0, 0, 2, 2, 4, 2, 0, 0, 0, 0, 0, 2, 0, 1, 2, 4, 4, 0, 0, 2, 2, 2, 0, 0, 2, 0, 0, 2, 2, 0, 2, 2, 2, 0, 2, 0, 0, 0, 0, 0, 2, 0, 1, 4, 1, 0, 0, 0, 2, 0, 0, 0, 2, 0, 0, 2, 2, 0, 2, 4, 0, 0, 0, 4, 2, 2, 0, 1, 0, 0, 2, 2, 2, 2, 0, 0, 0, 2, 0, 1, 2, 4, 0, 2, 2, 2, 2, 0, 2, 4, 0, 2, 0, 1, 2, 2, 2, 0, 1, 0, 0, 0, 1, 0, 0, 1, 1, 2, 2, 2, 2, 0, 2, 2, 0, 0, 2, 0, 4, 0, 2, 2, 0, 2, 0, 0, 0, 2, 2, 4, 1, 2, 2, 0, 2, 1, 1, 2, 0, 0, 0, 1, 0, 0, 0, 0, 0, 2, 2, 2, 0, 0, 2, 0, 2, 0, 0, 0, 0, 0, 4, 2, 0, 0, 2, 0, 1, 0, 0, 2, 2, 1, 2, 0, 2, 0, 1, 0, 2, 0, 2, 2, 2, 2, 2, 4, 0, 2, 0, 4, 4, 2, 0, 2, 0, 0, 2, 1, 1, 0, 2, 1, 2, 2, 2, 0, 2, 0, 0, 2, 0, 2, 4, 0, 1, 0, 0, 0, 2, 0, 0, 2, 2, 4, 2, 2, 2, 0, 2, 4, 0, 4, 2, 0, 2, 2, 4, 0, 2, 2, 1, 2, 1, 2, 2, 1, 0, 1, 4, 2, 0, 2, 0, 1, 2, 1, 1, 1, 0, 2, 2, 0, 1, 1, 0, 0, 0, 1, 2, 0, 2, 2, 2, 4, 1, 0, 0, 0, 2, 2, 4, 0, 0, 2, 0, 2, 1, 1, 4, 2, 0, 0, 0, 4, 1, 0, 2, 4, 0, 2, 0, 0, 2, 1, 1, 2, 0, 2, 0, 2, 0, 4, 2, 0, 4, 4, 0, 1, 0, 0, 0, 0, 0, 2, 2, 2, 2, 2, 0, 4, 1, 0, 2, 0, 0, 2, 4, 2, 2, 0, 2, 2, 2, 2, 0, 0, 4, 1, 0, 2, 0, 4, 2, 2, 1, 1, 0, 2, 2, 4, 1, 2, 2, 1, 2, 0, 0, 0, 2, 0, 4, 0, 2, 0, 2, 2, 0, 2, 4, 0, 4, 2, 1, 0, 2, 0, 2, 0, 2, 0, 4, 0, 2, 2, 0, 0, 0, 0, 0, 1, 0, 4, 0, 0, 0, 2, 4, 0, 0, 2, 2, 1, 1, 0, 0, 2, 0, 2, 4, 2, 1, 0, 2, 0, 4, 1, 0, 1, 0, 0, 1, 0, 2, 4, 2, 0, 0, 2, 1, 0, 0, 0, 2, 0, 2, 1, 2, 2, 4, 4, 4, 2, 2, 2, 0, 0, 0, 4, 4, 0, 0, 2, 2, 2, 2, 2, 2, 1, 2, 2, 2, 2, 2, 2, 2, 0, 0, 0, 0, 1, 2, 0, 2, 0, 2, 1, 2, 2, 1, 0, 0, 0, 1, 1, 0, 4, 2, 2, 2, 1, 1, 0, 1, 1, 2, 4, 2, 2, 2, 0, 1, 0, 1, 1, 2, 1, 2, 0, 4, 1, 4, 2, 4, 0, 1, 1, 2, 2, 1, 2, 2, 1, 1, 2, 2, 0, 2, 2, 0, 0, 2, 0, 0, 0, 2, 0, 2, 0, 0, 0, 2, 0, 0, 4, 2, 2, 0, 2, 2, 2, 0, 0, 2, 2, 1, 2, 0, 0, 2, 2, 0, 2, 2, 1, 1, 0, 2, 2, 4, 1, 0, 2, 2, 0, 0, 1, 4, 1, 2, 0, 2, 1, 1, 2, 0, 0, 0, 4, 2, 0, 2, 2, 1, 0, 0, 1, 2, 2, 4, 1, 0, 2, 2, 2, 0, 2, 0, 4, 0, 2, 0, 0, 2, 2, 2, 0, 2, 2, 0, 1, 0, 1, 0, 2, 0, 2, 0, 0, 2, 0, 2, 0, 2, 0, 0, 0, 2, 0, 0, 2, 0, 0, 0, 2, 2, 0, 0, 0, 2, 1, 0, 0, 1, 2, 0, 0, 2, 4, 2, 2, 2, 2, 0, 0, 2, 2, 4, 1, 1, 1, 4, 0, 2, 2, 2, 0, 2, 2, 2, 0, 4, 2, 4, 0, 0, 0, 1, 2, 2, 2, 4, 0, 0, 2, 2, 0, 2, 0, 2, 2, 2, 2, 2, 2, 0, 0, 0, 0, 2, 0, 1, 1, 1, 1, 0, 0, 0, 0, 2, 2, 2, 0, 0, 2, 2, 2, 0, 1, 0, 1, 4, 1, 0, 1, 2, 0, 4, 2, 1, 2, 0, 1, 2, 2, 2, 2, 2, 2, 4, 2, 0, 4, 2, 0, 0, 2, 4, 4, 0, 2, 2, 0, 2, 0, 4, 1, 0, 2, 4, 0, 2, 2, 0, 2, 4, 2, 1, 2, 2, 1, 0, 4, 0, 4, 2, 2, 1, 0, 2, 4, 0, 0, 2, 0, 0, 2, 1, 0, 1, 0, 0, 2, 0, 0, 2, 0, 1, 2, 0, 0, 2, 2, 4, 1, 4, 0, 2, 4, 2, 0, 1, 2, 2, 1, 0, 0, 2, 2, 0, 0, 2, 4, 2, 0, 2, 0, 0, 0, 0, 0, 0, 0, 0, 0, 2, 2, 4, 0, 0, 0, 2, 0, 2, 2, 2, 2, 4, 2, 2, 2, 2, 2, 0, 0, 2, 2, 2, 0, 0, 0, 4, 2, 0, 2, 2, 2, 0, 2, 0, 2, 0, 2, 4, 0, 0, 1, 0, 2, 2, 0, 2, 0, 1, 0, 4, 0, 2, 1, 0, 2, 2, 0, 2, 2, 0, 1, 2, 0, 0, 2, 0, 2, 2, 0, 2, 2, 2, 2, 2, 0, 2, 4, 4, 2, 2, 1, 0, 0, 4, 2, 0, 2, 1, 2, 2, 2, 0, 2, 4, 2, 0, 0, 0, 0, 2, 0, 0, 0, 0, 0, 2, 0, 4, 4, 0, 0, 0, 1, 4, 0, 0, 2, 4, 0, 2, 1, 0, 0, 1, 1, 2, 0, 2, 2, 2, 1, 1, 2, 0, 0, 2, 1, 1, 0, 1, 2, 2, 0, 2, 2, 0, 0, 0, 0, 2, 2, 2, 0, 2, 0, 2, 2, 0, 1, 2, 0, 2, 2, 2, 2, 0, 0, 2, 2, 0, 0, 2, 2, 2, 4, 0, 2, 0, 0, 0, 2, 2, 0, 0, 2, 0, 4, 2, 1, 2, 1, 0, 2, 2, 0, 0, 1, 0, 2, 4, 0, 2, 0, 4, 0, 0, 1, 2, 0, 0, 2, 0, 1, 0, 2, 2, 2, 0, 0, 1, 0, 3, 2, 2, 1, 0, 0, 2, 2, 2, 1, 0, 0, 2, 2, 2, 0, 2, 0, 2, 2, 4, 2, 1, 2, 2, 2, 2, 4, 2, 0, 2, 4, 2, 2, 2, 0, 2, 2, 2, 2, 2, 0, 0, 2, 4, 2, 2, 0, 2, 2, 0, 0, 2, 4, 0, 4, 4, 1, 2, 0, 0, 0, 0, 0, 2, 0, 0, 4, 4, 0, 0, 1, 1, 2, 2, 2, 2, 2, 1, 2, 2, 1, 2, 4, 1, 1, 1, 0, 0, 2, 0, 1, 0, 0, 2, 1, 2, 4, 0, 0, 0, 2, 0, 2, 4, 2, 4, 0, 2, 2, 2, 0, 2, 2, 0, 4, 1, 0, 4, 2, 4, 1, 2, 1, 0, 2, 4, 2, 1, 2, 2, 4, 2, 2, 0, 0, 4, 2, 0, 2, 0, 0, 4, 2, 0, 0, 1, 2, 2, 2, 2, 2, 1, 1, 0, 4, 1, 4, 0, 2, 0, 0, 2, 4, 0, 0, 4, 0, 2, 0, 0, 1, 2, 2, 2, 2, 0, 0, 2, 1, 2, 2, 2, 2, 0, 2, 2, 2, 1, 2, 2, 2, 1, 0, 0, 0, 2, 0, 1, 4, 1, 2, 0, 1, 0, 1, 0, 0, 1, 2, 4, 4, 2, 0, 1, 2, 2, 1, 2, 0, 0, 0, 2, 1, 2, 0, 0, 0, 2, 0, 0, 2, 2, 0, 0, 1, 2, 2, 0, 1, 2, 2, 1, 4, 2, 4, 2, 1, 0, 2, 2, 2, 2, 2, 2, 1, 2, 4, 2, 0, 0, 0, 2, 0, 2, 4, 2, 0, 0, 2, 1, 0, 1, 0, 4, 2, 0, 2, 0, 2, 1, 2, 1, 1, 0, 2, 2, 2, 0, 4, 2, 0, 1, 2, 0, 0, 2, 1, 2, 4, 0, 0, 2, 2, 2, 0, 0, 2, 0, 2, 2, 0, 1, 2, 4, 0, 1, 0, 2, 4, 2, 2, 2, 0, 1, 4, 0, 0, 2, 2, 0, 2, 0, 4, 0, 0, 1, 0, 4, 1, 2, 2, 2, 0, 4, 0, 4, 1, 2, 1, 0, 2, 2, 0, 2, 2, 0, 0, 0, 2, 4, 2, 2, 2, 0, 2, 0, 0, 1, 0, 0, 4, 4, 0, 2, 2, 0, 2, 1, 0, 2, 0, 0, 1, 0, 2, 2, 4, 2, 2, 1, 2, 2, 2, 2, 0, 2, 0, 2, 2, 0, 2, 2, 1, 1, 0, 2, 2, 0, 1, 2, 2, 0, 2, 0, 2, 4, 1, 1, 4, 2, 4, 4, 2, 2, 2, 2, 0, 0, 0, 2, 0, 2, 0, 0, 2, 0, 4, 2, 1, 2, 0, 0, 4, 2, 2, 2, 0, 2, 0, 2, 0, 2, 0, 2, 0, 2, 2, 4, 0, 0, 1, 1, 1, 0, 4, 4, 0, 0, 0, 2, 0, 2, 0, 2, 0, 1, 0, 2, 0, 2, 0, 1, 2, 2, 2, 2, 1, 0, 0, 1, 1, 1, 0, 1, 0, 2, 2, 2, 4, 2, 0, 1, 2, 2, 2, 1, 0, 1, 2, 0, 2, 0, 2, 2, 4, 0, 2, 2, 0, 2, 2, 2, 0, 2, 0, 1, 2, 4, 2, 2, 0, 1, 0, 0, 2, 1, 4, 4, 4, 2, 2, 4, 1, 2, 2, 2, 0, 2, 2, 0, 0, 1, 0, 4, 2, 2, 0, 0, 0, 1, 4, 0, 0, 2, 2, 0, 2, 2, 0, 0, 0, 2, 0, 2, 2, 0, 4, 2, 0, 4, 2, 0, 0, 1, 2, 0, 0, 1, 1, 2, 0, 0, 0, 4, 2, 0, 0, 0, 0, 0, 2, 2, 2, 0, 0, 1, 4, 0, 0, 0, 0, 2, 2, 1, 1, 2, 2, 1, 0, 0, 2, 2, 1, 0, 1, 4, 2, 2, 4, 0, 2, 0, 2, 2, 2, 0, 0, 1, 2, 0, 0, 0, 2, 0, 2, 2, 0, 0, 2, 2, 1, 4, 4, 2, 0, 2, 2, 2, 0, 2, 2, 4, 4, 2, 2, 0, 0, 0, 0, 0, 2, 4, 0, 0, 0, 0, 1, 0, 0, 0, 2, 2, 0, 2, 4, 0, 2, 0, 0, 2, 2, 2, 2, 0, 0, 0, 0, 0, 2, 0, 2, 0, 2, 0, 1, 0, 1, 4, 0, 0, 2, 2, 0, 2, 0, 2, 2, 2, 2, 1, 2, 2, 2, 1, 0, 1, 2, 2, 0, 2, 2, 0, 1, 0, 4, 0, 2, 0, 2, 0, 0, 2, 0, 0, 0, 2, 2, 0, 0, 0, 2, 2, 0, 2, 0, 0, 2, 4, 0, 0, 0, 2, 2, 0, 1, 2, 2, 2, 0, 2, 2, 0, 4, 2, 0, 2, 2, 0, 0, 2, 1, 2, 0, 2, 0, 2, 0, 2, 0, 2, 4, 2, 2, 2, 0, 2, 0, 0, 2, 2, 0, 4, 0, 0, 0, 2, 2, 0, 2, 4, 4, 2, 0, 2, 2, 2, 0, 0, 0, 4, 0, 0, 0, 2, 2, 0, 1, 4, 1, 2, 0, 2, 1, 0, 2, 4, 2, 0, 2, 2, 2, 4, 2, 2, 0, 0, 0, 2, 2, 0, 1, 0, 2, 4, 2, 0, 2, 2, 2, 0, 0, 2, 2, 0, 4, 0, 1, 2, 2, 2, 0, 1, 2, 0, 0, 2, 1, 2, 0, 4, 0, 2, 0, 2, 4, 1, 4, 2, 2, 2, 0, 0, 2, 0, 2, 0, 0, 0, 1, 4, 0, 1, 2, 2, 1, 0, 2, 0, 0, 0, 2, 2, 2, 2, 0, 1, 2, 1, 2, 4, 0, 4, 1, 0, 0, 2, 2, 2, 0, 0, 0, 2, 0, 0, 0, 0, 2, 2, 0, 0, 4, 2, 0, 0, 1, 0, 0, 0, 2, 1, 0, 2, 2, 0, 1, 2, 1, 2, 1, 0, 2, 2, 2, 2, 0, 2, 2, 2, 4, 0, 4, 2, 0, 1, 2, 0, 2, 2, 0, 0, 2, 0, 0, 4, 2, 4, 0, 2, 2, 0, 2, 0, 1, 4, 2, 2, 2, 2, 1, 0, 2, 2, 0, 0, 0, 2, 2, 2, 0, 0, 2, 2, 2, 2, 2, 2, 1, 0, 4, 0, 0, 1, 0, 0, 0, 0, 2, 0, 0, 1, 0, 2, 4, 0, 4, 2, 2, 0, 1, 0, 0, 2, 0, 4, 2, 2, 4, 1, 2, 0, 2, 0, 1, 0, 0, 2, 2, 2, 0, 2, 2, 1, 0, 0, 0, 2, 2, 2, 2, 4, 2, 4, 0, 0, 0, 2, 0, 2, 0, 1, 2, 0, 0, 0, 0, 1, 2, 0, 2, 1, 0, 2, 0, 0, 0, 1, 2, 1, 2, 0, 2, 1, 2, 4, 1, 2, 0, 0, 0, 0, 0, 1, 2, 2, 0, 2, 4, 2, 2, 2, 2, 2, 2, 2, 0, 1, 2, 2, 0, 0, 0, 0, 2, 2, 2, 4, 1, 1, 0, 0, 0, 2, 2, 2, 0, 0, 2, 0, 2, 0, 2, 2, 0, 2, 0, 0, 0, 2, 4, 1, 2, 0, 0, 1, 1, 1, 1, 2, 1, 0, 1, 0, 1, 0, 2, 0, 0, 2, 2, 0, 1, 2, 2, 0, 0, 2, 0, 0, 1, 2, 2, 2, 0, 0, 0, 2, 0, 1, 0, 0, 0, 4, 2, 2, 1, 2, 2, 0, 2, 2, 4, 0, 0, 2, 2, 0, 2, 0, 0, 2, 0, 4, 0, 0, 0, 0, 1, 0, 2, 0, 0, 2, 2, 2, 0, 0, 0, 0, 0, 0, 0, 1, 2, 0, 2, 0, 2, 0, 2, 2, 1, 0, 1, 1, 0, 0, 2, 2, 0, 0, 0, 4, 0, 0, 1, 0, 2, 0, 1, 2, 0, 2, 0, 2, 2, 2, 0, 0, 2, 0, 0, 0, 1, 2, 1, 4, 1, 0, 0, 0, 0, 1, 1, 0, 2, 1, 2, 0, 2, 2, 4, 1, 0, 2, 2, 2, 2, 2, 0, 2, 2, 0, 2, 2, 0, 0, 1, 1, 0, 2, 2, 1, 1, 0, 0, 2, 1, 0, 0, 0, 0, 0, 1, 1, 2, 4, 1, 0, 4, 4, 2, 0, 1, 2, 2, 2, 2, 1, 1, 0, 2, 2, 0, 0, 2, 2, 0, 0, 0, 2, 2, 1, 1, 0, 0, 0, 2, 0, 0, 2, 2, 0, 2, 2, 2, 2, 4, 2, 0, 2, 0, 4, 2, 2, 2, 2, 2, 0, 2, 0, 2, 0, 2, 0, 2, 0, 4, 1, 0, 0, 2, 0, 2, 0, 2, 1, 2, 0, 1, 1, 1, 0, 0, 1, 2, 2, 2, 0, 2, 0, 1, 0, 0, 2, 2, 2, 2, 4, 2, 0, 0, 0, 0, 2, 1, 2, 0, 1, 0, 1, 1, 1, 0, 2, 4, 4, 0, 0, 1, 1, 4, 0, 2, 0, 0, 2, 4, 0, 0, 1, 2, 2, 2, 0, 0, 0, 2, 0, 4, 0, 0, 2, 2, 2, 0, 0, 0, 2, 1, 0, 2, 4, 2, 0, 2, 2, 0, 0, 0, 0, 1, 1, 0, 2, 2, 0, 0, 2, 2, 0, 1, 2, 0, 1, 4, 1, 0, 0, 4, 4, 0, 2, 0, 2, 4, 0, 2, 2, 0, 2, 2, 2, 0, 0, 2, 4, 0, 1, 0, 2, 2, 0, 4, 0, 0, 2, 2, 2, 0, 2, 0, 0, 4, 0, 0, 0, 0, 0, 0, 2, 0, 0, 0, 0, 2, 2, 2, 0, 0, 2, 2, 2, 2, 2, 1, 0, 0, 1, 2, 0, 0, 0, 4, 0, 2, 1, 2, 2, 2, 0, 4, 0, 4, 0, 0, 2, 1, 1, 4, 1, 0, 2, 4]

bins: [-0.014, -0.002, -0.001, 0.001, 0.002, 0.01]

Most important rules
-----------------------------

---0---
rule0: climbRate < -3.597
probabilities_array:[0.43907133 0.36057517 0.         0.         0.         0.20035352]

rule4: Altitude < -29.465
probabilities_array:[0.36687276 0.21728545 0.17237057 0.         0.         0.24347125]

rule9: -0.003 < RollRate < 0.000
probabilities_array:[0.39662644 0.17085396 0.         0.         0.         0.43251958]

rule16: diffClb < -0.121
probabilities_array:[0.46357495 0.00074427 0.         0.         0.         0.5356808 ]

rule5: -29.465 < Altitude < -12.315
probabilities_array:[0.3262843  0.18955417 0.12427328 0.         0.         0.3598883 ]

rule7: Altitude > 4.835
probabilities_array:[0.275171   0.27647564 0.19382201 0.         0.00128252 0.2532488 ]

rule17: -0.121 < diffClb < -0.001
probabilities_array:[0.2468143  0.4389104  0.14021815 0.         0.         0.17405714]

rule1: -3.597 < climbRate < -0.272
probabilities_array:[0.27601182 0.26533875 0.16691697 0.         0.         0.29173252]

rule12: curRoll < -0.009
probabilities_array:[0.29975906 0.19656074 0.10958204 0.00911989 0.         0.38497826]

rule15: curRoll > 0.012
probabilities_array:[0.3152959  0.13086566 0.13038008 0.         0.         0.42345834]

rule8: RollRate < -0.003
probabilities_array:[0.248247   0.40005735 0.07053108 0.         0.         0.28116456]

rule6: -12.315 < Altitude < 4.835
probabilities_array:[0.28524917 0.209602   0.12834318 0.         0.         0.37680566]

rule10: 0.000 < RollRate < 0.004
probabilities_array:[0.29144362 0.03724937 0.         0.03792011 0.08764359 0.5457432 ]

rule14: 0.002 < curRoll < 0.012
probabilities_array:[0.23657542 0.20038952 0.10173374 0.         0.         0.46130133]

rule23: diffDiffClb = 0.0
probabilities_array:[0.30116582 0.01834318 0.01240722 0.         0.02005028 0.64803344]

rule13: -0.009 < curRoll < 0.002
probabilities_array:[0.13718063 0.07241406 0.2232454  0.         0.         0.56715995]


---1---
rule17: -0.121 < diffClb < -0.001
probabilities_array:[0.2468143  0.4389104  0.14021815 0.         0.         0.17405714]

rule0: climbRate < -3.597
probabilities_array:[0.43907133 0.36057517 0.         0.         0.         0.20035352]

rule8: RollRate < -0.003
probabilities_array:[0.248247   0.40005735 0.07053108 0.         0.         0.28116456]

rule7: Altitude > 4.835
probabilities_array:[0.275171   0.27647564 0.19382201 0.         0.00128252 0.2532488 ]

rule1: -3.597 < climbRate < -0.272
probabilities_array:[0.27601182 0.26533875 0.16691697 0.         0.         0.29173252]

rule4: Altitude < -29.465
probabilities_array:[0.36687276 0.21728545 0.17237057 0.         0.         0.24347125]

rule6: -12.315 < Altitude < 4.835
probabilities_array:[0.28524917 0.209602   0.12834318 0.         0.         0.37680566]

rule18: -0.001 < diffClb < 0.119
probabilities_array:[0.         0.16209482 0.32803681 0.2923273  0.01456182 0.2029793 ]

rule5: -29.465 < Altitude < -12.315
probabilities_array:[0.3262843  0.18955417 0.12427328 0.         0.         0.3598883 ]

rule12: curRoll < -0.009
probabilities_array:[0.29975906 0.19656074 0.10958204 0.00911989 0.         0.38497826]

rule14: 0.002 < curRoll < 0.012
probabilities_array:[0.23657542 0.20038952 0.10173374 0.         0.         0.46130133]

rule9: -0.003 < RollRate < 0.000
probabilities_array:[0.39662644 0.17085396 0.         0.         0.         0.43251958]

rule15: curRoll > 0.012
probabilities_array:[0.3152959  0.13086566 0.13038008 0.         0.         0.42345834]

rule2: -0.272 < climbRate < 3.053
probabilities_array:[0.00411281 0.07708021 0.2998011  0.34179533 0.18600796 0.09120261]

rule19: diffClb > 0.119
probabilities_array:[0.         0.05746567 0.1860189  0.28854957 0.44394067 0.02402517]


---2---
rule2: -0.272 < climbRate < 3.053
probabilities_array:[0.00411281 0.07708021 0.2998011  0.34179533 0.18600796 0.09120261]

rule18: -0.001 < diffClb < 0.119
probabilities_array:[0.         0.16209482 0.32803681 0.2923273  0.01456182 0.2029793 ]

rule3: climbRate > 3.053
probabilities_array:[0.         0.02324429 0.24348041 0.32754597 0.3937632  0.01196607]

rule11: RollRate > 0.004
probabilities_array:[0.00527259 0.         0.3302388  0.25904924 0.05281875 0.35262063]

rule19: diffClb > 0.119
probabilities_array:[0.         0.05746567 0.1860189  0.28854957 0.44394067 0.02402517]

rule7: Altitude > 4.835
probabilities_array:[0.275171   0.27647564 0.19382201 0.         0.00128252 0.2532488 ]

rule4: Altitude < -29.465
probabilities_array:[0.36687276 0.21728545 0.17237057 0.         0.         0.24347125]

rule1: -3.597 < climbRate < -0.272
probabilities_array:[0.27601182 0.26533875 0.16691697 0.         0.         0.29173252]

rule17: -0.121 < diffClb < -0.001
probabilities_array:[0.2468143  0.4389104  0.14021815 0.         0.         0.17405714]

rule13: -0.009 < curRoll < 0.002
probabilities_array:[0.13718063 0.07241406 0.2232454  0.         0.         0.56715995]

rule6: -12.315 < Altitude < 4.835
probabilities_array:[0.28524917 0.209602   0.12834318 0.         0.         0.37680566]

rule5: -29.465 < Altitude < -12.315
probabilities_array:[0.3262843  0.18955417 0.12427328 0.         0.         0.3598883 ]

rule15: curRoll > 0.012
probabilities_array:[0.3152959  0.13086566 0.13038008 0.         0.         0.42345834]

rule12: curRoll < -0.009
probabilities_array:[0.29975906 0.19656074 0.10958204 0.00911989 0.         0.38497826]

rule14: 0.002 < curRoll < 0.012
probabilities_array:[0.23657542 0.20038952 0.10173374 0.         0.         0.46130133]

rule8: RollRate < -0.003
probabilities_array:[0.248247   0.40005735 0.07053108 0.         0.         0.28116456]


---3---
rule3: climbRate > 3.053
probabilities_array:[0.         0.02324429 0.24348041 0.32754597 0.3937632  0.01196607]

rule2: -0.272 < climbRate < 3.053
probabilities_array:[0.00411281 0.07708021 0.2998011  0.34179533 0.18600796 0.09120261]

rule19: diffClb > 0.119
probabilities_array:[0.         0.05746567 0.1860189  0.28854957 0.44394067 0.02402517]

rule18: -0.001 < diffClb < 0.119
probabilities_array:[0.         0.16209482 0.32803681 0.2923273  0.01456182 0.2029793 ]

rule11: RollRate > 0.004
probabilities_array:[0.00527259 0.         0.3302388  0.25904924 0.05281875 0.35262063]


---4---
rule19: diffClb > 0.119
probabilities_array:[0.         0.05746567 0.1860189  0.28854957 0.44394067 0.02402517]

rule3: climbRate > 3.053
probabilities_array:[0.         0.02324429 0.24348041 0.32754597 0.3937632  0.01196607]

rule2: -0.272 < climbRate < 3.053
probabilities_array:[0.00411281 0.07708021 0.2998011  0.34179533 0.18600796 0.09120261]

