R2: -0.10231546522173063


MAE: 35296708.585676506


MSE: 5128079008866044.0


Accuracy: 0.21485797523670794


F1: 0.1975423654077774


Most important rules
-----------------------------

---0---
rule7: title_year > 2010.081
probabilities_array:[0.22041558 0.01614524 0.         0.         0.         0.05084104
 0.         0.10394116 0.01733734 0.12847179 0.         0.19616348
 0.26668447]

rule12: num_critic_for_reviews < 77.557
probabilities_array:[2.3221037e-01 2.1944204e-01 6.1819915e-02 1.4232813e-01 0.0000000e+00
 0.0000000e+00 0.0000000e+00 0.0000000e+00 0.0000000e+00 0.0000000e+00
 2.8459591e-04 0.0000000e+00 3.4391490e-01]

rule9: -3373.842 < num_voted_users < 99709.859
probabilities_array:[0.15213203 0.15490775 0.13509192 0.10211328 0.1120141  0.10959838
 0.07357842 0.06408153 0.05687084 0.03198506 0.00138566 0.
 0.00624107]

rule6: 2003.205 < title_year < 2010.081
probabilities_array:[2.5434515e-01 3.2285556e-02 7.4160104e-03 6.8901576e-02 9.5430634e-04
 0.0000000e+00 0.0000000e+00 0.0000000e+00 0.0000000e+00 6.8026180e-05
 0.0000000e+00 1.7515336e-01 4.6087596e-01]

rule41: -4680.474 < movie_facebook_likes < 8608.739
probabilities_array:[0.23021884 0.         0.01158815 0.         0.10902963 0.02064332
 0.         0.         0.         0.01114554 0.1050175  0.08569631
 0.42666072]

rule1: 5.729 < imdb_score < 6.470
probabilities_array:[0.14153622 0.         0.         0.00220955 0.02548913 0.0566396
 0.14270346 0.12082999 0.07072345 0.12117624 0.08511218 0.1428927
 0.09068742]

rule44: duration < 94.100
probabilities_array:[0.20108896 0.19453844 0.         0.         0.         0.00476806
 0.         0.         0.         0.         0.         0.18459724
 0.41500723]

rule16: num_user_for_reviews < 39.658
probabilities_array:[0.23809125 0.22334637 0.         0.00176027 0.         0.
 0.         0.         0.         0.         0.         0.
 0.53680205]

rule2: 6.470 < imdb_score < 7.211
probabilities_array:[0.12198096 0.16442476 0.15096769 0.00560717 0.         0.
 0.         0.         0.0962739  0.06356584 0.08399889 0.18124278
 0.13193797]

rule33: -526.989 < actor_3_facebook_likes < 733.675
probabilities_array:[0.12330933 0.1123609  0.12393872 0.09450191 0.         0.
 0.         0.00154635 0.05248383 0.01191799 0.07916957 0.09045395
 0.31031746]

rule49: -29758113.841 < budget < 41647509.117
probabilities_array:[0.06269898 0.07289957 0.09452327 0.12321308 0.12502562 0.11638153
 0.13139655 0.11552238 0.06379884 0.05278166 0.03267547 0.
 0.00908313]

rule29: -1194.539 < actor_2_facebook_likes < 1924.379
probabilities_array:[0.10171782 0.00941758 0.01735338 0.         0.         0.
 0.00795325 0.         0.16242231 0.06843857 0.08605434 0.14591429
 0.4007285 ]

rule25: -3498.352 < actor_1_facebook_likes < 7419.390
probabilities_array:[1.2273518e-01 9.3650497e-02 3.7410006e-02 4.5687373e-04 0.0000000e+00
 0.0000000e+00 0.0000000e+00 0.0000000e+00 1.2287274e-03 1.1702394e-02
 6.7819871e-02 1.3007374e-01 5.3492266e-01]

rule37: -2306.951 < cast_total_facebook_likes < 11012.425
probabilities_array:[0.09924798 0.08133388 0.04547004 0.         0.         0.
 0.         0.         0.10282255 0.06255861 0.06524423 0.11253364
 0.43078905]


---1---
rule45: 94.100 < duration < 109.644
probabilities_array:[0.0149384  0.22160164 0.         0.09486164 0.14359881 0.
 0.         0.         0.01484527 0.10583778 0.         0.10453191
 0.29978454]

rule9: -3373.842 < num_voted_users < 99709.859
probabilities_array:[0.15213203 0.15490775 0.13509192 0.10211328 0.1120141  0.10959838
 0.07357842 0.06408153 0.05687084 0.03198506 0.00138566 0.
 0.00624107]

rule12: num_critic_for_reviews < 77.557
probabilities_array:[2.3221037e-01 2.1944204e-01 6.1819915e-02 1.4232813e-01 0.0000000e+00
 0.0000000e+00 0.0000000e+00 0.0000000e+00 0.0000000e+00 0.0000000e+00
 2.8459591e-04 0.0000000e+00 3.4391490e-01]

rule2: 6.470 < imdb_score < 7.211
probabilities_array:[0.12198096 0.16442476 0.15096769 0.00560717 0.         0.
 0.         0.         0.0962739  0.06356584 0.08399889 0.18124278
 0.13193797]

rule44: duration < 94.100
probabilities_array:[0.20108896 0.19453844 0.         0.         0.         0.00476806
 0.         0.         0.         0.         0.         0.18459724
 0.41500723]

rule3: imdb_score > 7.211
probabilities_array:[0.00500891 0.16257215 0.21740216 0.         0.01279609 0.
 0.         0.         0.         0.         0.11024601 0.16254133
 0.32943338]

rule16: num_user_for_reviews < 39.658
probabilities_array:[0.23809125 0.22334637 0.         0.00176027 0.         0.
 0.         0.         0.         0.         0.         0.
 0.53680205]

rule33: -526.989 < actor_3_facebook_likes < 733.675
probabilities_array:[0.12330933 0.1123609  0.12393872 0.09450191 0.         0.
 0.         0.00154635 0.05248383 0.01191799 0.07916957 0.09045395
 0.31031746]

rule13: 77.557 < num_critic_for_reviews < 159.454
probabilities_array:[0.         0.08560315 0.01376059 0.07754749 0.0224041  0.09628729
 0.10472865 0.10748359 0.08518842 0.09135491 0.17787325 0.03135119
 0.10641737]

rule49: -29758113.841 < budget < 41647509.117
probabilities_array:[0.06269898 0.07289957 0.09452327 0.12321308 0.12502562 0.11638153
 0.13139655 0.11552238 0.06379884 0.05278166 0.03267547 0.
 0.00908313]

rule17: 39.658 < num_user_for_reviews < 318.607
probabilities_array:[0.         0.06428894 0.1509467  0.12222211 0.09573589 0.07630424
 0.09734085 0.07090151 0.05130274 0.10919818 0.08894846 0.03847818
 0.03433216]

rule37: -2306.951 < cast_total_facebook_likes < 11012.425
probabilities_array:[0.09924798 0.08133388 0.04547004 0.         0.         0.
 0.         0.         0.10282255 0.06255861 0.06524423 0.11253364
 0.43078905]

rule25: -3498.352 < actor_1_facebook_likes < 7419.390
probabilities_array:[1.2273518e-01 9.3650497e-02 3.7410006e-02 4.5687373e-04 0.0000000e+00
 0.0000000e+00 0.0000000e+00 0.0000000e+00 1.2287274e-03 1.1702394e-02
 6.7819871e-02 1.3007374e-01 5.3492266e-01]

rule42: 8608.739 < movie_facebook_likes < 21897.953
probabilities_array:[0.         0.04569564 0.0680462  0.17689103 0.         0.10394298
 0.08662753 0.07612535 0.14214018 0.08294491 0.         0.1419956
 0.07559061]


---2---
rule3: imdb_score > 7.211
probabilities_array:[0.00500891 0.16257215 0.21740216 0.         0.01279609 0.
 0.         0.         0.         0.         0.11024601 0.16254133
 0.32943338]

rule17: 39.658 < num_user_for_reviews < 318.607
probabilities_array:[0.         0.06428894 0.1509467  0.12222211 0.09573589 0.07630424
 0.09734085 0.07090151 0.05130274 0.10919818 0.08894846 0.03847818
 0.03433216]

rule9: -3373.842 < num_voted_users < 99709.859
probabilities_array:[0.15213203 0.15490775 0.13509192 0.10211328 0.1120141  0.10959838
 0.07357842 0.06408153 0.05687084 0.03198506 0.00138566 0.
 0.00624107]

rule2: 6.470 < imdb_score < 7.211
probabilities_array:[0.12198096 0.16442476 0.15096769 0.00560717 0.         0.
 0.         0.         0.0962739  0.06356584 0.08399889 0.18124278
 0.13193797]

rule49: -29758113.841 < budget < 41647509.117
probabilities_array:[0.06269898 0.07289957 0.09452327 0.12321308 0.12502562 0.11638153
 0.13139655 0.11552238 0.06379884 0.05278166 0.03267547 0.
 0.00908313]

rule33: -526.989 < actor_3_facebook_likes < 733.675
probabilities_array:[0.12330933 0.1123609  0.12393872 0.09450191 0.         0.
 0.         0.00154635 0.05248383 0.01191799 0.07916957 0.09045395
 0.31031746]

rule42: 8608.739 < movie_facebook_likes < 21897.953
probabilities_array:[0.         0.04569564 0.0680462  0.17689103 0.         0.10394298
 0.08662753 0.07612535 0.14214018 0.08294491 0.         0.1419956
 0.07559061]

rule12: num_critic_for_reviews < 77.557
probabilities_array:[2.3221037e-01 2.1944204e-01 6.1819915e-02 1.4232813e-01 0.0000000e+00
 0.0000000e+00 0.0000000e+00 0.0000000e+00 0.0000000e+00 0.0000000e+00
 2.8459591e-04 0.0000000e+00 3.4391490e-01]


---3---
rule42: 8608.739 < movie_facebook_likes < 21897.953
probabilities_array:[0.         0.04569564 0.0680462  0.17689103 0.         0.10394298
 0.08662753 0.07612535 0.14214018 0.08294491 0.         0.1419956
 0.07559061]

rule30: 1924.379 < actor_2_facebook_likes < 5043.297
probabilities_array:[0.00089261 0.         0.00194588 0.17921314 0.22521034 0.
 0.         0.08371823 0.17958345 0.08106378 0.00405366 0.13120458
 0.11311431]

rule49: -29758113.841 < budget < 41647509.117
probabilities_array:[0.06269898 0.07289957 0.09452327 0.12321308 0.12502562 0.11638153
 0.13139655 0.11552238 0.06379884 0.05278166 0.03267547 0.
 0.00908313]

rule17: 39.658 < num_user_for_reviews < 318.607
probabilities_array:[0.         0.06428894 0.1509467  0.12222211 0.09573589 0.07630424
 0.09734085 0.07090151 0.05130274 0.10919818 0.08894846 0.03847818
 0.03433216]

rule5: 1996.329 < title_year < 2003.205
probabilities_array:[0.         0.         0.04804291 0.14431237 0.15574145 0.
 0.05672906 0.06379257 0.0564059  0.03042461 0.02693175 0.20757855
 0.21004085]

rule9: -3373.842 < num_voted_users < 99709.859
probabilities_array:[0.15213203 0.15490775 0.13509192 0.10211328 0.1120141  0.10959838
 0.07357842 0.06408153 0.05687084 0.03198506 0.00138566 0.
 0.00624107]

rule12: num_critic_for_reviews < 77.557
probabilities_array:[2.3221037e-01 2.1944204e-01 6.1819915e-02 1.4232813e-01 0.0000000e+00
 0.0000000e+00 0.0000000e+00 0.0000000e+00 0.0000000e+00 0.0000000e+00
 2.8459591e-04 0.0000000e+00 3.4391490e-01]

rule14: 159.454 < num_critic_for_reviews < 241.352
probabilities_array:[0.         0.         0.04039519 0.07440129 0.08162569 0.09056486
 0.10815313 0.10268427 0.05924649 0.11102249 0.12959522 0.16550109
 0.03681035]

rule22: 794.260 < director_facebook_likes < 2866.412
probabilities_array:[0.         0.         0.         0.08617789 0.         0.12305907
 0.20398183 0.07438089 0.1855134  0.         0.0187816  0.12732893
 0.18077633]

rule13: 77.557 < num_critic_for_reviews < 159.454
probabilities_array:[0.         0.08560315 0.01376059 0.07754749 0.0224041  0.09628729
 0.10472865 0.10748359 0.08518842 0.09135491 0.17787325 0.03135119
 0.10641737]

rule45: 94.100 < duration < 109.644
probabilities_array:[0.0149384  0.22160164 0.         0.09486164 0.14359881 0.
 0.         0.         0.01484527 0.10583778 0.         0.10453191
 0.29978454]

rule33: -526.989 < actor_3_facebook_likes < 733.675
probabilities_array:[0.12330933 0.1123609  0.12393872 0.09450191 0.         0.
 0.         0.00154635 0.05248383 0.01191799 0.07916957 0.09045395
 0.31031746]

rule23: director_facebook_likes > 2866.412
probabilities_array:[0.         0.         0.         0.0757478  0.03524991 0.
 0.04416388 0.08347768 0.01314341 0.21024929 0.15408225 0.08908457
 0.2948012 ]

rule46: 109.644 < duration < 125.189
probabilities_array:[0.00541025 0.         0.02581428 0.06292822 0.         0.0605483
 0.06244902 0.12818027 0.1051712  0.17303671 0.16551532 0.04900001
 0.16194646]

rule4: title_year < 1996.329
probabilities_array:[0.         0.0235287  0.03740402 0.04847484 0.06308594 0.0797755
 0.06091265 0.08466904 0.12388556 0.11150569 0.19139367 0.1753644
 0.        ]


---4---
rule30: 1924.379 < actor_2_facebook_likes < 5043.297
probabilities_array:[0.00089261 0.         0.00194588 0.17921314 0.22521034 0.
 0.         0.08371823 0.17958345 0.08106378 0.00405366 0.13120458
 0.11311431]

rule18: 318.607 < num_user_for_reviews < 597.556
probabilities_array:[0.         0.         0.0196226  0.0407506  0.15543343 0.17419331
 0.11968779 0.10141931 0.06073022 0.13294718 0.10620921 0.06833008
 0.02067631]

rule0: imdb_score < 5.729
probabilities_array:[0.         0.01489584 0.         0.01261057 0.13615723 0.14066392
 0.14730217 0.1650064  0.07507458 0.14429271 0.07438021 0.
 0.08961643]

rule49: -29758113.841 < budget < 41647509.117
probabilities_array:[0.06269898 0.07289957 0.09452327 0.12321308 0.12502562 0.11638153
 0.13139655 0.11552238 0.06379884 0.05278166 0.03267547 0.
 0.00908313]

rule5: 1996.329 < title_year < 2003.205
probabilities_array:[0.         0.         0.04804291 0.14431237 0.15574145 0.
 0.05672906 0.06379257 0.0564059  0.03042461 0.02693175 0.20757855
 0.21004085]

rule9: -3373.842 < num_voted_users < 99709.859
probabilities_array:[0.15213203 0.15490775 0.13509192 0.10211328 0.1120141  0.10959838
 0.07357842 0.06408153 0.05687084 0.03198506 0.00138566 0.
 0.00624107]

rule45: 94.100 < duration < 109.644
probabilities_array:[0.0149384  0.22160164 0.         0.09486164 0.14359881 0.
 0.         0.         0.01484527 0.10583778 0.         0.10453191
 0.29978454]

rule17: 39.658 < num_user_for_reviews < 318.607
probabilities_array:[0.         0.06428894 0.1509467  0.12222211 0.09573589 0.07630424
 0.09734085 0.07090151 0.05130274 0.10919818 0.08894846 0.03847818
 0.03433216]

rule14: 159.454 < num_critic_for_reviews < 241.352
probabilities_array:[0.         0.         0.04039519 0.07440129 0.08162569 0.09056486
 0.10815313 0.10268427 0.05924649 0.11102249 0.12959522 0.16550109
 0.03681035]

rule4: title_year < 1996.329
probabilities_array:[0.         0.0235287  0.03740402 0.04847484 0.06308594 0.0797755
 0.06091265 0.08466904 0.12388556 0.11150569 0.19139367 0.1753644
 0.        ]

rule41: -4680.474 < movie_facebook_likes < 8608.739
probabilities_array:[0.23021884 0.         0.01158815 0.         0.10902963 0.02064332
 0.         0.         0.         0.01114554 0.1050175  0.08569631
 0.42666072]

rule38: 11012.425 < cast_total_facebook_likes < 24331.801
probabilities_array:[0.00667219 0.         0.01756657 0.02995846 0.06106895 0.
 0.07452614 0.11364909 0.00457502 0.06460363 0.11066563 0.17658706
 0.34012735]


---5---
rule18: 318.607 < num_user_for_reviews < 597.556
probabilities_array:[0.         0.         0.0196226  0.0407506  0.15543343 0.17419331
 0.11968779 0.10141931 0.06073022 0.13294718 0.10620921 0.06833008
 0.02067631]

rule50: 41647509.117 < budget < 113053132.075
probabilities_array:[0.         0.         0.         0.00020286 0.         0.14119934
 0.13998443 0.17233115 0.17771854 0.14865386 0.15747045 0.
 0.06243936]

rule0: imdb_score < 5.729
probabilities_array:[0.         0.01489584 0.         0.01261057 0.13615723 0.14066392
 0.14730217 0.1650064  0.07507458 0.14429271 0.07438021 0.
 0.08961643]

rule49: -29758113.841 < budget < 41647509.117
probabilities_array:[0.06269898 0.07289957 0.09452327 0.12321308 0.12502562 0.11638153
 0.13139655 0.11552238 0.06379884 0.05278166 0.03267547 0.
 0.00908313]

rule9: -3373.842 < num_voted_users < 99709.859
probabilities_array:[0.15213203 0.15490775 0.13509192 0.10211328 0.1120141  0.10959838
 0.07357842 0.06408153 0.05687084 0.03198506 0.00138566 0.
 0.00624107]

rule34: 733.675 < actor_3_facebook_likes < 1994.340
probabilities_array:[0.         0.         0.         0.         0.024538   0.12741613
 0.         0.04382827 0.13785592 0.14032736 0.21323684 0.16272749
 0.15006997]

rule22: 794.260 < director_facebook_likes < 2866.412
probabilities_array:[0.         0.         0.         0.08617789 0.         0.12305907
 0.20398183 0.07438089 0.1855134  0.         0.0187816  0.12732893
 0.18077633]

rule42: 8608.739 < movie_facebook_likes < 21897.953
probabilities_array:[0.         0.04569564 0.0680462  0.17689103 0.         0.10394298
 0.08662753 0.07612535 0.14214018 0.08294491 0.         0.1419956
 0.07559061]

rule14: 159.454 < num_critic_for_reviews < 241.352
probabilities_array:[0.         0.         0.04039519 0.07440129 0.08162569 0.09056486
 0.10815313 0.10268427 0.05924649 0.11102249 0.12959522 0.16550109
 0.03681035]

rule13: 77.557 < num_critic_for_reviews < 159.454
probabilities_array:[0.         0.08560315 0.01376059 0.07754749 0.0224041  0.09628729
 0.10472865 0.10748359 0.08518842 0.09135491 0.17787325 0.03135119
 0.10641737]

rule31: actor_2_facebook_likes > 5043.297
probabilities_array:[0.         0.00418458 0.         0.         0.         0.13629994
 0.         0.04357867 0.         0.00081705 0.20005497 0.21349013
 0.4015746 ]

rule4: title_year < 1996.329
probabilities_array:[0.         0.0235287  0.03740402 0.04847484 0.06308594 0.0797755
 0.06091265 0.08466904 0.12388556 0.11150569 0.19139367 0.1753644
 0.        ]

rule17: 39.658 < num_user_for_reviews < 318.607
probabilities_array:[0.         0.06428894 0.1509467  0.12222211 0.09573589 0.07630424
 0.09734085 0.07090151 0.05130274 0.10919818 0.08894846 0.03847818
 0.03433216]

rule1: 5.729 < imdb_score < 6.470
probabilities_array:[0.14153622 0.         0.         0.00220955 0.02548913 0.0566396
 0.14270346 0.12082999 0.07072345 0.12117624 0.08511218 0.1428927
 0.09068742]

rule46: 109.644 < duration < 125.189
probabilities_array:[0.00541025 0.         0.02581428 0.06292822 0.         0.0605483
 0.06244902 0.12818027 0.1051712  0.17303671 0.16551532 0.04900001
 0.16194646]

rule39: cast_total_facebook_likes > 24331.801
probabilities_array:[0.01301948 0.01688905 0.         0.         0.         0.10958753
 0.07324786 0.         0.         0.         0.03499851 0.19152331
 0.5607343 ]


---6---
rule22: 794.260 < director_facebook_likes < 2866.412
probabilities_array:[0.         0.         0.         0.08617789 0.         0.12305907
 0.20398183 0.07438089 0.1855134  0.         0.0187816  0.12732893
 0.18077633]

rule0: imdb_score < 5.729
probabilities_array:[0.         0.01489584 0.         0.01261057 0.13615723 0.14066392
 0.14730217 0.1650064  0.07507458 0.14429271 0.07438021 0.
 0.08961643]

rule50: 41647509.117 < budget < 113053132.075
probabilities_array:[0.         0.         0.         0.00020286 0.         0.14119934
 0.13998443 0.17233115 0.17771854 0.14865386 0.15747045 0.
 0.06243936]

rule49: -29758113.841 < budget < 41647509.117
probabilities_array:[0.06269898 0.07289957 0.09452327 0.12321308 0.12502562 0.11638153
 0.13139655 0.11552238 0.06379884 0.05278166 0.03267547 0.
 0.00908313]

rule1: 5.729 < imdb_score < 6.470
probabilities_array:[0.14153622 0.         0.         0.00220955 0.02548913 0.0566396
 0.14270346 0.12082999 0.07072345 0.12117624 0.08511218 0.1428927
 0.09068742]

rule18: 318.607 < num_user_for_reviews < 597.556
probabilities_array:[0.         0.         0.0196226  0.0407506  0.15543343 0.17419331
 0.11968779 0.10141931 0.06073022 0.13294718 0.10620921 0.06833008
 0.02067631]

rule14: 159.454 < num_critic_for_reviews < 241.352
probabilities_array:[0.         0.         0.04039519 0.07440129 0.08162569 0.09056486
 0.10815313 0.10268427 0.05924649 0.11102249 0.12959522 0.16550109
 0.03681035]

rule17: 39.658 < num_user_for_reviews < 318.607
probabilities_array:[0.         0.06428894 0.1509467  0.12222211 0.09573589 0.07630424
 0.09734085 0.07090151 0.05130274 0.10919818 0.08894846 0.03847818
 0.03433216]

rule13: 77.557 < num_critic_for_reviews < 159.454
probabilities_array:[0.         0.08560315 0.01376059 0.07754749 0.0224041  0.09628729
 0.10472865 0.10748359 0.08518842 0.09135491 0.17787325 0.03135119
 0.10641737]

rule10: 99709.859 < num_voted_users < 202793.560
probabilities_array:[0.0000000e+00 0.0000000e+00 0.0000000e+00 1.8121287e-02 2.8006732e-05
 0.0000000e+00 9.9865586e-02 1.7934595e-01 1.6437961e-01 1.6857214e-01
 1.4341329e-01 4.8839111e-02 1.7743510e-01]

rule42: 8608.739 < movie_facebook_likes < 21897.953
probabilities_array:[0.         0.04569564 0.0680462  0.17689103 0.         0.10394298
 0.08662753 0.07612535 0.14214018 0.08294491 0.         0.1419956
 0.07559061]

rule9: -3373.842 < num_voted_users < 99709.859
probabilities_array:[0.15213203 0.15490775 0.13509192 0.10211328 0.1120141  0.10959838
 0.07357842 0.06408153 0.05687084 0.03198506 0.00138566 0.
 0.00624107]

rule4: title_year < 1996.329
probabilities_array:[0.         0.0235287  0.03740402 0.04847484 0.06308594 0.0797755
 0.06091265 0.08466904 0.12388556 0.11150569 0.19139367 0.1753644
 0.        ]

rule27: actor_1_facebook_likes > 18337.133
probabilities_array:[4.3138228e-02 0.0000000e+00 0.0000000e+00 2.2310184e-02 1.8729985e-04
 0.0000000e+00 1.0860851e-01 1.1816583e-01 0.0000000e+00 1.0313630e-02
 0.0000000e+00 2.2263044e-01 4.7464588e-01]

rule46: 109.644 < duration < 125.189
probabilities_array:[0.00541025 0.         0.02581428 0.06292822 0.         0.0605483
 0.06244902 0.12818027 0.1051712  0.17303671 0.16551532 0.04900001
 0.16194646]

rule38: 11012.425 < cast_total_facebook_likes < 24331.801
probabilities_array:[0.00667219 0.         0.01756657 0.02995846 0.06106895 0.
 0.07452614 0.11364909 0.00457502 0.06460363 0.11066563 0.17658706
 0.34012735]

rule5: 1996.329 < title_year < 2003.205
probabilities_array:[0.         0.         0.04804291 0.14431237 0.15574145 0.
 0.05672906 0.06379257 0.0564059  0.03042461 0.02693175 0.20757855
 0.21004085]

rule19: num_user_for_reviews > 597.556
probabilities_array:[0.         0.         0.         0.         0.         0.
 0.06914845 0.02505864 0.1963057  0.01029193 0.10193999 0.20610684
 0.39114848]

rule15: num_critic_for_reviews > 241.352
probabilities_array:[0.         0.         0.         0.         0.00192466 0.02363499
 0.06593605 0.00911906 0.1651089  0.02258253 0.12667635 0.21048352
 0.3745338 ]


---7---
rule50: 41647509.117 < budget < 113053132.075
probabilities_array:[0.         0.         0.         0.00020286 0.         0.14119934
 0.13998443 0.17233115 0.17771854 0.14865386 0.15747045 0.
 0.06243936]

rule0: imdb_score < 5.729
probabilities_array:[0.         0.01489584 0.         0.01261057 0.13615723 0.14066392
 0.14730217 0.1650064  0.07507458 0.14429271 0.07438021 0.
 0.08961643]

rule10: 99709.859 < num_voted_users < 202793.560
probabilities_array:[0.0000000e+00 0.0000000e+00 0.0000000e+00 1.8121287e-02 2.8006732e-05
 0.0000000e+00 9.9865586e-02 1.7934595e-01 1.6437961e-01 1.6857214e-01
 1.4341329e-01 4.8839111e-02 1.7743510e-01]

rule49: -29758113.841 < budget < 41647509.117
probabilities_array:[0.06269898 0.07289957 0.09452327 0.12321308 0.12502562 0.11638153
 0.13139655 0.11552238 0.06379884 0.05278166 0.03267547 0.
 0.00908313]

rule1: 5.729 < imdb_score < 6.470
probabilities_array:[0.14153622 0.         0.         0.00220955 0.02548913 0.0566396
 0.14270346 0.12082999 0.07072345 0.12117624 0.08511218 0.1428927
 0.09068742]

rule46: 109.644 < duration < 125.189
probabilities_array:[0.00541025 0.         0.02581428 0.06292822 0.         0.0605483
 0.06244902 0.12818027 0.1051712  0.17303671 0.16551532 0.04900001
 0.16194646]

rule18: 318.607 < num_user_for_reviews < 597.556
probabilities_array:[0.         0.         0.0196226  0.0407506  0.15543343 0.17419331
 0.11968779 0.10141931 0.06073022 0.13294718 0.10620921 0.06833008
 0.02067631]

rule14: 159.454 < num_critic_for_reviews < 241.352
probabilities_array:[0.         0.         0.04039519 0.07440129 0.08162569 0.09056486
 0.10815313 0.10268427 0.05924649 0.11102249 0.12959522 0.16550109
 0.03681035]

rule13: 77.557 < num_critic_for_reviews < 159.454
probabilities_array:[0.         0.08560315 0.01376059 0.07754749 0.0224041  0.09628729
 0.10472865 0.10748359 0.08518842 0.09135491 0.17787325 0.03135119
 0.10641737]

rule4: title_year < 1996.329
probabilities_array:[0.         0.0235287  0.03740402 0.04847484 0.06308594 0.0797755
 0.06091265 0.08466904 0.12388556 0.11150569 0.19139367 0.1753644
 0.        ]

rule7: title_year > 2010.081
probabilities_array:[0.22041558 0.01614524 0.         0.         0.         0.05084104
 0.         0.10394116 0.01733734 0.12847179 0.         0.19616348
 0.26668447]

rule38: 11012.425 < cast_total_facebook_likes < 24331.801
probabilities_array:[0.00667219 0.         0.01756657 0.02995846 0.06106895 0.
 0.07452614 0.11364909 0.00457502 0.06460363 0.11066563 0.17658706
 0.34012735]

rule30: 1924.379 < actor_2_facebook_likes < 5043.297
probabilities_array:[0.00089261 0.         0.00194588 0.17921314 0.22521034 0.
 0.         0.08371823 0.17958345 0.08106378 0.00405366 0.13120458
 0.11311431]

rule42: 8608.739 < movie_facebook_likes < 21897.953
probabilities_array:[0.         0.04569564 0.0680462  0.17689103 0.         0.10394298
 0.08662753 0.07612535 0.14214018 0.08294491 0.         0.1419956
 0.07559061]

rule17: 39.658 < num_user_for_reviews < 318.607
probabilities_array:[0.         0.06428894 0.1509467  0.12222211 0.09573589 0.07630424
 0.09734085 0.07090151 0.05130274 0.10919818 0.08894846 0.03847818
 0.03433216]

rule9: -3373.842 < num_voted_users < 99709.859
probabilities_array:[0.15213203 0.15490775 0.13509192 0.10211328 0.1120141  0.10959838
 0.07357842 0.06408153 0.05687084 0.03198506 0.00138566 0.
 0.00624107]

rule27: actor_1_facebook_likes > 18337.133
probabilities_array:[4.3138228e-02 0.0000000e+00 0.0000000e+00 2.2310184e-02 1.8729985e-04
 0.0000000e+00 1.0860851e-01 1.1816583e-01 0.0000000e+00 1.0313630e-02
 0.0000000e+00 2.2263044e-01 4.7464588e-01]

rule22: 794.260 < director_facebook_likes < 2866.412
probabilities_array:[0.         0.         0.         0.08617789 0.         0.12305907
 0.20398183 0.07438089 0.1855134  0.         0.0187816  0.12732893
 0.18077633]

rule23: director_facebook_likes > 2866.412
probabilities_array:[0.         0.         0.         0.0757478  0.03524991 0.
 0.04416388 0.08347768 0.01314341 0.21024929 0.15408225 0.08908457
 0.2948012 ]

rule26: 7419.390 < actor_1_facebook_likes < 18337.133
probabilities_array:[2.7936874e-03 1.7372714e-03 0.0000000e+00 0.0000000e+00 4.2688366e-02
 3.4664184e-04 0.0000000e+00 9.8313943e-02 6.8331875e-02 9.2219055e-02
 1.8184432e-01 1.1032894e-01 4.0139595e-01]

rule5: 1996.329 < title_year < 2003.205
probabilities_array:[0.         0.         0.04804291 0.14431237 0.15574145 0.
 0.05672906 0.06379257 0.0564059  0.03042461 0.02693175 0.20757855
 0.21004085]


---8---
rule50: 41647509.117 < budget < 113053132.075
probabilities_array:[0.         0.         0.         0.00020286 0.         0.14119934
 0.13998443 0.17233115 0.17771854 0.14865386 0.15747045 0.
 0.06243936]

rule30: 1924.379 < actor_2_facebook_likes < 5043.297
probabilities_array:[0.00089261 0.         0.00194588 0.17921314 0.22521034 0.
 0.         0.08371823 0.17958345 0.08106378 0.00405366 0.13120458
 0.11311431]

rule22: 794.260 < director_facebook_likes < 2866.412
probabilities_array:[0.         0.         0.         0.08617789 0.         0.12305907
 0.20398183 0.07438089 0.1855134  0.         0.0187816  0.12732893
 0.18077633]

rule10: 99709.859 < num_voted_users < 202793.560
probabilities_array:[0.0000000e+00 0.0000000e+00 0.0000000e+00 1.8121287e-02 2.8006732e-05
 0.0000000e+00 9.9865586e-02 1.7934595e-01 1.6437961e-01 1.6857214e-01
 1.4341329e-01 4.8839111e-02 1.7743510e-01]

rule42: 8608.739 < movie_facebook_likes < 21897.953
probabilities_array:[0.         0.04569564 0.0680462  0.17689103 0.         0.10394298
 0.08662753 0.07612535 0.14214018 0.08294491 0.         0.1419956
 0.07559061]

rule4: title_year < 1996.329
probabilities_array:[0.         0.0235287  0.03740402 0.04847484 0.06308594 0.0797755
 0.06091265 0.08466904 0.12388556 0.11150569 0.19139367 0.1753644
 0.        ]

rule19: num_user_for_reviews > 597.556
probabilities_array:[0.         0.         0.         0.         0.         0.
 0.06914845 0.02505864 0.1963057  0.01029193 0.10193999 0.20610684
 0.39114848]

rule34: 733.675 < actor_3_facebook_likes < 1994.340
probabilities_array:[0.         0.         0.         0.         0.024538   0.12741613
 0.         0.04382827 0.13785592 0.14032736 0.21323684 0.16272749
 0.15006997]

rule15: num_critic_for_reviews > 241.352
probabilities_array:[0.         0.         0.         0.         0.00192466 0.02363499
 0.06593605 0.00911906 0.1651089  0.02258253 0.12667635 0.21048352
 0.3745338 ]

rule29: -1194.539 < actor_2_facebook_likes < 1924.379
probabilities_array:[0.10171782 0.00941758 0.01735338 0.         0.         0.
 0.00795325 0.         0.16242231 0.06843857 0.08605434 0.14591429
 0.4007285 ]

rule43: movie_facebook_likes > 21897.953
probabilities_array:[0.         0.00465348 0.         0.         0.00081567 0.
 0.00854033 0.03785869 0.14261527 0.05543685 0.17757998 0.19652405
 0.3759757 ]

rule46: 109.644 < duration < 125.189
probabilities_array:[0.00541025 0.         0.02581428 0.06292822 0.         0.0605483
 0.06244902 0.12818027 0.1051712  0.17303671 0.16551532 0.04900001
 0.16194646]

rule2: 6.470 < imdb_score < 7.211
probabilities_array:[0.12198096 0.16442476 0.15096769 0.00560717 0.         0.
 0.         0.         0.0962739  0.06356584 0.08399889 0.18124278
 0.13193797]

rule13: 77.557 < num_critic_for_reviews < 159.454
probabilities_array:[0.         0.08560315 0.01376059 0.07754749 0.0224041  0.09628729
 0.10472865 0.10748359 0.08518842 0.09135491 0.17787325 0.03135119
 0.10641737]

rule0: imdb_score < 5.729
probabilities_array:[0.         0.01489584 0.         0.01261057 0.13615723 0.14066392
 0.14730217 0.1650064  0.07507458 0.14429271 0.07438021 0.
 0.08961643]

rule1: 5.729 < imdb_score < 6.470
probabilities_array:[0.14153622 0.         0.         0.00220955 0.02548913 0.0566396
 0.14270346 0.12082999 0.07072345 0.12117624 0.08511218 0.1428927
 0.09068742]

rule49: -29758113.841 < budget < 41647509.117
probabilities_array:[0.06269898 0.07289957 0.09452327 0.12321308 0.12502562 0.11638153
 0.13139655 0.11552238 0.06379884 0.05278166 0.03267547 0.
 0.00908313]

rule18: 318.607 < num_user_for_reviews < 597.556
probabilities_array:[0.         0.         0.0196226  0.0407506  0.15543343 0.17419331
 0.11968779 0.10141931 0.06073022 0.13294718 0.10620921 0.06833008
 0.02067631]

rule37: -2306.951 < cast_total_facebook_likes < 11012.425
probabilities_array:[0.09924798 0.08133388 0.04547004 0.         0.         0.
 0.         0.         0.10282255 0.06255861 0.06524423 0.11253364
 0.43078905]

rule14: 159.454 < num_critic_for_reviews < 241.352
probabilities_array:[0.         0.         0.04039519 0.07440129 0.08162569 0.09056486
 0.10815313 0.10268427 0.05924649 0.11102249 0.12959522 0.16550109
 0.03681035]

rule9: -3373.842 < num_voted_users < 99709.859
probabilities_array:[0.15213203 0.15490775 0.13509192 0.10211328 0.1120141  0.10959838
 0.07357842 0.06408153 0.05687084 0.03198506 0.00138566 0.
 0.00624107]

rule17: 39.658 < num_user_for_reviews < 318.607
probabilities_array:[0.         0.06428894 0.1509467  0.12222211 0.09573589 0.07630424
 0.09734085 0.07090151 0.05130274 0.10919818 0.08894846 0.03847818
 0.03433216]

rule5: 1996.329 < title_year < 2003.205
probabilities_array:[0.         0.         0.04804291 0.14431237 0.15574145 0.
 0.05672906 0.06379257 0.0564059  0.03042461 0.02693175 0.20757855
 0.21004085]

rule26: 7419.390 < actor_1_facebook_likes < 18337.133
probabilities_array:[2.7936874e-03 1.7372714e-03 0.0000000e+00 0.0000000e+00 4.2688366e-02
 3.4664184e-04 0.0000000e+00 9.8313943e-02 6.8331875e-02 9.2219055e-02
 1.8184432e-01 1.1032894e-01 4.0139595e-01]


---9---
rule23: director_facebook_likes > 2866.412
probabilities_array:[0.         0.         0.         0.0757478  0.03524991 0.
 0.04416388 0.08347768 0.01314341 0.21024929 0.15408225 0.08908457
 0.2948012 ]

rule46: 109.644 < duration < 125.189
probabilities_array:[0.00541025 0.         0.02581428 0.06292822 0.         0.0605483
 0.06244902 0.12818027 0.1051712  0.17303671 0.16551532 0.04900001
 0.16194646]

rule50: 41647509.117 < budget < 113053132.075
probabilities_array:[0.         0.         0.         0.00020286 0.         0.14119934
 0.13998443 0.17233115 0.17771854 0.14865386 0.15747045 0.
 0.06243936]

rule10: 99709.859 < num_voted_users < 202793.560
probabilities_array:[0.0000000e+00 0.0000000e+00 0.0000000e+00 1.8121287e-02 2.8006732e-05
 0.0000000e+00 9.9865586e-02 1.7934595e-01 1.6437961e-01 1.6857214e-01
 1.4341329e-01 4.8839111e-02 1.7743510e-01]

rule0: imdb_score < 5.729
probabilities_array:[0.         0.01489584 0.         0.01261057 0.13615723 0.14066392
 0.14730217 0.1650064  0.07507458 0.14429271 0.07438021 0.
 0.08961643]

rule18: 318.607 < num_user_for_reviews < 597.556
probabilities_array:[0.         0.         0.0196226  0.0407506  0.15543343 0.17419331
 0.11968779 0.10141931 0.06073022 0.13294718 0.10620921 0.06833008
 0.02067631]

rule34: 733.675 < actor_3_facebook_likes < 1994.340
probabilities_array:[0.         0.         0.         0.         0.024538   0.12741613
 0.         0.04382827 0.13785592 0.14032736 0.21323684 0.16272749
 0.15006997]

rule47: duration > 125.189
probabilities_array:[0.         0.         0.         0.02775057 0.         0.
 0.04083445 0.0229501  0.04880878 0.18624517 0.15006734 0.1628997
 0.36044392]

rule4: title_year < 1996.329
probabilities_array:[0.         0.0235287  0.03740402 0.04847484 0.06308594 0.0797755
 0.06091265 0.08466904 0.12388556 0.11150569 0.19139367 0.1753644
 0.        ]

rule1: 5.729 < imdb_score < 6.470
probabilities_array:[0.14153622 0.         0.         0.00220955 0.02548913 0.0566396
 0.14270346 0.12082999 0.07072345 0.12117624 0.08511218 0.1428927
 0.09068742]

rule14: 159.454 < num_critic_for_reviews < 241.352
probabilities_array:[0.         0.         0.04039519 0.07440129 0.08162569 0.09056486
 0.10815313 0.10268427 0.05924649 0.11102249 0.12959522 0.16550109
 0.03681035]

rule17: 39.658 < num_user_for_reviews < 318.607
probabilities_array:[0.         0.06428894 0.1509467  0.12222211 0.09573589 0.07630424
 0.09734085 0.07090151 0.05130274 0.10919818 0.08894846 0.03847818
 0.03433216]

rule7: title_year > 2010.081
probabilities_array:[0.22041558 0.01614524 0.         0.         0.         0.05084104
 0.         0.10394116 0.01733734 0.12847179 0.         0.19616348
 0.26668447]

rule13: 77.557 < num_critic_for_reviews < 159.454
probabilities_array:[0.         0.08560315 0.01376059 0.07754749 0.0224041  0.09628729
 0.10472865 0.10748359 0.08518842 0.09135491 0.17787325 0.03135119
 0.10641737]

rule42: 8608.739 < movie_facebook_likes < 21897.953
probabilities_array:[0.         0.04569564 0.0680462  0.17689103 0.         0.10394298
 0.08662753 0.07612535 0.14214018 0.08294491 0.         0.1419956
 0.07559061]

rule45: 94.100 < duration < 109.644
probabilities_array:[0.0149384  0.22160164 0.         0.09486164 0.14359881 0.
 0.         0.         0.01484527 0.10583778 0.         0.10453191
 0.29978454]

rule30: 1924.379 < actor_2_facebook_likes < 5043.297
probabilities_array:[0.00089261 0.         0.00194588 0.17921314 0.22521034 0.
 0.         0.08371823 0.17958345 0.08106378 0.00405366 0.13120458
 0.11311431]

rule26: 7419.390 < actor_1_facebook_likes < 18337.133
probabilities_array:[2.7936874e-03 1.7372714e-03 0.0000000e+00 0.0000000e+00 4.2688366e-02
 3.4664184e-04 0.0000000e+00 9.8313943e-02 6.8331875e-02 9.2219055e-02
 1.8184432e-01 1.1032894e-01 4.0139595e-01]

rule2: 6.470 < imdb_score < 7.211
probabilities_array:[0.12198096 0.16442476 0.15096769 0.00560717 0.         0.
 0.         0.         0.0962739  0.06356584 0.08399889 0.18124278
 0.13193797]

rule49: -29758113.841 < budget < 41647509.117
probabilities_array:[0.06269898 0.07289957 0.09452327 0.12321308 0.12502562 0.11638153
 0.13139655 0.11552238 0.06379884 0.05278166 0.03267547 0.
 0.00908313]

rule38: 11012.425 < cast_total_facebook_likes < 24331.801
probabilities_array:[0.00667219 0.         0.01756657 0.02995846 0.06106895 0.
 0.07452614 0.11364909 0.00457502 0.06460363 0.11066563 0.17658706
 0.34012735]

rule29: -1194.539 < actor_2_facebook_likes < 1924.379
probabilities_array:[0.10171782 0.00941758 0.01735338 0.         0.         0.
 0.00795325 0.         0.16242231 0.06843857 0.08605434 0.14591429
 0.4007285 ]


---10---
rule4: title_year < 1996.329
probabilities_array:[0.         0.0235287  0.03740402 0.04847484 0.06308594 0.0797755
 0.06091265 0.08466904 0.12388556 0.11150569 0.19139367 0.1753644
 0.        ]

rule34: 733.675 < actor_3_facebook_likes < 1994.340
probabilities_array:[0.         0.         0.         0.         0.024538   0.12741613
 0.         0.04382827 0.13785592 0.14032736 0.21323684 0.16272749
 0.15006997]

rule13: 77.557 < num_critic_for_reviews < 159.454
probabilities_array:[0.         0.08560315 0.01376059 0.07754749 0.0224041  0.09628729
 0.10472865 0.10748359 0.08518842 0.09135491 0.17787325 0.03135119
 0.10641737]

rule50: 41647509.117 < budget < 113053132.075
probabilities_array:[0.         0.         0.         0.00020286 0.         0.14119934
 0.13998443 0.17233115 0.17771854 0.14865386 0.15747045 0.
 0.06243936]

rule46: 109.644 < duration < 125.189
probabilities_array:[0.00541025 0.         0.02581428 0.06292822 0.         0.0605483
 0.06244902 0.12818027 0.1051712  0.17303671 0.16551532 0.04900001
 0.16194646]

rule14: 159.454 < num_critic_for_reviews < 241.352
probabilities_array:[0.         0.         0.04039519 0.07440129 0.08162569 0.09056486
 0.10815313 0.10268427 0.05924649 0.11102249 0.12959522 0.16550109
 0.03681035]

rule31: actor_2_facebook_likes > 5043.297
probabilities_array:[0.         0.00418458 0.         0.         0.         0.13629994
 0.         0.04357867 0.         0.00081705 0.20005497 0.21349013
 0.4015746 ]

rule10: 99709.859 < num_voted_users < 202793.560
probabilities_array:[0.0000000e+00 0.0000000e+00 0.0000000e+00 1.8121287e-02 2.8006732e-05
 0.0000000e+00 9.9865586e-02 1.7934595e-01 1.6437961e-01 1.6857214e-01
 1.4341329e-01 4.8839111e-02 1.7743510e-01]

rule43: movie_facebook_likes > 21897.953
probabilities_array:[0.         0.00465348 0.         0.         0.00081567 0.
 0.00854033 0.03785869 0.14261527 0.05543685 0.17757998 0.19652405
 0.3759757 ]

rule26: 7419.390 < actor_1_facebook_likes < 18337.133
probabilities_array:[2.7936874e-03 1.7372714e-03 0.0000000e+00 0.0000000e+00 4.2688366e-02
 3.4664184e-04 0.0000000e+00 9.8313943e-02 6.8331875e-02 9.2219055e-02
 1.8184432e-01 1.1032894e-01 4.0139595e-01]

rule11: num_voted_users > 202793.560
probabilities_array:[0.         0.         0.         0.         0.         0.
 0.         0.         0.         0.         0.22800677 0.24864264
 0.52335054]

rule23: director_facebook_likes > 2866.412
probabilities_array:[0.         0.         0.         0.0757478  0.03524991 0.
 0.04416388 0.08347768 0.01314341 0.21024929 0.15408225 0.08908457
 0.2948012 ]

rule18: 318.607 < num_user_for_reviews < 597.556
probabilities_array:[0.         0.         0.0196226  0.0407506  0.15543343 0.17419331
 0.11968779 0.10141931 0.06073022 0.13294718 0.10620921 0.06833008
 0.02067631]

rule47: duration > 125.189
probabilities_array:[0.         0.         0.         0.02775057 0.         0.
 0.04083445 0.0229501  0.04880878 0.18624517 0.15006734 0.1628997
 0.36044392]

rule17: 39.658 < num_user_for_reviews < 318.607
probabilities_array:[0.         0.06428894 0.1509467  0.12222211 0.09573589 0.07630424
 0.09734085 0.07090151 0.05130274 0.10919818 0.08894846 0.03847818
 0.03433216]

rule15: num_critic_for_reviews > 241.352
probabilities_array:[0.         0.         0.         0.         0.00192466 0.02363499
 0.06593605 0.00911906 0.1651089  0.02258253 0.12667635 0.21048352
 0.3745338 ]

rule1: 5.729 < imdb_score < 6.470
probabilities_array:[0.14153622 0.         0.         0.00220955 0.02548913 0.0566396
 0.14270346 0.12082999 0.07072345 0.12117624 0.08511218 0.1428927
 0.09068742]

rule3: imdb_score > 7.211
probabilities_array:[0.00500891 0.16257215 0.21740216 0.         0.01279609 0.
 0.         0.         0.         0.         0.11024601 0.16254133
 0.32943338]

rule38: 11012.425 < cast_total_facebook_likes < 24331.801
probabilities_array:[0.00667219 0.         0.01756657 0.02995846 0.06106895 0.
 0.07452614 0.11364909 0.00457502 0.06460363 0.11066563 0.17658706
 0.34012735]

rule2: 6.470 < imdb_score < 7.211
probabilities_array:[0.12198096 0.16442476 0.15096769 0.00560717 0.         0.
 0.         0.         0.0962739  0.06356584 0.08399889 0.18124278
 0.13193797]

rule0: imdb_score < 5.729
probabilities_array:[0.         0.01489584 0.         0.01261057 0.13615723 0.14066392
 0.14730217 0.1650064  0.07507458 0.14429271 0.07438021 0.
 0.08961643]

rule19: num_user_for_reviews > 597.556
probabilities_array:[0.         0.         0.         0.         0.         0.
 0.06914845 0.02505864 0.1963057  0.01029193 0.10193999 0.20610684
 0.39114848]

rule41: -4680.474 < movie_facebook_likes < 8608.739
probabilities_array:[0.23021884 0.         0.01158815 0.         0.10902963 0.02064332
 0.         0.         0.         0.01114554 0.1050175  0.08569631
 0.42666072]

rule33: -526.989 < actor_3_facebook_likes < 733.675
probabilities_array:[0.12330933 0.1123609  0.12393872 0.09450191 0.         0.
 0.         0.00154635 0.05248383 0.01191799 0.07916957 0.09045395
 0.31031746]

rule29: -1194.539 < actor_2_facebook_likes < 1924.379
probabilities_array:[0.10171782 0.00941758 0.01735338 0.         0.         0.
 0.00795325 0.         0.16242231 0.06843857 0.08605434 0.14591429
 0.4007285 ]


---11---
rule4: title_year < 1996.329
probabilities_array:[0.         0.0235287  0.03740402 0.04847484 0.06308594 0.0797755
 0.06091265 0.08466904 0.12388556 0.11150569 0.19139367 0.1753644
 0.        ]

rule5: 1996.329 < title_year < 2003.205
probabilities_array:[0.         0.         0.04804291 0.14431237 0.15574145 0.
 0.05672906 0.06379257 0.0564059  0.03042461 0.02693175 0.20757855
 0.21004085]

rule14: 159.454 < num_critic_for_reviews < 241.352
probabilities_array:[0.         0.         0.04039519 0.07440129 0.08162569 0.09056486
 0.10815313 0.10268427 0.05924649 0.11102249 0.12959522 0.16550109
 0.03681035]

rule2: 6.470 < imdb_score < 7.211
probabilities_array:[0.12198096 0.16442476 0.15096769 0.00560717 0.         0.
 0.         0.         0.0962739  0.06356584 0.08399889 0.18124278
 0.13193797]

rule7: title_year > 2010.081
probabilities_array:[0.22041558 0.01614524 0.         0.         0.         0.05084104
 0.         0.10394116 0.01733734 0.12847179 0.         0.19616348
 0.26668447]

rule34: 733.675 < actor_3_facebook_likes < 1994.340
probabilities_array:[0.         0.         0.         0.         0.024538   0.12741613
 0.         0.04382827 0.13785592 0.14032736 0.21323684 0.16272749
 0.15006997]

rule15: num_critic_for_reviews > 241.352
probabilities_array:[0.         0.         0.         0.         0.00192466 0.02363499
 0.06593605 0.00911906 0.1651089  0.02258253 0.12667635 0.21048352
 0.3745338 ]

rule42: 8608.739 < movie_facebook_likes < 21897.953
probabilities_array:[0.         0.04569564 0.0680462  0.17689103 0.         0.10394298
 0.08662753 0.07612535 0.14214018 0.08294491 0.         0.1419956
 0.07559061]

rule1: 5.729 < imdb_score < 6.470
probabilities_array:[0.14153622 0.         0.         0.00220955 0.02548913 0.0566396
 0.14270346 0.12082999 0.07072345 0.12117624 0.08511218 0.1428927
 0.09068742]

rule31: actor_2_facebook_likes > 5043.297
probabilities_array:[0.         0.00418458 0.         0.         0.         0.13629994
 0.         0.04357867 0.         0.00081705 0.20005497 0.21349013
 0.4015746 ]

rule19: num_user_for_reviews > 597.556
probabilities_array:[0.         0.         0.         0.         0.         0.
 0.06914845 0.02505864 0.1963057  0.01029193 0.10193999 0.20610684
 0.39114848]

rule43: movie_facebook_likes > 21897.953
probabilities_array:[0.         0.00465348 0.         0.         0.00081567 0.
 0.00854033 0.03785869 0.14261527 0.05543685 0.17757998 0.19652405
 0.3759757 ]

rule11: num_voted_users > 202793.560
probabilities_array:[0.         0.         0.         0.         0.         0.
 0.         0.         0.         0.         0.22800677 0.24864264
 0.52335054]

rule27: actor_1_facebook_likes > 18337.133
probabilities_array:[4.3138228e-02 0.0000000e+00 0.0000000e+00 2.2310184e-02 1.8729985e-04
 0.0000000e+00 1.0860851e-01 1.1816583e-01 0.0000000e+00 1.0313630e-02
 0.0000000e+00 2.2263044e-01 4.7464588e-01]

rule38: 11012.425 < cast_total_facebook_likes < 24331.801
probabilities_array:[0.00667219 0.         0.01756657 0.02995846 0.06106895 0.
 0.07452614 0.11364909 0.00457502 0.06460363 0.11066563 0.17658706
 0.34012735]

rule30: 1924.379 < actor_2_facebook_likes < 5043.297
probabilities_array:[0.00089261 0.         0.00194588 0.17921314 0.22521034 0.
 0.         0.08371823 0.17958345 0.08106378 0.00405366 0.13120458
 0.11311431]

rule3: imdb_score > 7.211
probabilities_array:[0.00500891 0.16257215 0.21740216 0.         0.01279609 0.
 0.         0.         0.         0.         0.11024601 0.16254133
 0.32943338]

rule44: duration < 94.100
probabilities_array:[0.20108896 0.19453844 0.         0.         0.         0.00476806
 0.         0.         0.         0.         0.         0.18459724
 0.41500723]

rule22: 794.260 < director_facebook_likes < 2866.412
probabilities_array:[0.         0.         0.         0.08617789 0.         0.12305907
 0.20398183 0.07438089 0.1855134  0.         0.0187816  0.12732893
 0.18077633]

rule47: duration > 125.189
probabilities_array:[0.         0.         0.         0.02775057 0.         0.
 0.04083445 0.0229501  0.04880878 0.18624517 0.15006734 0.1628997
 0.36044392]

rule21: -1277.893 < director_facebook_likes < 794.260
probabilities_array:[0.07333254 0.00980612 0.         0.         0.         0.
 0.         0.         0.         0.04489604 0.03540615 0.2392728
 0.5972864 ]

rule6: 2003.205 < title_year < 2010.081
probabilities_array:[2.5434515e-01 3.2285556e-02 7.4160104e-03 6.8901576e-02 9.5430634e-04
 0.0000000e+00 0.0000000e+00 0.0000000e+00 0.0000000e+00 6.8026180e-05
 0.0000000e+00 1.7515336e-01 4.6087596e-01]

rule29: -1194.539 < actor_2_facebook_likes < 1924.379
probabilities_array:[0.10171782 0.00941758 0.01735338 0.         0.         0.
 0.00795325 0.         0.16242231 0.06843857 0.08605434 0.14591429
 0.4007285 ]

rule39: cast_total_facebook_likes > 24331.801
probabilities_array:[0.01301948 0.01688905 0.         0.         0.         0.10958753
 0.07324786 0.         0.         0.         0.03499851 0.19152331
 0.5607343 ]

rule51: budget > 113053132.075
probabilities_array:[0.         0.         0.         0.         0.         0.
 0.         0.         0.         0.         0.         0.27595332
 0.72404665]

rule45: 94.100 < duration < 109.644
probabilities_array:[0.0149384  0.22160164 0.         0.09486164 0.14359881 0.
 0.         0.         0.01484527 0.10583778 0.         0.10453191
 0.29978454]

rule18: 318.607 < num_user_for_reviews < 597.556
probabilities_array:[0.         0.         0.0196226  0.0407506  0.15543343 0.17419331
 0.11968779 0.10141931 0.06073022 0.13294718 0.10620921 0.06833008
 0.02067631]

rule26: 7419.390 < actor_1_facebook_likes < 18337.133
probabilities_array:[2.7936874e-03 1.7372714e-03 0.0000000e+00 0.0000000e+00 4.2688366e-02
 3.4664184e-04 0.0000000e+00 9.8313943e-02 6.8331875e-02 9.2219055e-02
 1.8184432e-01 1.1032894e-01 4.0139595e-01]

rule37: -2306.951 < cast_total_facebook_likes < 11012.425
probabilities_array:[0.09924798 0.08133388 0.04547004 0.         0.         0.
 0.         0.         0.10282255 0.06255861 0.06524423 0.11253364
 0.43078905]

rule23: director_facebook_likes > 2866.412
probabilities_array:[0.         0.         0.         0.0757478  0.03524991 0.
 0.04416388 0.08347768 0.01314341 0.21024929 0.15408225 0.08908457
 0.2948012 ]

rule33: -526.989 < actor_3_facebook_likes < 733.675
probabilities_array:[0.12330933 0.1123609  0.12393872 0.09450191 0.         0.
 0.         0.00154635 0.05248383 0.01191799 0.07916957 0.09045395
 0.31031746]

rule35: actor_3_facebook_likes > 1994.340
probabilities_array:[0.         0.         0.         0.         0.         0.02494855
 0.         0.         0.         0.         0.0076755  0.2334261
 0.7339498 ]

rule25: -3498.352 < actor_1_facebook_likes < 7419.390
probabilities_array:[1.2273518e-01 9.3650497e-02 3.7410006e-02 4.5687373e-04 0.0000000e+00
 0.0000000e+00 0.0000000e+00 0.0000000e+00 1.2287274e-03 1.1702394e-02
 6.7819871e-02 1.3007374e-01 5.3492266e-01]

rule41: -4680.474 < movie_facebook_likes < 8608.739
probabilities_array:[0.23021884 0.         0.01158815 0.         0.10902963 0.02064332
 0.         0.         0.         0.01114554 0.1050175  0.08569631
 0.42666072]

rule46: 109.644 < duration < 125.189
probabilities_array:[0.00541025 0.         0.02581428 0.06292822 0.         0.0605483
 0.06244902 0.12818027 0.1051712  0.17303671 0.16551532 0.04900001
 0.16194646]

rule10: 99709.859 < num_voted_users < 202793.560
probabilities_array:[0.0000000e+00 0.0000000e+00 0.0000000e+00 1.8121287e-02 2.8006732e-05
 0.0000000e+00 9.9865586e-02 1.7934595e-01 1.6437961e-01 1.6857214e-01
 1.4341329e-01 4.8839111e-02 1.7743510e-01]

