MSE: 2.601719197707736e-06

Accuracy: 0.5214899713467048

F1: 0.42279441060008444

Confusion Matrix: [[735, 144, 43, 0, 1], [306, 208, 139, 2, 8], [72, 102, 553, 12, 90], [13, 23, 282, 19, 72], [2, 7, 168, 17, 123]]

Uncertainties: {'class0': [0.11590912193059921, 0.21153683960437775, 0.21746297180652618, 0.23485144972801208, 0.2520762085914612], 'class1': [0.02418587915599346, 0.05100707709789276, 0.08824985474348068, 0.11590912193059921, 0.21153683960437775], 'class2': [0.005814346484839916, 0.02418587915599346, 0.05100707709789276, 0.08824985474348068, 0.11590912193059921], 'class3': [0.005814346484839916, 0.02418587915599346, 0.05100707709789276, 0.08824985474348068, 0.11590912193059921], 'class4': [0.005814346484839916, 0.02418587915599346, 0.05100707709789276, 0.08824985474348068, 0.2491181343793869], 'class5': []}

y_test: [-0.003, -0.003, -0.001, -0.003, -0.002, -0.001, -0.001, -0.002, 0.002, -0.002, 0.001, 0.004, -0.003, 0.001, -0.001, 0.003, -0.001, -0.003, 0.001, 0.001, 0.006, 0.001, -0.002, -0.001, 0.002, 0.002, -0.001, -0.002, -0.002, 0.001, -0.002, 0.003, -0.001, 0.003, -0.004, -0.005, -0.003, -0.001, 0.002, -0.004, -0.001, -0.003, 0.002, -0.001, -0.001, 0.003, -0.001, 0.001, -0.002, -0.005, -0.001, 0.002, -0.001, 0.002, 0.001, -0.001, -0.001, -0.002, -0.002, 0.003, 0.001, -0.003, 0.001, 0.003, 0.001, 0.002, 0.002, -0.001, -0.001, 0.001, 0.001, 0.002, -0.002, 0.002, -0.004, 0.002, 0.002, 0.004, 0.001, -0.003, 0.002, 0.003, 0.001, -0.001, -0.003, -0.001, 0.002, 0.001, -0.004, -0.003, -0.002, -0.001, -0.005, 0.001, -0.001, 0.002, 0.003, 0.001, 0.005, -0.002, 0.001, -0.001, -0.003, -0.004, -0.002, 0.006, -0.003, 0.005, -0.006, 0.003, -0.001, 0.001, 0.002, 0.002, 0.003, -0.001, 0.001, 0.002, 0.002, 0.003, -0.002, -0.002, 0.001, 0.001, -0.001, -0.001, 0.001, 0.003, 0.001, 0.002, -0.002, -0.001, -0.004, 0.001, -0.001, -0.001, 0.001, -0.001, -0.002, 0.003, -0.001, -0.002, -0.002, -0.006, -0.002, -0.001, -0.002, -0.005, 0.002, -0.004, 0.001, -0.001, 0.001, 0.001, -0.001, -0.001, -0.001, 0.001, -0.001, 0.002, -0.001, -0.001, 0.002, -0.002, 0.001, 0.002, 0.002, 0.001, 0.001, 0.001, 0.001, 0.001, 0.002, -0.001, 0.002, -0.003, -0.003, -0.001, 0.007, 0.001, 0.002, -0.004, -0.001, -0.003, -0.001, 0.001, 0.003, 0.001, 0.001, 0.001, 0.002, -0.001, 0.002, 0.003, 0.001, -0.001, -0.001, 0.003, -0.001, -0.001, 0.003, -0.002, 0.001, -0.002, -0.001, 0.003, -0.002, -0.003, 0.002, -0.002, 0.002, -0.001, 0.002, -0.002, 0.001, 0.001, 0.001, -0.003, 0.001, -0.001, -0.001, -0.002, -0.001, 0.001, -0.003, -0.001, 0.003, 0.001, -0.001, 0.002, 0.001, -0.001, 0.001, 0.002, -0.002, 0.001, -0.001, -0.004, 0.001, -0.003, -0.001, 0.004, -0.002, 0.001, 0.001, 0.002, -0.002, 0.004, 0.002, -0.003, -0.002, 0.002, -0.003, 0.001, 0.003, -0.002, 0.001, 0.001, -0.001, -0.001, 0.001, -0.001, -0.002, 0.002, 0.002, 0.001, 0.003, -0.001, 0.003, 0.003, -0.002, -0.002, 0.004, -0.002, 0.001, -0.001, 0.001, -0.003, 0.001, 0.002, -0.002, 0.001, 0.004, -0.002, 0.002, 0.001, -0.003, -0.003, -0.006, 0.001, 0.002, 0.008, 0.001, 0.002, 0.002, -0.002, -0.001, 0.006, 0.001, -0.002, -0.001, -0.002, -0.004, 0.001, -0.002, 0.001, -0.003, -0.001, -0.001, 0.001, 0.003, -0.002, -0.004, 0.002, -0.002, -0.004, 0.001, -0.005, -0.002, -0.001, -0.001, -0.001, -0.003, 0.001, -0.002, 0.001, 0.002, -0.001, -0.001, -0.001, 0.001, 0.001, -0.002, -0.001, 0.002, 0.001, 0.001, -0.002, 0.001, 0.001, 0.001, 0.001, 0.001, -0.002, 0.004, 0.001, 0.002, 0.001, -0.003, -0.002, -0.001, -0.001, 0.002, 0.002, -0.001, 0.002, 0.001, -0.002, -0.003, 0.001, -0.001, 0.001, -0.002, 0.001, 0.001, 0.002, -0.002, 0.001, -0.001, 0.001, -0.001, 0.001, 0.001, 0.001, 0.001, -0.005, -0.003, -0.005, 0.001, -0.003, 0.001, 0.002, -0.002, 0.003, 0.001, -0.002, -0.002, -0.001, -0.002, 0.003, 0.001, 0.001, 0.004, 0.001, -0.001, -0.001, 0.003, -0.002, 0.003, 0.003, 0.001, -0.002, 0.002, 0.005, 0.001, -0.001, -0.001, 0.002, -0.002, -0.001, 0.002, -0.001, -0.001, 0.001, 0.003, -0.004, 0.001, -0.002, 0.001, -0.002, -0.003, 0.002, -0.006, -0.001, -0.001, -0.002, 0.002, -0.003, 0.007, 0.002, 0.003, 0.002, -0.002, 0.003, 0.002, 0.001, -0.002, -0.005, 0.002, 0.001, -0.001, 0.001, 0.003, -0.003, 0.001, 0.001, 0.004, 0.001, -0.003, 0.003, -0.002, 0.002, -0.002, -0.004, -0.001, -0.001, 0.002, -0.004, -0.002, 0.001, 0.001, -0.004, -0.002, 0.004, 0.001, -0.001, 0.002, -0.004, -0.002, 0.001, -0.005, 0.001, 0.002, 0.001, -0.001, -0.002, -0.002, -0.001, -0.002, -0.002, -0.004, -0.002, -0.002, -0.005, -0.004, -0.004, -0.002, -0.003, 0.002, 0.001, -0.001, -0.001, 0.001, -0.003, 0.001, -0.001, -0.001, -0.001, 0.002, 0.001, -0.001, 0.002, -0.002, -0.001, -0.004, 0.001, -0.002, -0.001, 0.001, -0.003, -0.003, -0.003, 0.002, -0.001, 0.002, -0.002, 0.002, 0.001, 0.003, -0.001, 0.001, 0.001, -0.005, -0.005, 0.006, -0.006, -0.002, -0.001, -0.002, 0.001, -0.002, 0.001, 0.001, 0.001, -0.002, 0.001, -0.001, -0.002, 0.002, 0.001, -0.001, 0.001, -0.002, -0.001, -0.002, -0.004, -0.001, -0.003, 0.003, 0.003, -0.005, -0.001, 0.001, -0.001, -0.002, -0.001, 0.002, 0.001, -0.002, 0.001, -0.001, 0.001, -0.003, -0.001, 0.004, -0.001, -0.005, 0.003, 0.002, -0.003, -0.002, 0.002, 0.001, -0.002, 0.001, -0.002, 0.003, 0.001, -0.001, -0.001, 0.002, -0.001, -0.001, 0.002, -0.001, -0.003, -0.008, 0.002, -0.002, 0.001, 0.002, -0.001, -0.001, 0.003, -0.001, -0.005, -0.003, -0.001, -0.002, -0.002, 0.002, 0.002, -0.004, 0.003, -0.003, -0.002, 0.001, -0.002, -0.003, 0.002, -0.001, 0.004, 0.001, 0.002, -0.001, -0.001, 0.001, 0.002, -0.001, -0.004, 0.001, -0.003, -0.001, -0.001, 0.004, 0.002, 0.001, -0.001, -0.001, -0.001, 0.001, 0.004, 0.002, 0.001, 0.004, -0.001, 0.001, -0.001, -0.001, 0.005, -0.002, -0.002, 0.002, -0.002, 0.001, 0.003, -0.003, -0.001, 0.002, 0.003, -0.001, -0.003, 0.001, -0.001, 0.001, -0.002, -0.001, -0.001, -0.002, 0.001, 0.001, 0.001, -0.003, 0.001, -0.004, 0.001, 0.005, 0.001, 0.01, -0.001, 0.001, 0.002, -0.003, -0.001, -0.001, -0.002, 0.003, 0.001, 0.001, 0.002, 0.002, 0.001, 0.002, -0.001, 0.002, -0.002, -0.002, -0.004, -0.002, -0.002, -0.001, 0.004, 0.001, -0.002, 0.001, 0.003, -0.003, 0.003, -0.001, -0.001, -0.001, 0.001, 0.001, -0.001, -0.001, 0.004, 0.001, 0.001, -0.01, 0.001, 0.003, -0.001, -0.001, 0.004, 0.001, 0.001, -0.002, 0.001, 0.001, 0.002, -0.001, -0.003, 0.005, -0.004, 0.001, 0.001, 0.001, 0.001, -0.001, 0.002, 0.002, -0.001, -0.002, 0.002, 0.001, 0.005, 0.001, 0.003, 0.001, 0.001, 0.001, -0.001, -0.002, 0.002, 0.002, -0.001, -0.001, 0.001, 0.003, -0.003, -0.003, -0.001, 0.002, -0.001, 0.004, -0.002, 0.001, -0.003, 0.001, 0.001, -0.001, 0.001, -0.002, 0.001, -0.001, -0.001, -0.003, -0.007, -0.001, 0.001, -0.001, 0.001, -0.001, -0.003, -0.003, 0.002, -0.001, 0.005, 0.001, 0.002, 0.002, -0.002, -0.002, -0.002, -0.001, 0.001, -0.002, -0.001, -0.002, 0.002, 0.001, 0.001, -0.001, -0.001, 0.001, 0.001, -0.002, -0.001, 0.001, -0.001, -0.001, 0.001, 0.002, 0.002, -0.002, 0.002, 0.001, 0.003, 0.001, 0.001, -0.001, 0.001, -0.002, -0.001, 0.001, 0.003, 0.001, 0.002, -0.001, -0.002, -0.001, -0.001, 0.001, -0.002, -0.001, 0.001, -0.002, 0.002, -0.002, -0.001, -0.004, 0.001, -0.002, -0.002, 0.002, -0.001, 0.004, -0.001, 0.001, -0.001, 0.001, 0.001, -0.003, -0.003, 0.001, 0.001, -0.002, 0.001, 0.002, -0.002, -0.003, 0.003, 0.001, 0.001, -0.003, -0.001, 0.002, 0.001, 0.001, 0.002, -0.003, -0.001, 0.003, -0.004, 0.001, 0.002, -0.002, 0.003, 0.002, -0.003, 0.004, -0.001, 0.001, 0.001, -0.002, 0.004, -0.001, 0.004, -0.001, 0.004, 0.001, -0.004, 0.002, 0.002, -0.001, -0.001, -0.002, 0.002, -0.001, -0.002, 0.002, 0.001, 0.001, 0.001, -0.001, 0.001, -0.003, -0.004, -0.003, 0.001, -0.001, 0.004, -0.003, 0.002, 0.001, 0.004, -0.004, 0.001, 0.004, 0.001, -0.001, 0.001, -0.003, 0.002, 0.003, 0.001, -0.006, 0.002, 0.003, 0.001, -0.002, 0.001, 0.001, -0.001, 0.007, -0.001, -0.001, -0.001, 0.001, 0.001, -0.001, 0.002, 0.001, 0.001, -0.001, -0.001, -0.003, -0.004, 0.001, 0.004, -0.002, 0.002, 0.002, 0.002, 0.002, -0.001, -0.001, 0.001, 0.001, -0.001, -0.001, 0.003, -0.001, -0.002, -0.001, 0.001, -0.001, -0.001, 0.002, -0.005, 0.001, 0.003, 0.001, 0.001, -0.003, 0.003, 0.005, -0.004, -0.003, 0.001, -0.004, 0.002, 0.004, -0.002, -0.001, -0.002, -0.001, 0.001, -0.002, 0.001, 0.004, 0.002, -0.001, -0.001, -0.004, 0.001, -0.001, 0.001, 0.001, 0.001, -0.002, -0.009, -0.002, 0.001, -0.002, -0.003, 0.005, 0.003, -0.002, 0.001, -0.001, 0.002, 0.002, -0.003, -0.002, 0.001, -0.002, 0.003, -0.001, 0.003, 0.001, 0.001, -0.002, -0.002, -0.005, -0.003, 0.003, -0.001, 0.002, -0.001, -0.003, 0.002, 0.003, 0.001, 0.001, -0.003, -0.003, -0.001, -0.001, 0.003, 0.001, -0.001, 0.003, 0.002, 0.004, -0.001, 0.003, -0.001, -0.001, 0.001, -0.001, -0.001, -0.005, 0.001, 0.001, -0.001, -0.006, -0.002, 0.004, -0.005, 0.007, 0.003, 0.001, 0.001, 0.001, -0.002, -0.001, -0.001, -0.005, -0.003, 0.001, 0.001, 0.001, -0.003, 0.002, -0.001, 0.001, 0.005, -0.004, 0.001, 0.001, -0.001, 0.002, 0.002, 0.003, 0.001, -0.002, 0.002, -0.001, -0.001, -0.003, 0.002, 0.002, 0.003, 0.001, -0.002, -0.001, 0.002, -0.001, 0.003, -0.001, 0.001, -0.004, -0.004, -0.002, 0.001, 0.003, 0.003, -0.002, -0.001, -0.004, -0.002, -0.001, 0.001, -0.003, -0.003, 0.001, -0.003, 0.001, 0.001, -0.001, -0.002, -0.002, -0.001, 0.001, -0.005, 0.002, 0.001, 0.003, 0.001, -0.001, 0.002, 0.003, 0.005, -0.001, -0.007, 0.001, -0.001, 0.001, 0.002, -0.003, -0.001, -0.004, -0.002, 0.003, 0.001, 0.002, -0.001, -0.002, -0.001, 0.004, -0.002, -0.004, -0.003, 0.001, -0.002, 0.001, 0.001, -0.003, 0.001, -0.001, 0.001, 0.001, 0.001, 0.001, 0.001, -0.001, -0.001, -0.003, -0.001, -0.002, -0.001, -0.001, 0.002, 0.001, -0.003, -0.001, 0.001, -0.001, 0.003, -0.002, 0.001, -0.003, 0.001, 0.001, -0.005, 0.001, -0.001, 0.001, 0.001, 0.001, -0.001, 0.002, 0.001, 0.001, -0.001, 0.001, 0.001, 0.001, -0.003, 0.001, 0.002, 0.005, 0.002, -0.001, 0.008, -0.004, -0.002, 0.002, 0.001, 0.001, 0.001, 0.002, -0.006, 0.002, 0.001, 0.002, -0.002, -0.001, 0.002, 0.002, -0.001, 0.003, -0.001, 0.003, -0.001, -0.001, -0.001, -0.001, -0.001, -0.003, -0.001, -0.001, 0.001, -0.001, -0.001, 0.003, -0.002, -0.001, -0.002, 0.002, 0.001, 0.001, 0.002, -0.005, -0.002, 0.001, -0.003, -0.002, -0.003, 0.002, -0.005, -0.002, -0.002, -0.005, 0.001, 0.001, 0.001, 0.001, 0.002, -0.001, -0.001, -0.001, -0.001, -0.002, 0.002, -0.008, -0.002, -0.003, 0.004, 0.001, -0.001, 0.001, 0.001, -0.001, 0.001, -0.001, -0.002, 0.001, 0.001, 0.001, -0.002, -0.004, -0.002, 0.001, -0.001, 0.001, 0.001, -0.003, 0.001, -0.001, -0.001, -0.001, -0.003, -0.001, -0.003, -0.002, -0.002, 0.001, 0.002, -0.002, -0.001, -0.001, -0.002, 0.002, 0.001, 0.002, -0.002, -0.003, 0.001, -0.002, -0.01, 0.001, -0.002, 0.001, 0.001, 0.002, -0.001, -0.004, 0.001, -0.001, 0.001, 0.001, 0.001, 0.002, -0.004, 0.001, 0.002, -0.001, -0.002, 0.001, 0.001, 0.001, -0.002, -0.001, -0.001, 0.001, -0.008, -0.002, -0.001, 0.001, -0.001, 0.002, 0.001, 0.001, -0.002, 0.001, 0.004, 0.002, -0.002, 0.001, 0.001, 0.002, -0.002, -0.001, -0.002, -0.004, 0.003, 0.001, -0.002, 0.002, 0.002, -0.001, 0.002, 0.001, -0.001, 0.002, 0.004, -0.002, -0.001, 0.001, 0.002, 0.001, 0.001, -0.001, 0.004, 0.001, -0.002, -0.001, -0.002, 0.002, 0.001, -0.002, 0.002, 0.003, -0.002, -0.002, -0.001, -0.003, -0.001, -0.002, -0.001, -0.002, 0.003, 0.001, -0.003, -0.002, -0.002, 0.001, 0.001, -0.002, 0.001, 0.002, 0.001, 0.003, -0.003, 0.001, -0.002, -0.002, -0.003, -0.001, 0.004, -0.002, 0.006, 0.004, -0.005, 0.002, 0.001, -0.001, 0.004, 0.003, 0.002, -0.002, 0.001, -0.002, -0.008, 0.004, -0.004, 0.002, -0.001, 0.001, -0.003, -0.001, -0.004, 0.001, -0.002, -0.002, -0.001, 0.001, -0.001, -0.002, -0.001, 0.001, 0.003, -0.001, -0.003, -0.008, 0.002, -0.004, 0.001, -0.005, -0.001, 0.002, 0.003, -0.001, -0.003, -0.002, 0.002, 0.002, 0.002, 0.001, 0.001, 0.001, -0.007, -0.003, -0.002, -0.004, 0.001, -0.003, 0.002, 0.001, -0.001, 0.001, -0.007, 0.002, -0.002, 0.003, 0.001, -0.002, -0.001, -0.001, 0.003, 0.001, -0.001, -0.002, 0.003, -0.001, -0.001, -0.001, 0.001, -0.001, -0.001, -0.003, 0.001, -0.002, 0.001, 0.001, -0.001, 0.002, 0.002, -0.002, -0.006, 0.001, 0.001, -0.002, -0.002, -0.005, 0.001, -0.001, -0.005, 0.001, 0.003, -0.002, 0.001, -0.001, -0.001, -0.001, -0.002, -0.001, -0.001, 0.001, -0.001, -0.001, -0.002, 0.002, 0.001, 0.002, -0.005, -0.001, -0.002, -0.001, 0.003, -0.003, -0.001, 0.002, -0.006, -0.001, -0.003, 0.001, 0.001, -0.003, -0.002, 0.001, -0.001, -0.002, 0.001, 0.001, 0.001, -0.001, -0.001, 0.002, -0.001, -0.004, 0.005, 0.001, 0.004, -0.004, 0.003, -0.002, 0.002, -0.007, 0.001, 0.001, 0.001, 0.001, -0.001, -0.004, -0.004, 0.001, 0.002, 0.002, -0.004, 0.001, 0.004, 0.003, 0.001, -0.002, 0.001, 0.002, -0.003, 0.002, -0.003, 0.002, -0.001, 0.002, -0.001, -0.005, -0.002, 0.002, -0.001, -0.001, 0.001, 0.001, -0.003, -0.003, 0.001, 0.002, 0.001, 0.001, -0.005, -0.001, -0.003, 0.001, -0.001, 0.001, -0.003, 0.001, 0.001, -0.002, -0.004, 0.001, 0.005, 0.004, 0.002, -0.004, -0.001, -0.001, -0.004, 0.001, -0.003, 0.003, 0.001, -0.001, 0.001, -0.003, 0.001, -0.003, -0.002, -0.003, -0.001, 0.001, 0.002, -0.004, -0.002, 0.001, -0.001, 0.001, 0.001, 0.001, 0.004, -0.001, 0.001, 0.002, 0.001, -0.003, 0.003, -0.001, 0.002, 0.003, -0.002, -0.004, 0.001, -0.002, 0.001, 0.001, 0.002, -0.002, 0.005, 0.001, 0.001, 0.001, 0.002, 0.001, -0.002, 0.002, -0.003, 0.001, 0.003, 0.004, -0.001, -0.001, 0.003, 0.002, 0.001, 0.001, 0.002, 0.002, 0.002, 0.002, 0.001, 0.001, -0.002, 0.001, -0.003, -0.001, -0.002, -0.001, -0.001, 0.002, -0.001, -0.006, -0.002, -0.001, 0.001, -0.002, 0.002, -0.001, 0.001, -0.001, -0.002, 0.001, 0.002, -0.001, -0.003, 0.001, -0.002, -0.002, 0.002, 0.001, -0.001, 0.001, 0.002, -0.008, 0.003, 0.002, 0.003, -0.001, -0.003, 0.002, 0.001, -0.003, 0.001, -0.002, 0.002, -0.001, -0.004, -0.004, -0.001, 0.001, -0.003, 0.001, -0.001, -0.001, 0.003, 0.001, -0.002, 0.002, -0.001, -0.004, 0.002, -0.003, -0.002, 0.006, -0.004, 0.001, 0.001, -0.002, -0.002, 0.004, -0.003, -0.001, 0.003, -0.001, 0.002, -0.003, -0.001, -0.005, -0.003, -0.004, -0.002, 0.001, 0.001, -0.001, -0.001, -0.004, -0.002, 0.002, -0.002, -0.001, -0.001, -0.002, 0.004, 0.002, 0.002, 0.001, -0.002, 0.001, -0.004, 0.001, 0.001, -0.002, 0.001, 0.002, -0.004, 0.002, -0.001, -0.001, 0.001, 0.002, 0.002, -0.001, -0.001, -0.002, 0.004, 0.001, 0.002, -0.002, -0.001, -0.001, -0.001, 0.002, 0.001, 0.001, 0.003, -0.004, -0.001, 0.001, 0.004, 0.003, -0.002, -0.001, 0.004, 0.003, -0.001, 0.001, 0.004, 0.001, -0.001, -0.008, 0.002, 0.002, 0.002, -0.001, 0.001, 0.002, -0.002, -0.004, -0.001, -0.002, -0.002, 0.001, -0.001, -0.001, -0.003, -0.004, 0.002, 0.004, -0.002, 0.001, -0.001, -0.003, -0.001, 0.002, -0.001, 0.002, -0.002, -0.002, -0.001, -0.001, 0.002, 0.001, -0.001, 0.004, -0.002, -0.002, -0.003, -0.001, 0.002, -0.002, 0.002, -0.001, -0.003, -0.003, 0.002, -0.001, 0.002, 0.001, 0.001, 0.001, -0.001, 0.002, 0.001, -0.001, 0.001, 0.001, 0.001, -0.002, -0.001, 0.004, 0.002, 0.002, -0.001, 0.002, -0.001, 0.001, 0.001, 0.001, 0.001, -0.002, -0.001, 0.001, 0.003, 0.001, 0.002, 0.002, -0.001, 0.001, 0.003, -0.006, -0.002, -0.002, 0.001, 0.001, -0.003, 0.003, 0.001, 0.001, -0.002, 0.001, 0.001, -0.001, -0.001, 0.001, -0.001, 0.001, -0.001, 0.004, -0.003, 0.001, -0.002, 0.001, -0.001, -0.002, -0.002, 0.002, 0.003, -0.003, -0.001, 0.002, 0.001, 0.001, 0.001, 0.001, 0.001, 0.001, -0.003, -0.001, 0.001, 0.001, -0.002, 0.001, -0.002, -0.004, -0.003, 0.003, -0.002, -0.001, 0.002, -0.002, -0.001, 0.002, 0.002, 0.002, 0.004, 0.002, -0.002, -0.003, 0.001, -0.003, 0.001, -0.001, 0.002, -0.001, -0.001, -0.008, 0.002, 0.001, 0.002, -0.001, -0.001, -0.001, 0.002, -0.006, -0.002, -0.002, -0.001, 0.001, -0.003, 0.002, 0.001, -0.001, -0.001, 0.001, 0.001, -0.004, 0.001, 0.002, 0.002, 0.001, -0.001, 0.001, -0.001, -0.006, -0.001, 0.002, -0.001, 0.002, 0.002, -0.004, -0.002, 0.001, -0.001, 0.001, -0.003, 0.001, -0.002, 0.001, 0.001, -0.002, -0.002, 0.001, 0.001, -0.009, -0.001, -0.004, 0.001, 0.003, -0.002, 0.003, 0.001, 0.003, 0.001, 0.003, 0.004, 0.001, -0.001, 0.005, -0.002, 0.004, -0.003, 0.002, -0.003, 0.001, 0.003, 0.001, -0.003, 0.001, 0.001, 0.002, 0.001, -0.001, -0.002, -0.004, -0.002, -0.003, -0.002, 0.004, 0.002, -0.003, -0.002, -0.003, -0.001, -0.003, 0.001, 0.001, -0.001, -0.003, -0.001, 0.001, 0.002, -0.003, -0.001, -0.001, -0.003, -0.004, 0.002, 0.001, -0.005, -0.001, 0.003, -0.003, -0.001, 0.001, 0.001, -0.002, -0.003, 0.002, 0.002, -0.002, -0.005, -0.005, 0.001, -0.004, -0.003, 0.004, 0.001, 0.001, -0.001, -0.002, 0.001, 0.001, 0.001, 0.001, -0.002, -0.005, 0.001, -0.001, -0.002, 0.001, -0.002, -0.002, -0.002, 0.001, 0.001, 0.001, 0.002, -0.001, 0.001, -0.005, -0.004, 0.002, 0.002, 0.004, -0.002, -0.003, -0.008, -0.001, 0.001, 0.002, -0.003, -0.001, 0.002, 0.002, 0.005, 0.001, 0.002, -0.001, 0.001, -0.003, -0.003, 0.004, 0.005, 0.001, 0.002, -0.001, -0.001, 0.003, -0.001, -0.001, 0.003, -0.007, 0.001, -0.002, -0.003, -0.004, 0.001, 0.002, -0.002, 0.001, 0.005, -0.002, -0.003, -0.004, 0.001, 0.001, 0.001, 0.001, -0.007, 0.001, -0.001, 0.001, -0.006, -0.002, -0.001, -0.001, 0.001, 0.001, -0.001, 0.001, 0.003, -0.004, -0.001, 0.002, -0.001, 0.002, 0.001, -0.003, 0.001, 0.002, -0.001, -0.003, -0.001, -0.001, 0.002, -0.001, -0.003, 0.001, -0.001, 0.001, 0.001, 0.002, -0.005, 0.001, 0.005, -0.002, -0.001, 0.001, -0.001, 0.002, 0.001, 0.001, 0.001, -0.002, -0.003, -0.005, -0.005, 0.001, 0.001, 0.002, -0.001, 0.003, -0.001, 0.003, -0.002, 0.002, 0.001, -0.001, -0.002, 0.002, 0.002, -0.001, 0.002, 0.003, 0.001, -0.001, 0.003, -0.002, -0.002, -0.002, -0.001, -0.001, -0.002, -0.002, -0.002, -0.001, -0.002, 0.003, 0.001, 0.002, -0.003, -0.003, 0.001, 0.005, 0.002, -0.004, -0.002, -0.003, -0.004, -0.004, 0.002, -0.001, -0.002, -0.003, 0.001, -0.002, -0.001, 0.001, 0.001, 0.001, -0.002, -0.002, -0.003, -0.003, 0.001, -0.002, -0.001, -0.006, -0.001, 0.001, -0.003, -0.002, -0.002, 0.004, -0.001, -0.004, 0.002, 0.001, -0.001, -0.003, 0.002, 0.001, 0.004, 0.001, 0.003, -0.002, -0.001, -0.001, 0.005, -0.001, -0.004, 0.001, -0.001, -0.002, 0.001, -0.003, 0.001, 0.004, 0.003, 0.001, -0.004, -0.002, 0.001, 0.001, -0.001, 0.002, 0.001, -0.003, 0.001, 0.001, 0.001, -0.002, -0.001, -0.001, -0.003, -0.002, -0.002, -0.001, -0.002, -0.004, -0.002, -0.001, 0.001, -0.002, -0.001, -0.003, 0.001, 0.001, 0.001, -0.002, -0.004, 0.002, -0.001, 0.005, -0.002, 0.001, 0.001, 0.003, -0.001, 0.002, 0.002, -0.001, -0.001, -0.001, -0.003, 0.001, -0.003, 0.003, 0.001, 0.008, -0.002, 0.001, -0.002, -0.001, 0.001, -0.003, -0.001, 0.001, -0.003, 0.001, -0.001, 0.002, -0.003, -0.002, -0.002, 0.004, 0.001, -0.002, 0.002, -0.003, -0.004, -0.001, 0.003, -0.003, 0.001, -0.002, -0.004, 0.001, 0.001, 0.002, -0.001, -0.001, 0.001, -0.003, 0.001, 0.001, -0.001, 0.001, -0.003, -0.001, 0.002, 0.001, -0.001, 0.001, 0.003, -0.002, -0.001, 0.004, 0.002, -0.001, 0.001, -0.001, 0.002, 0.004, -0.001, -0.002, -0.001, 0.001, -0.003, -0.002, -0.002, -0.003, -0.001, 0.003, 0.005, 0.002, 0.004, 0.001, -0.001, 0.004, -0.001, -0.004, -0.002, 0.001, -0.004, -0.003, 0.002, 0.006, 0.001, -0.001, 0.001, -0.002, -0.001, -0.004, -0.001, -0.002, -0.001, -0.002, -0.001, 0.002, 0.003, 0.001, -0.001, -0.002, -0.005, 0.001, 0.002, -0.001, -0.003, 0.001, -0.001, 0.001, 0.004, 0.002, 0.003, 0.003, -0.001, 0.002, 0.001, 0.001, -0.002, 0.001, -0.001, -0.002, -0.005, 0.001, -0.004, 0.001, -0.002, -0.002, 0.001, -0.001, -0.001, 0.004, 0.001, 0.001, -0.002, 0.003, 0.002, -0.005, 0.001, -0.002, -0.003, -0.001, -0.003, 0.005, -0.003, -0.001, -0.002, 0.001, 0.001, -0.002, -0.004, 0.004, 0.003, 0.001, 0.001, 0.003, -0.004, -0.002, 0.002, 0.005, 0.004, 0.002, 0.002, -0.003, -0.001, 0.001, 0.003, 0.001, -0.004, -0.001, 0.002, 0.001, -0.001, 0.002, -0.001, -0.002, -0.001, -0.003, -0.002, 0.001, 0.001, -0.002, 0.002, -0.006, 0.002, -0.001, -0.003, 0.004, -0.005, -0.001, 0.001, -0.002, 0.004, 0.002, -0.001, 0.006, -0.002, 0.001, 0.002, -0.005, -0.004, 0.001, -0.004, -0.003, -0.001, -0.001, 0.001, -0.001, 0.003, 0.001, -0.005, -0.002, 0.002, 0.001, -0.002, -0.002, -0.004, 0.003, 0.001, -0.003, -0.001, 0.001, 0.001, -0.002, 0.001, -0.002, -0.004, -0.001, -0.001, -0.001, -0.004, 0.002, -0.003, 0.001, -0.002, 0.003, -0.002, -0.001, 0.005, 0.001, 0.001, 0.001, -0.002, 0.002, 0.002, -0.001, 0.001, -0.001, -0.002, 0.008, 0.003, 0.003, -0.004, -0.003, 0.001, 0.001, 0.002, -0.001, 0.002, -0.003, 0.002, 0.001, 0.001, 0.001, -0.003, -0.002, 0.001, -0.003, -0.001, -0.005, -0.001, -0.003, 0.003, 0.003, 0.001, -0.002, -0.002, 0.002, -0.001, -0.003, -0.001, 0.001, -0.002, 0.001, -0.001, -0.001, 0.002, 0.001, -0.001, -0.001, -0.002, 0.002, -0.006, 0.002, 0.001, -0.001, 0.001, -0.002, -0.003, -0.005, -0.003, 0.002, -0.004, -0.006, -0.003, 0.002, -0.003, 0.002, -0.002, 0.001, 0.001, -0.002, 0.001, -0.002, -0.001, 0.001, 0.001, 0.001, -0.002, 0.001, -0.002, -0.002, -0.002, 0.001, -0.002, -0.004, 0.001, -0.002, -0.004, 0.001, 0.001, 0.002, 0.002, 0.002, 0.001, 0.001, 0.003, 0.003, 0.001, -0.003, 0.003, 0.002, 0.004, 0.001, 0.002, -0.005, -0.005, 0.002, 0.002, -0.002, 0.003, -0.002, -0.002, -0.001, 0.002, 0.002, 0.001, -0.001, -0.003, 0.001, 0.001, 0.001, 0.003, -0.001, 0.002, 0.006, -0.001, -0.001, 0.003, 0.001, 0.001, 0.001, 0.004, -0.004, 0.001, -0.001, -0.001, 0.003, -0.001, -0.002, -0.002, -0.002, -0.001, 0.001, 0.001, 0.001, -0.001, 0.001, -0.003, 0.001, -0.001, -0.001, -0.001, 0.001, -0.001, -0.001, -0.001, -0.003, -0.001, 0.003, 0.003, 0.002, -0.001, -0.003, 0.003, 0.005, 0.001, -0.001, 0.001, -0.003, -0.004, -0.002, 0.001, -0.001, 0.001, -0.004, 0.002, 0.001, -0.002, 0.001, 0.004, -0.003, 0.002, 0.001, -0.005, -0.001, -0.001, -0.001, -0.001, -0.004, 0.001, -0.001, -0.001, 0.002, 0.002, 0.002, 0.003, 0.002, 0.001, -0.003, 0.001, 0.001, 0.001, 0.001, 0.001, -0.001, -0.002, -0.002, 0.002, 0.001, 0.001, 0.001, -0.005, -0.001, -0.003, 0.002, 0.001, -0.001, -0.001, -0.001, -0.002, 0.001, -0.001, -0.002, -0.001, -0.003, 0.003, -0.001, 0.001, -0.004, -0.003, -0.001, 0.002, -0.002, 0.001, -0.001, 0.002, 0.003, 0.002, 0.001, -0.004, -0.002, -0.002, -0.002, 0.003, 0.002, -0.004, 0.005, -0.001, -0.001, 0.001, 0.003, 0.001, 0.002, 0.002, -0.001, -0.001, 0.002, -0.004, 0.001, 0.002, 0.001, 0.001, -0.001, 0.003, 0.002, -0.003, 0.001, -0.001, -0.001, 0.001, -0.002, -0.001, -0.002, 0.002, -0.003, -0.002, -0.001, 0.002, 0.001, -0.003, -0.003, 0.002, -0.001, -0.001, -0.001, 0.001, -0.003, -0.002, 0.002, -0.001, 0.001, 0.003, -0.002, -0.001, -0.001, 0.001, 0.001, 0.001, 0.004, -0.003, -0.002, 0.001, 0.001, -0.003, 0.002, -0.002, 0.001, -0.002, 0.001, 0.001, 0.001, -0.001, -0.001, 0.003, -0.003, 0.001, -0.001, 0.002, 0.001, 0.002, 0.001, 0.001, -0.002, -0.005, 0.001, -0.001, 0.001, -0.002, 0.001, -0.001, 0.003, -0.002, -0.001, 0.002, 0.004, 0.001, 0.001, 0.001, -0.004, 0.002, -0.001, 0.002, -0.002, -0.001, -0.005, 0.002, -0.002, -0.001, 0.002, -0.003, -0.001, -0.003, -0.001, 0.005, 0.002, 0.002, -0.001, 0.002, 0.001, -0.004, -0.002, -0.003, 0.001, 0.004, -0.002, 0.003, -0.001, -0.002, -0.001, 0.002, 0.001, -0.001, 0.001, -0.001, -0.004, 0.001, 0.002, 0.001, -0.003, -0.001, -0.003, -0.005, -0.002, 0.001, 0.001, 0.001, -0.001, -0.001, 0.004, -0.001, -0.003, 0.005, -0.003, -0.003, -0.001, 0.001, 0.001, -0.003, 0.004, 0.002, -0.003, 0.001, 0.003, -0.002, -0.001, 0.001, -0.001, 0.002, -0.003, 0.001, 0.001, 0.001, -0.001, 0.001, 0.001, -0.001, 0.002, -0.005, 0.001, -0.003, 0.001, 0.001, -0.004, 0.001, -0.001, 0.001, -0.006, 0.001, 0.001, 0.001, -0.002, -0.001, 0.002, 0.005, -0.002, 0.001, -0.001, -0.005, -0.001, -0.004, 0.004, 0.002, 0.008, 0.001, -0.006, -0.001, -0.002, -0.001, 0.001, -0.001, 0.001, -0.002, 0.001, 0.001, -0.002, -0.001, 0.001, -0.001, 0.001, -0.001, -0.001, 0.001, 0.002, -0.003, 0.002, -0.001, -0.002, 0.001, 0.003, -0.002, 0.002, -0.003, 0.002, 0.001, 0.003, 0.002, -0.001, -0.003, -0.002, -0.002, -0.004, 0.001, -0.003, 0.003, 0.003, 0.001, -0.005, 0.001, -0.001, 0.001, 0.001, -0.002, -0.001, -0.003, -0.004, 0.001, 0.001, 0.002, -0.001, 0.001, 0.001, 0.002, 0.001, -0.001, 0.001, -0.001, -0.002, 0.002, -0.002, 0.001, -0.002, -0.002, -0.001, 0.002, -0.002, -0.002, -0.001, 0.001, 0.001, 0.001, 0.003, -0.001, -0.003, 0.001, 0.002, -0.001, 0.001, 0.001, -0.003, 0.001, 0.001, -0.001, -0.003, 0.002, -0.001, -0.002, -0.001, 0.001, 0.002, 0.003, -0.001, -0.003, -0.001, -0.004, -0.002, 0.001, 0.004, -0.003, 0.003, -0.001, -0.001, 0.003, 0.004, 0.001, 0.003, -0.002, 0.001, -0.001, 0.001, 0.001, 0.001, 0.002, -0.003, -0.002, 0.001, 0.005, 0.002, 0.001, 0.001]

buck_pred: [0, 0, 0, 0, 0, 0, 1, 0, 2, 0, 1, 4, 0, 2, 0, 4, 1, 0, 2, 1, 3, 1, 0, 2, 2, 1, 0, 0, 0, 2, 0, 2, 1, 2, 0, 0, 0, 0, 1, 0, 1, 0, 2, 1, 1, 2, 2, 2, 0, 0, 0, 2, 0, 2, 2, 0, 0, 0, 1, 2, 2, 1, 2, 2, 0, 2, 2, 1, 0, 2, 2, 0, 0, 2, 0, 2, 2, 4, 2, 0, 2, 0, 1, 0, 0, 1, 2, 2, 0, 0, 1, 1, 0, 2, 0, 2, 4, 2, 2, 0, 2, 0, 0, 0, 0, 4, 0, 2, 0, 2, 0, 2, 2, 4, 4, 1, 3, 2, 4, 4, 2, 0, 2, 1, 0, 2, 2, 4, 1, 0, 0, 0, 0, 2, 0, 0, 4, 2, 0, 4, 0, 1, 0, 0, 0, 1, 2, 0, 2, 2, 2, 0, 2, 2, 2, 0, 2, 2, 1, 2, 1, 1, 2, 1, 2, 2, 4, 3, 2, 2, 2, 2, 2, 1, 2, 0, 0, 0, 4, 2, 4, 0, 1, 0, 1, 2, 4, 2, 2, 4, 2, 2, 2, 2, 2, 1, 0, 2, 0, 0, 2, 2, 2, 0, 1, 2, 0, 1, 2, 0, 2, 0, 2, 0, 0, 2, 2, 1, 2, 2, 0, 0, 2, 2, 0, 0, 2, 4, 2, 2, 2, 0, 4, 4, 2, 0, 0, 0, 2, 0, 0, 4, 0, 0, 1, 2, 2, 2, 2, 2, 0, 2, 1, 2, 2, 0, 2, 4, 0, 0, 1, 1, 0, 2, 4, 2, 3, 0, 2, 4, 1, 0, 4, 0, 2, 1, 4, 0, 2, 2, 1, 1, 4, 0, 2, 2, 0, 0, 0, 2, 2, 4, 2, 2, 3, 0, 1, 3, 2, 0, 0, 0, 1, 2, 1, 2, 1, 2, 1, 2, 2, 1, 0, 2, 0, 1, 2, 0, 0, 0, 2, 1, 1, 2, 0, 1, 2, 0, 2, 0, 2, 2, 0, 1, 0, 2, 0, 0, 2, 2, 1, 2, 2, 0, 4, 0, 2, 2, 0, 0, 2, 1, 2, 4, 2, 2, 2, 0, 0, 2, 0, 2, 1, 4, 2, 2, 1, 2, 1, 2, 0, 1, 2, 2, 3, 2, 2, 0, 1, 0, 0, 4, 0, 4, 2, 1, 0, 0, 0, 3, 2, 1, 4, 2, 0, 0, 2, 2, 2, 2, 1, 0, 2, 4, 0, 0, 1, 2, 0, 0, 2, 1, 0, 2, 2, 0, 0, 1, 1, 0, 0, 2, 0, 1, 0, 0, 1, 0, 2, 2, 1, 2, 1, 3, 2, 2, 2, 0, 4, 1, 1, 2, 4, 0, 2, 2, 4, 1, 0, 4, 0, 2, 2, 1, 2, 1, 2, 0, 0, 2, 2, 0, 0, 4, 2, 0, 4, 0, 0, 2, 0, 2, 2, 2, 0, 0, 0, 2, 0, 0, 0, 0, 0, 0, 0, 0, 0, 0, 4, 2, 2, 0, 2, 0, 2, 3, 2, 1, 2, 2, 2, 2, 0, 2, 0, 2, 0, 0, 0, 0, 0, 0, 2, 0, 4, 0, 2, 2, 2, 0, 1, 2, 0, 0, 4, 0, 0, 0, 0, 2, 2, 4, 0, 2, 2, 1, 0, 1, 2, 4, 0, 2, 0, 1, 2, 0, 0, 0, 2, 2, 0, 2, 0, 2, 0, 2, 2, 4, 1, 2, 1, 2, 0, 2, 2, 0, 0, 2, 3, 0, 0, 2, 2, 0, 2, 1, 2, 2, 2, 0, 2, 1, 1, 2, 1, 0, 0, 2, 0, 2, 2, 1, 1, 3, 1, 0, 0, 0, 0, 0, 4, 4, 0, 4, 1, 0, 2, 0, 0, 2, 0, 4, 2, 3, 2, 0, 2, 3, 2, 0, 1, 0, 2, 1, 2, 2, 2, 0, 1, 0, 2, 2, 2, 2, 2, 0, 2, 0, 0, 2, 1, 0, 2, 0, 2, 2, 0, 0, 2, 2, 0, 0, 2, 0, 4, 0, 0, 0, 0, 2, 2, 2, 0, 0, 0, 1, 2, 1, 4, 0, 0, 4, 0, 2, 0, 0, 2, 2, 1, 0, 4, 2, 2, 0, 4, 0, 1, 0, 0, 0, 1, 2, 2, 0, 2, 2, 0, 2, 0, 0, 0, 2, 2, 0, 0, 4, 1, 2, 0, 1, 2, 0, 1, 2, 2, 2, 0, 2, 1, 1, 0, 0, 4, 0, 2, 2, 2, 3, 0, 2, 2, 0, 2, 1, 2, 4, 0, 2, 2, 2, 1, 0, 0, 1, 2, 0, 0, 1, 2, 0, 0, 0, 4, 1, 2, 1, 2, 0, 2, 1, 0, 2, 0, 2, 0, 0, 0, 0, 1, 2, 0, 2, 0, 0, 0, 2, 2, 2, 2, 4, 2, 0, 0, 0, 0, 4, 0, 0, 1, 2, 2, 2, 0, 1, 2, 2, 0, 2, 0, 0, 0, 2, 2, 2, 0, 4, 2, 2, 2, 2, 2, 2, 0, 0, 2, 2, 0, 2, 1, 1, 0, 2, 2, 0, 2, 4, 0, 2, 0, 2, 0, 2, 0, 0, 2, 0, 4, 1, 2, 1, 2, 2, 0, 0, 2, 2, 0, 1, 2, 1, 0, 2, 2, 4, 0, 1, 2, 2, 0, 2, 0, 0, 2, 0, 4, 4, 0, 2, 2, 0, 2, 1, 2, 2, 0, 4, 0, 4, 2, 2, 2, 0, 2, 2, 1, 2, 1, 2, 0, 0, 2, 4, 3, 1, 1, 2, 2, 0, 0, 0, 0, 4, 0, 2, 1, 4, 0, 0, 4, 2, 2, 4, 0, 2, 4, 4, 0, 2, 2, 1, 0, 2, 2, 0, 4, 0, 1, 2, 2, 2, 0, 2, 1, 2, 2, 2, 0, 1, 0, 2, 0, 2, 0, 2, 4, 2, 0, 1, 2, 1, 0, 1, 2, 0, 1, 2, 0, 0, 4, 0, 1, 2, 2, 2, 0, 2, 4, 0, 1, 4, 0, 4, 4, 1, 0, 0, 1, 2, 0, 2, 2, 0, 1, 1, 0, 2, 1, 1, 2, 2, 1, 0, 0, 2, 0, 0, 2, 3, 2, 1, 2, 2, 2, 1, 0, 2, 0, 4, 1, 2, 2, 2, 1, 0, 0, 0, 2, 1, 2, 2, 0, 2, 2, 2, 2, 0, 0, 0, 1, 2, 0, 0, 2, 2, 2, 2, 4, 1, 0, 1, 2, 0, 0, 2, 0, 0, 0, 0, 2, 0, 4, 2, 0, 2, 1, 1, 1, 1, 0, 0, 2, 2, 1, 0, 3, 0, 2, 2, 0, 2, 2, 0, 2, 2, 2, 2, 0, 1, 1, 0, 0, 2, 2, 2, 2, 1, 1, 2, 0, 4, 2, 2, 0, 0, 0, 2, 2, 2, 1, 2, 0, 1, 2, 1, 0, 1, 2, 0, 0, 0, 2, 0, 0, 1, 1, 0, 2, 2, 2, 2, 0, 4, 2, 4, 2, 0, 2, 0, 4, 2, 0, 2, 0, 1, 4, 2, 2, 0, 0, 1, 2, 0, 0, 0, 1, 0, 2, 2, 0, 2, 1, 2, 2, 2, 2, 2, 1, 0, 0, 0, 0, 0, 0, 2, 2, 0, 0, 4, 1, 2, 1, 2, 0, 4, 2, 0, 2, 1, 2, 4, 2, 1, 2, 2, 2, 2, 1, 2, 2, 0, 2, 2, 4, 4, 0, 4, 1, 0, 2, 4, 3, 2, 4, 0, 1, 2, 2, 1, 2, 2, 2, 0, 1, 0, 2, 1, 1, 1, 1, 0, 0, 2, 0, 4, 0, 1, 2, 1, 1, 0, 2, 2, 2, 4, 2, 0, 2, 0, 0, 0, 1, 0, 0, 0, 0, 4, 2, 2, 0, 2, 0, 0, 0, 1, 0, 2, 0, 0, 0, 2, 3, 0, 2, 2, 2, 0, 0, 0, 2, 4, 2, 2, 0, 0, 2, 1, 2, 2, 0, 2, 0, 2, 2, 0, 1, 0, 0, 1, 1, 2, 0, 4, 1, 0, 2, 2, 2, 0, 1, 2, 2, 0, 2, 0, 2, 3, 2, 0, 0, 2, 0, 2, 4, 0, 2, 0, 2, 2, 1, 0, 2, 2, 3, 1, 1, 1, 4, 0, 0, 0, 2, 2, 2, 2, 2, 1, 1, 2, 3, 0, 4, 4, 2, 2, 1, 0, 0, 4, 2, 0, 2, 2, 1, 2, 2, 1, 2, 2, 0, 2, 1, 2, 2, 2, 0, 4, 0, 2, 1, 0, 4, 1, 0, 2, 4, 0, 1, 2, 0, 1, 0, 2, 0, 2, 2, 0, 0, 0, 4, 2, 1, 2, 2, 2, 2, 0, 2, 1, 1, 0, 2, 2, 1, 4, 4, 0, 2, 2, 1, 2, 2, 4, 0, 2, 0, 0, 4, 0, 2, 1, 2, 0, 1, 0, 0, 0, 0, 2, 2, 1, 1, 0, 2, 4, 0, 0, 0, 2, 0, 2, 0, 2, 3, 2, 1, 0, 0, 4, 2, 4, 2, 4, 2, 0, 1, 0, 2, 2, 2, 2, 2, 1, 2, 0, 4, 0, 2, 2, 0, 1, 0, 2, 0, 1, 0, 4, 1, 2, 0, 2, 0, 0, 2, 2, 0, 2, 2, 0, 2, 2, 0, 0, 1, 0, 1, 0, 0, 1, 2, 0, 1, 2, 1, 2, 1, 1, 2, 1, 2, 2, 2, 0, 2, 0, 2, 2, 3, 0, 2, 0, 0, 2, 0, 0, 2, 1, 0, 0, 4, 1, 0, 0, 2, 2, 1, 2, 4, 2, 0, 0, 2, 0, 0, 4, 2, 2, 0, 4, 1, 2, 0, 2, 2, 1, 2, 2, 0, 0, 2, 2, 2, 0, 2, 4, 4, 0, 1, 2, 2, 0, 4, 0, 3, 0, 4, 2, 0, 0, 2, 0, 0, 2, 2, 1, 0, 2, 2, 2, 2, 0, 2, 0, 2, 0, 2, 1, 2, 0, 0, 0, 0, 2, 4, 1, 0, 0, 0, 0, 1, 0, 2, 2, 1, 2, 0, 2, 0, 1, 0, 0, 0, 2, 1, 0, 2, 0, 0, 2, 1, 2, 0, 1, 2, 2, 0, 2, 0, 4, 4, 0, 0, 1, 0, 2, 4, 2, 1, 4, 2, 2, 4, 4, 0, 0, 3, 0, 2, 2, 4, 4, 0, 2, 2, 2, 4, 2, 3, 4, 2, 2, 4, 0, 2, 0, 0, 0, 2, 1, 2, 1, 0, 2, 1, 2, 0, 2, 0, 2, 0, 0, 2, 1, 2, 0, 1, 0, 0, 2, 2, 1, 2, 4, 1, 4, 4, 2, 0, 0, 2, 2, 0, 2, 0, 2, 0, 0, 0, 2, 2, 0, 2, 1, 2, 4, 2, 0, 3, 1, 0, 2, 0, 0, 4, 0, 2, 2, 1, 0, 2, 0, 2, 2, 1, 4, 1, 1, 0, 0, 1, 0, 0, 2, 0, 1, 0, 0, 4, 0, 0, 1, 0, 2, 1, 2, 2, 0, 2, 0, 4, 2, 1, 2, 2, 1, 4, 0, 0, 1, 0, 0, 1, 0, 1, 2, 2, 2, 0, 3, 2, 1, 0, 2, 4, 4, 0, 0, 1, 2, 4, 0, 1, 2, 4, 2, 2, 2, 2, 0, 0, 2, 2, 2, 0, 2, 2, 0, 0, 0, 0, 0, 2, 0, 1, 0, 0, 2, 4, 0, 2, 4, 1, 0, 4, 0, 2, 0, 0, 0, 0, 2, 2, 2, 2, 1, 1, 0, 0, 2, 1, 2, 2, 0, 0, 4, 1, 4, 2, 4, 2, 0, 2, 2, 2, 4, 2, 2, 1, 0, 2, 4, 2, 0, 2, 1, 0, 2, 2, 2, 0, 1, 2, 2, 2, 2, 2, 0, 4, 4, 0, 0, 0, 1, 2, 0, 2, 2, 1, 1, 4, 2, 0, 0, 2, 1, 2, 0, 3, 0, 0, 0, 2, 1, 0, 0, 2, 4, 0, 1, 2, 4, 2, 2, 3, 2, 2, 0, 2, 2, 0, 0, 0, 0, 0, 0, 1, 1, 0, 4, 0, 0, 4, 2, 2, 2, 2, 0, 0, 2, 0, 2, 0, 2, 2, 0, 0, 4, 1, 2, 2, 0, 0, 4, 0, 1, 0, 1, 4, 0, 2, 1, 0, 2, 0, 2, 0, 0, 2, 2, 2, 2, 2, 0, 0, 1, 2, 1, 2, 3, 0, 0, 2, 0, 2, 0, 4, 0, 2, 2, 0, 0, 0, 2, 0, 2, 0, 2, 4, 0, 2, 2, 2, 2, 2, 2, 2, 0, 4, 0, 2, 0, 3, 0, 2, 2, 2, 0, 2, 1, 2, 2, 2, 1, 0, 0, 0, 1, 2, 0, 0, 1, 0, 2, 0, 2, 2, 1, 0, 2, 2, 2, 0, 0, 0, 0, 0, 2, 2, 0, 0, 1, 0, 1, 2, 2, 1, 1, 2, 2, 0, 0, 0, 2, 0, 0, 4, 2, 0, 2, 1, 2, 2, 2, 1, 2, 0, 2, 2, 1, 0, 1, 0, 0, 1, 2, 1, 2, 2, 2, 1, 0, 2, 4, 1, 0, 0, 0, 2, 2, 2, 0, 2, 2, 2, 4, 0, 2, 0, 2, 0, 0, 2, 4, 2, 1, 1, 2, 0, 2, 0, 3, 0, 1, 2, 1, 0, 2, 1, 0, 2, 3, 0, 0, 0, 0, 1, 2, 2, 0, 2, 0, 2, 0, 0, 0, 0, 2, 3, 1, 2, 2, 0, 0, 2, 0, 4, 1, 1, 2, 2, 2, 1, 2, 0, 2, 0, 0, 2, 0, 2, 4, 2, 0, 2, 4, 0, 1, 2, 1, 2, 2, 4, 2, 0, 1, 0, 0, 1, 2, 2, 0, 2, 0, 2, 0, 1, 4, 0, 0, 2, 2, 0, 2, 4, 2, 1, 4, 0, 1, 0, 0, 0, 0, 0, 2, 1, 0, 2, 2, 2, 0, 0, 2, 4, 2, 0, 0, 0, 0, 0, 4, 1, 0, 0, 2, 0, 4, 2, 2, 2, 0, 0, 0, 0, 2, 0, 2, 0, 0, 2, 0, 0, 0, 4, 0, 1, 3, 4, 0, 0, 2, 2, 4, 4, 2, 0, 0, 0, 2, 1, 0, 2, 1, 0, 2, 0, 0, 2, 2, 0, 0, 0, 2, 0, 0, 1, 2, 0, 4, 0, 4, 0, 0, 0, 1, 0, 1, 1, 1, 2, 1, 2, 4, 0, 1, 1, 2, 2, 4, 0, 0, 1, 0, 2, 0, 2, 2, 2, 0, 2, 2, 1, 0, 2, 0, 2, 0, 4, 2, 4, 0, 2, 1, 2, 1, 0, 1, 2, 1, 2, 0, 2, 0, 0, 0, 3, 3, 0, 2, 1, 0, 1, 2, 0, 2, 0, 0, 2, 2, 1, 0, 0, 4, 0, 4, 2, 1, 1, 0, 1, 2, 2, 1, 2, 2, 1, 1, 2, 2, 0, 1, 0, 2, 4, 1, 0, 0, 2, 1, 0, 0, 0, 0, 2, 4, 0, 3, 2, 2, 2, 1, 0, 0, 2, 0, 0, 2, 4, 2, 1, 1, 0, 0, 1, 0, 0, 0, 0, 0, 4, 3, 2, 1, 0, 0, 2, 2, 0, 0, 2, 1, 2, 2, 2, 4, 2, 1, 3, 2, 2, 0, 2, 1, 0, 0, 2, 0, 2, 0, 2, 1, 2, 1, 2, 4, 0, 0, 4, 4, 0, 2, 0, 0, 0, 1, 2, 0, 2, 0, 1, 4, 2, 0, 2, 2, 0, 1, 2, 1, 0, 2, 2, 4, 2, 2, 0, 1, 2, 2, 4, 0, 1, 4, 2, 2, 2, 2, 0, 2, 2, 1, 4, 1, 0, 2, 0, 2, 0, 0, 4, 0, 1, 0, 0, 4, 2, 1, 2, 0, 2, 2, 0, 2, 4, 0, 0, 1, 0, 2, 1, 2, 2, 0, 0, 2, 2, 1, 1, 0, 2, 4, 0, 1, 2, 4, 2, 0, 0, 0, 0, 1, 0, 0, 1, 0, 4, 0, 4, 2, 2, 2, 1, 1, 1, 0, 2, 2, 4, 2, 2, 0, 4, 4, 4, 1, 0, 2, 2, 2, 2, 2, 0, 2, 2, 2, 2, 0, 0, 0, 1, 0, 0, 2, 0, 2, 4, 4, 1, 0, 2, 1, 0, 1, 4, 4, 1, 0, 1, 4, 2, 0, 0, 1, 2, 0, 2, 2, 1, 4, 1, 1, 0, 1, 2, 0, 0, 1, 2, 0, 4, 2, 2, 2, 1, 2, 0, 0, 1, 2, 2, 0, 2, 0, 0, 0, 2, 0, 0, 1, 0, 0, 2, 2, 2, 2, 3, 2, 2, 4, 3, 0, 0, 2, 2, 4, 1, 2, 0, 0, 2, 2, 0, 2, 0, 0, 1, 2, 2, 2, 0, 2, 2, 1, 0, 4, 1, 2, 2, 0, 0, 2, 2, 1, 1, 4, 0, 2, 0, 1, 4, 0, 0, 0, 1, 0, 2, 2, 2, 0, 2, 0, 4, 0, 2, 1, 2, 2, 1, 0, 0, 2, 4, 2, 2, 2, 0, 2, 4, 4, 0, 0, 0, 0, 1, 2, 2, 2, 0, 2, 2, 0, 2, 2, 0, 4, 2, 0, 0, 0, 1, 1, 0, 2, 0, 0, 1, 2, 2, 4, 4, 4, 0, 4, 2, 4, 2, 1, 0, 0, 1, 2, 1, 2, 0, 0, 1, 0, 2, 2, 1, 0, 1, 0, 1, 0, 0, 1, 0, 4, 0, 2, 0, 0, 0, 1, 0, 0, 1, 2, 4, 4, 2, 0, 0, 0, 0, 2, 2, 0, 4, 2, 1, 2, 2, 1, 0, 2, 0, 0, 2, 0, 2, 2, 2, 4, 0, 4, 3, 0, 2, 2, 1, 2, 0, 1, 1, 0, 1, 0, 0, 2, 4, 1, 0, 2, 0, 0, 2, 2, 1, 0, 2, 0, 0, 4, 0, 2, 0, 4, 2, 2, 2, 0, 0, 2, 2, 0, 4, 0, 2, 0, 2, 2, 0, 2, 1, 4, 0, 2, 0, 2, 2, 2, 2, 4, 0, 0, 0, 0, 4, 1, 4, 1, 3, 0, 2, 4, 3, 2, 2, 2, 1, 4, 0, 4, 0, 1, 0, 2, 0, 1, 2, 0, 2, 0, 0, 4, 2, 2, 2, 4, 2, 0, 0, 0, 4, 4, 1, 2, 0, 0, 0, 2, 4, 1, 2, 0, 0, 1, 2, 2, 0, 0, 1, 0, 0, 4, 2, 2, 0, 1, 4, 0, 0, 4, 0, 0, 1, 2, 2, 0, 2, 4, 0, 4, 2, 0, 0, 1, 1, 2, 0, 2, 2, 2, 2, 2, 2, 2, 2, 2, 2, 0, 2, 2, 2, 1, 1, 2, 0, 2, 2, 2, 0, 1, 2, 4, 0, 2, 1, 0, 1, 0, 1, 4, 4, 2, 0, 1, 0, 0, 4, 1, 2, 0, 2, 2, 1, 0, 2, 0, 2, 0, 2, 2, 1, 0, 2, 0, 2, 2, 3, 0, 3, 0, 2, 2, 2, 1, 1, 0, 0, 0, 0, 2, 0, 2, 4, 1, 0, 2, 4, 2, 2, 0, 2, 0, 0, 2, 0, 4, 4, 1, 0, 2, 2, 1, 2, 0, 1, 2, 1, 2, 0, 1, 1, 4, 0, 0, 1, 4, 2, 1, 2, 1, 2, 4, 2, 0, 2, 2, 0, 2, 2, 1, 0, 2, 1, 0, 1, 4, 4, 2, 0, 1, 4, 0, 0, 4, 4, 0, 4, 2, 2, 2, 2, 2, 2, 0, 0, 1, 2, 2, 2, 2, 0, 1, 2, 2, 2, 2, 0]

bins: [-0.014, -0.002, -0.001, 0.001, 0.002, 0.013]

Most important rules
-----------------------------

---0---
rule4: Altitude < -29.505
probabilities_array:[0.41366786 0.18289565 0.19189967 0.         0.         0.
 0.21153684]

rule0: climbRate < -3.592
probabilities_array:[0.42107597 0.34407258 0.         0.         0.         0.
 0.23485145]

rule12: curRoll < -0.009
probabilities_array:[0.3656715  0.19729485 0.13634515 0.06149483 0.02173074 0.
 0.21746297]

rule16: diffClb < -0.119
probabilities_array:[0.47408774 0.         0.         0.         0.         0.
 0.5259123 ]

rule1: -3.592 < climbRate < -0.266
probabilities_array:[0.2891013  0.28391245 0.16185342 0.0066935  0.         0.
 0.2584393 ]

rule5: -29.505 < Altitude < -12.362
probabilities_array:[0.34056646 0.13927212 0.13626066 0.00556266 0.         0.
 0.37833816]

rule15: curRoll > 0.012
probabilities_array:[0.34448949 0.14434154 0.12267324 0.         0.         0.
 0.38849577]

rule7: Altitude > 4.781
probabilities_array:[0.27486956 0.2960192  0.15649028 0.01829484 0.00224991 0.
 0.2520762 ]

rule6: -12.362 < Altitude < 4.781
probabilities_array:[0.30347446 0.19554324 0.14170425 0.         0.00469858 0.
 0.3545795 ]

rule13: -0.009 < curRoll < 0.002
probabilities_array:[0.27370507 0.17631851 0.1840216  0.04180197 0.01013282 0.
 0.31402   ]

rule14: 0.002 < curRoll < 0.012
probabilities_array:[0.28181356 0.2620995  0.10729337 0.         0.         0.
 0.3487936 ]

rule8: RollRate < -0.004
probabilities_array:[0.25000608 0.35055256 0.08307494 0.         0.         0.
 0.31636646]

rule10: 0.000 < RollRate < 0.004
probabilities_array:[0.29754406 0.08320053 0.03436557 0.10409464 0.0447809  0.
 0.4360143 ]

rule23: diffDiffClb = 0.0
probabilities_array:[0.27074486 0.08170841 0.04229555 0.09418248 0.1263187  0.
 0.38474995]

rule9: -0.004 < RollRate < 0.000
probabilities_array:[0.35527745 0.11036851 0.         0.         0.         0.
 0.53435403]

rule17: -0.119 < diffClb < 0.000
probabilities_array:[0.12258283 0.35860804 0.29052803 0.11237193 0.         0.
 0.11590912]


---1---
rule17: -0.119 < diffClb < 0.000
probabilities_array:[0.12258283 0.35860804 0.29052803 0.11237193 0.         0.
 0.11590912]

rule0: climbRate < -3.592
probabilities_array:[0.42107597 0.34407258 0.         0.         0.         0.
 0.23485145]

rule8: RollRate < -0.004
probabilities_array:[0.25000608 0.35055256 0.08307494 0.         0.         0.
 0.31636646]

rule7: Altitude > 4.781
probabilities_array:[0.27486956 0.2960192  0.15649028 0.01829484 0.00224991 0.
 0.2520762 ]

rule1: -3.592 < climbRate < -0.266
probabilities_array:[0.2891013  0.28391245 0.16185342 0.0066935  0.         0.
 0.2584393 ]

rule14: 0.002 < curRoll < 0.012
probabilities_array:[0.28181356 0.2620995  0.10729337 0.         0.         0.
 0.3487936 ]

rule12: curRoll < -0.009
probabilities_array:[0.3656715  0.19729485 0.13634515 0.06149483 0.02173074 0.
 0.21746297]

rule4: Altitude < -29.505
probabilities_array:[0.41366786 0.18289565 0.19189967 0.         0.         0.
 0.21153684]

rule6: -12.362 < Altitude < 4.781
probabilities_array:[0.30347446 0.19554324 0.14170425 0.         0.00469858 0.
 0.3545795 ]

rule13: -0.009 < curRoll < 0.002
probabilities_array:[0.27370507 0.17631851 0.1840216  0.04180197 0.01013282 0.
 0.31402   ]

rule18: 0.000 < diffClb < 0.120
probabilities_array:[0.00042204 0.11868445 0.31944436 0.29921317 0.21122889 0.
 0.05100708]

rule15: curRoll > 0.012
probabilities_array:[0.34448949 0.14434154 0.12267324 0.         0.         0.
 0.38849577]

rule5: -29.505 < Altitude < -12.362
probabilities_array:[0.34056646 0.13927212 0.13626066 0.00556266 0.         0.
 0.37833816]

rule19: diffClb > 0.120
probabilities_array:[0.0009193  0.07590429 0.18949723 0.27676296 0.43273035 0.
 0.02418588]

rule2: -0.266 < climbRate < 3.060
probabilities_array:[0.         0.07335094 0.28608882 0.34672648 0.20558386 0.
 0.08824985]

rule9: -0.004 < RollRate < 0.000
probabilities_array:[0.35527745 0.11036851 0.         0.         0.         0.
 0.53435403]

rule23: diffDiffClb = 0.0
probabilities_array:[0.27074486 0.08170841 0.04229555 0.09418248 0.1263187  0.
 0.38474995]

rule10: 0.000 < RollRate < 0.004
probabilities_array:[0.29754406 0.08320053 0.03436557 0.10409464 0.0447809  0.
 0.4360143 ]


---2---
rule18: 0.000 < diffClb < 0.120
probabilities_array:[0.00042204 0.11868445 0.31944436 0.29921317 0.21122889 0.
 0.05100708]

rule2: -0.266 < climbRate < 3.060
probabilities_array:[0.         0.07335094 0.28608882 0.34672648 0.20558386 0.
 0.08824985]

rule17: -0.119 < diffClb < 0.000
probabilities_array:[0.12258283 0.35860804 0.29052803 0.11237193 0.         0.
 0.11590912]

rule3: climbRate > 3.060
probabilities_array:[0.00238164 0.02321371 0.2364891  0.3260959  0.4060053  0.
 0.00581435]

rule11: RollRate > 0.004
probabilities_array:[0.00984507 0.         0.2658212  0.2804776  0.19473797 0.
 0.24911813]

rule19: diffClb > 0.120
probabilities_array:[0.0009193  0.07590429 0.18949723 0.27676296 0.43273035 0.
 0.02418588]

rule4: Altitude < -29.505
probabilities_array:[0.41366786 0.18289565 0.19189967 0.         0.         0.
 0.21153684]

rule13: -0.009 < curRoll < 0.002
probabilities_array:[0.27370507 0.17631851 0.1840216  0.04180197 0.01013282 0.
 0.31402   ]

rule1: -3.592 < climbRate < -0.266
probabilities_array:[0.2891013  0.28391245 0.16185342 0.0066935  0.         0.
 0.2584393 ]

rule7: Altitude > 4.781
probabilities_array:[0.27486956 0.2960192  0.15649028 0.01829484 0.00224991 0.
 0.2520762 ]

rule12: curRoll < -0.009
probabilities_array:[0.3656715  0.19729485 0.13634515 0.06149483 0.02173074 0.
 0.21746297]

rule6: -12.362 < Altitude < 4.781
probabilities_array:[0.30347446 0.19554324 0.14170425 0.         0.00469858 0.
 0.3545795 ]

rule5: -29.505 < Altitude < -12.362
probabilities_array:[0.34056646 0.13927212 0.13626066 0.00556266 0.         0.
 0.37833816]

rule15: curRoll > 0.012
probabilities_array:[0.34448949 0.14434154 0.12267324 0.         0.         0.
 0.38849577]

rule14: 0.002 < curRoll < 0.012
probabilities_array:[0.28181356 0.2620995  0.10729337 0.         0.         0.
 0.3487936 ]

rule8: RollRate < -0.004
probabilities_array:[0.25000608 0.35055256 0.08307494 0.         0.         0.
 0.31636646]


---3---
rule3: climbRate > 3.060
probabilities_array:[0.00238164 0.02321371 0.2364891  0.3260959  0.4060053  0.
 0.00581435]

rule2: -0.266 < climbRate < 3.060
probabilities_array:[0.         0.07335094 0.28608882 0.34672648 0.20558386 0.
 0.08824985]

rule18: 0.000 < diffClb < 0.120
probabilities_array:[0.00042204 0.11868445 0.31944436 0.29921317 0.21122889 0.
 0.05100708]

rule19: diffClb > 0.120
probabilities_array:[0.0009193  0.07590429 0.18949723 0.27676296 0.43273035 0.
 0.02418588]

rule11: RollRate > 0.004
probabilities_array:[0.00984507 0.         0.2658212  0.2804776  0.19473797 0.
 0.24911813]

rule17: -0.119 < diffClb < 0.000
probabilities_array:[0.12258283 0.35860804 0.29052803 0.11237193 0.         0.
 0.11590912]

rule10: 0.000 < RollRate < 0.004
probabilities_array:[0.29754406 0.08320053 0.03436557 0.10409464 0.0447809  0.
 0.4360143 ]

rule23: diffDiffClb = 0.0
probabilities_array:[0.27074486 0.08170841 0.04229555 0.09418248 0.1263187  0.
 0.38474995]

rule12: curRoll < -0.009
probabilities_array:[0.3656715  0.19729485 0.13634515 0.06149483 0.02173074 0.
 0.21746297]


---4---
rule19: diffClb > 0.120
probabilities_array:[0.0009193  0.07590429 0.18949723 0.27676296 0.43273035 0.
 0.02418588]

rule3: climbRate > 3.060
probabilities_array:[0.00238164 0.02321371 0.2364891  0.3260959  0.4060053  0.
 0.00581435]

rule18: 0.000 < diffClb < 0.120
probabilities_array:[0.00042204 0.11868445 0.31944436 0.29921317 0.21122889 0.
 0.05100708]

rule2: -0.266 < climbRate < 3.060
probabilities_array:[0.         0.07335094 0.28608882 0.34672648 0.20558386 0.
 0.08824985]

rule11: RollRate > 0.004
probabilities_array:[0.00984507 0.         0.2658212  0.2804776  0.19473797 0.
 0.24911813]

rule23: diffDiffClb = 0.0
probabilities_array:[0.27074486 0.08170841 0.04229555 0.09418248 0.1263187  0.
 0.38474995]


---5---
