MSE: 2.7488061127029607e-06

Accuracy: 0.5039796243234639

F1: 0.40885948891709073

Confusion Matrix: [[696, 139, 52, 0, 1], [349, 188, 125, 5, 8], [109, 89, 559, 17, 69], [9, 17, 286, 19, 66], [3, 5, 187, 22, 121]]

Uncertainties: {'class0': [0.18613913655281067, 0.1996002346277237, 0.23046144843101501, 0.23303966224193573, 0.23576462268829346], 'class1': [0.0322902649641037, 0.07559529691934586, 0.12339599430561066, 0.18613913655281067, 0.1996002346277237], 'class2': [0.004028152674436569, 0.0322902649641037, 0.07559529691934586, 0.12339599430561066, 0.18613913655281067], 'class3': [0.004028152674436569, 0.0322902649641037, 0.07559529691934586, 0.12339599430561066, 0.2682991325855255], 'class4': [0.004028152674436569, 0.0322902649641037, 0.07559529691934586, 0.12339599430561066, 0.2682991325855255], 'class5': []}

y_test: [0.001, -0.001, -0.002, -0.001, -0.001, 0.001, -0.001, -0.003, -0.006, 0.003, 0.001, 0.001, 0.002, -0.002, -0.001, 0.003, -0.001, -0.001, -0.003, -0.005, -0.001, -0.002, 0.001, 0.005, -0.001, -0.004, -0.002, -0.001, 0.001, -0.002, 0.001, 0.001, -0.004, -0.005, -0.002, 0.001, -0.002, -0.001, -0.003, -0.002, -0.001, 0.002, -0.003, 0.001, -0.001, 0.001, -0.001, 0.001, -0.001, -0.002, 0.001, 0.002, -0.001, -0.003, -0.001, -0.001, 0.001, -0.001, 0.001, 0.001, -0.005, -0.001, 0.001, 0.004, -0.001, 0.001, -0.004, -0.005, -0.001, 0.002, 0.001, 0.001, 0.001, -0.001, -0.002, 0.002, -0.001, 0.001, 0.002, -0.001, 0.002, 0.001, 0.001, 0.002, 0.003, -0.003, 0.001, 0.001, -0.001, -0.003, -0.002, -0.002, 0.004, -0.001, -0.005, 0.001, -0.002, 0.001, 0.001, -0.002, -0.002, -0.001, 0.003, -0.003, 0.001, 0.003, -0.001, -0.001, -0.001, 0.001, 0.002, 0.001, 0.005, -0.002, 0.002, -0.003, -0.004, 0.001, -0.001, -0.002, 0.003, 0.001, 0.001, 0.009, -0.005, -0.001, 0.003, 0.004, -0.002, 0.001, 0.003, 0.002, 0.003, -0.002, -0.003, 0.002, 0.003, 0.002, 0.002, 0.002, -0.002, 0.002, -0.003, -0.001, -0.001, 0.001, 0.001, -0.003, -0.004, 0.001, 0.001, 0.001, -0.003, -0.001, 0.001, -0.002, 0.006, 0.002, 0.002, 0.001, 0.003, 0.001, -0.004, -0.005, 0.002, 0.002, 0.002, 0.004, -0.001, 0.002, 0.001, 0.001, -0.002, -0.001, 0.003, -0.002, 0.002, 0.001, -0.001, 0.001, -0.005, -0.002, 0.001, -0.003, 0.001, 0.002, -0.004, 0.001, 0.001, -0.001, 0.003, -0.002, -0.003, -0.002, -0.003, 0.001, -0.002, 0.001, 0.003, 0.003, -0.003, 0.001, 0.001, -0.003, 0.001, -0.001, 0.001, -0.003, -0.002, -0.001, -0.001, -0.002, -0.004, 0.003, 0.001, 0.001, 0.003, -0.002, -0.002, 0.004, 0.002, 0.002, -0.004, -0.001, -0.003, -0.001, 0.001, -0.001, -0.001, 0.008, -0.001, 0.001, 0.001, 0.001, -0.002, 0.002, -0.001, -0.002, 0.003, 0.002, -0.001, 0.001, 0.001, -0.001, 0.003, -0.002, -0.001, 0.004, -0.001, 0.002, -0.001, 0.001, 0.002, 0.001, -0.003, 0.001, -0.001, -0.006, -0.001, 0.001, 0.002, -0.001, -0.002, 0.004, -0.002, -0.001, 0.001, 0.001, -0.002, -0.002, 0.002, -0.002, 0.001, -0.002, -0.001, -0.004, 0.001, -0.008, -0.001, -0.001, -0.002, -0.003, -0.003, 0.004, -0.003, 0.001, 0.001, 0.001, 0.001, -0.007, 0.002, 0.001, -0.006, -0.003, -0.004, -0.004, -0.002, 0.001, -0.003, -0.002, -0.001, 0.001, -0.001, -0.001, -0.003, -0.001, 0.001, 0.003, -0.001, 0.001, 0.001, -0.001, 0.003, 0.003, 0.001, 0.001, 0.001, 0.001, 0.002, -0.002, -0.003, 0.003, 0.001, 0.004, 0.002, -0.001, 0.001, 0.001, 0.001, -0.002, -0.003, 0.001, 0.001, 0.001, 0.002, 0.001, -0.005, -0.003, -0.001, 0.003, 0.003, 0.001, -0.002, 0.001, 0.002, 0.002, -0.002, 0.003, -0.002, 0.001, -0.005, -0.001, 0.006, 0.002, 0.003, -0.002, -0.002, -0.001, 0.002, 0.003, -0.002, 0.002, -0.002, -0.006, -0.002, 0.001, 0.002, -0.003, 0.003, 0.001, 0.001, 0.001, 0.001, -0.004, -0.003, -0.001, -0.002, 0.001, -0.002, 0.001, -0.001, 0.002, -0.003, -0.001, -0.001, -0.002, 0.001, -0.001, -0.002, -0.002, 0.001, 0.001, -0.004, 0.001, 0.001, -0.001, -0.001, -0.003, 0.001, -0.001, -0.003, 0.001, 0.001, -0.001, 0.001, -0.002, 0.001, 0.001, -0.001, -0.002, 0.003, -0.002, 0.001, 0.001, 0.001, 0.002, 0.001, 0.004, 0.001, 0.009, 0.002, -0.001, 0.001, 0.002, 0.001, -0.001, -0.001, -0.002, -0.002, 0.001, 0.001, 0.001, 0.001, 0.004, 0.001, 0.001, -0.003, 0.001, -0.002, 0.001, -0.001, 0.001, -0.002, -0.002, -0.001, -0.002, 0.002, -0.005, -0.003, -0.001, -0.002, -0.004, 0.001, -0.001, 0.001, 0.004, 0.005, -0.001, 0.001, 0.001, 0.001, 0.003, 0.002, 0.004, 0.001, 0.002, -0.001, -0.001, 0.002, 0.002, 0.002, -0.001, 0.005, -0.003, 0.007, 0.001, -0.005, 0.003, 0.005, 0.003, 0.002, -0.003, -0.002, 0.001, 0.001, -0.003, -0.002, -0.001, -0.002, -0.001, 0.001, -0.003, -0.005, -0.004, -0.001, -0.002, 0.001, -0.002, 0.001, -0.001, 0.003, -0.006, -0.003, 0.001, -0.004, -0.003, 0.001, 0.006, -0.003, 0.001, -0.002, -0.003, 0.001, 0.001, -0.002, -0.005, -0.001, -0.001, -0.001, 0.002, -0.001, -0.001, -0.002, 0.002, -0.001, -0.001, -0.001, 0.001, 0.002, 0.002, 0.002, -0.002, -0.003, -0.002, 0.002, 0.001, 0.002, 0.002, -0.002, -0.001, -0.002, 0.002, -0.008, 0.001, 0.004, -0.001, 0.001, -0.003, 0.002, 0.002, -0.001, -0.001, 0.002, -0.001, 0.002, 0.001, -0.001, -0.004, 0.001, 0.002, -0.004, 0.001, 0.003, -0.001, 0.002, -0.002, 0.002, 0.001, -0.006, -0.002, -0.001, -0.001, -0.001, 0.001, 0.002, 0.001, -0.002, 0.004, 0.001, -0.002, 0.001, -0.002, 0.001, -0.007, -0.001, 0.001, 0.002, -0.004, -0.001, 0.002, 0.002, -0.003, -0.001, -0.001, -0.002, -0.001, 0.002, 0.001, -0.001, 0.001, 0.001, 0.002, 0.002, 0.002, -0.003, 0.002, 0.004, 0.002, -0.003, 0.002, 0.006, -0.002, 0.001, 0.001, -0.001, -0.002, 0.002, -0.001, 0.002, -0.001, -0.001, -0.001, 0.003, 0.002, 0.003, -0.002, 0.001, -0.001, 0.001, -0.001, 0.001, -0.003, -0.001, 0.001, 0.001, -0.004, -0.002, -0.002, -0.002, -0.001, -0.001, 0.001, 0.001, 0.003, -0.003, 0.001, 0.001, -0.001, 0.001, -0.002, 0.003, 0.004, 0.002, 0.003, -0.001, -0.001, 0.001, 0.001, 0.002, -0.002, 0.004, -0.004, -0.002, -0.001, -0.002, 0.002, -0.004, 0.002, 0.002, -0.001, -0.001, 0.002, -0.004, 0.001, 0.001, 0.002, 0.002, -0.001, 0.002, 0.003, -0.001, 0.001, 0.001, 0.004, -0.002, 0.001, 0.003, 0.001, -0.001, -0.002, -0.002, -0.002, 0.001, -0.003, 0.002, -0.002, -0.001, -0.001, 0.001, 0.002, -0.001, 0.002, 0.001, -0.002, -0.001, -0.001, 0.004, 0.001, 0.001, 0.003, -0.002, 0.001, -0.001, 0.005, 0.002, 0.001, 0.004, -0.001, 0.003, -0.001, -0.001, 0.001, -0.002, -0.002, -0.001, -0.003, 0.003, 0.002, -0.004, -0.001, -0.003, -0.002, -0.001, 0.001, 0.001, -0.004, -0.002, -0.003, -0.002, -0.001, 0.001, -0.003, -0.004, 0.002, -0.001, 0.001, -0.002, 0.002, 0.003, -0.001, 0.001, -0.002, -0.002, -0.001, 0.001, 0.001, -0.002, -0.003, 0.005, -0.002, 0.001, 0.002, 0.001, -0.002, 0.002, -0.002, 0.001, 0.001, -0.001, -0.001, 0.001, -0.001, 0.001, -0.002, 0.001, 0.001, 0.001, -0.004, 0.001, 0.002, 0.001, 0.001, 0.004, 0.005, -0.001, -0.001, -0.002, -0.001, 0.001, -0.001, 0.004, 0.002, -0.004, 0.001, -0.001, 0.001, -0.001, -0.003, 0.002, 0.001, -0.005, 0.002, -0.002, -0.001, -0.003, 0.001, 0.001, -0.004, -0.002, 0.002, 0.001, -0.005, 0.003, 0.008, -0.002, 0.001, 0.004, 0.004, -0.001, 0.001, 0.003, 0.001, -0.002, -0.003, 0.002, 0.001, -0.006, -0.002, 0.002, 0.002, -0.003, 0.003, -0.002, -0.004, 0.001, -0.002, 0.002, -0.001, 0.002, 0.002, 0.002, -0.005, -0.002, -0.003, 0.003, 0.004, -0.002, -0.001, -0.002, 0.001, -0.003, 0.004, 0.001, 0.001, -0.002, 0.001, -0.002, -0.001, 0.003, 0.002, 0.001, -0.002, 0.004, 0.001, -0.002, -0.001, -0.004, -0.001, -0.005, -0.001, -0.003, -0.001, -0.002, 0.001, -0.003, 0.001, 0.002, 0.004, -0.001, 0.004, -0.002, 0.001, 0.001, -0.006, 0.001, -0.001, 0.002, 0.001, -0.001, 0.001, 0.001, 0.001, -0.003, 0.001, -0.001, -0.002, -0.001, -0.001, 0.003, 0.001, -0.002, -0.003, -0.002, 0.001, 0.001, -0.003, 0.005, -0.003, 0.003, 0.001, 0.001, -0.003, -0.001, -0.001, -0.002, 0.001, 0.002, 0.003, 0.001, 0.003, 0.001, -0.002, -0.001, -0.001, 0.001, 0.004, -0.001, -0.001, 0.001, -0.002, 0.001, -0.002, -0.003, 0.002, 0.001, -0.001, 0.003, -0.002, -0.003, -0.001, -0.001, 0.001, 0.002, -0.001, 0.001, -0.002, 0.003, -0.001, -0.001, 0.001, -0.001, -0.003, -0.006, -0.002, -0.002, 0.002, 0.001, -0.001, 0.002, -0.001, 0.001, 0.001, 0.002, 0.002, 0.003, 0.001, -0.001, 0.003, 0.003, -0.002, -0.001, 0.002, 0.001, -0.007, -0.001, 0.002, -0.001, -0.002, 0.001, 0.001, -0.004, -0.001, -0.001, 0.001, 0.001, -0.002, 0.001, 0.004, 0.001, -0.002, 0.001, 0.002, -0.003, 0.003, 0.001, -0.001, 0.003, 0.001, -0.001, 0.001, 0.002, -0.002, -0.002, 0.002, -0.005, -0.001, -0.001, -0.004, -0.001, -0.001, 0.001, 0.002, 0.001, 0.001, -0.005, 0.001, -0.001, -0.003, 0.003, 0.001, -0.001, 0.001, 0.002, -0.005, -0.002, -0.001, 0.001, 0.002, 0.001, -0.001, -0.002, 0.001, -0.001, 0.001, 0.002, -0.001, -0.001, 0.002, -0.001, 0.001, -0.002, -0.001, 0.001, 0.001, -0.005, -0.003, 0.001, 0.003, -0.005, 0.005, -0.002, 0.002, 0.001, 0.001, -0.002, 0.002, 0.004, 0.001, -0.001, -0.001, 0.001, 0.003, -0.001, 0.002, -0.002, 0.004, 0.002, -0.001, -0.001, 0.001, 0.001, -0.002, 0.004, 0.008, 0.002, 0.001, 0.001, 0.002, 0.001, 0.001, 0.001, -0.004, -0.002, -0.001, -0.001, 0.003, 0.003, 0.002, 0.002, 0.001, 0.002, -0.002, -0.001, 0.001, 0.002, 0.001, 0.001, 0.001, 0.002, -0.001, -0.006, -0.001, 0.001, 0.001, -0.004, 0.001, -0.002, -0.001, -0.001, 0.004, 0.001, 0.001, 0.001, -0.002, 0.001, 0.002, -0.001, 0.003, 0.005, 0.001, 0.003, -0.001, -0.001, 0.001, 0.002, 0.002, -0.003, -0.002, 0.001, 0.002, -0.002, 0.002, 0.003, 0.001, -0.005, 0.001, -0.001, 0.002, -0.001, 0.001, -0.004, -0.002, 0.002, 0.001, -0.001, -0.002, 0.002, -0.003, 0.004, 0.006, -0.001, 0.001, -0.002, 0.002, 0.001, 0.001, -0.002, -0.001, 0.002, 0.001, -0.001, -0.002, -0.002, 0.001, 0.002, 0.001, 0.001, -0.002, -0.001, -0.001, -0.003, -0.003, -0.001, -0.001, -0.002, 0.002, 0.001, -0.002, -0.001, 0.001, -0.001, 0.001, -0.003, -0.009, -0.006, -0.001, -0.002, 0.003, -0.001, 0.001, -0.001, -0.001, 0.001, 0.001, -0.001, 0.001, 0.001, 0.001, -0.001, -0.004, -0.001, 0.001, -0.003, 0.001, -0.003, -0.001, -0.004, -0.001, 0.001, -0.006, 0.002, 0.001, -0.003, 0.004, -0.001, 0.001, -0.002, -0.002, -0.001, -0.002, -0.006, -0.001, 0.005, 0.001, 0.003, -0.002, -0.003, -0.001, 0.001, -0.001, 0.001, -0.001, -0.001, -0.001, 0.002, 0.001, 0.002, -0.003, -0.001, -0.001, 0.001, -0.005, 0.003, 0.001, 0.001, -0.002, 0.005, 0.001, -0.003, 0.003, 0.002, 0.001, 0.001, -0.001, -0.002, 0.001, 0.001, -0.001, 0.001, -0.001, 0.001, 0.001, 0.001, -0.001, 0.004, 0.001, -0.002, 0.002, 0.001, -0.003, 0.001, 0.001, -0.001, -0.005, -0.001, 0.001, 0.003, 0.002, 0.006, 0.004, -0.004, -0.001, 0.001, -0.001, 0.004, -0.002, -0.002, 0.003, -0.002, -0.001, 0.002, -0.002, 0.001, 0.001, -0.001, 0.002, 0.001, -0.001, 0.005, 0.001, 0.001, 0.002, 0.001, 0.002, -0.004, -0.002, -0.001, 0.001, -0.002, 0.001, 0.005, -0.001, -0.001, 0.002, 0.002, -0.001, -0.002, 0.001, -0.001, -0.002, 0.002, 0.003, 0.004, 0.002, 0.003, 0.001, -0.006, -0.002, 0.003, -0.002, 0.003, 0.001, -0.002, 0.002, 0.001, 0.001, -0.001, -0.002, 0.001, -0.002, -0.003, 0.001, 0.002, 0.001, 0.003, -0.001, 0.002, 0.001, -0.003, 0.005, 0.003, -0.004, 0.004, 0.002, -0.002, -0.003, 0.003, -0.001, -0.003, 0.001, -0.001, -0.002, -0.002, 0.001, 0.005, 0.002, 0.002, -0.005, 0.001, 0.002, 0.001, -0.002, 0.002, -0.003, 0.003, 0.003, 0.001, 0.002, -0.001, -0.005, -0.001, 0.003, -0.002, 0.002, 0.001, -0.003, 0.001, 0.004, -0.001, -0.003, 0.001, 0.001, -0.001, -0.001, 0.002, -0.002, 0.006, 0.001, 0.002, -0.003, 0.001, 0.001, -0.004, -0.001, 0.004, 0.003, 0.004, 0.002, -0.002, -0.001, 0.001, -0.003, -0.004, 0.001, 0.001, -0.002, 0.002, -0.001, 0.004, 0.001, 0.001, -0.002, -0.008, -0.003, -0.002, -0.003, -0.003, 0.002, 0.001, -0.001, -0.001, 0.002, 0.001, -0.001, 0.001, -0.002, -0.003, 0.001, 0.001, 0.001, 0.001, 0.001, -0.004, -0.002, 0.002, -0.002, 0.001, 0.008, 0.002, -0.002, -0.001, -0.002, -0.001, 0.002, 0.002, -0.002, 0.001, 0.002, 0.001, 0.001, 0.001, -0.003, 0.001, 0.002, -0.001, 0.001, 0.004, 0.002, -0.005, 0.001, 0.002, 0.001, 0.001, -0.001, -0.002, -0.001, 0.001, -0.004, -0.002, -0.001, 0.001, -0.001, -0.003, 0.001, 0.001, -0.001, 0.001, -0.001, -0.001, -0.004, -0.006, -0.001, -0.001, -0.003, -0.001, 0.003, 0.003, 0.001, 0.001, 0.001, 0.003, 0.001, 0.001, -0.003, -0.001, 0.001, -0.002, 0.002, -0.002, 0.001, -0.002, -0.003, -0.003, 0.001, 0.003, -0.003, 0.001, -0.002, -0.002, 0.002, -0.002, 0.001, 0.002, -0.001, 0.001, 0.002, -0.004, 0.003, 0.004, -0.003, 0.001, 0.001, -0.002, -0.001, 0.003, -0.002, 0.004, -0.001, -0.002, 0.001, -0.005, -0.002, 0.001, 0.001, 0.005, -0.002, -0.002, 0.001, 0.001, -0.003, -0.002, 0.001, 0.004, 0.001, 0.003, 0.002, -0.003, -0.001, 0.002, -0.002, -0.001, 0.003, 0.007, -0.002, -0.001, 0.002, 0.004, -0.002, -0.002, -0.003, 0.002, -0.005, 0.001, 0.002, -0.002, -0.001, 0.001, -0.004, -0.001, -0.001, -0.001, -0.001, -0.003, -0.002, -0.001, 0.001, -0.001, 0.002, 0.002, 0.001, -0.001, 0.001, 0.001, -0.003, 0.001, -0.003, 0.001, -0.001, -0.001, -0.001, 0.002, 0.001, -0.001, -0.003, 0.001, -0.001, 0.001, -0.001, 0.001, 0.002, 0.002, -0.002, -0.003, -0.002, -0.002, 0.001, -0.001, -0.002, 0.002, -0.001, 0.001, 0.001, 0.001, 0.003, 0.001, 0.001, 0.001, 0.001, -0.002, 0.002, 0.002, 0.001, -0.002, -0.002, -0.003, -0.002, 0.002, 0.001, 0.001, -0.004, 0.001, 0.001, 0.002, 0.001, -0.001, 0.001, -0.002, -0.001, 0.002, -0.003, 0.001, 0.003, -0.003, 0.002, 0.001, 0.001, -0.002, 0.001, 0.005, -0.002, -0.001, -0.002, 0.001, 0.001, 0.001, 0.001, 0.003, -0.001, -0.004, -0.001, -0.003, -0.001, -0.001, -0.001, -0.002, -0.001, -0.001, -0.001, -0.003, 0.001, -0.007, 0.002, -0.001, -0.001, 0.002, -0.004, -0.002, -0.001, 0.002, -0.001, -0.001, -0.003, 0.001, -0.001, 0.004, 0.001, -0.003, -0.002, -0.002, -0.005, 0.001, 0.003, -0.002, -0.001, -0.001, 0.001, 0.001, -0.001, 0.001, -0.001, -0.003, -0.001, 0.002, -0.001, 0.004, 0.001, -0.003, -0.006, -0.001, 0.001, -0.002, -0.002, -0.004, -0.003, -0.001, 0.003, 0.002, 0.001, -0.001, -0.005, -0.001, -0.001, -0.001, 0.001, -0.001, -0.001, -0.001, -0.004, -0.001, 0.004, 0.005, -0.005, 0.001, 0.002, -0.001, -0.002, 0.002, 0.003, 0.002, -0.001, -0.001, -0.003, 0.006, -0.002, -0.002, 0.001, -0.003, 0.002, 0.003, -0.002, 0.001, -0.003, -0.001, 0.002, -0.001, -0.001, -0.003, -0.001, 0.001, -0.001, -0.001, -0.001, 0.001, 0.001, -0.001, 0.003, -0.003, -0.001, 0.001, -0.003, -0.001, -0.001, -0.002, 0.003, 0.004, -0.003, -0.003, -0.001, 0.001, -0.002, -0.003, 0.005, -0.002, 0.001, 0.003, 0.002, -0.003, -0.001, 0.001, 0.001, -0.001, -0.002, -0.002, -0.003, 0.001, 0.004, 0.001, 0.002, -0.001, 0.002, -0.001, 0.001, -0.002, -0.003, -0.001, -0.001, 0.001, -0.001, 0.003, 0.004, 0.001, 0.001, -0.005, 0.001, 0.003, -0.001, 0.004, -0.002, 0.001, -0.001, 0.001, 0.001, -0.006, 0.002, 0.002, 0.001, 0.004, 0.001, 0.003, 0.001, -0.003, 0.001, 0.001, -0.001, 0.002, -0.001, -0.001, -0.001, -0.001, 0.002, 0.005, 0.005, -0.002, 0.003, 0.002, 0.004, -0.002, 0.001, -0.003, 0.001, -0.001, -0.003, 0.001, 0.001, -0.003, 0.001, 0.001, 0.001, -0.001, -0.002, 0.002, -0.001, -0.001, -0.001, 0.001, 0.004, 0.003, -0.002, 0.001, -0.001, -0.001, -0.005, -0.001, -0.002, 0.001, -0.002, 0.002, -0.002, 0.002, -0.002, -0.003, 0.002, 0.001, 0.001, -0.001, 0.001, -0.006, -0.003, 0.001, 0.001, -0.001, 0.001, -0.001, -0.007, 0.001, 0.001, -0.001, 0.002, 0.001, -0.004, 0.002, -0.002, 0.001, 0.003, -0.002, 0.001, -0.003, 0.001, -0.007, 0.003, -0.002, -0.001, -0.005, -0.003, 0.002, 0.001, -0.001, -0.002, -0.002, -0.001, 0.001, -0.001, 0.003, 0.001, -0.003, 0.001, 0.002, -0.003, 0.001, 0.005, 0.002, -0.001, 0.001, 0.001, 0.001, -0.004, 0.001, -0.003, 0.001, -0.001, 0.001, 0.007, -0.001, -0.004, -0.001, -0.001, 0.001, -0.003, 0.001, -0.001, -0.003, -0.001, 0.002, 0.001, -0.002, -0.001, 0.002, -0.008, -0.001, -0.001, -0.004, -0.001, -0.003, -0.001, 0.001, -0.001, -0.001, -0.003, 0.001, -0.002, 0.001, 0.001, -0.001, 0.001, 0.001, 0.001, 0.001, 0.003, 0.003, 0.001, 0.004, -0.001, -0.004, -0.004, -0.003, -0.001, 0.001, 0.003, -0.002, 0.001, 0.002, 0.001, -0.002, -0.004, 0.001, -0.002, -0.001, 0.004, -0.003, -0.002, -0.001, -0.002, 0.001, -0.005, -0.002, 0.002, 0.002, 0.001, -0.001, -0.001, -0.001, -0.005, -0.002, 0.001, -0.001, 0.001, 0.002, 0.001, 0.001, -0.001, 0.003, -0.001, -0.003, -0.003, 0.002, 0.001, -0.003, -0.001, 0.001, -0.002, -0.001, -0.002, -0.001, -0.001, 0.001, 0.001, -0.001, -0.001, 0.001, -0.002, 0.001, 0.001, 0.004, 0.002, 0.001, 0.001, -0.001, -0.005, 0.001, -0.003, -0.001, 0.002, -0.002, -0.004, -0.002, 0.001, 0.002, -0.001, -0.002, 0.001, -0.001, -0.002, -0.002, -0.001, -0.001, -0.002, -0.002, 0.002, 0.001, 0.002, 0.002, -0.001, -0.003, -0.002, -0.002, 0.001, 0.004, -0.002, 0.001, -0.001, 0.001, -0.001, -0.001, -0.001, 0.001, 0.004, 0.001, 0.002, 0.001, 0.002, 0.001, 0.002, 0.002, -0.004, -0.003, -0.003, 0.002, -0.001, -0.002, 0.001, -0.002, -0.002, 0.004, -0.002, -0.001, 0.002, 0.002, 0.004, -0.005, -0.001, -0.005, -0.001, 0.002, -0.003, 0.001, -0.001, -0.002, -0.001, 0.001, 0.001, 0.003, -0.002, 0.001, -0.002, 0.001, 0.001, -0.003, -0.001, -0.003, -0.001, -0.002, 0.003, 0.001, -0.002, 0.001, 0.002, 0.001, 0.002, -0.001, -0.003, 0.001, -0.002, 0.001, -0.001, 0.001, -0.001, -0.001, 0.001, -0.013, -0.005, 0.004, -0.002, 0.002, -0.006, 0.002, 0.001, -0.002, 0.001, -0.001, 0.001, 0.001, -0.001, 0.002, -0.002, -0.002, 0.004, 0.001, -0.001, 0.002, 0.001, -0.001, 0.001, -0.001, 0.002, 0.001, -0.003, -0.002, -0.004, -0.002, -0.001, 0.003, -0.003, -0.004, 0.002, -0.002, -0.001, -0.003, -0.001, -0.001, -0.008, -0.002, -0.001, 0.001, -0.001, 0.001, -0.001, -0.002, -0.003, -0.001, -0.004, 0.001, -0.003, 0.003, -0.001, -0.001, -0.005, -0.001, -0.004, 0.001, 0.002, 0.004, 0.002, 0.001, 0.002, -0.001, -0.003, 0.002, 0.002, 0.001, 0.001, -0.001, 0.001, -0.001, 0.001, -0.003, -0.003, 0.003, -0.001, -0.001, -0.002, -0.003, 0.003, -0.004, -0.001, 0.001, 0.001, -0.003, 0.001, -0.004, -0.002, -0.003, -0.001, -0.002, 0.002, -0.001, -0.003, -0.004, -0.004, -0.003, 0.003, -0.003, -0.005, -0.001, -0.002, 0.001, -0.005, -0.005, 0.001, -0.001, 0.004, 0.003, 0.004, 0.003, -0.001, -0.003, 0.003, -0.006, 0.001, -0.001, -0.001, 0.001, -0.001, 0.003, -0.003, -0.001, 0.001, -0.004, -0.001, 0.001, -0.001, 0.001, -0.002, 0.001, 0.001, -0.001, 0.002, -0.002, 0.004, 0.001, -0.002, 0.003, 0.002, 0.003, -0.003, -0.001, -0.002, 0.002, 0.001, 0.002, 0.001, -0.003, 0.002, 0.003, 0.003, 0.001, -0.002, -0.003, 0.003, -0.001, 0.002, -0.005, 0.001, 0.001, 0.001, 0.001, 0.001, -0.001, -0.002, 0.001, 0.001, -0.005, 0.002, 0.001, 0.001, 0.002, 0.004, -0.004, -0.001, -0.001, 0.002, -0.001, -0.004, -0.001, 0.001, -0.003, -0.004, 0.001, 0.003, 0.002, -0.001, -0.005, 0.001, -0.005, 0.002, 0.001, -0.001, -0.002, -0.001, 0.001, 0.001, -0.001, -0.002, 0.002, 0.006, -0.005, 0.001, -0.004, 0.001, 0.001, -0.004, 0.003, 0.002, -0.003, 0.001, -0.001, 0.001, -0.001, 0.003, -0.002, -0.001, -0.001, 0.003, 0.004, 0.003, 0.006, 0.002, 0.002, 0.001, -0.002, 0.002, -0.002, -0.001, 0.003, -0.003, 0.001, -0.001, 0.002, 0.002, -0.004, -0.001, -0.002, 0.004, 0.001, 0.001, -0.003, 0.001, -0.001, -0.001, -0.001, -0.001, -0.005, 0.004, -0.002, 0.002, 0.006, 0.001, 0.002, -0.001, 0.001, -0.002, 0.001, -0.004, -0.002, 0.003, 0.003, 0.001, 0.001, -0.002, 0.004, 0.001, 0.002, -0.003, -0.002, 0.002, -0.001, -0.005, -0.003, 0.001, 0.003, -0.001, -0.001, 0.001, 0.005, 0.001, 0.001, 0.003, 0.001, -0.001, -0.001, -0.002, -0.003, 0.005, -0.002, -0.001, -0.002, 0.002, -0.005, 0.004, 0.001, 0.002, 0.001, 0.001, 0.001, 0.001, -0.001, -0.002, 0.002, -0.002, 0.001, 0.002, 0.001, 0.001, 0.001, -0.002, 0.001, -0.003, 0.001, 0.002, -0.001, 0.002, -0.002, -0.001, -0.006, 0.001, -0.003, -0.003, 0.002, 0.001, 0.001, 0.001, 0.001, 0.001, -0.001, 0.001, -0.002, 0.001, -0.001, -0.002, -0.001, 0.002, -0.001, -0.005, 0.003, 0.003, -0.001, -0.003, 0.003, 0.002, 0.001, -0.002, 0.002, 0.001, 0.005, 0.001, -0.002, 0.002, -0.001, 0.003, -0.001, 0.002, -0.007, -0.003, 0.002, -0.001, -0.001, -0.001, 0.001, -0.003, 0.001, 0.001, 0.001, 0.002, -0.001, -0.002, -0.001, -0.001, 0.001, -0.001, -0.002, 0.002, -0.004, 0.002, 0.001, -0.001, -0.002, -0.003, 0.001, -0.001, -0.002, 0.002, 0.001, 0.001, 0.001, -0.001, 0.002, 0.001, 0.001, 0.001, 0.002, 0.004, -0.004, 0.006, -0.009, -0.001, -0.001, 0.001, 0.001, 0.001, -0.003, 0.001, 0.001, 0.001, 0.003, -0.005, 0.001, -0.001, -0.002, 0.003, 0.003, 0.004, 0.004, -0.002, 0.001, -0.001, -0.002, -0.002, 0.004, -0.003, -0.004, 0.004, -0.005, 0.002, -0.001, 0.001, 0.001, 0.004, 0.002, -0.002, 0.001, 0.002, 0.001, -0.001, -0.001, 0.004, 0.002, -0.001, 0.002, -0.004, 0.001, 0.002, 0.001, 0.001, 0.004, -0.001, -0.002, 0.001, -0.001, -0.001, -0.001, 0.001, 0.001, -0.005, 0.001, 0.001, 0.001, -0.002, -0.003, 0.002, -0.003, -0.001, -0.002, 0.002, -0.001, 0.001, 0.002, -0.004, -0.003, 0.002, -0.001, 0.001, 0.004, 0.004, 0.001, -0.003, 0.004, -0.001, 0.001, 0.002, -0.003, 0.002, -0.003, 0.002, -0.002, -0.001, 0.001, -0.002, -0.002, 0.001, -0.005, 0.002, 0.001, 0.001, 0.001, -0.001, -0.001, -0.002, 0.001, -0.001, 0.001, -0.002, -0.002, 0.001, -0.001, -0.004, 0.002, 0.006, -0.001, -0.001, 0.001, -0.001, -0.001, -0.001, 0.001, 0.002, -0.002, -0.001, 0.001, -0.001, 0.005, 0.001, 0.001, 0.003, 0.002, -0.001, 0.001, 0.001, -0.002, -0.001, -0.002, -0.001, -0.003, 0.001, 0.002, 0.001, -0.001, 0.001, 0.002, 0.001, -0.001, -0.002, -0.003, -0.002, -0.001, 0.001, -0.006, 0.001, 0.003, -0.002, 0.005, 0.004, -0.001, -0.006, -0.002, -0.001, -0.001, 0.002, 0.001, -0.002, 0.001, -0.001, -0.001, -0.003, -0.003, -0.001, 0.004, 0.001, 0.001, 0.005, -0.001, -0.002, 0.002, 0.001, -0.003, -0.005, 0.003, -0.003, -0.001, -0.003, -0.002, 0.001, -0.001, 0.001, -0.003, 0.001, -0.001, 0.003, 0.003, 0.001, -0.002, 0.002, 0.002, -0.001, 0.004, 0.003, -0.001, 0.002, 0.002, -0.006, -0.001, -0.002, -0.002, 0.001, 0.002, 0.002, -0.004, 0.002, -0.002, 0.001, -0.002, -0.003, 0.003, -0.001, 0.002, -0.002, -0.002, 0.003, -0.003, 0.001, -0.001, 0.002, 0.001, -0.004, -0.001, -0.004, -0.002, 0.001, -0.001, -0.002, -0.004, -0.001, 0.001, -0.001, 0.001, 0.001, -0.002, -0.002, 0.006, 0.001, 0.002, -0.003, -0.001, 0.003, -0.003, -0.001, -0.001, -0.002, -0.001, -0.001, -0.001, 0.001, 0.001, -0.001, 0.002, -0.002, -0.002, 0.001, -0.003, 0.005, 0.001, 0.001, -0.004, -0.001, 0.001, 0.001, -0.004, 0.002, 0.003, -0.007, 0.001, -0.001, -0.001, 0.003, -0.004, -0.003, -0.002, -0.002, 0.004, 0.002, 0.003, -0.003, 0.002, -0.001, -0.001, -0.003, 0.002, 0.001, -0.002, 0.005, 0.001, -0.002, -0.001, 0.002, 0.001, -0.002, -0.001, 0.001, 0.001, -0.003, -0.001, 0.003, -0.003, -0.001, -0.001, 0.002, -0.003, 0.001, -0.002, 0.003, 0.003, 0.004, -0.001, 0.002, 0.001, 0.001, -0.002, -0.001, 0.001, -0.002, -0.003, 0.003, 0.001, -0.002, 0.001, 0.002, -0.001, 0.001, -0.001, 0.001, -0.002, -0.003, 0.001, -0.002, -0.002, 0.002, 0.001, 0.003, 0.004, 0.001, -0.002, -0.001, -0.002, -0.001, -0.002, -0.001, 0.001, -0.001, 0.001, -0.002, 0.001, -0.003, -0.002, -0.002, 0.002, -0.006, -0.001, 0.003, -0.001, -0.002, -0.001, -0.003, -0.004, 0.002, -0.003, -0.001, 0.001, -0.001, 0.001, 0.002, -0.002, -0.001, 0.001, -0.003, -0.001, 0.002, -0.001, 0.001, -0.006, 0.003, 0.001, 0.001, 0.002, -0.002, 0.001, -0.002, -0.001, -0.002, 0.003, -0.002, 0.001, -0.001, 0.001, -0.001, 0.002, -0.001, 0.002, 0.002, -0.002, 0.001, 0.002, -0.002, -0.001, 0.001, -0.005, -0.005, -0.001, -0.004, 0.002, -0.001, -0.001, -0.002, 0.001, -0.005, 0.002, -0.001, -0.001, 0.001, -0.001, 0.001, 0.001, 0.002, -0.001, 0.001, 0.004, 0.002, -0.004, -0.006, -0.007, -0.002, 0.001, -0.001, 0.001, -0.007, 0.001, 0.001, 0.002, -0.002, -0.001, 0.003, 0.002, 0.001, 0.004, 0.001, 0.003, 0.003, -0.001, 0.002, 0.001, -0.001, -0.002, 0.001, -0.001, 0.001, 0.002, 0.001, -0.002, 0.002, 0.001, 0.003, 0.004, 0.002, -0.005, -0.008, 0.001, 0.001, -0.001, 0.001, -0.005, -0.001, 0.001, 0.004, 0.001, 0.001, -0.001, -0.005, -0.002, -0.003, -0.001, -0.001, 0.002, -0.003, 0.001, -0.005, 0.002, -0.001, -0.002, 0.002, 0.002, 0.001, 0.002, -0.001, -0.001, 0.001, 0.001, -0.001, 0.002, -0.004, 0.001, -0.001, -0.001, -0.001, -0.002, -0.001, 0.001, 0.002, 0.001, 0.001, 0.002, -0.001, 0.001, -0.001, 0.001, -0.002, -0.002, 0.006, -0.002, 0.003, 0.002, 0.002, -0.002, -0.001, 0.003, -0.001, 0.001, -0.001, -0.001, -0.001, -0.002, 0.002, -0.005, 0.005, 0.002, -0.003, -0.003, -0.002, -0.004, -0.002, 0.002, -0.001, 0.003, 0.001, -0.001, 0.002, -0.004, 0.001, 0.002, -0.002, 0.002, -0.003, -0.001, 0.002, -0.002, -0.001, 0.002, -0.002, -0.003, 0.002, -0.005, 0.004, -0.001, -0.001, -0.002, 0.003, -0.001, 0.001, 0.001, -0.001, 0.001, 0.001, 0.001, -0.001, -0.002]

buck_pred: [2, 0, 1, 2, 0, 0, 2, 0, 0, 2, 2, 1, 2, 0, 1, 2, 1, 0, 0, 0, 2, 1, 2, 2, 0, 0, 1, 0, 4, 0, 1, 2, 1, 0, 0, 2, 1, 1, 1, 1, 0, 1, 2, 0, 0, 2, 0, 1, 0, 0, 0, 2, 1, 0, 2, 0, 2, 0, 2, 2, 0, 1, 2, 2, 4, 2, 0, 0, 0, 2, 2, 2, 2, 0, 2, 2, 0, 2, 2, 2, 4, 2, 2, 2, 2, 1, 2, 2, 0, 0, 0, 1, 2, 0, 1, 2, 0, 2, 2, 0, 0, 0, 2, 1, 0, 3, 0, 1, 0, 1, 2, 2, 2, 0, 4, 1, 0, 1, 0, 1, 3, 2, 4, 4, 0, 1, 2, 2, 0, 2, 2, 2, 2, 0, 0, 2, 2, 2, 2, 2, 2, 3, 1, 0, 1, 2, 2, 1, 0, 1, 2, 3, 0, 1, 1, 1, 2, 4, 2, 1, 4, 2, 0, 0, 4, 2, 2, 4, 1, 2, 2, 0, 1, 0, 4, 0, 2, 2, 0, 0, 0, 0, 2, 0, 2, 2, 2, 2, 0, 2, 4, 0, 1, 2, 1, 2, 2, 2, 2, 2, 0, 2, 2, 1, 2, 0, 4, 0, 0, 2, 1, 0, 0, 2, 2, 2, 2, 1, 2, 2, 2, 2, 0, 2, 1, 1, 0, 1, 1, 4, 1, 2, 2, 4, 0, 2, 0, 0, 4, 2, 0, 2, 0, 4, 2, 0, 0, 4, 0, 2, 1, 2, 2, 4, 0, 2, 0, 0, 1, 2, 2, 0, 0, 2, 0, 2, 2, 2, 0, 0, 2, 0, 4, 1, 0, 0, 0, 0, 0, 1, 0, 0, 0, 2, 0, 0, 2, 2, 2, 0, 4, 1, 0, 0, 0, 0, 2, 2, 0, 0, 1, 2, 0, 1, 1, 2, 2, 4, 1, 2, 2, 0, 2, 4, 2, 2, 0, 1, 2, 0, 0, 0, 2, 3, 2, 0, 4, 2, 2, 0, 0, 2, 2, 2, 2, 2, 0, 2, 0, 4, 4, 2, 0, 2, 4, 2, 1, 2, 0, 2, 0, 0, 4, 3, 2, 0, 0, 0, 2, 2, 0, 2, 0, 0, 0, 4, 2, 0, 3, 2, 0, 0, 2, 1, 0, 1, 0, 2, 0, 2, 1, 1, 0, 0, 1, 0, 1, 0, 0, 0, 2, 0, 0, 2, 2, 1, 1, 2, 2, 1, 0, 2, 2, 2, 2, 0, 0, 0, 0, 0, 4, 0, 2, 2, 2, 2, 2, 1, 1, 4, 2, 1, 2, 2, 2, 1, 0, 0, 0, 0, 2, 1, 0, 4, 2, 2, 0, 2, 0, 2, 3, 1, 0, 0, 1, 0, 2, 0, 0, 0, 0, 0, 2, 2, 1, 2, 4, 1, 2, 2, 1, 2, 2, 4, 1, 2, 0, 1, 4, 2, 2, 0, 2, 0, 4, 2, 0, 4, 4, 4, 0, 0, 1, 2, 0, 0, 1, 0, 0, 1, 3, 0, 0, 0, 2, 0, 2, 0, 2, 0, 2, 0, 2, 2, 0, 1, 2, 4, 0, 2, 1, 0, 2, 2, 1, 0, 1, 1, 0, 2, 0, 0, 0, 2, 0, 0, 2, 4, 2, 2, 2, 0, 2, 1, 4, 2, 3, 2, 0, 2, 0, 2, 0, 2, 4, 0, 2, 0, 2, 2, 0, 0, 2, 0, 2, 0, 0, 0, 4, 2, 0, 2, 2, 0, 4, 0, 2, 2, 0, 1, 1, 0, 1, 2, 2, 2, 0, 4, 2, 2, 4, 0, 4, 0, 2, 2, 1, 0, 1, 2, 2, 0, 0, 2, 1, 2, 2, 4, 1, 0, 2, 4, 4, 4, 0, 3, 4, 2, 0, 2, 4, 0, 2, 2, 1, 2, 2, 0, 1, 0, 2, 2, 2, 2, 3, 0, 0, 1, 2, 0, 4, 0, 0, 2, 2, 0, 0, 0, 0, 0, 0, 0, 2, 2, 0, 2, 0, 0, 2, 0, 4, 2, 2, 2, 2, 1, 1, 2, 2, 1, 4, 0, 0, 0, 0, 2, 1, 2, 0, 2, 0, 4, 0, 0, 2, 2, 4, 0, 2, 2, 1, 2, 1, 3, 1, 2, 2, 2, 0, 0, 0, 0, 0, 0, 1, 0, 1, 1, 2, 2, 0, 2, 2, 0, 1, 0, 2, 2, 2, 3, 0, 0, 1, 4, 2, 0, 3, 2, 4, 3, 0, 2, 0, 0, 1, 0, 2, 2, 1, 1, 1, 0, 1, 2, 2, 0, 0, 0, 0, 0, 2, 0, 0, 2, 2, 2, 0, 3, 2, 0, 0, 0, 1, 0, 2, 2, 0, 0, 4, 0, 0, 2, 2, 1, 2, 0, 2, 2, 1, 2, 4, 0, 2, 1, 0, 4, 2, 0, 2, 2, 2, 1, 2, 4, 0, 0, 0, 0, 2, 2, 4, 2, 1, 0, 0, 2, 0, 0, 4, 2, 0, 2, 0, 0, 0, 3, 1, 0, 1, 2, 2, 0, 4, 4, 0, 2, 4, 4, 1, 2, 2, 1, 2, 0, 2, 2, 0, 0, 2, 2, 0, 2, 2, 0, 2, 0, 2, 0, 2, 0, 2, 0, 0, 0, 1, 2, 1, 1, 0, 2, 0, 2, 2, 2, 1, 2, 0, 0, 0, 2, 2, 1, 2, 2, 0, 2, 0, 0, 0, 1, 0, 1, 0, 2, 0, 2, 2, 4, 1, 2, 0, 2, 4, 0, 2, 0, 0, 2, 2, 2, 1, 2, 0, 0, 1, 0, 0, 2, 2, 2, 0, 0, 1, 2, 2, 0, 2, 2, 2, 2, 2, 1, 0, 0, 0, 2, 1, 0, 2, 2, 1, 2, 1, 1, 2, 4, 0, 1, 2, 0, 2, 0, 0, 4, 2, 0, 2, 0, 0, 0, 0, 2, 2, 0, 2, 0, 4, 0, 2, 1, 0, 0, 0, 1, 1, 2, 2, 1, 2, 0, 2, 3, 2, 2, 4, 2, 0, 2, 2, 0, 1, 1, 2, 0, 0, 2, 0, 0, 2, 2, 0, 2, 0, 2, 2, 0, 0, 2, 2, 0, 2, 4, 0, 2, 2, 2, 4, 2, 0, 2, 2, 1, 0, 2, 0, 1, 0, 0, 1, 2, 2, 2, 2, 2, 0, 2, 0, 0, 3, 0, 2, 2, 2, 0, 0, 1, 2, 4, 1, 1, 2, 2, 0, 2, 2, 0, 0, 2, 2, 2, 0, 4, 2, 1, 0, 0, 2, 2, 0, 2, 1, 3, 2, 0, 0, 2, 4, 2, 0, 0, 2, 4, 1, 2, 0, 2, 4, 2, 2, 0, 2, 1, 2, 4, 2, 2, 3, 2, 2, 3, 2, 0, 0, 0, 2, 2, 2, 4, 2, 2, 2, 0, 1, 0, 4, 2, 2, 2, 2, 0, 1, 0, 2, 2, 1, 2, 0, 4, 1, 2, 0, 4, 2, 0, 0, 4, 0, 2, 4, 0, 2, 2, 0, 2, 1, 2, 0, 1, 2, 3, 0, 2, 2, 2, 0, 1, 0, 2, 1, 1, 0, 0, 2, 2, 0, 1, 2, 0, 2, 4, 0, 2, 0, 4, 2, 2, 0, 2, 4, 0, 0, 0, 0, 2, 2, 2, 2, 0, 0, 0, 1, 0, 0, 2, 0, 4, 2, 0, 0, 2, 0, 1, 0, 0, 0, 1, 1, 2, 2, 2, 0, 2, 2, 4, 1, 1, 2, 2, 1, 0, 2, 2, 0, 2, 1, 1, 0, 0, 1, 0, 2, 2, 1, 4, 0, 2, 1, 2, 2, 1, 0, 0, 2, 0, 4, 0, 0, 2, 1, 1, 2, 0, 1, 0, 2, 1, 2, 0, 2, 2, 2, 0, 2, 2, 2, 1, 2, 4, 0, 2, 2, 2, 2, 0, 0, 0, 0, 2, 2, 1, 2, 2, 4, 0, 2, 0, 0, 2, 4, 0, 4, 2, 0, 0, 0, 2, 4, 2, 2, 2, 0, 0, 1, 2, 4, 0, 0, 2, 0, 0, 2, 0, 2, 2, 0, 2, 1, 0, 4, 2, 2, 2, 2, 2, 0, 0, 1, 2, 1, 2, 4, 0, 0, 2, 2, 1, 0, 2, 0, 0, 3, 2, 4, 2, 2, 2, 0, 0, 2, 0, 4, 2, 0, 2, 2, 2, 0, 0, 2, 0, 0, 2, 2, 2, 2, 0, 2, 2, 0, 2, 4, 0, 4, 2, 2, 0, 2, 0, 0, 1, 0, 2, 0, 1, 2, 2, 4, 1, 2, 4, 2, 1, 2, 0, 2, 4, 4, 4, 1, 0, 0, 1, 0, 2, 2, 0, 2, 3, 1, 0, 2, 0, 0, 1, 2, 0, 4, 2, 2, 0, 1, 2, 0, 0, 4, 2, 4, 2, 2, 2, 4, 0, 0, 2, 2, 0, 4, 1, 2, 2, 2, 1, 0, 1, 2, 0, 0, 2, 0, 1, 0, 2, 2, 1, 0, 2, 0, 2, 0, 1, 0, 2, 0, 0, 2, 1, 4, 4, 2, 0, 1, 0, 1, 2, 2, 0, 1, 2, 2, 2, 0, 0, 2, 0, 2, 2, 3, 2, 0, 1, 2, 2, 1, 0, 1, 0, 2, 0, 2, 1, 2, 1, 0, 0, 2, 0, 4, 2, 1, 1, 0, 2, 0, 1, 1, 2, 2, 3, 2, 2, 2, 2, 2, 0, 0, 3, 0, 4, 0, 2, 0, 0, 0, 2, 2, 0, 2, 1, 0, 2, 0, 0, 2, 1, 1, 2, 0, 2, 2, 0, 0, 2, 0, 0, 4, 2, 4, 0, 1, 2, 0, 1, 2, 2, 4, 0, 0, 3, 2, 0, 0, 2, 2, 4, 2, 4, 0, 2, 3, 1, 0, 2, 3, 0, 1, 4, 4, 0, 0, 1, 2, 0, 2, 4, 0, 1, 1, 0, 0, 0, 0, 0, 0, 0, 1, 2, 2, 2, 2, 2, 0, 2, 2, 0, 2, 0, 2, 1, 0, 0, 2, 1, 0, 0, 2, 1, 0, 0, 1, 2, 2, 0, 0, 0, 0, 2, 1, 0, 2, 1, 2, 4, 4, 2, 2, 2, 2, 2, 0, 2, 2, 2, 1, 0, 2, 0, 2, 1, 2, 0, 2, 2, 2, 0, 0, 2, 0, 1, 4, 0, 0, 4, 0, 4, 1, 1, 0, 2, 4, 0, 0, 1, 2, 0, 2, 2, 2, 0, 0, 2, 0, 0, 2, 1, 2, 2, 0, 0, 0, 2, 0, 1, 0, 0, 1, 0, 0, 0, 4, 0, 1, 0, 2, 2, 4, 2, 0, 0, 0, 0, 0, 2, 1, 1, 0, 2, 2, 2, 2, 0, 2, 1, 2, 2, 2, 2, 1, 0, 2, 3, 1, 0, 1, 0, 0, 4, 4, 0, 0, 0, 0, 0, 0, 4, 0, 0, 2, 0, 0, 4, 4, 0, 2, 2, 0, 0, 2, 4, 1, 2, 0, 1, 4, 0, 0, 2, 0, 2, 4, 0, 2, 0, 0, 2, 2, 0, 1, 1, 2, 1, 0, 3, 1, 1, 2, 4, 0, 0, 4, 0, 0, 2, 0, 2, 4, 0, 1, 0, 2, 0, 0, 2, 0, 2, 4, 4, 0, 2, 2, 2, 1, 0, 0, 0, 2, 2, 2, 2, 0, 2, 1, 0, 1, 0, 0, 0, 4, 2, 2, 2, 1, 1, 0, 1, 4, 2, 2, 2, 2, 0, 2, 4, 0, 2, 2, 0, 4, 2, 4, 4, 2, 1, 2, 0, 2, 1, 0, 0, 0, 4, 4, 2, 0, 2, 2, 2, 0, 0, 0, 2, 1, 0, 2, 4, 0, 1, 2, 2, 0, 0, 2, 0, 1, 0, 3, 4, 4, 0, 2, 0, 0, 0, 0, 0, 2, 0, 3, 0, 3, 0, 1, 2, 2, 2, 1, 2, 0, 0, 0, 3, 0, 2, 0, 0, 2, 2, 2, 4, 2, 0, 3, 0, 1, 2, 2, 2, 0, 2, 0, 2, 1, 0, 0, 1, 1, 4, 0, 0, 0, 1, 0, 2, 3, 0, 0, 2, 2, 0, 2, 3, 2, 1, 2, 2, 0, 0, 2, 0, 2, 0, 2, 2, 0, 0, 1, 2, 2, 0, 1, 0, 0, 0, 4, 2, 1, 1, 2, 0, 0, 0, 0, 0, 0, 0, 2, 0, 0, 0, 4, 0, 2, 2, 2, 0, 4, 2, 0, 4, 2, 0, 2, 1, 0, 0, 0, 0, 0, 2, 1, 2, 4, 2, 0, 0, 2, 0, 0, 4, 0, 0, 0, 2, 2, 0, 0, 2, 2, 2, 1, 0, 2, 0, 0, 2, 0, 2, 2, 1, 0, 0, 2, 1, 0, 0, 2, 0, 0, 0, 2, 0, 2, 0, 4, 2, 2, 4, 0, 2, 3, 1, 2, 2, 4, 2, 0, 2, 0, 0, 2, 0, 0, 4, 0, 0, 1, 2, 3, 0, 0, 1, 0, 0, 0, 0, 0, 0, 0, 2, 2, 2, 2, 2, 0, 0, 0, 2, 4, 0, 0, 2, 2, 1, 1, 1, 2, 4, 4, 2, 2, 1, 2, 2, 2, 0, 0, 0, 4, 0, 1, 1, 0, 0, 4, 0, 0, 2, 2, 2, 0, 0, 0, 0, 2, 2, 4, 2, 2, 0, 4, 0, 2, 0, 2, 1, 4, 2, 0, 0, 0, 1, 1, 2, 1, 0, 2, 2, 4, 2, 1, 0, 2, 1, 2, 2, 2, 1, 0, 2, 0, 0, 4, 0, 2, 0, 2, 1, 0, 2, 1, 2, 2, 1, 2, 0, 0, 2, 2, 1, 2, 0, 1, 4, 0, 2, 4, 1, 0, 0, 0, 0, 1, 0, 1, 2, 0, 0, 0, 1, 0, 0, 1, 1, 0, 2, 2, 0, 1, 0, 0, 0, 3, 2, 4, 0, 0, 0, 0, 0, 2, 2, 2, 2, 2, 2, 0, 0, 2, 4, 2, 2, 0, 0, 0, 4, 0, 4, 2, 1, 1, 0, 1, 2, 0, 0, 2, 1, 0, 2, 0, 0, 0, 1, 0, 2, 1, 1, 0, 0, 0, 2, 0, 0, 0, 0, 1, 1, 0, 2, 0, 3, 2, 4, 3, 1, 0, 2, 0, 2, 2, 0, 2, 2, 4, 0, 0, 2, 0, 1, 4, 1, 2, 0, 1, 2, 1, 2, 0, 2, 2, 0, 2, 2, 2, 0, 0, 0, 2, 2, 2, 1, 0, 4, 2, 3, 2, 0, 0, 2, 1, 2, 0, 2, 4, 2, 2, 2, 0, 1, 0, 2, 2, 1, 2, 2, 2, 2, 0, 0, 2, 2, 2, 1, 0, 4, 0, 0, 1, 2, 2, 1, 0, 2, 0, 3, 4, 2, 0, 1, 2, 2, 1, 0, 2, 4, 0, 2, 0, 2, 1, 0, 4, 2, 0, 2, 2, 4, 0, 2, 0, 1, 0, 2, 4, 2, 4, 2, 1, 2, 1, 2, 0, 1, 2, 0, 1, 0, 2, 2, 0, 0, 0, 4, 0, 4, 1, 2, 1, 0, 0, 1, 0, 3, 0, 0, 2, 2, 2, 0, 0, 0, 2, 0, 1, 3, 2, 2, 2, 0, 4, 2, 2, 0, 0, 2, 0, 0, 1, 0, 2, 0, 2, 2, 4, 2, 0, 2, 2, 0, 0, 2, 2, 2, 0, 0, 0, 2, 0, 1, 2, 2, 4, 4, 2, 2, 0, 1, 3, 0, 2, 2, 4, 2, 2, 0, 2, 0, 2, 4, 0, 0, 2, 2, 0, 1, 0, 0, 2, 1, 2, 2, 2, 2, 2, 2, 0, 2, 1, 0, 2, 2, 1, 0, 2, 2, 0, 0, 4, 2, 2, 0, 4, 0, 4, 2, 2, 2, 0, 3, 0, 2, 0, 0, 2, 0, 0, 0, 2, 1, 0, 0, 4, 2, 1, 0, 0, 2, 2, 1, 0, 2, 0, 1, 2, 2, 0, 0, 0, 2, 0, 2, 2, 2, 2, 0, 2, 2, 2, 0, 4, 3, 0, 4, 0, 0, 0, 0, 2, 2, 0, 0, 2, 1, 2, 0, 0, 2, 0, 2, 2, 2, 4, 0, 2, 2, 0, 1, 4, 0, 0, 2, 0, 4, 3, 2, 0, 2, 2, 0, 2, 4, 0, 2, 2, 2, 4, 1, 2, 0, 2, 2, 4, 2, 4, 1, 0, 2, 1, 2, 0, 2, 0, 0, 2, 2, 0, 0, 0, 2, 0, 0, 1, 2, 2, 2, 4, 0, 0, 3, 1, 2, 4, 2, 4, 0, 2, 1, 0, 2, 0, 2, 0, 2, 1, 1, 2, 0, 0, 4, 0, 2, 1, 2, 3, 2, 0, 0, 2, 0, 4, 0, 0, 2, 0, 0, 2, 4, 2, 2, 1, 0, 0, 0, 1, 2, 0, 1, 2, 1, 3, 2, 2, 2, 2, 1, 2, 2, 0, 1, 0, 0, 0, 2, 2, 2, 0, 4, 4, 2, 1, 0, 1, 1, 2, 4, 0, 2, 4, 0, 2, 2, 1, 0, 2, 2, 2, 2, 2, 1, 2, 1, 1, 2, 0, 1, 2, 2, 2, 2, 4, 0, 4, 0, 1, 0, 2, 0, 0, 0, 0, 2, 2, 2, 1, 2, 0, 2, 4, 2, 0, 1, 2, 0, 2, 4, 0, 0, 2, 0, 0, 0, 1, 2, 3, 4, 0, 2, 0, 1, 0, 0, 2, 0, 2, 1, 0, 2, 0, 2, 1, 2, 2, 0, 1, 0, 0, 2, 0, 1, 0, 0, 2, 0, 2, 2, 0, 2, 2, 1, 2, 1, 2, 2, 0, 4, 1, 0, 0, 0, 1, 2, 2, 2, 2, 0, 0, 0, 1, 2, 2, 2, 0, 0, 4, 1, 0, 2, 2, 0, 2, 1, 4, 2, 0, 0, 1, 0, 2, 2, 2, 0, 2, 0, 2, 0, 2, 1, 0, 2, 1, 0, 1, 2, 0, 0, 0, 2, 2, 2, 1, 2, 0, 1, 2, 4, 0, 2, 0, 2, 2, 2, 0, 2, 2, 0, 1, 0, 2, 0, 0, 4, 2, 0, 2, 2, 0, 2, 0, 2, 0, 0, 1, 0, 0, 2, 0, 4, 2, 2, 0, 1, 0, 0, 0, 0, 2, 2, 4, 0, 2, 0, 0, 0, 2, 0, 0, 4, 2, 1, 0, 0, 0, 2, 0, 0, 2, 2, 2, 2, 1, 2, 2, 0, 1, 2, 1, 2, 0, 4, 2, 2, 4, 0, 2, 0, 0, 1, 2, 0, 2, 0, 2, 1, 4, 0, 2, 2, 0, 2, 2, 0, 0, 2, 0, 2, 0, 0, 2, 0, 2, 0, 1, 0, 2, 0, 0, 0, 0, 1, 4, 2, 0, 3, 2, 2, 0, 0, 0, 2, 2, 0, 2, 0, 0, 0, 3, 2, 2, 2, 4, 2, 2, 2, 2, 2, 2, 4, 2, 1, 0, 4, 0, 2, 2, 2, 1, 4, 4, 4, 2, 2, 0, 0, 3, 2, 0, 2, 0, 1, 2, 4, 2, 2, 0, 0, 1, 1, 3, 2, 4, 1, 2, 0, 4, 0, 2, 2, 3, 2, 4, 0, 1, 2, 2, 1, 2, 0, 1, 0, 2, 0, 0, 0, 2, 2, 0, 2, 2, 1, 1, 2, 2, 0, 0, 4, 0, 2, 2, 2, 0, 0, 2, 0, 1, 1, 1, 0, 0, 2, 0, 2, 2, 1, 0, 0, 0, 0, 2, 0, 2, 2, 0, 2, 1, 2, 4, 0, 0, 0, 1, 2, 0, 1, 2, 0, 2, 2, 0, 4, 0, 1, 0, 2, 0, 2, 2, 2, 2, 1, 0, 0, 2]

bins: [-0.014, -0.002, -0.001, 0.001, 0.002, 0.013]

Most important rules
-----------------------------

---0---
rule0: climbRate < -3.593
probabilities_array:[0.43598568 0.36441413 0.         0.         0.         0.
 0.19960023]

rule4: Altitude < -29.610
probabilities_array:[0.396758   0.19286947 0.22204098 0.00219238 0.         0.
 0.18613914]

rule5: -29.610 < Altitude < -12.357
probabilities_array:[0.36417097 0.20781162 0.15029834 0.         0.         0.
 0.27771905]

rule12: curRoll < -0.009
probabilities_array:[0.35207868 0.16729881 0.09380624 0.04067773 0.03919135 0.
 0.3069472 ]

rule15: curRoll > 0.012
probabilities_array:[0.31882727 0.21059649 0.17486697 0.         0.04540387 0.
 0.2503054 ]

rule6: -12.357 < Altitude < 4.896
probabilities_array:[0.33368134 0.17565662 0.14029016 0.         0.02954779 0.
 0.32082415]

rule1: -3.593 < climbRate < -0.269
probabilities_array:[0.28653347 0.2979041  0.18510094 0.         0.         0.
 0.23046145]

rule16: diffClb < -0.122
probabilities_array:[0.46612313 0.         0.         0.         0.         0.
 0.53387684]

rule7: Altitude > 4.896
probabilities_array:[0.2769811  0.30354062 0.17687465 0.         0.00956403 0.
 0.23303966]

rule14: 0.002 < curRoll < 0.012
probabilities_array:[0.28615808 0.1957144  0.12616745 0.05087933 0.         0.
 0.34108073]

rule9: -0.003 < RollRate < 0.000
probabilities_array:[0.36226013 0.10730787 0.         0.         0.00592564 0.
 0.5245064 ]

rule23: diffDiffClb = 0.0
probabilities_array:[0.28923443 0.10460125 0.01791656 0.03881693 0.09510197 0.
 0.4543288 ]

rule8: RollRate < -0.003
probabilities_array:[0.24577256 0.3593337  0.02077959 0.         0.         0.
 0.37411413]

rule10: 0.000 < RollRate < 0.004
probabilities_array:[0.2799775  0.04152897 0.01031699 0.10305861 0.09978846 0.
 0.46532944]

rule17: -0.122 < diffClb < -0.002
probabilities_array:[1.7126533e-01 4.0542847e-01 1.8716228e-01 3.7935344e-04 0.0000000e+00
 0.0000000e+00 2.3576462e-01]

rule13: -0.009 < curRoll < 0.002
probabilities_array:[0.1841533  0.10783055 0.23981546 0.         0.03465212 0.
 0.43354854]


---1---
rule17: -0.122 < diffClb < -0.002
probabilities_array:[1.7126533e-01 4.0542847e-01 1.8716228e-01 3.7935344e-04 0.0000000e+00
 0.0000000e+00 2.3576462e-01]

rule0: climbRate < -3.593
probabilities_array:[0.43598568 0.36441413 0.         0.         0.         0.
 0.19960023]

rule7: Altitude > 4.896
probabilities_array:[0.2769811  0.30354062 0.17687465 0.         0.00956403 0.
 0.23303966]

rule1: -3.593 < climbRate < -0.269
probabilities_array:[0.28653347 0.2979041  0.18510094 0.         0.         0.
 0.23046145]

rule8: RollRate < -0.003
probabilities_array:[0.24577256 0.3593337  0.02077959 0.         0.         0.
 0.37411413]

rule15: curRoll > 0.012
probabilities_array:[0.31882727 0.21059649 0.17486697 0.         0.04540387 0.
 0.2503054 ]

rule4: Altitude < -29.610
probabilities_array:[0.396758   0.19286947 0.22204098 0.00219238 0.         0.
 0.18613914]

rule5: -29.610 < Altitude < -12.357
probabilities_array:[0.36417097 0.20781162 0.15029834 0.         0.         0.
 0.27771905]

rule18: -0.002 < diffClb < 0.118
probabilities_array:[0.         0.16785322 0.31551656 0.30192444 0.09130981 0.
 0.12339599]

rule14: 0.002 < curRoll < 0.012
probabilities_array:[0.28615808 0.1957144  0.12616745 0.05087933 0.         0.
 0.34108073]

rule6: -12.357 < Altitude < 4.896
probabilities_array:[0.33368134 0.17565662 0.14029016 0.         0.02954779 0.
 0.32082415]

rule12: curRoll < -0.009
probabilities_array:[0.35207868 0.16729881 0.09380624 0.04067773 0.03919135 0.
 0.3069472 ]

rule2: -0.269 < climbRate < 3.054
probabilities_array:[0.         0.09500168 0.29253933 0.34175068 0.19511296 0.
 0.0755953 ]

rule13: -0.009 < curRoll < 0.002
probabilities_array:[0.1841533  0.10783055 0.23981546 0.         0.03465212 0.
 0.43354854]

rule23: diffDiffClb = 0.0
probabilities_array:[0.28923443 0.10460125 0.01791656 0.03881693 0.09510197 0.
 0.4543288 ]

rule19: diffClb > 0.118
probabilities_array:[0.00603803 0.05764522 0.1782581  0.31696373 0.40880466 0.
 0.03229026]

rule9: -0.003 < RollRate < 0.000
probabilities_array:[0.36226013 0.10730787 0.         0.         0.00592564 0.
 0.5245064 ]


---2---
rule18: -0.002 < diffClb < 0.118
probabilities_array:[0.         0.16785322 0.31551656 0.30192444 0.09130981 0.
 0.12339599]

rule2: -0.269 < climbRate < 3.054
probabilities_array:[0.         0.09500168 0.29253933 0.34175068 0.19511296 0.
 0.0755953 ]

rule3: climbRate > 3.054
probabilities_array:[0.         0.03856958 0.25469258 0.3213071  0.38140264 0.
 0.00402815]

rule11: RollRate > 0.004
probabilities_array:[0.03136746 0.         0.27824458 0.31597942 0.10610946 0.
 0.26829913]

rule4: Altitude < -29.610
probabilities_array:[0.396758   0.19286947 0.22204098 0.00219238 0.         0.
 0.18613914]

rule19: diffClb > 0.118
probabilities_array:[0.00603803 0.05764522 0.1782581  0.31696373 0.40880466 0.
 0.03229026]

rule17: -0.122 < diffClb < -0.002
probabilities_array:[1.7126533e-01 4.0542847e-01 1.8716228e-01 3.7935344e-04 0.0000000e+00
 0.0000000e+00 2.3576462e-01]

rule1: -3.593 < climbRate < -0.269
probabilities_array:[0.28653347 0.2979041  0.18510094 0.         0.         0.
 0.23046145]

rule13: -0.009 < curRoll < 0.002
probabilities_array:[0.1841533  0.10783055 0.23981546 0.         0.03465212 0.
 0.43354854]

rule7: Altitude > 4.896
probabilities_array:[0.2769811  0.30354062 0.17687465 0.         0.00956403 0.
 0.23303966]

rule15: curRoll > 0.012
probabilities_array:[0.31882727 0.21059649 0.17486697 0.         0.04540387 0.
 0.2503054 ]

rule5: -29.610 < Altitude < -12.357
probabilities_array:[0.36417097 0.20781162 0.15029834 0.         0.         0.
 0.27771905]

rule6: -12.357 < Altitude < 4.896
probabilities_array:[0.33368134 0.17565662 0.14029016 0.         0.02954779 0.
 0.32082415]

rule14: 0.002 < curRoll < 0.012
probabilities_array:[0.28615808 0.1957144  0.12616745 0.05087933 0.         0.
 0.34108073]

rule12: curRoll < -0.009
probabilities_array:[0.35207868 0.16729881 0.09380624 0.04067773 0.03919135 0.
 0.3069472 ]


---3---
rule3: climbRate > 3.054
probabilities_array:[0.         0.03856958 0.25469258 0.3213071  0.38140264 0.
 0.00402815]

rule2: -0.269 < climbRate < 3.054
probabilities_array:[0.         0.09500168 0.29253933 0.34175068 0.19511296 0.
 0.0755953 ]

rule19: diffClb > 0.118
probabilities_array:[0.00603803 0.05764522 0.1782581  0.31696373 0.40880466 0.
 0.03229026]

rule18: -0.002 < diffClb < 0.118
probabilities_array:[0.         0.16785322 0.31551656 0.30192444 0.09130981 0.
 0.12339599]

rule11: RollRate > 0.004
probabilities_array:[0.03136746 0.         0.27824458 0.31597942 0.10610946 0.
 0.26829913]

rule10: 0.000 < RollRate < 0.004
probabilities_array:[0.2799775  0.04152897 0.01031699 0.10305861 0.09978846 0.
 0.46532944]


---4---
rule19: diffClb > 0.118
probabilities_array:[0.00603803 0.05764522 0.1782581  0.31696373 0.40880466 0.
 0.03229026]

rule3: climbRate > 3.054
probabilities_array:[0.         0.03856958 0.25469258 0.3213071  0.38140264 0.
 0.00402815]

rule2: -0.269 < climbRate < 3.054
probabilities_array:[0.         0.09500168 0.29253933 0.34175068 0.19511296 0.
 0.0755953 ]

rule18: -0.002 < diffClb < 0.118
probabilities_array:[0.         0.16785322 0.31551656 0.30192444 0.09130981 0.
 0.12339599]

rule11: RollRate > 0.004
probabilities_array:[0.03136746 0.         0.27824458 0.31597942 0.10610946 0.
 0.26829913]

rule10: 0.000 < RollRate < 0.004
probabilities_array:[0.2799775  0.04152897 0.01031699 0.10305861 0.09978846 0.
 0.46532944]

rule23: diffDiffClb = 0.0
probabilities_array:[0.28923443 0.10460125 0.01791656 0.03881693 0.09510197 0.
 0.4543288 ]


---5---
