MSE: 2.7691817892390962e-06

Accuracy: 0.5284941101560012

F1: 0.4305416939626799

Confusion Matrix: [[752, 113, 38, 1, 0], [310, 197, 115, 3, 3], [118, 98, 552, 27, 73], [14, 18, 283, 14, 86], [0, 4, 167, 10, 145]]

Uncertainties: {'class0': [0.12136602401733398, 0.1938706338405609, 0.21166670322418213, 0.2188347578048706, 0.22884471714496613], 'class1': [0.02273978479206562, 0.04762645065784454, 0.09670193493366241, 0.12136602401733398, 0.1938706338405609], 'class2': [0.004134019836783409, 0.02273978479206562, 0.04762645065784454, 0.09670193493366241, 0.12136602401733398], 'class3': [0.004134019836783409, 0.02273978479206562, 0.04762645065784454, 0.09670193493366241, 0.12136602401733398], 'class4': [0.004134019836783409, 0.02273978479206562, 0.04762645065784454, 0.09670193493366241, 0.2533590793609619], 'class5': []}

y_test: [-0.001, -0.003, -0.001, 0.001, 0.001, -0.002, 0.003, 0.001, 0.001, -0.004, 0.001, -0.001, -0.004, -0.002, -0.003, 0.003, 0.001, -0.001, -0.003, 0.002, -0.002, -0.001, -0.005, -0.006, -0.001, -0.001, -0.001, 0.001, 0.002, -0.001, -0.002, 0.001, 0.002, -0.003, 0.001, -0.003, -0.001, 0.001, -0.002, -0.001, -0.002, 0.002, -0.005, 0.001, 0.001, -0.005, 0.002, 0.005, 0.001, -0.003, 0.001, 0.001, -0.003, -0.004, 0.001, -0.002, 0.005, -0.001, -0.001, -0.005, -0.001, 0.002, -0.002, 0.001, 0.004, 0.002, 0.002, -0.001, -0.002, -0.001, 0.003, -0.004, -0.001, -0.002, 0.001, -0.005, 0.001, -0.001, 0.002, 0.002, -0.001, 0.001, 0.001, -0.002, 0.003, -0.002, -0.001, 0.004, -0.003, -0.002, -0.001, 0.001, -0.001, -0.001, -0.005, -0.001, 0.001, -0.002, 0.005, 0.002, 0.001, -0.001, 0.001, -0.004, 0.001, -0.001, -0.007, -0.001, 0.001, -0.001, -0.002, -0.003, 0.001, 0.001, 0.001, 0.001, 0.001, -0.001, -0.004, 0.001, 0.002, 0.003, 0.003, 0.001, -0.001, 0.001, 0.001, 0.001, -0.004, -0.002, 0.002, -0.001, -0.002, 0.001, 0.003, 0.001, 0.002, -0.004, 0.001, 0.001, -0.006, 0.001, -0.002, 0.005, -0.001, 0.003, 0.002, 0.002, 0.001, 0.001, 0.002, -0.003, 0.001, -0.002, 0.001, -0.006, -0.001, 0.002, -0.001, -0.001, 0.007, 0.005, 0.001, -0.002, 0.001, -0.004, -0.003, -0.001, 0.001, -0.001, -0.001, -0.002, -0.003, -0.003, 0.001, 0.001, 0.001, -0.001, 0.001, -0.001, -0.002, -0.003, 0.001, 0.002, -0.003, 0.001, -0.003, -0.001, -0.003, 0.001, -0.003, -0.003, -0.001, 0.001, -0.003, 0.002, -0.002, 0.001, -0.003, 0.003, 0.003, -0.003, -0.002, -0.001, -0.001, -0.006, 0.001, -0.001, 0.001, 0.001, -0.001, 0.001, -0.001, 0.002, 0.001, -0.003, 0.001, -0.002, 0.001, -0.002, -0.001, 0.001, -0.001, 0.001, 0.001, -0.004, 0.002, 0.001, -0.001, -0.001, -0.004, 0.001, 0.001, -0.003, 0.001, 0.002, 0.001, -0.004, -0.004, -0.001, 0.001, 0.002, 0.002, 0.002, 0.002, 0.001, -0.002, 0.002, 0.001, 0.001, 0.002, -0.002, -0.001, -0.001, -0.001, 0.002, 0.001, 0.001, -0.002, 0.003, 0.001, 0.002, -0.001, 0.001, 0.001, -0.002, -0.003, 0.002, 0.001, 0.001, 0.003, -0.004, -0.004, -0.002, -0.002, 0.001, 0.004, 0.001, 0.001, -0.004, 0.002, 0.003, 0.001, -0.001, -0.003, 0.002, 0.001, 0.002, -0.001, 0.002, -0.001, 0.001, 0.001, -0.002, 0.001, -0.001, -0.005, 0.001, 0.002, -0.001, -0.004, 0.001, 0.001, 0.001, -0.003, -0.005, 0.002, -0.002, 0.002, -0.004, 0.004, 0.002, 0.002, -0.006, 0.002, -0.002, -0.002, -0.003, -0.001, 0.003, 0.001, -0.001, 0.001, 0.002, -0.001, -0.004, -0.002, 0.002, 0.004, -0.001, -0.001, 0.001, -0.001, 0.001, 0.001, 0.002, -0.001, -0.002, 0.001, 0.002, 0.002, -0.002, 0.001, -0.002, 0.002, 0.001, -0.003, -0.002, 0.002, 0.001, 0.004, -0.004, -0.001, 0.002, 0.001, 0.001, -0.001, 0.001, -0.001, 0.002, 0.001, -0.001, -0.001, -0.003, -0.006, -0.003, 0.002, -0.001, 0.002, 0.001, -0.003, 0.003, -0.001, 0.002, 0.001, 0.003, 0.002, -0.001, 0.001, -0.004, -0.003, 0.001, 0.003, 0.003, -0.002, 0.002, 0.002, 0.001, -0.001, -0.002, -0.001, -0.004, 0.001, -0.003, 0.004, -0.003, -0.003, -0.001, 0.001, 0.001, 0.002, -0.002, -0.001, -0.001, -0.004, -0.001, -0.002, 0.002, 0.001, 0.001, 0.001, -0.002, 0.003, 0.001, 0.002, 0.003, 0.002, 0.005, -0.001, 0.002, 0.004, -0.001, -0.001, 0.001, 0.001, 0.001, 0.001, 0.001, 0.002, -0.002, 0.001, 0.001, 0.005, 0.001, -0.002, 0.004, 0.002, -0.002, -0.007, -0.004, 0.001, -0.002, 0.001, -0.002, 0.004, 0.002, 0.004, -0.002, -0.002, 0.001, -0.002, -0.003, 0.002, -0.001, -0.001, -0.001, -0.002, -0.003, -0.001, -0.001, 0.001, -0.002, 0.002, -0.004, 0.002, -0.002, 0.002, -0.004, 0.004, 0.001, 0.001, -0.001, 0.001, -0.006, -0.004, 0.001, 0.002, 0.001, 0.004, -0.001, -0.001, 0.005, 0.001, 0.001, 0.002, -0.002, 0.001, 0.005, -0.002, -0.002, 0.002, -0.004, 0.004, 0.001, -0.001, -0.002, -0.001, 0.002, 0.001, 0.001, -0.002, -0.001, 0.002, -0.003, -0.001, 0.001, 0.001, -0.005, -0.003, 0.001, -0.001, 0.001, -0.001, -0.004, -0.004, -0.001, -0.002, 0.001, 0.003, 0.001, 0.003, 0.001, 0.002, -0.001, -0.002, 0.001, 0.001, 0.001, -0.002, -0.001, -0.003, 0.002, -0.003, -0.001, 0.001, -0.002, -0.005, 0.002, -0.002, -0.002, -0.004, -0.002, 0.002, -0.003, -0.003, 0.001, -0.005, 0.002, 0.005, -0.002, -0.003, -0.003, -0.001, 0.001, -0.003, -0.004, -0.001, -0.003, 0.003, 0.001, -0.003, -0.001, 0.002, -0.001, 0.001, 0.002, 0.001, 0.001, -0.002, 0.002, -0.002, 0.001, 0.001, 0.001, 0.003, 0.001, 0.001, 0.001, -0.002, 0.001, 0.004, 0.001, 0.002, 0.001, -0.001, 0.004, -0.001, 0.001, -0.001, -0.002, 0.001, 0.001, -0.005, 0.001, 0.001, -0.002, 0.001, -0.002, -0.002, 0.002, 0.001, -0.003, -0.001, 0.002, -0.002, 0.001, -0.004, 0.001, 0.001, -0.004, -0.002, 0.001, -0.002, 0.003, -0.002, 0.003, -0.001, -0.001, 0.003, 0.002, 0.002, -0.002, 0.002, 0.003, 0.001, -0.001, -0.003, -0.002, -0.001, -0.003, 0.002, 0.002, -0.005, 0.002, 0.002, -0.004, -0.002, 0.002, -0.001, -0.001, -0.002, 0.001, -0.002, 0.004, 0.002, 0.001, -0.002, 0.001, -0.003, -0.001, -0.003, 0.002, -0.003, 0.002, 0.001, 0.001, -0.003, -0.004, -0.001, 0.001, -0.002, -0.002, -0.001, -0.002, 0.002, 0.002, -0.002, -0.003, -0.003, 0.001, -0.001, 0.002, 0.002, 0.008, 0.002, -0.005, 0.001, 0.002, 0.001, -0.002, 0.003, 0.003, 0.006, 0.001, 0.004, -0.001, 0.003, -0.004, 0.003, -0.002, -0.001, -0.002, -0.002, 0.001, -0.001, -0.001, -0.001, 0.001, -0.004, 0.002, -0.014, 0.001, 0.001, 0.001, 0.002, 0.001, 0.002, 0.003, 0.003, 0.002, 0.001, -0.002, 0.001, -0.002, -0.004, -0.001, -0.002, 0.001, 0.001, 0.003, 0.001, 0.001, 0.003, 0.001, -0.002, 0.001, 0.002, -0.002, 0.001, -0.004, -0.003, -0.002, -0.002, 0.001, -0.003, 0.001, -0.002, -0.001, 0.001, -0.001, -0.003, -0.001, 0.001, 0.001, 0.002, -0.001, -0.002, 0.004, 0.001, -0.001, -0.004, -0.002, -0.002, -0.001, -0.001, 0.004, 0.003, 0.002, 0.002, -0.002, 0.002, 0.003, 0.001, -0.005, 0.001, -0.003, -0.002, -0.003, -0.001, -0.003, -0.001, 0.002, 0.001, -0.001, 0.002, 0.002, -0.001, 0.001, 0.003, 0.003, -0.002, -0.003, -0.001, -0.001, -0.003, 0.001, -0.002, -0.001, -0.001, 0.002, 0.001, -0.001, -0.001, -0.004, -0.001, 0.001, -0.001, -0.003, -0.004, 0.001, -0.001, 0.001, -0.006, -0.002, -0.001, 0.001, -0.004, 0.001, 0.001, -0.001, 0.001, -0.001, 0.005, 0.003, 0.001, -0.002, 0.003, 0.002, -0.005, 0.001, 0.001, -0.003, 0.001, 0.002, -0.001, -0.004, 0.001, -0.001, 0.001, 0.002, -0.001, 0.002, -0.004, 0.002, -0.003, 0.001, 0.002, 0.005, 0.002, 0.001, -0.002, -0.001, 0.001, 0.001, 0.002, 0.001, 0.001, 0.001, 0.001, -0.002, 0.001, -0.001, 0.001, -0.003, -0.001, 0.006, 0.001, 0.003, 0.001, -0.005, 0.001, -0.001, -0.003, -0.004, -0.001, 0.002, 0.003, 0.001, -0.002, -0.001, -0.004, -0.001, 0.002, 0.001, 0.002, -0.001, -0.001, 0.001, 0.001, 0.003, 0.004, 0.002, 0.001, 0.001, -0.002, -0.002, -0.001, -0.004, -0.001, 0.001, -0.001, -0.001, -0.001, 0.002, -0.002, 0.002, -0.001, -0.002, 0.002, 0.003, 0.001, 0.001, -0.001, -0.002, -0.002, -0.001, -0.002, 0.002, 0.001, 0.001, 0.001, -0.002, 0.002, 0.002, -0.001, -0.001, 0.001, -0.002, 0.001, 0.002, -0.001, -0.003, -0.004, 0.002, 0.001, 0.002, 0.001, -0.002, -0.001, -0.001, 0.002, -0.003, 0.004, 0.001, -0.002, 0.002, -0.002, 0.001, 0.002, -0.006, -0.004, -0.001, -0.001, 0.003, -0.002, -0.001, 0.003, 0.002, 0.003, -0.002, 0.003, 0.001, -0.001, 0.004, 0.002, 0.002, -0.002, -0.004, -0.002, -0.001, 0.001, -0.002, 0.001, 0.004, 0.001, 0.001, -0.003, 0.001, 0.001, -0.002, 0.001, -0.006, 0.001, 0.001, 0.001, -0.001, -0.003, -0.001, 0.002, 0.002, 0.001, -0.004, -0.001, -0.002, 0.001, 0.003, 0.001, 0.003, 0.001, -0.002, -0.002, 0.002, 0.003, 0.001, -0.001, 0.004, -0.001, -0.004, 0.001, 0.004, -0.003, 0.001, -0.004, 0.001, 0.002, -0.002, 0.001, 0.001, -0.001, 0.004, -0.006, 0.002, 0.001, 0.004, 0.005, -0.002, 0.005, 0.001, -0.002, 0.002, 0.002, -0.005, -0.003, -0.002, 0.001, 0.001, -0.004, -0.001, 0.001, -0.001, -0.002, -0.002, 0.001, 0.006, -0.002, -0.002, -0.003, 0.002, -0.003, -0.001, -0.001, 0.001, -0.001, -0.002, -0.001, 0.002, -0.001, 0.001, -0.003, 0.001, 0.002, 0.002, 0.003, 0.001, -0.001, 0.001, 0.003, 0.003, -0.001, -0.002, 0.004, 0.001, -0.004, -0.001, 0.001, 0.003, -0.003, 0.001, 0.001, 0.001, -0.006, 0.001, -0.001, 0.001, 0.002, 0.001, 0.001, -0.001, -0.002, 0.001, 0.001, 0.002, 0.002, -0.002, -0.001, -0.001, 0.001, -0.002, 0.001, -0.002, 0.001, 0.001, 0.001, -0.003, 0.003, 0.005, 0.001, 0.003, 0.001, -0.002, 0.001, -0.001, -0.004, -0.002, -0.001, 0.003, 0.003, 0.001, 0.001, 0.002, -0.001, -0.002, 0.003, -0.001, -0.001, -0.001, 0.001, 0.001, 0.002, 0.001, 0.001, -0.001, -0.002, 0.001, 0.002, 0.005, 0.003, -0.003, -0.001, 0.001, -0.001, 0.001, 0.004, 0.001, 0.004, -0.004, 0.003, -0.001, 0.005, 0.002, -0.002, -0.001, -0.001, 0.001, -0.001, -0.005, 0.004, 0.001, -0.001, -0.003, 0.001, -0.001, 0.001, 0.001, 0.001, 0.002, -0.001, 0.001, 0.002, 0.002, -0.004, 0.001, 0.001, 0.001, 0.002, 0.001, -0.001, 0.002, -0.004, 0.001, 0.001, -0.002, 0.002, 0.001, 0.003, -0.002, -0.003, 0.001, 0.002, -0.002, -0.002, -0.001, -0.002, -0.002, -0.001, -0.004, -0.002, 0.001, 0.001, 0.001, -0.003, 0.003, -0.002, -0.001, -0.004, -0.001, 0.001, -0.003, 0.001, 0.001, 0.001, 0.001, 0.001, 0.001, 0.004, 0.002, 0.001, 0.001, 0.001, 0.003, 0.003, -0.003, -0.001, -0.002, -0.001, 0.001, -0.002, 0.001, 0.002, -0.001, -0.001, -0.002, 0.001, -0.001, -0.001, -0.001, -0.001, 0.001, 0.001, -0.002, 0.004, 0.001, -0.002, 0.001, -0.002, 0.003, -0.002, 0.001, 0.002, 0.001, 0.001, 0.002, -0.001, 0.002, 0.001, 0.001, 0.001, 0.002, -0.001, -0.001, -0.004, 0.001, -0.001, -0.003, 0.002, -0.002, 0.001, 0.002, 0.002, 0.001, 0.001, -0.005, 0.001, -0.001, -0.001, -0.001, 0.002, -0.003, -0.003, -0.003, -0.004, -0.002, 0.001, 0.003, -0.001, -0.001, -0.001, 0.012, 0.001, -0.001, 0.003, 0.003, -0.001, 0.001, -0.003, -0.001, -0.001, 0.001, -0.002, -0.001, 0.002, -0.003, -0.003, 0.002, -0.002, 0.002, 0.001, -0.005, 0.001, -0.002, -0.004, 0.001, 0.002, -0.003, -0.001, -0.004, -0.005, -0.001, -0.002, -0.003, 0.002, -0.001, -0.001, 0.001, 0.003, 0.003, -0.002, -0.002, 0.003, -0.001, 0.001, 0.004, -0.001, -0.002, -0.002, -0.002, 0.001, -0.002, 0.001, -0.001, -0.012, -0.004, -0.001, 0.001, -0.001, 0.002, -0.004, -0.001, 0.001, 0.002, 0.001, 0.002, -0.001, -0.001, -0.005, 0.002, -0.002, -0.001, -0.001, 0.001, -0.001, 0.001, -0.001, 0.003, 0.001, -0.001, -0.001, 0.001, -0.004, -0.005, 0.006, 0.001, 0.001, -0.004, 0.001, 0.001, 0.001, -0.002, -0.001, -0.001, 0.001, 0.002, 0.002, -0.005, -0.003, 0.002, -0.003, 0.004, -0.003, 0.001, -0.001, -0.001, -0.002, 0.002, -0.001, 0.002, -0.001, -0.002, 0.002, -0.002, -0.001, -0.005, -0.001, -0.004, 0.002, -0.002, 0.001, 0.003, -0.004, 0.001, -0.002, 0.005, 0.002, -0.003, -0.001, 0.002, -0.002, 0.002, -0.003, -0.002, 0.004, 0.001, -0.002, -0.007, 0.002, -0.001, -0.003, 0.001, 0.002, -0.003, 0.003, -0.002, 0.001, -0.003, -0.001, -0.003, 0.001, -0.003, -0.002, 0.001, 0.001, 0.006, 0.002, -0.001, 0.002, -0.001, 0.002, -0.002, -0.001, -0.001, -0.003, 0.002, 0.002, 0.001, -0.001, 0.001, 0.002, 0.001, 0.003, 0.002, -0.002, -0.001, 0.002, -0.001, -0.005, -0.002, -0.001, -0.003, 0.001, -0.001, -0.002, 0.001, 0.001, 0.002, -0.003, 0.002, 0.001, 0.002, 0.003, -0.002, 0.001, 0.001, 0.001, 0.002, 0.001, 0.001, -0.002, 0.001, 0.002, 0.001, 0.001, -0.002, -0.004, 0.002, -0.003, -0.002, 0.001, 0.002, 0.001, -0.003, -0.002, -0.002, -0.001, -0.001, 0.003, 0.001, -0.005, -0.001, 0.002, 0.002, 0.002, 0.002, -0.002, -0.003, -0.001, 0.003, 0.004, 0.002, -0.002, 0.005, 0.001, -0.002, 0.001, -0.002, 0.001, -0.001, 0.002, -0.001, 0.001, 0.001, -0.001, -0.001, -0.001, -0.001, -0.003, -0.001, -0.001, -0.001, 0.001, -0.002, 0.002, 0.001, -0.002, -0.002, -0.002, -0.002, 0.002, 0.001, 0.001, 0.001, -0.001, -0.001, -0.002, 0.001, -0.001, 0.001, -0.009, 0.001, -0.003, -0.001, -0.001, -0.005, -0.001, -0.002, 0.004, 0.002, -0.003, -0.003, 0.008, -0.003, 0.001, -0.004, -0.005, 0.004, 0.002, 0.005, -0.001, 0.003, -0.001, 0.001, -0.001, 0.001, -0.002, 0.002, -0.002, 0.001, -0.003, -0.001, -0.001, -0.004, 0.002, -0.002, -0.005, -0.001, -0.001, 0.002, -0.003, -0.006, 0.002, 0.003, 0.001, -0.002, 0.002, -0.001, 0.001, -0.003, -0.002, -0.004, -0.002, -0.001, 0.003, -0.006, -0.002, -0.003, -0.002, -0.001, -0.002, 0.001, 0.001, 0.001, 0.001, 0.001, -0.002, 0.002, 0.001, -0.001, 0.001, -0.005, -0.001, 0.001, -0.001, 0.001, -0.003, -0.001, -0.001, 0.001, 0.001, 0.001, 0.003, 0.003, 0.001, 0.001, -0.001, -0.002, 0.003, 0.004, -0.004, -0.001, 0.001, -0.001, -0.002, -0.001, -0.001, -0.005, -0.001, 0.001, 0.002, 0.002, 0.002, -0.001, 0.001, -0.001, -0.002, 0.001, -0.001, 0.001, -0.004, 0.001, -0.002, 0.002, -0.001, -0.002, 0.004, -0.002, 0.001, 0.003, -0.002, 0.004, 0.001, -0.002, -0.002, 0.001, -0.001, 0.001, -0.004, 0.002, -0.001, 0.003, 0.002, 0.004, -0.001, 0.001, 0.002, 0.005, -0.001, 0.004, 0.003, -0.003, -0.003, -0.003, -0.003, 0.002, -0.002, 0.002, -0.002, -0.001, -0.001, 0.002, 0.001, 0.001, 0.001, 0.003, 0.001, -0.001, 0.001, -0.004, -0.001, 0.001, 0.002, 0.001, -0.001, 0.001, 0.001, 0.001, 0.004, 0.001, -0.002, 0.001, 0.001, -0.001, -0.001, -0.002, 0.004, 0.001, 0.001, 0.001, -0.001, 0.001, -0.003, -0.001, 0.002, 0.001, 0.001, -0.004, 0.004, -0.002, 0.002, -0.001, 0.001, 0.001, -0.003, -0.001, 0.002, 0.001, 0.002, -0.001, -0.002, -0.002, 0.003, 0.002, 0.001, -0.001, 0.002, 0.001, 0.001, -0.003, -0.004, -0.002, 0.001, -0.004, 0.001, 0.002, -0.003, -0.004, 0.003, -0.002, -0.003, 0.003, -0.002, 0.001, 0.001, 0.001, -0.001, 0.003, 0.001, 0.001, -0.003, 0.003, 0.001, 0.003, 0.002, -0.003, -0.008, -0.005, 0.002, -0.002, -0.002, -0.001, -0.004, 0.001, 0.001, 0.001, 0.001, -0.002, -0.001, 0.002, -0.002, 0.001, -0.004, -0.001, 0.003, -0.002, 0.003, -0.001, -0.002, -0.006, 0.001, 0.002, -0.003, 0.002, 0.001, -0.003, -0.001, 0.001, -0.002, -0.003, -0.006, 0.001, -0.004, -0.007, 0.001, -0.003, -0.001, -0.002, -0.001, -0.001, 0.001, -0.002, 0.001, 0.003, 0.005, -0.001, -0.001, 0.001, 0.002, 0.001, 0.001, 0.001, 0.002, -0.002, 0.002, 0.002, -0.002, -0.004, -0.001, 0.001, -0.001, -0.002, 0.003, 0.001, 0.001, 0.001, 0.001, -0.001, -0.003, 0.003, -0.001, 0.003, 0.003, 0.002, -0.001, -0.001, -0.002, 0.001, 0.001, -0.001, 0.002, -0.001, -0.003, -0.001, 0.001, -0.001, -0.002, -0.005, 0.002, -0.005, -0.001, -0.002, -0.002, -0.001, 0.003, -0.005, -0.001, 0.003, -0.002, 0.004, -0.001, -0.001, 0.003, 0.001, 0.001, 0.001, -0.001, -0.001, -0.006, -0.002, -0.006, -0.001, 0.004, 0.001, -0.003, 0.002, -0.002, -0.002, -0.004, -0.002, -0.003, -0.007, -0.006, -0.001, 0.003, 0.001, 0.001, -0.006, 0.002, -0.001, 0.001, -0.001, 0.004, 0.001, -0.001, 0.003, 0.001, -0.002, -0.001, -0.001, -0.001, -0.002, 0.001, 0.001, -0.001, -0.001, -0.001, 0.001, 0.001, 0.002, -0.002, -0.001, -0.002, 0.001, -0.001, -0.001, -0.002, -0.003, -0.001, 0.001, -0.003, 0.001, 0.004, 0.004, -0.001, -0.001, -0.001, -0.002, 0.001, 0.003, -0.002, -0.001, -0.002, 0.001, 0.001, 0.002, 0.001, 0.001, 0.005, 0.001, -0.004, 0.002, 0.001, 0.002, 0.002, -0.001, -0.004, -0.001, 0.001, 0.004, 0.004, -0.002, -0.001, 0.004, 0.001, -0.001, 0.002, 0.001, 0.005, 0.004, 0.001, -0.001, -0.001, 0.001, 0.001, 0.001, -0.003, -0.002, -0.003, 0.001, 0.001, 0.001, 0.006, -0.001, 0.004, 0.003, 0.002, -0.001, -0.001, -0.001, 0.001, 0.002, 0.002, -0.003, -0.002, 0.002, 0.001, 0.001, 0.001, -0.002, 0.001, -0.001, -0.001, 0.003, 0.002, -0.006, -0.001, 0.001, 0.001, -0.001, -0.002, 0.001, 0.003, -0.001, 0.001, -0.002, -0.002, 0.001, -0.003, 0.001, -0.002, -0.001, -0.004, -0.002, -0.002, 0.002, -0.001, -0.001, 0.002, 0.001, 0.005, 0.004, 0.001, 0.002, 0.001, 0.002, 0.001, -0.003, 0.002, 0.001, -0.003, 0.002, -0.001, -0.001, -0.002, -0.001, -0.002, 0.001, -0.002, -0.006, -0.002, -0.005, -0.003, -0.002, -0.001, 0.002, 0.001, -0.002, -0.002, -0.002, -0.003, 0.003, -0.002, -0.002, 0.002, -0.001, 0.002, 0.002, 0.004, -0.001, -0.001, 0.002, 0.001, 0.004, 0.002, -0.001, 0.002, -0.001, -0.001, -0.004, 0.001, -0.001, -0.001, 0.001, -0.004, 0.001, 0.001, -0.004, -0.001, -0.002, -0.001, -0.001, -0.001, 0.001, 0.001, 0.002, -0.001, 0.002, -0.002, -0.001, 0.001, -0.001, -0.001, -0.002, 0.001, 0.001, 0.001, -0.002, 0.001, -0.002, 0.002, 0.002, 0.002, -0.003, -0.003, 0.003, 0.006, 0.003, -0.001, 0.004, -0.001, 0.001, -0.001, 0.001, 0.002, 0.002, -0.001, -0.002, -0.001, -0.004, -0.001, -0.002, 0.001, -0.003, 0.002, 0.001, 0.002, -0.002, -0.002, -0.001, 0.001, 0.001, -0.001, 0.002, 0.001, -0.002, 0.002, -0.001, -0.001, -0.003, -0.001, -0.002, -0.003, 0.001, -0.001, -0.001, -0.005, -0.004, 0.001, -0.003, 0.004, -0.003, 0.005, -0.003, -0.003, 0.001, -0.001, -0.001, -0.001, 0.001, -0.002, -0.002, 0.002, 0.001, -0.001, 0.002, 0.001, 0.002, 0.005, 0.002, -0.011, -0.002, 0.001, -0.001, 0.001, 0.002, -0.002, 0.001, 0.005, 0.003, -0.002, -0.004, 0.002, -0.001, 0.001, 0.001, -0.005, -0.004, 0.001, 0.002, 0.001, 0.001, 0.001, 0.003, -0.001, -0.003, 0.001, -0.001, 0.001, 0.001, 0.004, -0.001, -0.003, -0.001, -0.003, -0.002, 0.001, -0.004, -0.003, 0.001, -0.003, 0.001, 0.001, 0.001, -0.002, -0.002, -0.003, -0.002, 0.001, -0.002, -0.003, -0.003, 0.001, 0.002, -0.002, -0.006, 0.002, 0.001, -0.003, -0.003, 0.001, 0.006, -0.002, 0.004, -0.004, 0.003, -0.001, 0.001, -0.003, -0.002, -0.001, -0.002, 0.001, 0.001, 0.004, 0.002, 0.001, 0.002, -0.001, -0.008, -0.001, 0.001, 0.003, -0.001, 0.006, -0.01, -0.002, 0.002, 0.002, -0.001, -0.002, 0.001, -0.001, 0.002, 0.003, -0.001, -0.001, 0.003, 0.002, -0.002, 0.001, 0.003, -0.003, -0.003, 0.004, 0.001, -0.003, 0.001, 0.001, -0.003, -0.004, -0.001, -0.003, 0.001, 0.001, 0.004, -0.001, -0.003, 0.001, 0.001, 0.006, -0.001, 0.001, -0.002, -0.004, 0.002, -0.001, -0.001, 0.001, 0.001, 0.001, 0.002, -0.001, 0.002, 0.002, -0.001, 0.003, 0.003, -0.001, 0.002, 0.002, -0.003, 0.001, 0.002, 0.001, -0.002, -0.009, 0.008, 0.002, 0.003, -0.001, -0.005, 0.004, 0.001, -0.002, -0.002, 0.001, -0.002, 0.004, 0.004, 0.008, 0.001, -0.001, -0.003, -0.003, -0.004, 0.001, -0.003, 0.003, 0.004, 0.001, -0.002, -0.008, 0.001, -0.002, -0.001, 0.001, 0.002, 0.001, -0.003, 0.001, -0.002, 0.002, 0.001, -0.004, -0.004, -0.001, 0.003, 0.003, -0.002, 0.001, 0.002, 0.001, 0.004, 0.003, -0.001, -0.003, -0.001, -0.002, -0.001, 0.001, 0.001, -0.002, 0.001, -0.002, -0.002, -0.001, 0.002, 0.001, -0.001, -0.002, -0.002, -0.002, -0.002, -0.003, -0.002, 0.002, -0.001, -0.001, 0.001, -0.004, 0.001, -0.002, 0.002, 0.002, -0.002, 0.001, 0.002, -0.001, 0.001, -0.001, -0.001, 0.004, -0.001, -0.002, -0.007, 0.001, 0.003, -0.001, -0.001, 0.002, 0.002, 0.001, -0.002, -0.003, -0.002, 0.003, 0.001, 0.001, -0.001, -0.002, 0.001, 0.001, -0.001, 0.001, -0.005, -0.005, -0.003, 0.001, 0.002, -0.006, -0.003, 0.001, 0.001, 0.007, -0.001, 0.003, 0.003, 0.001, -0.003, -0.002, 0.001, -0.001, 0.001, -0.002, -0.001, -0.001, 0.001, -0.001, -0.002, -0.001, -0.001, -0.007, -0.002, -0.001, -0.004, 0.003, 0.006, -0.002, 0.001, -0.003, -0.004, -0.001, -0.002, -0.004, 0.002, 0.001, 0.001, 0.001, 0.001, 0.002, -0.003, 0.001, 0.002, 0.001, 0.002, -0.004, -0.001, -0.002, 0.001, -0.003, 0.003, 0.001, -0.003, 0.003, 0.003, -0.002, 0.001, -0.002, 0.001, -0.001, -0.002, -0.001, -0.002, -0.001, -0.002, 0.002, -0.001, -0.002, -0.001, 0.002, -0.001, 0.001, 0.001, 0.002, 0.001, 0.002, 0.001, 0.001, -0.002, 0.001, 0.001, 0.003, 0.001, 0.001, 0.001, -0.013, -0.001, 0.001, -0.001, -0.003, -0.004, 0.002, 0.001, 0.001, 0.002, 0.001, -0.001, 0.002, -0.003, 0.001, 0.001, 0.001, -0.003, 0.001, -0.001, -0.001, 0.001, -0.002, -0.006, -0.002, -0.001, 0.004, 0.003, -0.001, -0.003, -0.002, 0.001, -0.002, 0.001, -0.001, -0.006, 0.002, -0.001, -0.001, -0.001, -0.001, 0.001, 0.001, -0.001, 0.002, -0.002, 0.001, 0.001, -0.003, -0.001, -0.002, -0.003, -0.001, -0.004, -0.003, -0.005, 0.002, 0.001, 0.002, -0.003, -0.002, 0.001, 0.001, 0.002, 0.001, 0.002, 0.003, -0.002, 0.001, 0.002, -0.001, 0.001, 0.002, 0.001, -0.002, 0.001, -0.002, 0.001, 0.002, 0.003, -0.001, 0.001, 0.001, 0.001, 0.003, 0.001, 0.003, -0.001, -0.001, 0.001, -0.002, 0.001, -0.002, -0.002, -0.002, 0.005, 0.001, 0.001, 0.001, 0.003, -0.001, 0.001, -0.001, 0.001, 0.001, 0.002, -0.001, 0.005, -0.001, -0.007, -0.004, -0.003, -0.002, -0.002, 0.002, -0.001, -0.001, 0.001, 0.001, -0.002, 0.001, 0.001, 0.001, 0.001, 0.001, -0.004, -0.003, 0.001, -0.002, 0.001, -0.004, 0.001, -0.001, 0.002, -0.001, -0.003, -0.001, 0.001, -0.002, 0.003, 0.001, 0.001, -0.001, -0.003, -0.003, -0.001, 0.001, 0.001, -0.002, 0.001, 0.001, -0.003, 0.004, 0.006, -0.001, 0.001, 0.002, 0.002, 0.001, -0.001, -0.001, 0.001, -0.002, -0.001, -0.002, -0.001, 0.001, -0.002, 0.002, -0.001, 0.001, -0.001, -0.003, 0.001, -0.004, 0.006, 0.007, 0.001, -0.003, -0.002, 0.001, 0.001, 0.001, 0.003, 0.003, -0.001, -0.001, -0.002, 0.001, 0.002, 0.004, -0.001, 0.001, 0.002, 0.001, 0.002, -0.001, 0.001, 0.001, -0.002, -0.002, 0.001, -0.002, 0.002, -0.002, 0.001, -0.002, 0.001, 0.004, 0.001, 0.001, 0.001, -0.001, -0.002, 0.002, 0.001, 0.003, 0.001, 0.001, 0.002, -0.001, 0.003, 0.001, 0.001, 0.002, 0.001, -0.001, 0.001, 0.001, -0.001, 0.002, -0.001, -0.001, 0.001, 0.001, -0.002, -0.001, 0.001, 0.009, 0.003, -0.001, -0.001, -0.001, -0.001, 0.002, -0.004, -0.003, -0.001, -0.001, -0.001, -0.002, 0.002, 0.001, -0.004, -0.001, 0.002, -0.004, -0.007, -0.001, -0.001, -0.01, 0.002, 0.002, -0.002, 0.003, 0.002, -0.003, -0.002, 0.003, -0.001, 0.001, 0.001, -0.001, -0.002, 0.002, -0.001, -0.002, 0.001, -0.001, 0.002, -0.005, -0.005, 0.003, 0.001, -0.004, 0.002, 0.001, -0.001, 0.001, 0.002, 0.002, 0.003, -0.001, -0.004, 0.002, -0.001, 0.001, 0.004, 0.001, -0.001, -0.001, -0.002, 0.001, 0.002, 0.004, -0.002, 0.001, -0.003, -0.001, 0.001, 0.001, -0.004, -0.001, 0.003, 0.003, -0.002, -0.002, -0.005, -0.001, -0.003, 0.004, 0.001, 0.001, -0.001, -0.004, -0.007, -0.001, 0.001, 0.002, 0.002, -0.004, -0.003, 0.001, 0.001, 0.002, 0.001, 0.001, 0.001, -0.003, 0.001, 0.001, 0.001, 0.001, 0.002, -0.003, 0.003, -0.001, -0.001, -0.001, 0.003, 0.002, 0.001, 0.003, -0.004, 0.001, 0.002, 0.001, -0.001, 0.002, -0.001, 0.001, -0.001, -0.001, -0.002, -0.001, 0.001, -0.003, 0.001, -0.001, 0.002, -0.002, -0.003, -0.001, -0.001, -0.001, -0.001, -0.001, 0.001, 0.001, 0.009, 0.001, 0.002, 0.001, 0.003, -0.001, -0.001, -0.002, -0.003, -0.002, 0.001, 0.002, 0.001, 0.001, -0.001, 0.001, -0.001, 0.002, 0.003, -0.001, 0.003, -0.001, -0.003, -0.001, 0.003, -0.004, 0.001, 0.001, 0.001, -0.002, -0.002, 0.003, 0.001, -0.002, -0.002, -0.002, 0.001, 0.001, 0.001, 0.009, -0.002, 0.002, 0.001, 0.002, 0.003, 0.001, -0.003, -0.001, -0.004, -0.001, -0.001, -0.005, -0.003, 0.001, 0.002, -0.002, -0.001, 0.003, 0.002, -0.002, -0.008, 0.002, -0.002, -0.002, 0.002, 0.001, 0.005, 0.001, 0.003, -0.001, 0.003, 0.001, 0.001, -0.003, 0.003, 0.001, -0.001, 0.004, -0.001, -0.002, -0.006, 0.004, -0.003, 0.003, -0.003, 0.002, 0.001, -0.002, 0.002, 0.001, -0.001, 0.001, 0.005, 0.001, 0.005, 0.002, 0.002, 0.004, 0.002, 0.004, -0.001, -0.001, -0.004, -0.001, 0.001, 0.002, 0.001, -0.003, -0.004, -0.001, 0.003, 0.002, -0.001, 0.001, 0.001, -0.001, 0.003, 0.003, 0.001, 0.001, -0.001, 0.003, -0.002, -0.001, 0.001, -0.001, 0.001, -0.003, 0.002, -0.002, -0.002, 0.001, 0.001, -0.003, 0.004, 0.003, 0.001, 0.003, -0.002, -0.004, -0.002, 0.002, 0.001, 0.001, -0.001, -0.005, 0.001, -0.002, -0.001, 0.002, 0.003, 0.002, 0.003, -0.002, -0.002, -0.002, -0.002, -0.003, -0.002, -0.002, -0.005, 0.001, 0.003, -0.002, -0.002, 0.002, -0.001, -0.001, -0.002, 0.001, -0.001, 0.001, 0.002, -0.001, -0.001, 0.001, -0.001, -0.002, -0.001, -0.004, 0.002, 0.001, -0.002, -0.001, 0.001, -0.001, 0.002, -0.001, 0.001, 0.001, -0.001, 0.002, 0.002, -0.001, -0.006, 0.002, 0.001, 0.001, 0.002, -0.003, 0.001, 0.001, -0.002, 0.002, -0.002, 0.001, 0.003, -0.005, 0.001, 0.002, -0.002, -0.001, 0.004, -0.002, -0.002, 0.001, -0.002, 0.001, 0.001, -0.003]

buck_pred: [2, 1, 1, 2, 2, 1, 4, 2, 1, 0, 2, 0, 0, 0, 0, 4, 2, 1, 0, 1, 0, 1, 0, 0, 1, 2, 0, 2, 2, 0, 1, 4, 1, 0, 2, 0, 0, 2, 0, 0, 0, 2, 1, 2, 2, 0, 2, 4, 2, 1, 2, 2, 0, 0, 4, 1, 2, 1, 1, 0, 4, 2, 2, 2, 3, 4, 2, 1, 0, 0, 2, 0, 1, 0, 2, 0, 2, 1, 2, 2, 0, 2, 0, 0, 4, 1, 0, 4, 0, 0, 1, 2, 1, 2, 0, 0, 2, 0, 3, 4, 2, 0, 2, 0, 2, 1, 0, 0, 2, 0, 0, 0, 2, 1, 2, 2, 0, 1, 0, 2, 2, 4, 4, 2, 0, 0, 0, 2, 1, 0, 4, 2, 0, 4, 2, 2, 4, 0, 2, 1, 0, 1, 0, 2, 0, 4, 1, 4, 2, 2, 2, 0, 3, 2, 0, 0, 0, 4, 0, 1, 4, 2, 2, 0, 1, 0, 0, 1, 2, 1, 2, 0, 0, 0, 0, 4, 2, 1, 2, 0, 0, 0, 2, 4, 0, 0, 0, 1, 0, 0, 1, 0, 0, 2, 0, 2, 2, 2, 0, 2, 4, 0, 0, 2, 0, 0, 2, 1, 0, 2, 1, 2, 2, 2, 2, 1, 2, 0, 2, 0, 2, 0, 0, 2, 2, 0, 2, 2, 1, 3, 0, 2, 0, 0, 2, 2, 2, 0, 0, 0, 4, 2, 2, 2, 2, 2, 0, 2, 2, 2, 4, 0, 0, 0, 1, 2, 2, 2, 0, 2, 2, 2, 1, 1, 2, 0, 0, 4, 2, 2, 2, 0, 0, 0, 2, 2, 2, 2, 0, 1, 2, 4, 2, 0, 0, 2, 1, 2, 1, 2, 2, 0, 2, 0, 4, 1, 0, 2, 4, 1, 0, 2, 2, 2, 1, 0, 2, 0, 4, 0, 2, 4, 2, 0, 2, 0, 0, 0, 1, 2, 0, 2, 2, 2, 2, 0, 0, 2, 4, 0, 2, 2, 2, 2, 2, 2, 0, 0, 1, 2, 2, 0, 4, 1, 2, 2, 0, 0, 3, 0, 2, 0, 0, 2, 0, 2, 0, 2, 0, 2, 2, 0, 0, 0, 0, 1, 4, 1, 2, 2, 0, 4, 1, 2, 3, 1, 2, 0, 2, 0, 0, 2, 2, 2, 0, 4, 2, 2, 2, 2, 1, 0, 4, 0, 2, 0, 0, 0, 3, 2, 4, 1, 0, 1, 0, 1, 2, 4, 1, 0, 3, 0, 2, 2, 2, 2, 2, 2, 1, 2, 4, 1, 1, 2, 2, 2, 2, 2, 4, 0, 2, 2, 4, 0, 0, 4, 1, 0, 1, 0, 3, 0, 1, 0, 2, 3, 2, 0, 0, 0, 0, 1, 4, 0, 0, 1, 0, 0, 0, 1, 2, 0, 4, 0, 2, 0, 2, 0, 2, 2, 2, 0, 2, 0, 1, 2, 2, 2, 4, 1, 1, 2, 4, 2, 2, 0, 4, 2, 0, 0, 2, 0, 4, 2, 0, 0, 0, 4, 2, 1, 0, 1, 4, 1, 2, 2, 1, 0, 0, 2, 2, 2, 0, 0, 0, 1, 1, 0, 2, 0, 4, 2, 2, 1, 0, 2, 2, 2, 1, 2, 0, 2, 1, 0, 2, 0, 0, 2, 0, 0, 0, 0, 0, 0, 0, 2, 0, 4, 4, 2, 0, 0, 1, 2, 0, 0, 0, 0, 4, 3, 1, 0, 1, 0, 1, 2, 0, 2, 0, 2, 0, 2, 0, 2, 3, 2, 2, 2, 0, 2, 4, 2, 3, 2, 0, 2, 1, 0, 1, 0, 0, 2, 0, 2, 2, 0, 0, 0, 0, 2, 2, 0, 0, 2, 0, 0, 0, 2, 0, 0, 0, 2, 1, 2, 0, 3, 0, 0, 4, 2, 2, 0, 2, 4, 2, 1, 0, 0, 0, 0, 2, 4, 0, 2, 4, 0, 0, 4, 0, 1, 0, 2, 0, 4, 4, 2, 0, 3, 0, 1, 0, 2, 0, 2, 2, 2, 0, 0, 0, 3, 1, 0, 1, 0, 4, 2, 0, 0, 0, 3, 0, 2, 2, 4, 2, 0, 0, 2, 2, 0, 4, 2, 4, 2, 4, 1, 2, 0, 2, 0, 0, 1, 0, 2, 2, 0, 0, 2, 0, 0, 0, 4, 2, 2, 2, 1, 2, 2, 2, 2, 2, 0, 2, 0, 0, 1, 1, 1, 2, 2, 2, 2, 2, 4, 1, 2, 0, 0, 2, 0, 0, 0, 0, 2, 1, 2, 1, 0, 2, 0, 0, 0, 2, 2, 2, 0, 2, 4, 3, 0, 0, 0, 0, 2, 0, 2, 2, 2, 2, 0, 4, 2, 2, 0, 2, 0, 0, 0, 0, 0, 0, 2, 1, 0, 3, 2, 1, 2, 4, 2, 0, 0, 1, 0, 0, 2, 0, 2, 0, 2, 2, 0, 1, 0, 0, 4, 0, 0, 1, 0, 0, 1, 0, 0, 0, 2, 0, 2, 1, 2, 1, 1, 4, 3, 2, 0, 2, 2, 2, 2, 2, 0, 1, 2, 1, 0, 2, 0, 3, 4, 1, 3, 0, 3, 0, 0, 2, 4, 2, 2, 0, 2, 2, 1, 2, 2, 4, 2, 2, 1, 2, 0, 1, 0, 2, 2, 2, 4, 0, 0, 0, 1, 0, 0, 0, 2, 2, 2, 0, 0, 0, 1, 2, 0, 2, 0, 1, 2, 2, 2, 2, 4, 1, 2, 0, 0, 0, 0, 1, 2, 1, 0, 2, 2, 0, 4, 0, 2, 2, 2, 1, 2, 0, 0, 0, 0, 0, 4, 4, 0, 2, 0, 2, 2, 0, 0, 2, 0, 2, 2, 1, 0, 0, 2, 2, 2, 0, 0, 1, 0, 2, 0, 2, 2, 0, 2, 0, 2, 2, 0, 0, 0, 0, 4, 0, 1, 2, 2, 2, 2, 2, 4, 0, 4, 2, 3, 0, 0, 0, 0, 0, 2, 2, 4, 2, 1, 0, 2, 2, 0, 2, 0, 2, 2, 0, 1, 0, 1, 2, 2, 4, 0, 1, 0, 2, 2, 2, 4, 2, 0, 0, 2, 4, 0, 2, 3, 1, 0, 0, 2, 0, 2, 0, 1, 2, 0, 2, 4, 1, 2, 1, 0, 2, 4, 3, 0, 4, 2, 0, 2, 2, 0, 0, 0, 2, 2, 0, 0, 1, 1, 0, 0, 2, 4, 0, 2, 0, 2, 0, 0, 2, 0, 2, 1, 2, 2, 0, 2, 0, 2, 2, 3, 4, 2, 0, 0, 2, 4, 1, 0, 4, 2, 0, 2, 2, 2, 0, 2, 3, 2, 0, 1, 0, 2, 2, 1, 0, 0, 0, 2, 1, 2, 2, 0, 1, 0, 1, 0, 1, 0, 2, 2, 0, 0, 2, 2, 2, 2, 2, 1, 2, 0, 0, 0, 0, 2, 2, 2, 2, 2, 0, 0, 2, 0, 2, 0, 2, 2, 2, 1, 1, 0, 0, 2, 2, 4, 4, 1, 0, 0, 2, 4, 4, 2, 4, 0, 4, 0, 4, 2, 1, 0, 2, 2, 2, 0, 4, 2, 1, 0, 0, 1, 2, 2, 4, 2, 0, 4, 0, 2, 0, 2, 2, 2, 1, 4, 0, 4, 0, 2, 2, 0, 2, 0, 2, 1, 0, 1, 3, 0, 0, 1, 0, 0, 2, 0, 0, 2, 1, 2, 0, 4, 0, 1, 1, 0, 2, 0, 2, 2, 2, 2, 2, 2, 4, 4, 2, 2, 4, 2, 4, 0, 2, 0, 2, 2, 0, 2, 2, 1, 0, 0, 2, 0, 2, 1, 0, 2, 2, 0, 3, 2, 0, 2, 0, 2, 0, 2, 2, 4, 0, 2, 2, 4, 2, 0, 2, 2, 0, 2, 0, 3, 1, 1, 2, 1, 3, 0, 2, 0, 2, 0, 2, 0, 0, 0, 4, 1, 0, 0, 0, 0, 0, 2, 0, 0, 1, 4, 2, 0, 2, 2, 0, 2, 0, 0, 0, 2, 0, 0, 4, 0, 0, 1, 0, 4, 0, 0, 2, 1, 0, 2, 2, 0, 2, 0, 0, 0, 0, 2, 2, 0, 1, 4, 2, 4, 0, 2, 4, 0, 1, 4, 1, 1, 0, 0, 4, 0, 2, 1, 0, 0, 0, 2, 0, 1, 0, 0, 2, 4, 0, 4, 0, 0, 0, 3, 0, 1, 2, 2, 0, 2, 1, 2, 2, 2, 2, 3, 0, 0, 4, 2, 0, 0, 2, 2, 0, 0, 1, 1, 2, 2, 4, 0, 0, 2, 0, 2, 0, 2, 1, 0, 0, 4, 2, 2, 2, 2, 2, 1, 0, 0, 1, 0, 2, 0, 2, 2, 0, 4, 1, 4, 2, 0, 0, 2, 1, 2, 0, 0, 2, 2, 0, 0, 2, 0, 1, 2, 4, 0, 4, 0, 4, 0, 2, 0, 0, 0, 0, 2, 2, 4, 2, 1, 2, 1, 2, 0, 0, 2, 0, 2, 2, 2, 0, 0, 4, 0, 4, 2, 0, 0, 2, 0, 0, 0, 0, 0, 2, 0, 0, 2, 2, 2, 0, 2, 1, 4, 4, 1, 2, 2, 2, 4, 1, 2, 0, 2, 2, 2, 2, 0, 0, 2, 0, 0, 2, 4, 2, 0, 0, 0, 1, 2, 4, 1, 0, 0, 2, 2, 2, 2, 1, 0, 1, 4, 4, 0, 1, 2, 4, 2, 1, 0, 1, 0, 2, 0, 2, 2, 2, 0, 0, 0, 0, 0, 0, 1, 0, 0, 2, 1, 0, 1, 0, 0, 2, 2, 0, 2, 0, 1, 0, 2, 0, 1, 0, 2, 0, 0, 2, 0, 1, 0, 4, 2, 0, 0, 4, 0, 2, 0, 0, 2, 4, 4, 1, 2, 0, 2, 0, 2, 0, 2, 2, 0, 0, 1, 0, 0, 4, 0, 0, 2, 0, 2, 0, 0, 2, 4, 2, 0, 4, 2, 0, 1, 1, 0, 0, 1, 2, 0, 1, 0, 0, 1, 0, 2, 3, 2, 2, 2, 0, 4, 4, 0, 3, 0, 0, 3, 1, 1, 0, 0, 0, 2, 2, 4, 2, 4, 2, 2, 0, 0, 2, 4, 1, 2, 2, 0, 0, 0, 2, 0, 0, 2, 2, 2, 2, 2, 4, 0, 0, 2, 1, 2, 0, 0, 0, 2, 0, 2, 2, 0, 2, 1, 2, 4, 4, 2, 2, 4, 2, 2, 0, 4, 2, 4, 4, 2, 4, 0, 2, 2, 0, 4, 4, 0, 0, 0, 2, 2, 0, 4, 0, 2, 0, 2, 2, 2, 2, 4, 2, 0, 2, 0, 0, 4, 2, 2, 0, 4, 2, 2, 2, 2, 0, 0, 2, 2, 2, 2, 4, 2, 2, 1, 0, 2, 0, 2, 2, 2, 4, 0, 4, 0, 4, 1, 4, 1, 1, 1, 1, 2, 2, 2, 0, 0, 2, 2, 2, 1, 2, 2, 2, 0, 0, 0, 2, 0, 2, 2, 0, 0, 2, 1, 0, 2, 0, 2, 1, 2, 0, 4, 0, 2, 2, 4, 1, 2, 2, 0, 0, 0, 2, 0, 0, 0, 0, 2, 4, 2, 2, 1, 1, 2, 0, 3, 0, 0, 2, 0, 2, 2, 0, 0, 2, 2, 0, 0, 2, 0, 1, 0, 1, 0, 0, 2, 0, 0, 2, 0, 1, 0, 0, 1, 0, 0, 2, 2, 2, 1, 1, 2, 2, 2, 0, 2, 2, 2, 2, 4, 1, 0, 0, 1, 2, 0, 2, 1, 1, 2, 0, 1, 0, 2, 0, 4, 2, 1, 0, 2, 0, 4, 2, 0, 4, 2, 0, 0, 2, 1, 0, 0, 4, 0, 2, 0, 0, 2, 2, 0, 1, 1, 0, 2, 0, 0, 4, 3, 2, 4, 1, 2, 0, 0, 0, 0, 4, 0, 0, 1, 0, 0, 0, 1, 0, 0, 0, 0, 4, 2, 4, 0, 4, 1, 2, 0, 4, 1, 0, 2, 0, 0, 0, 2, 1, 0, 2, 0, 0, 1, 2, 2, 2, 2, 1, 2, 0, 1, 1, 0, 0, 0, 1, 0, 0, 2, 4, 2, 0, 2, 0, 0, 2, 4, 0, 2, 0, 2, 0, 2, 1, 2, 4, 2, 0, 2, 2, 2, 2, 1, 0, 1, 2, 4, 4, 0, 0, 2, 0, 1, 0, 2, 4, 4, 4, 0, 0, 0, 2, 2, 0, 0, 0, 0, 1, 2, 2, 0, 2, 4, 2, 2, 0, 1, 2, 2, 4, 0, 0, 2, 0, 4, 2, 2, 2, 2, 0, 2, 2, 0, 1, 0, 1, 1, 1, 2, 4, 1, 2, 0, 2, 0, 0, 2, 1, 0, 0, 1, 0, 2, 0, 0, 4, 3, 4, 4, 2, 2, 4, 3, 2, 0, 2, 0, 0, 2, 1, 2, 0, 1, 0, 2, 0, 0, 0, 0, 0, 0, 1, 2, 4, 1, 0, 0, 0, 2, 0, 1, 2, 1, 4, 1, 4, 0, 0, 4, 0, 2, 2, 0, 2, 0, 0, 0, 2, 0, 0, 3, 0, 2, 2, 0, 2, 0, 0, 0, 2, 2, 4, 4, 0, 2, 0, 0, 0, 1, 2, 1, 2, 4, 2, 0, 2, 0, 0, 2, 2, 0, 0, 2, 4, 2, 0, 4, 2, 2, 0, 2, 2, 4, 0, 0, 2, 0, 0, 0, 2, 1, 2, 2, 2, 0, 0, 0, 0, 2, 1, 2, 2, 0, 2, 1, 1, 1, 0, 0, 0, 2, 2, 0, 0, 0, 4, 0, 2, 0, 2, 0, 0, 2, 2, 0, 2, 1, 0, 0, 4, 0, 0, 2, 2, 4, 4, 2, 0, 1, 1, 3, 2, 4, 1, 1, 2, 2, 0, 0, 4, 1, 2, 2, 0, 0, 2, 2, 2, 2, 2, 2, 2, 0, 2, 0, 2, 2, 2, 0, 1, 0, 1, 0, 4, 1, 0, 2, 0, 1, 2, 2, 0, 0, 0, 0, 2, 1, 0, 0, 1, 2, 1, 0, 2, 4, 0, 0, 4, 2, 0, 2, 0, 4, 1, 2, 0, 0, 0, 0, 2, 2, 4, 2, 2, 3, 1, 0, 1, 2, 4, 1, 4, 0, 0, 2, 4, 0, 0, 1, 0, 2, 2, 2, 0, 2, 4, 0, 2, 4, 0, 1, 2, 4, 0, 1, 2, 1, 0, 2, 1, 2, 2, 4, 2, 0, 0, 1, 4, 2, 0, 1, 0, 2, 1, 0, 2, 2, 1, 2, 1, 2, 2, 2, 2, 4, 0, 2, 2, 0, 2, 2, 2, 1, 0, 4, 1, 2, 0, 0, 2, 2, 0, 1, 2, 0, 2, 2, 4, 2, 1, 0, 0, 0, 2, 0, 4, 2, 1, 1, 0, 2, 0, 1, 4, 2, 2, 0, 2, 0, 2, 2, 0, 0, 0, 2, 4, 1, 0, 0, 2, 4, 4, 2, 0, 0, 0, 0, 2, 2, 0, 2, 1, 0, 0, 4, 2, 1, 0, 0, 0, 0, 1, 1, 2, 0, 0, 1, 1, 2, 0, 2, 1, 0, 1, 2, 0, 2, 4, 0, 4, 1, 0, 0, 2, 2, 1, 1, 2, 2, 1, 0, 0, 0, 2, 2, 2, 0, 0, 2, 2, 2, 0, 0, 0, 0, 2, 0, 0, 0, 4, 0, 4, 2, 1, 2, 2, 2, 0, 2, 0, 2, 0, 0, 0, 2, 0, 1, 0, 1, 0, 0, 1, 1, 2, 4, 0, 1, 1, 0, 1, 1, 0, 2, 1, 0, 2, 2, 2, 0, 3, 2, 4, 4, 0, 3, 0, 2, 0, 4, 0, 0, 3, 2, 0, 1, 0, 2, 0, 0, 1, 0, 0, 0, 2, 0, 1, 0, 2, 2, 0, 2, 1, 0, 3, 2, 2, 1, 4, 2, 2, 2, 3, 2, 0, 2, 2, 0, 0, 0, 2, 2, 2, 2, 0, 0, 2, 0, 2, 2, 2, 0, 1, 1, 1, 2, 0, 0, 0, 0, 2, 2, 1, 0, 0, 2, 2, 2, 0, 0, 2, 1, 2, 0, 1, 4, 2, 2, 4, 0, 2, 0, 0, 2, 1, 0, 0, 0, 0, 0, 2, 4, 4, 0, 0, 1, 2, 3, 4, 2, 2, 1, 4, 2, 0, 2, 2, 2, 0, 4, 0, 2, 2, 2, 0, 2, 2, 2, 2, 0, 2, 0, 0, 2, 1, 4, 1, 0, 0, 2, 2, 0, 2, 2, 0, 4, 0, 2, 2, 2, 1, 2, 1, 0, 0, 0, 0, 0, 4, 0, 1, 0, 2, 0, 2, 2, 2, 2, 2, 0, 0, 2, 2, 2, 2, 2, 0, 2, 1, 0, 0, 2, 0, 2, 2, 2, 0, 2, 0, 0, 2, 2, 1, 2, 2, 0, 2, 2, 0, 1, 2, 2, 2, 0, 0, 2, 0, 0, 0, 2, 2, 0, 2, 2, 4, 1, 0, 2, 0, 4, 2, 2, 1, 0, 2, 2, 1, 4, 2, 0, 0, 0, 0, 4, 4, 1, 4, 2, 2, 2, 1, 0, 2, 0, 1, 1, 2, 1, 0, 1, 1, 2, 4, 1, 2, 2, 1, 0, 2, 4, 2, 2, 2, 1, 0, 2, 2, 2, 2, 4, 2, 0, 1, 0, 1, 1, 0, 4, 2, 1, 1, 4, 4, 2, 2, 1, 0, 1, 4, 0, 0, 1, 1, 0, 0, 2, 1, 0, 0, 2, 0, 0, 0, 1, 0, 2, 4, 0, 4, 2, 0, 0, 2, 0, 2, 2, 0, 0, 2, 0, 0, 1, 1, 2, 0, 0, 4, 0, 0, 2, 2, 1, 2, 2, 4, 2, 1, 0, 2, 0, 2, 2, 2, 1, 2, 1, 2, 2, 4, 1, 2, 0, 1, 2, 2, 3, 0, 2, 2, 0, 2, 0, 0, 0, 4, 2, 1, 0, 0, 0, 0, 2, 2, 2, 0, 0, 2, 0, 2, 0, 2, 2, 0, 0, 2, 3, 2, 2, 0, 2, 1, 1, 1, 2, 2, 0, 2, 0, 2, 2, 2, 0, 2, 1, 1, 0, 1, 0, 0, 0, 0, 2, 2, 2, 0, 0, 1, 2, 2, 0, 0, 2, 0, 4, 1, 2, 0, 2, 1, 0, 2, 0, 1, 2, 2, 2, 2, 0, 3, 2, 2, 2, 0, 4, 2, 0, 2, 4, 0, 4, 1, 4, 0, 0, 2, 2, 0, 1, 0, 1, 2, 2, 2, 0, 2, 4, 2, 2, 2, 0, 0, 0, 1, 0, 0, 0, 2, 4, 0, 0, 2, 2, 0, 0, 2, 0, 0, 2, 2, 4, 2, 2, 1, 2, 2, 1, 1, 4, 1, 1, 4, 2, 0, 0, 4, 0, 2, 0, 2, 2, 0, 4, 0, 1, 3, 4, 2, 4, 2, 2, 4, 2, 4, 0, 2, 0, 1, 2, 2, 0, 0, 0, 0, 2, 4, 0, 1, 1, 1, 2, 4, 2, 2, 0, 2, 1, 1, 1, 0, 1, 0, 4, 1, 0, 2, 2, 1, 3, 2, 2, 2, 0, 0, 2, 2, 2, 2, 1, 0, 0, 0, 0, 2, 4, 2, 4, 0, 0, 0, 0, 0, 0, 0, 2, 0, 2, 0, 0, 2, 1, 2, 0, 1, 0, 2, 2, 0, 0, 0, 1, 0, 0, 0, 2, 2, 0, 0, 0, 2, 4, 0, 2, 0, 1, 4, 2, 1, 0, 0, 2, 2, 0, 0, 1, 2, 0, 2, 0, 2, 2, 0, 1, 2, 0, 2, 4, 0, 0, 2, 0, 1, 2, 0]

bins: [-0.011, -0.002, -0.001, 0.001, 0.002, 0.013]

Most important rules
-----------------------------

---0---
rule0: climbRate < -3.585
probabilities_array:[0.44857556 0.35755378 0.         0.         0.         0.
 0.19387063]

rule4: Altitude < -29.751
probabilities_array:[0.3885992  0.20883912 0.19089496 0.         0.         0.
 0.2116667 ]

rule5: -29.751 < Altitude < -12.428
probabilities_array:[0.32798555 0.19124891 0.12329358 0.08798455 0.05065268 0.
 0.21883476]

rule1: -3.585 < climbRate < -0.291
probabilities_array:[0.3074714  0.2548289  0.16375484 0.00045433 0.         0.
 0.27349052]

rule7: Altitude > 4.896
probabilities_array:[0.2809099  0.286606   0.18168145 0.02195795 0.         0.
 0.22884472]

rule12: curRoll < -0.009
probabilities_array:[0.33789888 0.12438241 0.15089451 0.02514075 0.00152299 0.
 0.36016044]

rule6: -12.428 < Altitude < 4.896
probabilities_array:[0.32058057 0.21352293 0.12135541 0.         0.         0.
 0.3445411 ]

rule14: 0.002 < curRoll < 0.012
probabilities_array:[0.2911538  0.22736216 0.16241999 0.         0.         0.
 0.31906408]

rule15: curRoll > 0.012
probabilities_array:[0.31207398 0.19628093 0.12650461 0.         0.         0.
 0.36514053]

rule23: diffDiffClb = 0.0
probabilities_array:[0.2953781  0.1290036  0.02003555 0.08886266 0.12859128 0.
 0.3381288 ]

rule16: diffClb < -0.118
probabilities_array:[0.44109416 0.         0.         0.         0.         0.
 0.55890584]

rule9: -0.004 < RollRate < 0.000
probabilities_array:[0.38805154 0.05267381 0.         0.         0.         0.
 0.5592747 ]

rule10: 0.000 < RollRate < 0.004
probabilities_array:[0.3020876  0.04680708 0.02631905 0.08860708 0.10114027 0.
 0.43503895]

rule13: -0.009 < curRoll < 0.002
probabilities_array:[0.24502403 0.12083222 0.19444326 0.04942698 0.07179798 0.
 0.3184756 ]

rule8: RollRate < -0.004
probabilities_array:[0.23312634 0.35291284 0.03810016 0.         0.         0.
 0.3758607 ]

rule17: -0.118 < diffClb < 0.001
probabilities_array:[0.11494595 0.3649058  0.29234633 0.10643584 0.         0.
 0.12136602]


---1---
rule17: -0.118 < diffClb < 0.001
probabilities_array:[0.11494595 0.3649058  0.29234633 0.10643584 0.         0.
 0.12136602]

rule0: climbRate < -3.585
probabilities_array:[0.44857556 0.35755378 0.         0.         0.         0.
 0.19387063]

rule7: Altitude > 4.896
probabilities_array:[0.2809099  0.286606   0.18168145 0.02195795 0.         0.
 0.22884472]

rule8: RollRate < -0.004
probabilities_array:[0.23312634 0.35291284 0.03810016 0.         0.         0.
 0.3758607 ]

rule1: -3.585 < climbRate < -0.291
probabilities_array:[0.3074714  0.2548289  0.16375484 0.00045433 0.         0.
 0.27349052]

rule4: Altitude < -29.751
probabilities_array:[0.3885992  0.20883912 0.19089496 0.         0.         0.
 0.2116667 ]

rule14: 0.002 < curRoll < 0.012
probabilities_array:[0.2911538  0.22736216 0.16241999 0.         0.         0.
 0.31906408]

rule5: -29.751 < Altitude < -12.428
probabilities_array:[0.32798555 0.19124891 0.12329358 0.08798455 0.05065268 0.
 0.21883476]

rule6: -12.428 < Altitude < 4.896
probabilities_array:[0.32058057 0.21352293 0.12135541 0.         0.         0.
 0.3445411 ]

rule15: curRoll > 0.012
probabilities_array:[0.31207398 0.19628093 0.12650461 0.         0.         0.
 0.36514053]

rule18: 0.001 < diffClb < 0.119
probabilities_array:[1.3266967e-04 1.1146820e-01 3.3723268e-01 3.0014282e-01 2.0339723e-01
 0.0000000e+00 4.7626451e-02]

rule23: diffDiffClb = 0.0
probabilities_array:[0.2953781  0.1290036  0.02003555 0.08886266 0.12859128 0.
 0.3381288 ]

rule13: -0.009 < curRoll < 0.002
probabilities_array:[0.24502403 0.12083222 0.19444326 0.04942698 0.07179798 0.
 0.3184756 ]

rule12: curRoll < -0.009
probabilities_array:[0.33789888 0.12438241 0.15089451 0.02514075 0.00152299 0.
 0.36016044]

rule19: diffClb > 0.119
probabilities_array:[0.00740874 0.07389204 0.20462148 0.28140974 0.4099282  0.
 0.02273978]

rule2: -0.291 < climbRate < 3.003
probabilities_array:[0.00355852 0.0794438  0.2958528  0.3288146  0.19562836 0.
 0.09670193]


---2---
rule18: 0.001 < diffClb < 0.119
probabilities_array:[1.3266967e-04 1.1146820e-01 3.3723268e-01 3.0014282e-01 2.0339723e-01
 0.0000000e+00 4.7626451e-02]

rule2: -0.291 < climbRate < 3.003
probabilities_array:[0.00355852 0.0794438  0.2958528  0.3288146  0.19562836 0.
 0.09670193]

rule17: -0.118 < diffClb < 0.001
probabilities_array:[0.11494595 0.3649058  0.29234633 0.10643584 0.         0.
 0.12136602]

rule3: climbRate > 3.003
probabilities_array:[0.00720187 0.02689452 0.2542003  0.32499444 0.3819885  0.00058632
 0.00413402]

rule19: diffClb > 0.119
probabilities_array:[0.00740874 0.07389204 0.20462148 0.28140974 0.4099282  0.
 0.02273978]

rule11: RollRate > 0.004
probabilities_array:[0.01014877 0.         0.25238356 0.3254315  0.15867716 0.
 0.25335908]

rule4: Altitude < -29.751
probabilities_array:[0.3885992  0.20883912 0.19089496 0.         0.         0.
 0.2116667 ]

rule7: Altitude > 4.896
probabilities_array:[0.2809099  0.286606   0.18168145 0.02195795 0.         0.
 0.22884472]

rule13: -0.009 < curRoll < 0.002
probabilities_array:[0.24502403 0.12083222 0.19444326 0.04942698 0.07179798 0.
 0.3184756 ]

rule1: -3.585 < climbRate < -0.291
probabilities_array:[0.3074714  0.2548289  0.16375484 0.00045433 0.         0.
 0.27349052]

rule14: 0.002 < curRoll < 0.012
probabilities_array:[0.2911538  0.22736216 0.16241999 0.         0.         0.
 0.31906408]

rule12: curRoll < -0.009
probabilities_array:[0.33789888 0.12438241 0.15089451 0.02514075 0.00152299 0.
 0.36016044]

rule5: -29.751 < Altitude < -12.428
probabilities_array:[0.32798555 0.19124891 0.12329358 0.08798455 0.05065268 0.
 0.21883476]

rule15: curRoll > 0.012
probabilities_array:[0.31207398 0.19628093 0.12650461 0.         0.         0.
 0.36514053]

rule6: -12.428 < Altitude < 4.896
probabilities_array:[0.32058057 0.21352293 0.12135541 0.         0.         0.
 0.3445411 ]


---3---
rule3: climbRate > 3.003
probabilities_array:[0.00720187 0.02689452 0.2542003  0.32499444 0.3819885  0.00058632
 0.00413402]

rule2: -0.291 < climbRate < 3.003
probabilities_array:[0.00355852 0.0794438  0.2958528  0.3288146  0.19562836 0.
 0.09670193]

rule18: 0.001 < diffClb < 0.119
probabilities_array:[1.3266967e-04 1.1146820e-01 3.3723268e-01 3.0014282e-01 2.0339723e-01
 0.0000000e+00 4.7626451e-02]

rule19: diffClb > 0.119
probabilities_array:[0.00740874 0.07389204 0.20462148 0.28140974 0.4099282  0.
 0.02273978]

rule11: RollRate > 0.004
probabilities_array:[0.01014877 0.         0.25238356 0.3254315  0.15867716 0.
 0.25335908]

rule17: -0.118 < diffClb < 0.001
probabilities_array:[0.11494595 0.3649058  0.29234633 0.10643584 0.         0.
 0.12136602]

rule5: -29.751 < Altitude < -12.428
probabilities_array:[0.32798555 0.19124891 0.12329358 0.08798455 0.05065268 0.
 0.21883476]

rule23: diffDiffClb = 0.0
probabilities_array:[0.2953781  0.1290036  0.02003555 0.08886266 0.12859128 0.
 0.3381288 ]

rule10: 0.000 < RollRate < 0.004
probabilities_array:[0.3020876  0.04680708 0.02631905 0.08860708 0.10114027 0.
 0.43503895]


---4---
rule19: diffClb > 0.119
probabilities_array:[0.00740874 0.07389204 0.20462148 0.28140974 0.4099282  0.
 0.02273978]

rule3: climbRate > 3.003
probabilities_array:[0.00720187 0.02689452 0.2542003  0.32499444 0.3819885  0.00058632
 0.00413402]

rule18: 0.001 < diffClb < 0.119
probabilities_array:[1.3266967e-04 1.1146820e-01 3.3723268e-01 3.0014282e-01 2.0339723e-01
 0.0000000e+00 4.7626451e-02]

rule2: -0.291 < climbRate < 3.003
probabilities_array:[0.00355852 0.0794438  0.2958528  0.3288146  0.19562836 0.
 0.09670193]

rule11: RollRate > 0.004
probabilities_array:[0.01014877 0.         0.25238356 0.3254315  0.15867716 0.
 0.25335908]

rule23: diffDiffClb = 0.0
probabilities_array:[0.2953781  0.1290036  0.02003555 0.08886266 0.12859128 0.
 0.3381288 ]

rule10: 0.000 < RollRate < 0.004
probabilities_array:[0.3020876  0.04680708 0.02631905 0.08860708 0.10114027 0.
 0.43503895]

rule13: -0.009 < curRoll < 0.002
probabilities_array:[0.24502403 0.12083222 0.19444326 0.04942698 0.07179798 0.
 0.3184756 ]


---5---
