MSE: 2.7150588984399877e-06

Accuracy: 0.5078000636739892

F1: 0.39893341255506504

Confusion Matrix: [[732, 118, 46, 0, 1], [375, 170, 145, 0, 7], [98, 99, 567, 3, 67], [9, 15, 327, 1, 62], [5, 5, 164, 0, 125]]

Uncertainties: {'class0': [0.16019630432128906, 0.16717693209648132, 0.2427224963903427, 0.24382001161575317, 0.26130110025405884], 'class1': [0.02689606323838234, 0.07474923133850098, 0.10959790647029877, 0.16019630432128906, 0.16717693209648132], 'class2': [0.0018378747627139091, 0.02689606323838234, 0.07474923133850098, 0.10959790647029877, 0.16019630432128906], 'class3': [0.0018378747627139091, 0.02689606323838234, 0.07474923133850098, 0.10959790647029877, 0.3983607590198517], 'class4': [0.0018378747627139091, 0.02689606323838234, 0.07474923133850098, 0.10959790647029877, 0.3983607590198517], 'class5': []}

y_test: [0.001, -0.003, -0.002, 0.003, 0.001, 0.001, 0.002, 0.002, 0.001, -0.001, 0.001, 0.001, 0.001, -0.003, 0.001, 0.001, -0.003, 0.002, -0.001, -0.001, -0.001, -0.005, -0.001, -0.001, -0.001, 0.001, 0.001, 0.001, 0.001, 0.002, -0.005, -0.005, -0.002, -0.001, 0.001, -0.003, 0.001, 0.001, 0.003, -0.002, -0.006, 0.001, -0.004, -0.003, 0.003, 0.005, -0.001, 0.001, -0.001, -0.001, 0.003, -0.001, -0.001, -0.001, 0.001, -0.003, 0.003, 0.001, -0.001, -0.001, 0.002, -0.001, -0.001, -0.004, 0.001, 0.001, -0.004, 0.001, 0.002, 0.002, -0.003, -0.001, -0.001, -0.002, 0.004, 0.002, 0.001, -0.001, 0.005, 0.003, 0.001, 0.005, 0.001, 0.001, 0.001, -0.003, 0.006, -0.002, 0.001, -0.002, 0.001, 0.001, -0.006, 0.001, 0.002, -0.001, -0.002, 0.002, -0.001, -0.004, 0.003, -0.003, 0.001, 0.002, -0.001, -0.002, 0.001, -0.003, 0.002, -0.004, 0.001, 0.001, -0.001, 0.001, 0.001, -0.003, 0.002, -0.003, 0.004, 0.002, -0.002, -0.001, -0.003, -0.004, -0.002, -0.001, 0.002, 0.001, 0.002, -0.002, -0.003, 0.001, 0.001, -0.001, 0.002, 0.003, 0.001, -0.001, 0.002, -0.004, 0.001, 0.001, -0.003, -0.003, 0.001, 0.001, 0.001, -0.002, 0.001, -0.001, -0.002, -0.002, -0.001, -0.002, -0.002, -0.002, -0.003, 0.003, -0.001, -0.001, 0.001, -0.001, 0.001, -0.003, -0.002, 0.002, -0.003, -0.001, -0.003, 0.002, -0.001, 0.001, -0.003, -0.002, -0.001, -0.002, 0.001, 0.001, 0.001, -0.001, 0.002, -0.002, 0.001, 0.001, 0.001, -0.001, -0.001, -0.002, 0.004, 0.002, 0.001, -0.003, 0.001, -0.003, 0.001, 0.002, 0.001, 0.002, -0.001, -0.003, -0.001, -0.001, 0.001, 0.004, -0.005, 0.004, 0.002, -0.001, -0.003, -0.008, 0.001, 0.002, -0.001, 0.001, 0.002, -0.003, -0.002, 0.003, -0.001, 0.003, 0.001, -0.002, -0.002, -0.001, -0.006, 0.003, -0.001, -0.003, -0.001, 0.001, -0.003, 0.004, 0.003, -0.001, -0.002, 0.001, -0.002, -0.004, -0.003, -0.002, -0.007, -0.001, 0.001, 0.001, -0.002, -0.001, -0.001, -0.004, -0.001, -0.001, -0.003, -0.002, -0.001, 0.001, -0.005, -0.002, 0.003, 0.001, 0.001, -0.002, -0.001, -0.002, 0.001, 0.001, -0.001, -0.004, -0.003, -0.003, -0.002, 0.003, 0.001, -0.001, 0.001, -0.001, -0.001, 0.002, 0.001, -0.004, 0.001, -0.005, -0.001, -0.001, 0.003, -0.001, 0.002, -0.003, -0.004, -0.001, -0.003, 0.003, -0.001, -0.001, 0.001, 0.001, 0.001, 0.004, 0.002, 0.001, 0.001, 0.001, -0.001, -0.001, -0.003, 0.002, -0.002, 0.001, 0.001, 0.001, 0.001, -0.001, 0.001, 0.001, -0.001, -0.001, -0.002, -0.003, -0.003, 0.001, 0.002, -0.002, -0.001, -0.005, 0.002, -0.003, 0.002, 0.001, 0.001, -0.001, 0.002, 0.002, -0.002, -0.001, 0.004, -0.001, 0.001, 0.001, 0.002, -0.003, 0.002, -0.001, -0.004, -0.002, -0.002, 0.002, 0.003, 0.002, 0.002, -0.002, -0.002, 0.001, 0.002, -0.001, -0.001, 0.003, -0.003, 0.001, 0.001, -0.003, -0.001, -0.001, 0.001, 0.001, 0.002, 0.001, -0.001, -0.001, 0.003, -0.002, 0.001, -0.003, -0.001, 0.001, 0.001, -0.003, -0.003, 0.001, -0.002, 0.008, -0.001, 0.001, -0.004, -0.002, -0.001, 0.003, 0.002, -0.002, 0.003, -0.003, 0.001, -0.001, 0.002, 0.001, -0.002, -0.002, -0.004, -0.001, 0.001, -0.001, -0.002, -0.002, 0.001, -0.002, -0.001, 0.004, 0.001, -0.001, 0.001, -0.001, -0.002, 0.002, -0.003, -0.001, 0.003, -0.001, -0.001, -0.003, 0.002, -0.002, -0.001, -0.002, -0.005, -0.004, 0.001, -0.003, -0.002, -0.002, 0.002, 0.001, 0.003, -0.003, -0.001, 0.001, -0.003, -0.004, -0.003, -0.001, -0.002, -0.003, -0.001, -0.001, -0.001, 0.001, -0.003, 0.001, -0.002, -0.001, 0.001, 0.002, -0.003, -0.002, 0.001, 0.001, -0.001, 0.002, -0.001, -0.001, 0.001, -0.002, -0.001, 0.002, -0.006, 0.002, -0.001, 0.001, 0.001, -0.003, -0.002, 0.002, 0.002, 0.001, 0.004, 0.003, 0.001, -0.004, 0.002, -0.002, 0.001, 0.002, 0.002, -0.002, 0.003, -0.002, 0.001, 0.005, -0.002, 0.001, 0.002, 0.002, -0.001, 0.001, 0.001, -0.001, 0.001, 0.003, -0.002, 0.003, 0.004, 0.001, -0.001, -0.001, 0.002, -0.002, 0.001, 0.001, -0.001, -0.004, 0.002, -0.004, -0.002, 0.001, -0.001, 0.001, 0.001, 0.002, 0.004, -0.002, 0.002, -0.002, -0.002, -0.001, 0.001, 0.002, -0.006, 0.001, -0.001, 0.004, 0.004, -0.004, -0.002, 0.001, -0.001, 0.001, 0.002, -0.002, 0.001, -0.002, -0.001, 0.002, 0.002, -0.001, 0.001, 0.002, 0.004, -0.006, -0.002, -0.001, -0.001, 0.004, -0.003, 0.002, 0.002, 0.001, 0.004, 0.002, -0.003, -0.002, -0.002, 0.001, -0.001, 0.002, 0.003, 0.003, 0.003, 0.002, 0.001, 0.001, 0.007, -0.001, 0.001, -0.001, 0.001, -0.001, 0.001, -0.001, -0.001, 0.005, -0.004, 0.001, 0.002, -0.001, 0.003, -0.003, 0.003, 0.002, -0.003, 0.001, 0.003, -0.002, 0.001, 0.001, 0.003, -0.001, 0.001, -0.001, 0.001, -0.001, 0.001, 0.001, 0.001, -0.001, -0.001, -0.001, -0.001, -0.004, -0.003, -0.001, 0.002, 0.001, -0.002, 0.001, -0.003, 0.002, -0.002, 0.003, -0.002, 0.001, -0.002, -0.001, 0.001, 0.002, 0.001, 0.004, -0.002, -0.002, -0.001, -0.001, -0.002, 0.002, 0.001, 0.002, 0.001, 0.001, 0.001, 0.001, -0.002, 0.003, -0.002, -0.001, 0.005, -0.001, 0.001, 0.001, 0.001, 0.002, 0.001, 0.003, 0.001, -0.003, -0.001, -0.001, -0.001, -0.001, 0.003, -0.005, -0.002, -0.003, -0.002, -0.002, -0.001, 0.004, 0.003, -0.001, 0.001, 0.003, 0.003, 0.001, -0.008, -0.002, 0.004, -0.003, 0.001, -0.001, 0.001, -0.001, 0.004, 0.001, 0.002, 0.001, 0.001, -0.003, -0.004, -0.001, 0.004, -0.001, -0.003, -0.001, 0.002, -0.01, -0.003, 0.001, 0.001, 0.001, -0.003, 0.001, -0.001, -0.002, 0.001, 0.005, 0.001, -0.006, 0.005, 0.002, 0.001, 0.002, -0.001, 0.004, 0.001, 0.005, 0.001, 0.001, 0.007, 0.001, 0.001, -0.001, 0.008, 0.004, -0.003, 0.001, 0.002, 0.001, -0.003, 0.001, -0.002, 0.004, -0.002, 0.001, 0.003, -0.003, 0.004, -0.001, 0.001, -0.001, 0.001, -0.003, -0.003, 0.001, 0.002, 0.002, -0.001, -0.003, 0.001, -0.004, -0.001, 0.006, -0.004, -0.003, 0.002, 0.002, 0.004, -0.001, -0.005, 0.002, 0.001, -0.002, 0.004, -0.002, 0.001, 0.001, -0.002, 0.002, -0.002, 0.001, 0.004, -0.004, 0.001, 0.001, 0.002, 0.001, -0.001, -0.001, 0.001, 0.004, -0.007, 0.003, -0.001, -0.002, 0.001, 0.002, 0.001, 0.002, -0.001, -0.001, -0.001, 0.001, -0.002, -0.001, -0.002, -0.002, 0.001, 0.001, -0.001, -0.001, 0.001, -0.004, -0.002, -0.001, 0.005, -0.002, 0.001, -0.002, 0.001, 0.001, -0.001, 0.002, -0.001, -0.001, -0.003, 0.003, 0.001, 0.001, -0.001, -0.001, 0.002, -0.002, -0.003, 0.002, 0.001, -0.002, 0.002, -0.002, 0.001, -0.001, 0.001, 0.001, -0.002, 0.004, -0.002, -0.004, -0.001, 0.001, 0.001, -0.002, 0.001, -0.003, 0.001, 0.003, -0.001, -0.002, -0.003, -0.002, 0.001, -0.003, 0.001, -0.001, -0.001, -0.001, 0.001, 0.002, -0.001, 0.002, -0.002, -0.002, -0.001, 0.001, -0.005, 0.003, -0.001, -0.006, 0.002, 0.006, -0.001, 0.002, -0.005, -0.002, 0.001, -0.001, 0.001, -0.001, 0.001, 0.001, 0.002, 0.001, -0.002, 0.002, -0.001, -0.002, -0.006, -0.003, -0.001, -0.002, 0.001, 0.002, -0.001, -0.004, -0.002, 0.002, 0.002, 0.001, -0.002, 0.002, -0.003, -0.004, 0.003, -0.003, -0.001, 0.001, 0.002, 0.001, 0.003, 0.001, -0.003, 0.001, 0.001, 0.001, 0.001, -0.002, -0.004, 0.001, -0.004, 0.001, 0.001, -0.002, 0.001, 0.003, 0.001, 0.001, 0.001, 0.001, -0.001, -0.002, 0.001, -0.001, -0.001, -0.003, -0.001, 0.004, -0.001, -0.002, -0.004, -0.002, -0.002, -0.003, 0.002, -0.002, -0.002, 0.001, -0.002, -0.001, 0.001, -0.002, 0.001, 0.001, -0.002, -0.001, 0.001, 0.002, -0.002, 0.001, 0.001, -0.001, -0.001, -0.003, -0.002, -0.003, -0.001, -0.002, 0.001, 0.001, 0.001, 0.001, -0.005, -0.002, -0.002, 0.002, -0.003, 0.002, 0.001, -0.001, 0.002, -0.001, -0.003, 0.002, -0.002, 0.002, 0.003, 0.002, 0.002, -0.003, -0.004, 0.001, 0.002, -0.002, -0.001, 0.001, -0.005, -0.002, -0.001, -0.001, -0.005, 0.002, 0.001, -0.003, -0.001, -0.002, 0.001, -0.001, 0.002, 0.002, -0.001, -0.004, 0.001, 0.001, -0.001, 0.002, 0.001, -0.002, -0.001, 0.003, 0.001, 0.001, 0.002, -0.004, -0.002, -0.001, 0.001, -0.003, 0.001, 0.001, 0.002, -0.003, -0.002, 0.001, 0.001, -0.006, -0.001, 0.002, 0.001, 0.001, -0.003, -0.001, 0.003, -0.003, -0.005, 0.001, -0.005, 0.003, -0.001, -0.001, -0.002, 0.003, 0.001, 0.002, 0.003, -0.001, 0.001, 0.002, -0.001, -0.001, -0.001, -0.003, -0.001, 0.004, -0.001, -0.003, 0.003, 0.002, 0.002, -0.001, -0.001, -0.003, -0.001, 0.001, -0.004, -0.005, -0.003, -0.001, -0.001, -0.001, 0.002, -0.005, -0.002, 0.003, -0.001, 0.002, -0.004, 0.001, 0.005, 0.001, 0.001, 0.001, -0.002, -0.001, 0.001, -0.002, 0.001, -0.003, 0.008, -0.003, -0.001, 0.001, -0.002, -0.003, -0.001, 0.002, -0.003, -0.002, 0.001, -0.002, 0.001, -0.001, -0.003, 0.001, -0.002, -0.002, 0.002, 0.001, -0.001, -0.003, -0.001, 0.001, -0.001, 0.003, 0.001, 0.001, 0.002, 0.001, -0.003, -0.003, -0.001, 0.001, -0.001, -0.004, -0.001, 0.002, 0.002, 0.003, 0.004, -0.002, 0.001, -0.004, -0.004, -0.003, 0.002, 0.001, -0.002, 0.002, -0.002, 0.001, -0.001, 0.001, 0.001, -0.001, -0.002, 0.001, 0.001, -0.004, 0.002, 0.001, 0.003, 0.002, -0.001, 0.002, -0.002, 0.002, 0.001, -0.001, 0.001, 0.001, 0.001, 0.002, -0.003, -0.002, -0.001, 0.001, 0.001, -0.004, -0.002, 0.001, -0.001, -0.004, -0.003, 0.001, -0.001, -0.002, -0.002, 0.001, 0.004, 0.003, 0.002, 0.001, 0.001, 0.003, 0.001, -0.001, 0.002, -0.001, -0.001, 0.001, -0.002, -0.003, -0.002, -0.001, -0.001, -0.001, -0.001, 0.001, 0.001, 0.004, -0.001, 0.001, 0.001, 0.002, 0.006, 0.003, 0.006, 0.001, 0.002, -0.001, -0.002, -0.004, -0.002, -0.004, 0.001, 0.001, -0.001, -0.001, -0.003, -0.002, 0.001, -0.004, -0.002, -0.001, -0.003, 0.001, 0.001, 0.005, -0.001, 0.003, -0.001, -0.002, -0.001, -0.002, -0.002, 0.002, 0.002, 0.002, 0.004, 0.002, -0.002, 0.001, 0.001, 0.001, 0.001, 0.001, 0.006, -0.003, 0.001, -0.003, 0.002, 0.001, 0.001, -0.001, -0.001, -0.002, -0.002, -0.002, 0.003, -0.002, -0.002, -0.001, 0.001, 0.002, -0.006, 0.001, -0.003, 0.001, 0.001, -0.001, -0.002, 0.002, -0.002, 0.002, 0.001, -0.004, 0.002, 0.002, -0.001, -0.004, -0.001, 0.004, 0.001, 0.001, -0.001, -0.002, 0.001, 0.001, 0.002, -0.001, -0.002, -0.001, 0.002, 0.003, -0.001, -0.005, -0.004, -0.001, -0.003, -0.002, -0.002, -0.002, 0.001, 0.001, 0.005, 0.001, -0.001, 0.001, -0.004, -0.002, 0.004, 0.002, -0.005, 0.001, -0.001, 0.002, -0.002, -0.002, 0.001, 0.002, -0.002, 0.001, -0.004, 0.002, -0.001, 0.003, 0.001, -0.001, 0.002, -0.002, -0.003, -0.001, 0.002, -0.001, -0.003, 0.002, 0.001, -0.003, 0.001, 0.002, -0.002, -0.003, -0.003, 0.002, 0.002, -0.001, -0.003, 0.001, 0.001, 0.001, 0.001, 0.001, 0.001, -0.001, 0.003, -0.003, 0.001, -0.001, 0.001, -0.001, 0.003, 0.001, -0.003, 0.004, 0.002, -0.002, 0.003, 0.002, -0.001, 0.006, -0.001, 0.002, -0.002, 0.002, 0.001, -0.001, 0.001, -0.001, -0.004, -0.005, 0.001, 0.003, -0.004, 0.002, -0.001, -0.002, -0.001, -0.001, 0.003, 0.001, 0.001, -0.005, 0.001, -0.002, 0.001, 0.001, -0.003, -0.002, -0.001, 0.001, -0.001, 0.003, 0.001, 0.003, 0.001, 0.001, 0.001, 0.002, 0.001, -0.002, -0.001, -0.001, -0.001, -0.002, -0.002, 0.001, 0.001, -0.003, 0.002, 0.001, -0.005, -0.005, 0.001, -0.001, -0.001, 0.001, 0.006, -0.001, 0.003, 0.004, 0.002, -0.001, -0.001, -0.001, 0.001, 0.002, -0.002, -0.003, 0.004, 0.001, -0.004, -0.001, -0.001, -0.004, 0.003, -0.002, -0.001, -0.004, 0.001, -0.005, 0.001, 0.002, 0.001, -0.002, -0.001, 0.002, -0.002, 0.001, -0.001, -0.004, -0.001, 0.001, -0.002, -0.003, 0.001, -0.002, -0.001, -0.006, -0.001, -0.004, -0.001, 0.001, -0.001, -0.003, -0.001, -0.009, 0.001, 0.001, 0.002, 0.002, 0.001, -0.001, 0.001, -0.002, -0.001, 0.002, -0.001, -0.001, -0.002, -0.001, -0.002, -0.004, -0.001, -0.002, -0.004, 0.004, -0.003, -0.006, 0.002, 0.002, -0.002, -0.005, -0.003, -0.003, -0.001, -0.003, -0.002, 0.001, 0.001, 0.001, 0.001, -0.001, 0.001, -0.001, -0.001, -0.003, 0.001, -0.001, -0.003, 0.002, 0.001, -0.002, 0.001, 0.001, -0.001, -0.008, 0.004, -0.001, 0.001, 0.002, -0.001, 0.003, -0.001, 0.001, 0.003, -0.001, -0.002, -0.003, -0.001, -0.003, -0.001, -0.001, -0.001, -0.001, -0.005, -0.001, -0.001, -0.001, 0.001, 0.001, 0.001, -0.003, 0.004, -0.005, 0.002, -0.002, -0.004, -0.003, -0.003, 0.001, -0.001, 0.001, 0.001, -0.001, 0.002, 0.001, -0.001, -0.001, -0.001, -0.002, 0.001, -0.001, 0.002, 0.002, 0.001, -0.001, 0.002, 0.001, 0.001, -0.001, -0.001, 0.002, 0.002, -0.002, -0.001, 0.002, -0.001, -0.001, -0.002, 0.002, -0.001, 0.001, -0.003, -0.002, 0.002, 0.002, -0.001, -0.001, 0.001, 0.001, -0.002, 0.003, 0.002, 0.003, 0.002, -0.002, -0.001, -0.002, 0.001, 0.001, -0.004, -0.003, 0.001, -0.001, 0.002, 0.001, -0.001, -0.001, 0.001, -0.004, 0.001, -0.002, -0.002, -0.004, -0.001, -0.002, 0.002, 0.001, 0.001, 0.001, -0.003, -0.001, 0.002, -0.001, 0.002, 0.001, 0.001, -0.001, 0.001, 0.003, 0.001, 0.001, 0.004, -0.001, 0.002, 0.002, -0.002, -0.002, 0.003, 0.001, -0.001, 0.001, 0.001, -0.001, 0.002, 0.003, 0.001, 0.001, 0.001, -0.003, -0.002, 0.001, 0.001, -0.001, 0.001, 0.002, -0.003, 0.003, -0.002, 0.002, 0.001, 0.001, -0.001, 0.002, 0.002, 0.003, -0.001, 0.001, -0.001, 0.001, -0.001, 0.001, -0.005, 0.001, -0.002, 0.002, 0.002, 0.002, -0.001, 0.001, -0.001, -0.001, -0.001, 0.001, -0.003, -0.001, 0.001, 0.001, -0.001, 0.001, -0.001, 0.001, -0.002, -0.003, 0.001, -0.001, 0.001, 0.001, 0.001, 0.001, -0.001, 0.001, 0.001, 0.003, 0.001, 0.001, 0.001, -0.005, 0.001, -0.005, -0.001, 0.001, 0.003, 0.002, 0.002, -0.002, 0.002, 0.001, 0.001, -0.001, -0.002, -0.001, -0.003, 0.001, -0.001, 0.002, -0.003, 0.002, -0.002, 0.001, -0.002, 0.001, -0.002, -0.002, 0.001, 0.004, 0.001, 0.003, -0.001, -0.001, 0.002, -0.002, -0.004, 0.006, 0.005, -0.001, -0.002, 0.003, 0.001, -0.005, 0.002, -0.001, -0.002, -0.003, -0.003, 0.002, -0.001, -0.001, -0.001, -0.003, -0.002, -0.002, -0.003, -0.003, -0.005, 0.001, -0.002, 0.005, -0.001, 0.001, 0.001, -0.001, 0.001, 0.002, 0.002, -0.003, -0.001, 0.003, -0.001, -0.003, 0.002, -0.002, -0.004, -0.001, 0.002, 0.001, -0.003, -0.001, -0.001, 0.002, -0.001, 0.002, 0.003, -0.001, 0.001, 0.001, -0.001, -0.001, 0.005, 0.003, -0.004, 0.002, 0.001, 0.002, -0.001, -0.002, -0.001, -0.001, 0.003, -0.003, -0.001, -0.002, 0.002, -0.001, -0.004, 0.004, -0.003, 0.001, -0.004, 0.001, -0.002, 0.001, -0.005, -0.002, -0.001, -0.006, 0.005, -0.001, 0.001, 0.001, 0.002, 0.001, -0.001, -0.001, 0.001, -0.003, 0.001, 0.001, 0.001, 0.001, -0.002, -0.002, 0.001, 0.004, -0.001, -0.001, 0.004, 0.005, -0.002, 0.002, 0.002, 0.003, -0.001, 0.004, -0.002, 0.003, 0.001, 0.002, 0.001, -0.002, -0.001, -0.001, 0.005, -0.001, 0.001, 0.003, -0.003, -0.001, 0.002, -0.004, 0.001, -0.001, -0.002, 0.002, 0.001, -0.002, 0.002, 0.001, -0.001, 0.001, -0.009, -0.001, 0.001, 0.001, 0.003, -0.004, 0.001, -0.001, -0.001, -0.002, -0.003, -0.002, 0.002, -0.001, 0.001, 0.001, 0.001, 0.002, 0.001, 0.005, 0.001, 0.001, -0.003, 0.001, 0.001, 0.001, -0.001, 0.004, -0.001, 0.002, -0.004, 0.001, -0.002, 0.001, 0.001, 0.001, 0.001, -0.002, 0.001, 0.001, -0.001, 0.003, 0.001, -0.007, 0.001, -0.004, 0.002, 0.002, 0.001, -0.001, 0.001, 0.002, -0.002, 0.001, -0.003, 0.001, -0.001, -0.003, 0.002, -0.001, -0.002, -0.003, 0.001, -0.001, -0.001, 0.002, 0.001, 0.005, -0.002, 0.001, -0.001, -0.001, -0.001, 0.001, 0.004, -0.001, -0.002, -0.003, 0.001, 0.001, -0.004, -0.001, -0.008, 0.002, 0.001, 0.005, 0.001, 0.002, -0.002, -0.001, 0.005, 0.001, 0.002, 0.001, 0.002, -0.005, -0.002, 0.001, 0.001, 0.001, 0.002, 0.002, 0.001, 0.001, 0.001, 0.002, -0.005, -0.002, 0.001, -0.002, -0.001, -0.001, -0.002, -0.002, 0.001, -0.002, -0.001, -0.001, 0.002, -0.001, -0.002, 0.007, 0.001, 0.001, 0.001, 0.002, -0.001, -0.002, -0.001, -0.003, -0.002, -0.003, -0.001, 0.001, -0.002, -0.001, -0.001, -0.001, 0.002, -0.003, -0.001, -0.001, 0.002, 0.001, -0.001, -0.001, 0.003, 0.001, -0.003, -0.003, -0.002, 0.001, -0.002, 0.003, 0.001, -0.004, 0.002, 0.001, -0.002, -0.005, 0.002, 0.001, -0.002, -0.003, 0.002, 0.005, -0.003, -0.002, 0.001, -0.001, 0.001, -0.009, 0.003, 0.001, 0.002, -0.003, -0.007, 0.002, -0.001, -0.001, -0.003, 0.002, 0.002, -0.001, -0.001, 0.001, 0.002, 0.001, -0.003, -0.002, -0.003, -0.001, -0.001, -0.003, 0.002, -0.001, 0.006, 0.001, -0.001, -0.001, -0.003, 0.002, -0.001, -0.001, 0.002, -0.001, 0.001, 0.002, 0.002, 0.002, -0.001, -0.001, -0.002, -0.002, 0.001, -0.002, -0.003, -0.003, 0.002, 0.001, -0.007, 0.001, 0.001, 0.004, 0.001, 0.003, -0.002, 0.001, -0.001, 0.001, 0.001, 0.001, 0.004, -0.001, 0.003, 0.001, -0.003, -0.001, 0.002, -0.003, -0.002, -0.004, -0.002, -0.001, 0.006, 0.005, -0.001, 0.001, 0.001, 0.001, 0.001, 0.002, 0.002, -0.001, -0.004, -0.001, -0.001, -0.002, 0.003, 0.004, -0.001, 0.001, -0.001, -0.005, 0.001, 0.001, 0.001, 0.004, -0.002, -0.001, 0.001, -0.001, 0.003, -0.001, -0.001, 0.003, -0.003, 0.001, -0.002, -0.002, 0.001, -0.005, 0.002, 0.001, -0.001, -0.001, -0.001, 0.001, -0.002, 0.001, -0.001, -0.004, -0.003, -0.001, -0.005, -0.001, 0.002, 0.001, 0.001, 0.003, 0.002, -0.006, -0.001, 0.003, -0.006, 0.008, -0.001, 0.001, -0.002, -0.001, 0.001, 0.002, 0.001, -0.001, -0.001, -0.001, 0.002, -0.001, -0.002, 0.002, 0.002, -0.001, 0.002, 0.001, -0.001, 0.001, 0.001, 0.002, -0.002, 0.001, -0.003, -0.002, 0.002, 0.001, -0.001, 0.001, -0.001, -0.002, 0.003, -0.002, 0.001, 0.001, 0.001, 0.001, -0.004, 0.001, -0.002, -0.001, -0.001, -0.001, -0.002, 0.003, -0.001, 0.002, 0.001, 0.001, -0.001, -0.001, 0.002, -0.002, -0.002, -0.004, 0.001, -0.001, 0.002, 0.001, 0.007, -0.003, 0.002, 0.002, 0.001, 0.001, -0.008, 0.003, 0.001, -0.001, 0.001, 0.001, 0.002, -0.001, 0.002, -0.003, -0.014, -0.001, 0.001, -0.003, 0.002, 0.001, 0.004, 0.001, -0.002, -0.001, 0.003, -0.002, -0.001, 0.001, 0.001, -0.002, 0.002, 0.001, -0.002, -0.001, -0.002, -0.001, 0.001, -0.001, 0.003, -0.002, -0.001, -0.001, -0.001, -0.001, -0.001, 0.001, 0.001, 0.001, 0.002, 0.001, 0.001, 0.002, 0.002, -0.001, 0.003, 0.001, 0.001, 0.002, 0.001, -0.002, -0.003, -0.001, 0.003, 0.002, 0.002, -0.002, -0.004, 0.001, -0.001, -0.002, -0.002, -0.001, 0.003, -0.001, 0.002, -0.002, -0.002, -0.001, -0.001, -0.006, -0.002, -0.003, -0.002, -0.003, 0.003, 0.002, 0.001, -0.001, -0.001, -0.001, 0.001, -0.002, 0.001, 0.002, 0.002, -0.004, -0.001, 0.001, 0.003, -0.001, -0.002, 0.001, -0.001, 0.001, -0.003, -0.002, 0.001, 0.001, -0.005, 0.002, -0.002, 0.001, -0.001, 0.001, -0.001, -0.002, 0.002, 0.001, 0.004, 0.002, -0.001, 0.001, 0.001, 0.001, 0.001, -0.002, -0.002, -0.001, 0.002, -0.003, -0.003, 0.001, -0.002, -0.002, -0.002, -0.003, 0.003, 0.001, -0.003, 0.002, -0.003, -0.005, 0.001, -0.001, 0.003, -0.002, 0.002, -0.002, 0.001, 0.001, 0.003, 0.001, -0.003, -0.001, 0.001, 0.002, 0.001, 0.004, -0.002, 0.001, -0.001, -0.001, -0.001, 0.001, 0.003, -0.001, -0.001, 0.001, -0.005, 0.002, 0.001, 0.001, -0.002, -0.001, -0.003, 0.001, 0.001, 0.003, 0.001, -0.002, 0.002, -0.001, 0.001, 0.005, -0.001, -0.006, 0.003, 0.001, -0.003, 0.001, 0.003, -0.001, 0.002, 0.001, 0.001, 0.003, -0.001, -0.002, -0.001, 0.001, 0.002, 0.001, -0.001, 0.004, -0.002, 0.003, 0.001, 0.001, -0.003, 0.002, -0.003, -0.002, -0.003, 0.002, 0.001, -0.001, 0.003, 0.001, 0.004, 0.001, -0.002, 0.002, 0.002, 0.001, 0.003, 0.002, -0.001, -0.003, -0.002, -0.001, -0.001, -0.002, 0.004, 0.001, -0.001, 0.001, 0.002, -0.001, 0.001, 0.001, -0.001, -0.001, 0.001, 0.001, 0.001, -0.003, 0.003, 0.001, -0.003, -0.006, -0.002, 0.001, -0.001, -0.001, 0.001, -0.004, -0.002, -0.001, -0.003, 0.002, 0.012, 0.004, -0.001, 0.001, -0.003, 0.001, 0.001, -0.002, 0.001, -0.001, -0.002, 0.002, -0.002, -0.001, -0.003, -0.004, -0.002, 0.001, -0.003, 0.001, 0.002, 0.001, -0.002, -0.004, 0.001, 0.002, -0.001, 0.002, -0.002, 0.002, 0.001, -0.004, 0.004, -0.003, -0.001, 0.001, -0.002, 0.001, -0.002, -0.003, -0.003, -0.002, -0.003, -0.003, 0.004, -0.001, 0.001, -0.001, -0.002, -0.001, 0.002, -0.002, 0.001, 0.001, -0.004, -0.004, -0.005, 0.001, 0.003, -0.001, -0.002, -0.001, -0.002, -0.001, -0.001, 0.001, -0.002, 0.002, -0.001, 0.003, -0.002, 0.005, 0.002, 0.002, -0.001, 0.001, -0.001, -0.001, 0.001, -0.001, -0.001, -0.003, 0.001, -0.001, 0.001, -0.001, -0.001, 0.002, -0.001, -0.001, 0.001, 0.001, 0.001, -0.001, -0.001, -0.001, -0.001, -0.001, 0.001, -0.001, 0.002, -0.001, 0.002, 0.001, 0.002, -0.001, -0.002, 0.001, -0.003, 0.002, 0.004, 0.001, -0.001, 0.001, 0.001, 0.001, -0.001, 0.001, -0.005, -0.003, 0.001, -0.001, -0.002, 0.001, -0.002, -0.001, 0.002, 0.004, -0.002, -0.001, 0.001, 0.002, 0.001, -0.001, 0.001, -0.002, -0.001, -0.002, -0.002, -0.002, 0.005, -0.003, 0.001, 0.001, 0.001, 0.001, 0.003, 0.002, 0.003, -0.001, 0.002, 0.001, -0.002, 0.001, -0.001, 0.001, -0.001, 0.002, -0.001, -0.002, -0.001, 0.001, 0.004, 0.001, 0.001, -0.001, -0.001, -0.001, 0.002, -0.005, 0.006, -0.006, -0.002, -0.001, -0.001, -0.002, -0.001, -0.001, -0.001, 0.002, 0.001, 0.001, -0.003, 0.002, -0.001, 0.002, 0.002, 0.001, 0.002, -0.002, 0.001, 0.001, 0.001, 0.001, 0.006, -0.001, -0.002, 0.002, -0.003, 0.001, -0.001, -0.004, -0.002, -0.003, 0.002, -0.001, 0.001, 0.003, 0.002, 0.004, 0.001, -0.002, 0.002, 0.003, 0.002, -0.004, 0.001, 0.001, 0.003, -0.003, 0.002, 0.001, 0.002, -0.002, 0.005, -0.002, -0.002, -0.001, 0.001, 0.001, 0.001, 0.001, -0.001, -0.004, -0.001, 0.003, -0.003, 0.001, -0.002, 0.004, -0.002, -0.001, -0.002, 0.002, 0.001, 0.001, -0.002, 0.002, -0.003, 0.001, 0.003, -0.001, -0.001, 0.004, 0.004, -0.001, -0.002, -0.001, -0.001, -0.002, -0.001, 0.002, 0.001, -0.002, -0.001, 0.001, 0.001, -0.003, -0.004, -0.002, 0.002, -0.004, -0.003, -0.009, 0.002, -0.003, -0.001, -0.003, -0.006, 0.001, -0.003, 0.002, 0.002, -0.001, -0.001, -0.002, -0.002, -0.002, 0.002, 0.001, -0.001, 0.001, 0.001, 0.002, -0.004, 0.006, -0.003, 0.002, 0.002, -0.002, -0.002, -0.004, 0.004, -0.001, -0.001, -0.001, 0.001, 0.001, -0.007, 0.003, 0.005, -0.002, -0.004, 0.001, -0.002, -0.003, 0.001, 0.002, -0.001, -0.001, 0.002, 0.002, -0.002, -0.001, 0.002, -0.001, 0.002, 0.001, 0.002, -0.005, 0.003, -0.001, -0.003, 0.002, -0.004, -0.001, 0.003, 0.002, -0.002, 0.002, -0.002, 0.005, -0.002, 0.001, 0.001, -0.001, -0.001, -0.002, 0.003, 0.001, 0.001, 0.001, -0.001, 0.002, -0.001, -0.001, -0.001, -0.005, 0.003, 0.004, -0.001, -0.003, 0.001, 0.001, -0.001, 0.002, -0.001, -0.002, -0.001, 0.003, 0.002, -0.003, 0.001, 0.001, -0.003, 0.001, 0.002, -0.002, -0.001, -0.001, 0.002, -0.003, -0.001, 0.002, 0.001, -0.001, 0.003, 0.004, 0.001, -0.001, 0.002, 0.001, -0.003, -0.001, -0.001, 0.003, -0.001, 0.003, 0.001, -0.003, -0.001, 0.001, -0.002, 0.001, -0.001, 0.002, 0.002, -0.001, -0.001, -0.001, 0.001, 0.001, -0.002, -0.001, -0.004, -0.001, 0.001, -0.006, -0.002, 0.001, 0.002, -0.003, 0.003, -0.002, -0.002, -0.001, -0.003, -0.003, -0.003, 0.001, 0.001, -0.002, 0.001, 0.001, -0.001, 0.002, 0.002, -0.002, -0.001, 0.001, -0.002, 0.001, 0.002, 0.002, -0.002, -0.001, -0.002, 0.002, 0.002, 0.003, 0.001, -0.002, 0.001, -0.003, -0.004, -0.001, 0.005, -0.003, 0.001, -0.001, -0.001, 0.002, -0.002, -0.002, -0.002, -0.003, -0.002, 0.001, -0.003, -0.001, 0.001, -0.005, -0.004, -0.003, 0.001, -0.001, 0.002, 0.002, -0.003, 0.001, -0.002, -0.008, 0.001, 0.004, 0.001, 0.001, -0.001, -0.001, -0.002, -0.004, 0.003, -0.002, 0.003, 0.001, 0.001, -0.001, -0.001, -0.001, 0.001, -0.001, -0.001, -0.001, -0.001, 0.001, 0.002, -0.003, 0.002, -0.002, 0.002, -0.002, -0.002, 0.002, 0.001, -0.005, -0.001, -0.001, 0.001, -0.003, 0.001, 0.002, -0.002, -0.002, -0.001, -0.002, -0.006, 0.005, 0.002, 0.001, 0.002, 0.001, 0.001, -0.002, 0.003, 0.002, -0.002, 0.001, -0.002, 0.002, -0.001, 0.003, -0.006, 0.004, -0.003, -0.002, 0.001, 0.007, -0.004, -0.001, 0.001, 0.004, 0.003, -0.003, -0.001, 0.001, 0.005, -0.005, -0.001, -0.001, -0.001, 0.001, 0.001, -0.001, -0.002, 0.002, -0.002, 0.001, -0.003, 0.001, -0.003, -0.003, 0.001, -0.001, 0.001, -0.001, 0.003, 0.001, -0.002, -0.002, -0.003, 0.001, 0.002, 0.001, -0.002, -0.002, 0.002, -0.006, -0.006, 0.004, 0.001, -0.001, 0.001, -0.001, 0.005, 0.001, 0.003, 0.001, 0.002, 0.001, -0.001, -0.003, 0.002, -0.002, -0.005, -0.001, -0.001, 0.002, 0.002, -0.001, 0.01, 0.002, -0.002, -0.001, -0.004, -0.002, 0.003, 0.001, -0.001, -0.006, 0.002, 0.002, 0.001, 0.001, -0.005, -0.002, -0.004]

buck_pred: [0, 0, 0, 2, 2, 2, 2, 2, 2, 1, 2, 2, 2, 0, 2, 2, 0, 2, 0, 0, 1, 0, 2, 0, 2, 4, 2, 2, 0, 2, 0, 0, 1, 0, 2, 0, 2, 2, 2, 0, 0, 2, 0, 1, 2, 2, 0, 2, 2, 0, 2, 1, 2, 1, 2, 0, 2, 2, 1, 1, 2, 1, 2, 0, 4, 2, 0, 2, 2, 4, 0, 2, 0, 0, 1, 2, 2, 0, 4, 2, 2, 2, 2, 2, 2, 1, 4, 0, 2, 0, 2, 1, 0, 1, 2, 0, 0, 2, 0, 0, 2, 0, 4, 2, 0, 2, 2, 0, 2, 0, 2, 4, 1, 2, 4, 1, 2, 0, 4, 2, 2, 0, 0, 0, 0, 1, 2, 1, 2, 0, 0, 2, 1, 0, 2, 4, 2, 2, 2, 0, 2, 1, 0, 0, 0, 1, 2, 0, 2, 0, 0, 0, 0, 0, 1, 2, 0, 4, 1, 0, 2, 0, 2, 1, 0, 2, 1, 1, 0, 2, 0, 2, 0, 0, 1, 1, 2, 0, 2, 0, 2, 0, 2, 2, 2, 0, 0, 0, 2, 4, 2, 0, 2, 0, 0, 4, 2, 2, 0, 0, 0, 0, 2, 2, 0, 2, 0, 0, 1, 0, 1, 2, 2, 2, 2, 0, 0, 2, 0, 2, 2, 0, 0, 1, 1, 2, 1, 1, 2, 0, 0, 2, 4, 0, 0, 1, 0, 0, 0, 1, 0, 2, 2, 2, 0, 0, 2, 0, 0, 0, 0, 0, 0, 2, 0, 2, 2, 2, 4, 0, 0, 1, 2, 2, 1, 0, 0, 0, 1, 2, 2, 2, 1, 1, 0, 2, 2, 0, 4, 0, 1, 0, 4, 0, 4, 0, 0, 2, 0, 2, 0, 2, 4, 2, 2, 2, 4, 2, 2, 2, 0, 2, 0, 2, 0, 2, 2, 2, 2, 1, 2, 2, 2, 2, 2, 0, 1, 0, 1, 1, 1, 1, 2, 0, 2, 2, 2, 0, 4, 2, 0, 1, 2, 1, 2, 2, 0, 0, 2, 0, 0, 0, 1, 2, 2, 2, 2, 1, 0, 1, 2, 0, 0, 4, 0, 2, 4, 0, 2, 0, 1, 2, 2, 1, 2, 0, 4, 0, 2, 0, 0, 2, 2, 0, 0, 2, 0, 4, 0, 1, 0, 0, 1, 2, 4, 0, 4, 1, 1, 0, 2, 2, 0, 0, 0, 0, 2, 0, 0, 0, 2, 0, 0, 2, 0, 2, 2, 0, 0, 2, 0, 0, 2, 2, 0, 0, 2, 0, 0, 0, 0, 1, 2, 0, 0, 0, 4, 2, 2, 0, 2, 1, 0, 2, 0, 0, 1, 2, 0, 0, 1, 2, 2, 0, 0, 1, 2, 2, 0, 0, 2, 4, 2, 2, 0, 0, 2, 0, 0, 2, 0, 2, 0, 2, 4, 0, 0, 2, 2, 2, 2, 2, 4, 0, 2, 0, 1, 2, 2, 0, 4, 0, 0, 4, 0, 2, 2, 2, 1, 2, 2, 0, 0, 4, 0, 2, 2, 0, 0, 2, 2, 0, 0, 2, 0, 0, 2, 0, 0, 4, 2, 2, 1, 4, 2, 0, 1, 0, 0, 0, 0, 2, 0, 2, 0, 2, 4, 0, 0, 0, 1, 1, 4, 0, 2, 1, 1, 2, 4, 1, 0, 2, 4, 0, 0, 1, 1, 2, 1, 2, 2, 1, 4, 2, 0, 1, 0, 2, 0, 4, 2, 2, 2, 2, 4, 2, 4, 2, 2, 0, 2, 2, 0, 1, 0, 4, 0, 2, 2, 0, 2, 0, 2, 4, 0, 2, 2, 0, 2, 2, 2, 0, 2, 1, 2, 1, 1, 2, 2, 0, 2, 1, 0, 0, 1, 0, 2, 4, 0, 1, 0, 2, 0, 2, 0, 2, 0, 1, 0, 2, 2, 4, 1, 0, 2, 0, 0, 2, 2, 2, 1, 0, 2, 2, 0, 2, 0, 0, 2, 0, 0, 0, 4, 2, 2, 4, 2, 0, 2, 1, 0, 0, 2, 1, 0, 0, 0, 0, 0, 2, 2, 0, 2, 0, 2, 2, 0, 0, 4, 0, 0, 1, 2, 2, 2, 2, 2, 2, 1, 0, 0, 1, 1, 1, 0, 0, 2, 0, 0, 2, 2, 0, 0, 2, 0, 0, 0, 4, 2, 0, 4, 4, 2, 2, 0, 4, 2, 2, 2, 2, 4, 0, 2, 1, 4, 2, 0, 2, 2, 0, 0, 2, 2, 2, 0, 2, 4, 0, 4, 0, 0, 0, 1, 0, 0, 2, 2, 4, 2, 0, 2, 0, 0, 4, 0, 0, 2, 2, 4, 0, 0, 4, 2, 0, 4, 2, 2, 1, 0, 2, 0, 2, 2, 0, 0, 2, 2, 2, 0, 2, 2, 2, 0, 4, 0, 0, 1, 2, 2, 2, 1, 0, 0, 2, 0, 2, 0, 0, 2, 2, 0, 0, 2, 0, 1, 0, 2, 0, 4, 0, 2, 2, 4, 2, 2, 0, 0, 4, 2, 2, 0, 2, 2, 0, 1, 2, 2, 0, 2, 0, 2, 0, 1, 3, 1, 2, 0, 0, 1, 0, 2, 0, 2, 0, 2, 2, 0, 1, 0, 0, 2, 0, 0, 0, 0, 2, 2, 2, 1, 2, 2, 0, 0, 2, 0, 2, 1, 0, 4, 4, 2, 1, 0, 0, 2, 1, 2, 2, 2, 0, 2, 2, 0, 2, 1, 0, 0, 0, 1, 0, 2, 2, 1, 0, 0, 4, 2, 2, 1, 1, 0, 0, 2, 0, 0, 2, 2, 2, 4, 2, 0, 2, 2, 2, 4, 0, 0, 2, 0, 0, 2, 0, 1, 4, 2, 2, 1, 2, 0, 1, 4, 0, 0, 1, 1, 2, 2, 1, 0, 0, 1, 0, 2, 0, 0, 1, 1, 0, 4, 1, 2, 2, 0, 0, 0, 2, 0, 2, 0, 0, 2, 0, 0, 0, 2, 1, 2, 2, 2, 2, 0, 0, 0, 2, 0, 4, 2, 0, 2, 1, 1, 2, 0, 2, 2, 2, 2, 0, 0, 2, 2, 0, 2, 2, 1, 1, 1, 0, 0, 2, 2, 0, 0, 0, 2, 0, 2, 2, 0, 0, 2, 4, 1, 0, 2, 0, 0, 2, 2, 2, 1, 0, 0, 1, 2, 0, 2, 4, 2, 1, 1, 2, 1, 0, 0, 2, 2, 2, 0, 0, 2, 1, 0, 1, 0, 4, 0, 0, 0, 4, 4, 2, 2, 0, 0, 4, 2, 0, 1, 2, 1, 4, 0, 0, 2, 2, 2, 0, 1, 1, 1, 4, 0, 0, 0, 1, 1, 0, 2, 0, 2, 2, 0, 2, 0, 2, 2, 2, 2, 2, 0, 0, 2, 0, 2, 1, 4, 0, 0, 0, 0, 0, 1, 2, 1, 0, 2, 0, 1, 1, 0, 2, 0, 0, 2, 0, 1, 0, 2, 0, 0, 4, 2, 2, 4, 2, 0, 2, 1, 2, 1, 0, 2, 4, 2, 4, 2, 2, 4, 0, 0, 0, 2, 2, 2, 2, 1, 0, 1, 2, 1, 1, 1, 1, 2, 0, 0, 2, 2, 2, 0, 2, 0, 2, 2, 0, 2, 2, 2, 2, 0, 2, 0, 2, 4, 0, 0, 0, 2, 0, 0, 0, 0, 0, 0, 1, 2, 2, 2, 2, 2, 1, 2, 0, 4, 1, 0, 1, 0, 0, 0, 1, 0, 0, 0, 2, 2, 2, 2, 2, 2, 2, 4, 2, 4, 2, 2, 2, 0, 1, 0, 2, 2, 4, 0, 0, 0, 0, 2, 0, 0, 0, 0, 2, 1, 4, 1, 0, 2, 0, 0, 0, 2, 4, 2, 2, 2, 2, 0, 0, 2, 2, 2, 2, 2, 0, 0, 0, 2, 4, 4, 2, 4, 0, 0, 0, 2, 0, 0, 1, 1, 2, 0, 2, 0, 2, 4, 0, 0, 4, 2, 2, 4, 0, 1, 2, 2, 0, 1, 4, 2, 2, 0, 0, 1, 0, 2, 0, 0, 2, 4, 4, 0, 0, 0, 0, 1, 0, 0, 0, 2, 2, 4, 2, 0, 2, 0, 1, 2, 1, 0, 2, 2, 2, 0, 2, 2, 2, 0, 2, 0, 2, 0, 2, 2, 0, 2, 0, 0, 0, 4, 2, 0, 2, 1, 0, 2, 2, 0, 0, 0, 2, 2, 0, 0, 2, 2, 2, 4, 0, 1, 0, 4, 1, 2, 0, 2, 0, 2, 1, 0, 4, 2, 0, 2, 2, 0, 2, 0, 4, 0, 2, 2, 0, 2, 2, 0, 0, 2, 4, 0, 0, 1, 0, 0, 0, 2, 2, 2, 0, 0, 0, 2, 2, 0, 0, 1, 4, 0, 2, 1, 4, 1, 2, 2, 2, 0, 1, 1, 1, 0, 0, 0, 2, 2, 0, 4, 2, 0, 0, 2, 2, 0, 0, 4, 1, 4, 4, 2, 0, 1, 1, 4, 4, 0, 1, 4, 2, 0, 1, 2, 0, 2, 0, 2, 0, 2, 0, 1, 2, 1, 1, 2, 2, 0, 2, 1, 0, 0, 1, 0, 0, 2, 0, 1, 0, 0, 0, 2, 2, 1, 1, 0, 0, 2, 1, 2, 4, 2, 1, 2, 0, 0, 2, 2, 1, 0, 1, 2, 0, 2, 0, 0, 4, 1, 0, 2, 2, 0, 0, 0, 1, 0, 1, 1, 0, 4, 2, 2, 1, 2, 0, 0, 0, 2, 1, 1, 2, 2, 0, 0, 2, 0, 0, 4, 0, 2, 2, 1, 4, 2, 2, 2, 2, 0, 0, 0, 0, 2, 0, 1, 0, 0, 1, 2, 0, 2, 2, 2, 0, 2, 1, 2, 0, 0, 2, 0, 2, 1, 2, 2, 0, 2, 4, 1, 0, 1, 0, 2, 0, 2, 2, 1, 0, 2, 2, 0, 2, 0, 2, 4, 0, 0, 2, 2, 2, 0, 2, 2, 2, 0, 1, 2, 2, 2, 0, 2, 2, 0, 2, 2, 4, 2, 0, 1, 0, 2, 1, 0, 0, 2, 0, 2, 1, 0, 2, 2, 0, 2, 0, 1, 0, 0, 2, 2, 1, 2, 1, 0, 0, 2, 2, 2, 2, 0, 0, 2, 2, 2, 0, 4, 2, 4, 2, 0, 0, 2, 1, 0, 2, 2, 0, 4, 2, 0, 4, 2, 1, 0, 4, 0, 0, 0, 4, 0, 4, 1, 2, 1, 1, 2, 2, 2, 2, 0, 2, 1, 2, 0, 2, 0, 2, 1, 2, 4, 2, 0, 2, 0, 1, 1, 2, 0, 0, 2, 2, 1, 2, 0, 2, 0, 0, 2, 0, 0, 2, 2, 0, 2, 1, 2, 4, 1, 0, 2, 0, 2, 0, 0, 2, 2, 2, 2, 0, 2, 2, 1, 0, 1, 0, 0, 2, 0, 2, 0, 2, 1, 2, 0, 0, 0, 1, 2, 2, 2, 2, 1, 2, 2, 0, 1, 4, 2, 0, 0, 2, 2, 0, 2, 0, 1, 0, 0, 2, 1, 2, 0, 2, 0, 0, 0, 1, 0, 2, 0, 2, 2, 2, 0, 0, 0, 2, 2, 0, 0, 2, 0, 2, 2, 0, 0, 0, 2, 2, 0, 0, 2, 2, 1, 2, 2, 2, 4, 4, 0, 0, 4, 2, 0, 2, 2, 4, 0, 0, 0, 0, 2, 0, 1, 0, 4, 2, 0, 4, 0, 0, 1, 2, 0, 1, 2, 0, 0, 0, 0, 1, 2, 0, 2, 2, 0, 0, 2, 1, 2, 2, 2, 2, 0, 0, 1, 2, 0, 1, 4, 2, 0, 2, 2, 2, 0, 4, 0, 2, 0, 2, 0, 0, 0, 1, 4, 0, 4, 2, 0, 2, 2, 0, 0, 1, 0, 2, 0, 0, 2, 2, 1, 2, 0, 4, 2, 2, 4, 0, 4, 1, 0, 0, 0, 2, 2, 1, 2, 2, 2, 4, 2, 4, 2, 4, 0, 3, 2, 2, 2, 2, 2, 2, 0, 2, 0, 2, 1, 2, 2, 1, 4, 2, 2, 2, 2, 0, 2, 0, 1, 2, 2, 0, 1, 2, 0, 2, 0, 2, 0, 0, 2, 2, 0, 0, 2, 2, 1, 2, 2, 2, 0, 2, 0, 1, 2, 2, 2, 2, 0, 0, 2, 2, 0, 2, 0, 2, 0, 4, 0, 2, 0, 0, 4, 2, 2, 1, 2, 0, 0, 0, 2, 4, 2, 2, 2, 2, 0, 2, 0, 0, 2, 0, 0, 2, 0, 0, 2, 0, 0, 0, 2, 1, 2, 2, 2, 2, 2, 2, 0, 0, 0, 0, 0, 0, 0, 2, 0, 0, 0, 1, 2, 0, 1, 1, 2, 2, 2, 2, 2, 2, 0, 0, 0, 2, 0, 2, 2, 0, 4, 2, 0, 2, 2, 2, 0, 0, 2, 2, 0, 1, 2, 0, 2, 0, 4, 2, 4, 0, 0, 1, 1, 0, 0, 2, 4, 0, 1, 2, 2, 4, 0, 0, 0, 0, 2, 0, 2, 0, 4, 1, 1, 0, 0, 2, 2, 0, 2, 0, 2, 1, 2, 2, 2, 1, 0, 0, 1, 0, 0, 2, 2, 2, 0, 2, 2, 4, 2, 2, 0, 2, 0, 1, 2, 2, 4, 0, 4, 2, 0, 2, 2, 0, 0, 0, 0, 1, 4, 2, 2, 0, 0, 1, 1, 2, 2, 1, 0, 2, 0, 0, 4, 4, 0, 2, 0, 0, 2, 1, 2, 1, 1, 2, 2, 2, 2, 2, 0, 2, 0, 2, 0, 0, 2, 0, 2, 2, 0, 0, 0, 2, 0, 2, 0, 0, 0, 2, 0, 0, 2, 2, 2, 2, 2, 0, 0, 2, 0, 4, 0, 2, 1, 2, 0, 4, 2, 0, 0, 2, 2, 0, 0, 4, 3, 2, 2, 2, 0, 2, 2, 4, 0, 2, 0, 0, 0, 1, 4, 0, 0, 2, 4, 1, 2, 2, 2, 1, 0, 2, 0, 1, 1, 0, 0, 4, 1, 2, 2, 2, 1, 0, 2, 0, 0, 0, 4, 0, 2, 2, 2, 0, 2, 2, 0, 2, 0, 4, 2, 1, 2, 2, 2, 0, 4, 1, 0, 2, 2, 0, 2, 2, 4, 4, 0, 0, 2, 1, 1, 2, 2, 1, 4, 2, 0, 0, 0, 2, 2, 2, 4, 0, 0, 0, 2, 0, 0, 2, 2, 2, 1, 1, 1, 2, 2, 1, 4, 1, 2, 2, 0, 1, 0, 0, 4, 2, 2, 0, 0, 2, 0, 2, 0, 1, 2, 0, 2, 0, 0, 0, 1, 0, 1, 0, 0, 1, 2, 2, 2, 2, 0, 4, 2, 0, 2, 2, 2, 0, 0, 2, 4, 0, 0, 1, 0, 1, 1, 0, 0, 2, 0, 2, 0, 2, 2, 0, 0, 1, 2, 0, 2, 2, 0, 2, 4, 2, 2, 0, 0, 0, 2, 0, 0, 2, 0, 2, 0, 0, 4, 2, 0, 2, 0, 0, 2, 1, 2, 0, 2, 0, 2, 2, 4, 1, 0, 1, 2, 2, 2, 2, 0, 4, 1, 0, 4, 0, 2, 2, 1, 2, 0, 2, 2, 2, 0, 2, 0, 2, 0, 2, 2, 0, 4, 0, 0, 4, 0, 0, 2, 2, 1, 1, 4, 0, 2, 2, 2, 4, 1, 4, 0, 2, 4, 2, 2, 2, 0, 2, 2, 1, 0, 4, 0, 0, 0, 2, 4, 1, 0, 1, 4, 2, 0, 4, 2, 2, 0, 2, 0, 0, 0, 0, 1, 0, 2, 2, 0, 2, 2, 1, 1, 2, 1, 2, 2, 2, 2, 0, 4, 2, 0, 0, 0, 1, 0, 0, 2, 1, 0, 0, 0, 2, 4, 2, 0, 2, 0, 2, 2, 0, 1, 0, 1, 2, 0, 2, 0, 0, 1, 2, 0, 2, 2, 2, 0, 0, 4, 2, 0, 2, 0, 2, 2, 1, 2, 0, 0, 2, 0, 2, 0, 0, 0, 2, 0, 0, 2, 1, 2, 1, 0, 1, 2, 0, 1, 2, 0, 0, 0, 1, 2, 1, 1, 0, 0, 1, 0, 2, 0, 2, 1, 2, 0, 2, 2, 2, 0, 2, 2, 1, 2, 0, 0, 2, 3, 1, 2, 0, 1, 2, 0, 0, 2, 2, 4, 0, 0, 2, 0, 0, 2, 0, 2, 0, 2, 2, 2, 0, 0, 2, 2, 1, 2, 0, 0, 2, 2, 2, 0, 0, 0, 0, 0, 0, 2, 0, 0, 0, 2, 2, 1, 1, 2, 4, 2, 0, 0, 0, 2, 0, 1, 0, 4, 0, 2, 1, 2, 2, 2, 2, 2, 0, 0, 4, 0, 2, 0, 4, 0, 2, 0, 0, 0, 2, 4, 2, 2, 1, 0, 0, 2, 0, 2, 0, 0, 1, 0, 0, 1, 0, 2, 2, 4, 0, 2, 2, 2, 2, 2, 2, 2, 0, 2, 2, 2, 2, 2, 2, 0, 2, 1, 0, 0, 0, 0, 0, 2, 0, 2, 2, 2, 2, 4, 1, 4, 2, 4, 0, 1, 2, 2, 0, 2, 1, 2, 0, 4, 0, 0, 0, 0, 2, 1, 0, 0, 0, 1, 2, 0, 2, 1, 4, 0, 0, 0, 2, 0, 1, 1, 2, 0, 2, 2, 0, 0, 4, 4, 0, 2, 1, 2, 0, 0, 4, 2, 1, 1, 2, 4, 1, 0, 0, 2, 0, 0, 0, 0, 1, 0, 0, 0, 2, 0, 2, 4, 0, 2, 0, 0, 2, 2, 2, 2, 4, 2, 2, 0, 4, 0, 2, 2, 2, 1, 0, 4, 1, 0, 0, 2, 2, 0, 2, 2, 2, 0, 2, 0, 0, 2, 2, 0, 0, 2, 4, 1, 1, 2, 0, 2, 0, 0, 0, 2, 0, 0, 2, 0, 2, 4, 4, 0, 2, 1, 2, 0, 2, 2, 2, 1, 0, 2, 1, 2, 2, 0, 2, 2, 0, 1, 0, 2, 4, 0, 0, 2, 2, 0, 2, 0, 0, 2, 4, 2, 0, 2, 4, 0, 2, 2, 0, 1, 0, 2, 0, 0, 2, 2, 1, 2, 2, 4, 2, 2, 2, 0, 2, 0, 4, 1, 2, 2, 0, 0, 4, 0, 2, 1, 2, 4, 0, 0, 0, 2, 2, 0, 0, 0, 0, 2, 0, 0, 2, 2, 0, 4, 0, 0, 0, 2, 1, 0, 2, 2, 1, 4, 2, 0, 4, 2, 0, 0, 2, 0, 2, 2, 2, 1, 0, 1, 2, 1, 4, 2, 0, 0, 0, 0, 2, 4, 0, 2, 2, 1, 2, 0, 0, 1, 0, 0, 2, 0, 0, 4, 0, 0, 0, 2, 2, 2, 2, 0, 2, 0, 0, 2, 4, 2, 2, 0, 1, 0, 0, 2, 0, 4, 1, 0, 0, 1, 0, 2, 0, 0, 2, 0, 2, 2, 1, 2, 0, 2, 0, 0, 2, 1, 0, 2, 0, 1, 0, 2, 2, 2, 0, 4, 0, 0, 4, 2, 2, 2, 2, 2, 0, 2, 2, 0, 1, 2, 2, 0, 1, 0, 4, 0, 0, 2, 4, 1, 0, 2, 2, 4, 0, 1, 2, 4, 0, 2, 0, 2, 2, 2, 1, 0, 2, 0, 2, 0, 0, 0, 0, 2, 2, 2, 1, 4, 2, 0, 0, 0, 2, 4, 1, 0, 0, 2, 1, 0, 2, 1, 0, 2, 2, 4, 4, 2, 4, 4, 4, 2, 0, 2, 0, 0, 0, 1, 2, 1, 2, 4, 2, 0, 0, 0, 0, 4, 2, 0, 0, 2, 1, 2, 2, 0, 1, 0]

bins: [-0.013, -0.002, -0.001, 0.001, 0.002, 0.013]

Most important rules
-----------------------------

---0---
rule4: Altitude < -29.274
probabilities_array:[0.4053849  0.2566049  0.16617423 0.00465899 0.         0.
 0.16717693]

rule0: climbRate < -3.542
probabilities_array:[0.42694306 0.33033442 0.         0.         0.         0.
 0.2427225 ]

rule5: -29.274 < Altitude < -12.150
probabilities_array:[0.36290428 0.2000482  0.11682202 0.02553306 0.00909234 0.
 0.28560007]

rule12: curRoll < -0.009
probabilities_array:[0.374928   0.10556171 0.14747709 0.         0.         0.
 0.37203318]

rule15: curRoll > 0.012
probabilities_array:[0.33507258 0.19271018 0.14859287 0.         0.00777074 0.
 0.31585363]

rule6: -12.150 < Altitude < 4.973
probabilities_array:[0.32436398 0.20767622 0.13907716 0.         0.         0.
 0.32888266]

rule9: -0.003 < RollRate < 0.000
probabilities_array:[0.3832051  0.17279513 0.         0.         0.         0.
 0.4439998 ]

rule7: Altitude > 4.973
probabilities_array:[0.27860385 0.29962227 0.17795382 0.         0.         0.
 0.24382001]

rule16: diffClb < -0.120
probabilities_array:[0.44296286 0.         0.         0.         0.         0.
 0.5570371 ]

rule1: -3.542 < climbRate < -0.212
probabilities_array:[0.2573336  0.27526036 0.20461895 0.00148601 0.         0.
 0.2613011 ]

rule8: RollRate < -0.003
probabilities_array:[0.26618934 0.38460594 0.00760681 0.         0.         0.
 0.34159794]

rule14: 0.002 < curRoll < 0.012
probabilities_array:[0.28859648 0.21171631 0.09876033 0.00133527 0.         0.
 0.39959165]

rule23: diffDiffClb = 0.0
probabilities_array:[0.32832983 0.04484386 0.01390321 0.02322749 0.10083497 0.
 0.48886064]

rule17: -0.120 < diffClb < -0.000
probabilities_array:[0.18966578 0.41302484 0.23570114 0.00141194 0.         0.
 0.1601963 ]

rule13: -0.009 < curRoll < 0.002
probabilities_array:[0.23381492 0.1360105  0.2070372  0.03442806 0.02196931 0.
 0.36674008]

rule10: 0.000 < RollRate < 0.004
probabilities_array:[0.33289555 0.01675875 0.         0.03191503 0.06047181 0.
 0.5579589 ]


---1---
rule17: -0.120 < diffClb < -0.000
probabilities_array:[0.18966578 0.41302484 0.23570114 0.00141194 0.         0.
 0.1601963 ]

rule8: RollRate < -0.003
probabilities_array:[0.26618934 0.38460594 0.00760681 0.         0.         0.
 0.34159794]

rule0: climbRate < -3.542
probabilities_array:[0.42694306 0.33033442 0.         0.         0.         0.
 0.2427225 ]

rule7: Altitude > 4.973
probabilities_array:[0.27860385 0.29962227 0.17795382 0.         0.         0.
 0.24382001]

rule4: Altitude < -29.274
probabilities_array:[0.4053849  0.2566049  0.16617423 0.00465899 0.         0.
 0.16717693]

rule1: -3.542 < climbRate < -0.212
probabilities_array:[0.2573336  0.27526036 0.20461895 0.00148601 0.         0.
 0.2613011 ]

rule18: -0.000 < diffClb < 0.120
probabilities_array:[0.         0.16806887 0.31725472 0.30503207 0.10004642 0.
 0.10959791]

rule5: -29.274 < Altitude < -12.150
probabilities_array:[0.36290428 0.2000482  0.11682202 0.02553306 0.00909234 0.
 0.28560007]

rule6: -12.150 < Altitude < 4.973
probabilities_array:[0.32436398 0.20767622 0.13907716 0.         0.         0.
 0.32888266]

rule15: curRoll > 0.012
probabilities_array:[0.33507258 0.19271018 0.14859287 0.         0.00777074 0.
 0.31585363]

rule14: 0.002 < curRoll < 0.012
probabilities_array:[0.28859648 0.21171631 0.09876033 0.00133527 0.         0.
 0.39959165]

rule9: -0.003 < RollRate < 0.000
probabilities_array:[0.3832051  0.17279513 0.         0.         0.         0.
 0.4439998 ]

rule13: -0.009 < curRoll < 0.002
probabilities_array:[0.23381492 0.1360105  0.2070372  0.03442806 0.02196931 0.
 0.36674008]

rule2: -0.212 < climbRate < 3.119
probabilities_array:[0.00163317 0.07892992 0.29821268 0.33977163 0.20670335 0.
 0.07474923]

rule12: curRoll < -0.009
probabilities_array:[0.374928   0.10556171 0.14747709 0.         0.         0.
 0.37203318]

rule19: diffClb > 0.120
probabilities_array:[0.00466289 0.05876247 0.19539306 0.2993946  0.41489092 0.
 0.02689606]


---2---
rule18: -0.000 < diffClb < 0.120
probabilities_array:[0.         0.16806887 0.31725472 0.30503207 0.10004642 0.
 0.10959791]

rule2: -0.212 < climbRate < 3.119
probabilities_array:[0.00163317 0.07892992 0.29821268 0.33977163 0.20670335 0.
 0.07474923]

rule3: climbRate > 3.119
probabilities_array:[0.00421    0.03429557 0.23897028 0.3269205  0.39376584 0.
 0.00183787]

rule17: -0.120 < diffClb < -0.000
probabilities_array:[0.18966578 0.41302484 0.23570114 0.00141194 0.         0.
 0.1601963 ]

rule19: diffClb > 0.120
probabilities_array:[0.00466289 0.05876247 0.19539306 0.2993946  0.41489092 0.
 0.02689606]

rule11: RollRate > 0.004
probabilities_array:[0.00932894 0.         0.2684361  0.21584392 0.1080303  0.
 0.39836076]

rule1: -3.542 < climbRate < -0.212
probabilities_array:[0.2573336  0.27526036 0.20461895 0.00148601 0.         0.
 0.2613011 ]

rule4: Altitude < -29.274
probabilities_array:[0.4053849  0.2566049  0.16617423 0.00465899 0.         0.
 0.16717693]

rule7: Altitude > 4.973
probabilities_array:[0.27860385 0.29962227 0.17795382 0.         0.         0.
 0.24382001]

rule13: -0.009 < curRoll < 0.002
probabilities_array:[0.23381492 0.1360105  0.2070372  0.03442806 0.02196931 0.
 0.36674008]

rule15: curRoll > 0.012
probabilities_array:[0.33507258 0.19271018 0.14859287 0.         0.00777074 0.
 0.31585363]

rule6: -12.150 < Altitude < 4.973
probabilities_array:[0.32436398 0.20767622 0.13907716 0.         0.         0.
 0.32888266]

rule12: curRoll < -0.009
probabilities_array:[0.374928   0.10556171 0.14747709 0.         0.         0.
 0.37203318]

rule5: -29.274 < Altitude < -12.150
probabilities_array:[0.36290428 0.2000482  0.11682202 0.02553306 0.00909234 0.
 0.28560007]

rule14: 0.002 < curRoll < 0.012
probabilities_array:[0.28859648 0.21171631 0.09876033 0.00133527 0.         0.
 0.39959165]


---3---
rule3: climbRate > 3.119
probabilities_array:[0.00421    0.03429557 0.23897028 0.3269205  0.39376584 0.
 0.00183787]

rule2: -0.212 < climbRate < 3.119
probabilities_array:[0.00163317 0.07892992 0.29821268 0.33977163 0.20670335 0.
 0.07474923]

rule19: diffClb > 0.120
probabilities_array:[0.00466289 0.05876247 0.19539306 0.2993946  0.41489092 0.
 0.02689606]

rule18: -0.000 < diffClb < 0.120
probabilities_array:[0.         0.16806887 0.31725472 0.30503207 0.10004642 0.
 0.10959791]

rule11: RollRate > 0.004
probabilities_array:[0.00932894 0.         0.2684361  0.21584392 0.1080303  0.
 0.39836076]


---4---
rule19: diffClb > 0.120
probabilities_array:[0.00466289 0.05876247 0.19539306 0.2993946  0.41489092 0.
 0.02689606]

rule3: climbRate > 3.119
probabilities_array:[0.00421    0.03429557 0.23897028 0.3269205  0.39376584 0.
 0.00183787]

rule2: -0.212 < climbRate < 3.119
probabilities_array:[0.00163317 0.07892992 0.29821268 0.33977163 0.20670335 0.
 0.07474923]

rule18: -0.000 < diffClb < 0.120
probabilities_array:[0.         0.16806887 0.31725472 0.30503207 0.10004642 0.
 0.10959791]

rule11: RollRate > 0.004
probabilities_array:[0.00932894 0.         0.2684361  0.21584392 0.1080303  0.
 0.39836076]

rule23: diffDiffClb = 0.0
probabilities_array:[0.32832983 0.04484386 0.01390321 0.02322749 0.10083497 0.
 0.48886064]


---5---
