R2: 0.84167040254351


MAE: 4.447973921439227


Accuracy: 0.3002214114929266


F1: 0.3088235294117647


Most important rules
-----------------------------

---0---
rule0: cement < 212.154
probabilities_array:[3.1211808e-01 2.7358782e-01 4.8260398e-02 5.4638859e-02 1.6615957e-01
 1.8188125e-02 4.1898075e-02 1.3551368e-04 0.0000000e+00 0.0000000e+00
 8.5013524e-02]

rule15: water > 196.133
probabilities_array:[0.25933895 0.01347547 0.16735828 0.14697585 0.189792   0.0142095
 0.12888604 0.0671822  0.01278172 0.         0.        ]

rule14: 181.590 < water < 196.133
probabilities_array:[0.21709032 0.11351206 0.14564228 0.0969385  0.12479938 0.01089476
 0.18508826 0.08525027 0.         0.00172836 0.01905587]

rule29: 2.916 < age < 44.288
probabilities_array:[0.1837689  0.18526128 0.17243235 0.09552588 0.15284431 0.10245386
 0.047104   0.03153547 0.01609585 0.         0.01297804]

rule16: superplasticizer < 2.023
probabilities_array:[0.17247185 0.23020686 0.1832982  0.00913737 0.06066421 0.21840869
 0.0024409  0.00418136 0.09037878 0.         0.02881176]

rule27: fine_aggregate > 827.578
probabilities_array:[0.21413405 0.11502056 0.05992955 0.11102675 0.06785779 0.
 0.         0.04861253 0.         0.14941378 0.23400497]

rule28: age < 2.916
probabilities_array:[0.3954764 0.        0.        0.        0.        0.        0.
 0.        0.        0.        0.6045236]

rule9: 9.136 < fly_ash < 52.551
probabilities_array:[0.14118363 0.18670306 0.         0.25373217 0.         0.
 0.         0.05092908 0.         0.3022636  0.06518845]

rule4: blast_furnace_slag < 17.060
probabilities_array:[0.13242413 0.13854212 0.16288972 0.         0.02670817 0.13680927
 0.14249322 0.02296354 0.         0.12072361 0.11644618]

rule11: fly_ash > 95.965
probabilities_array:[0.11276358 0.18273713 0.1047743  0.11618636 0.0706779  0.14227985
 0.04243313 0.06229876 0.16528772 0.         0.00056133]

rule1: 212.154 < cement < 282.445
probabilities_array:[0.10726604 0.11278555 0.02349399 0.22047146 0.16117002 0.
 0.         0.19628109 0.1264316  0.01776933 0.03433093]

rule5: 17.060 < blast_furnace_slag < 75.111
probabilities_array:[0.1050161  0.         0.         0.00979331 0.29333085 0.10777151
 0.08707144 0.0719104  0.21690558 0.0041318  0.10406899]

rule23: coarse_aggregate > 1026.135
probabilities_array:[0.09115594 0.         0.12181511 0.         0.01199546 0.
 0.05118309 0.1540527  0.1773093  0.3293409  0.06314747]

rule18: 6.083 < superplasticizer < 10.143
probabilities_array:[0.07598365 0.         0.1288242  0.11926553 0.04398842 0.06527271
 0.156069   0.10486892 0.12319113 0.16436741 0.01816903]

rule21: 921.481 < coarse_aggregate < 973.808
probabilities_array:[0.07037092 0.06947751 0.13480498 0.10140773 0.         0.20236555
 0.11572705 0.08298849 0.03188571 0.15039884 0.04057319]

rule13: 167.047 < water < 181.590
probabilities_array:[0.06553388 0.         0.04557922 0.19239883 0.16502017 0.05995142
 0.01046927 0.21924217 0.         0.17878264 0.06302242]

rule17: 2.023 < superplasticizer < 6.083
probabilities_array:[5.3524546e-02 0.0000000e+00 2.2575273e-01 1.7831258e-01 4.3014485e-02
 0.0000000e+00 2.4345756e-01 1.3718840e-04 0.0000000e+00 2.0722564e-01
 4.8575278e-02]


---1---
rule0: cement < 212.154
probabilities_array:[3.1211808e-01 2.7358782e-01 4.8260398e-02 5.4638859e-02 1.6615957e-01
 1.8188125e-02 4.1898075e-02 1.3551368e-04 0.0000000e+00 0.0000000e+00
 8.5013524e-02]

rule16: superplasticizer < 2.023
probabilities_array:[0.17247185 0.23020686 0.1832982  0.00913737 0.06066421 0.21840869
 0.0024409  0.00418136 0.09037878 0.         0.02881176]

rule29: 2.916 < age < 44.288
probabilities_array:[0.1837689  0.18526128 0.17243235 0.09552588 0.15284431 0.10245386
 0.047104   0.03153547 0.01609585 0.         0.01297804]

rule11: fly_ash > 95.965
probabilities_array:[0.11276358 0.18273713 0.1047743  0.11618636 0.0706779  0.14227985
 0.04243313 0.06229876 0.16528772 0.         0.00056133]

rule9: 9.136 < fly_ash < 52.551
probabilities_array:[0.14118363 0.18670306 0.         0.25373217 0.         0.
 0.         0.05092908 0.         0.3022636  0.06518845]

rule4: blast_furnace_slag < 17.060
probabilities_array:[0.13242413 0.13854212 0.16288972 0.         0.02670817 0.13680927
 0.14249322 0.02296354 0.         0.12072361 0.11644618]

rule14: 181.590 < water < 196.133
probabilities_array:[0.21709032 0.11351206 0.14564228 0.0969385  0.12479938 0.01089476
 0.18508826 0.08525027 0.         0.00172836 0.01905587]

rule1: 212.154 < cement < 282.445
probabilities_array:[0.10726604 0.11278555 0.02349399 0.22047146 0.16117002 0.
 0.         0.19628109 0.1264316  0.01776933 0.03433093]

rule26: 772.910 < fine_aggregate < 827.578
probabilities_array:[0.         0.11143937 0.02763923 0.16092066 0.07140064 0.05825365
 0.21443932 0.15244372 0.00766939 0.15177704 0.04401705]

rule25: 718.242 < fine_aggregate < 772.910
probabilities_array:[0.014992   0.10778117 0.02628741 0.00284282 0.11209345 0.04306442
 0.10259499 0.13818811 0.18387347 0.23342517 0.03485698]

rule27: fine_aggregate > 827.578
probabilities_array:[0.21413405 0.11502056 0.05992955 0.11102675 0.06785779 0.
 0.         0.04861253 0.         0.14941378 0.23400497]

rule21: 921.481 < coarse_aggregate < 973.808
probabilities_array:[0.07037092 0.06947751 0.13480498 0.10140773 0.         0.20236555
 0.11572705 0.08298849 0.03188571 0.15039884 0.04057319]

rule2: 282.445 < cement < 352.736
probabilities_array:[0.00084227 0.06199657 0.01677689 0.00352061 0.0975049  0.23903584
 0.07885601 0.10785601 0.28424093 0.06422532 0.0451446 ]

rule22: 973.808 < coarse_aggregate < 1026.135
probabilities_array:[0.         0.0589887  0.10687464 0.02764519 0.10689519 0.27510253
 0.         0.1475561  0.16659597 0.02960544 0.0807362 ]


---2---
rule17: 2.023 < superplasticizer < 6.083
probabilities_array:[5.3524546e-02 0.0000000e+00 2.2575273e-01 1.7831258e-01 4.3014485e-02
 0.0000000e+00 2.4345756e-01 1.3718840e-04 0.0000000e+00 2.0722564e-01
 4.8575278e-02]

rule16: superplasticizer < 2.023
probabilities_array:[0.17247185 0.23020686 0.1832982  0.00913737 0.06066421 0.21840869
 0.0024409  0.00418136 0.09037878 0.         0.02881176]

rule29: 2.916 < age < 44.288
probabilities_array:[0.1837689  0.18526128 0.17243235 0.09552588 0.15284431 0.10245386
 0.047104   0.03153547 0.01609585 0.         0.01297804]

rule15: water > 196.133
probabilities_array:[0.25933895 0.01347547 0.16735828 0.14697585 0.189792   0.0142095
 0.12888604 0.0671822  0.01278172 0.         0.        ]

rule4: blast_furnace_slag < 17.060
probabilities_array:[0.13242413 0.13854212 0.16288972 0.         0.02670817 0.13680927
 0.14249322 0.02296354 0.         0.12072361 0.11644618]

rule14: 181.590 < water < 196.133
probabilities_array:[0.21709032 0.11351206 0.14564228 0.0969385  0.12479938 0.01089476
 0.18508826 0.08525027 0.         0.00172836 0.01905587]

rule21: 921.481 < coarse_aggregate < 973.808
probabilities_array:[0.07037092 0.06947751 0.13480498 0.10140773 0.         0.20236555
 0.11572705 0.08298849 0.03188571 0.15039884 0.04057319]

rule18: 6.083 < superplasticizer < 10.143
probabilities_array:[0.07598365 0.         0.1288242  0.11926553 0.04398842 0.06527271
 0.156069   0.10486892 0.12319113 0.16436741 0.01816903]

rule23: coarse_aggregate > 1026.135
probabilities_array:[0.09115594 0.         0.12181511 0.         0.01199546 0.
 0.05118309 0.1540527  0.1773093  0.3293409  0.06314747]

rule11: fly_ash > 95.965
probabilities_array:[0.11276358 0.18273713 0.1047743  0.11618636 0.0706779  0.14227985
 0.04243313 0.06229876 0.16528772 0.         0.00056133]

rule22: 973.808 < coarse_aggregate < 1026.135
probabilities_array:[0.         0.0589887  0.10687464 0.02764519 0.10689519 0.27510253
 0.         0.1475561  0.16659597 0.02960544 0.0807362 ]

rule10: 52.551 < fly_ash < 95.965
probabilities_array:[0.00149481 0.         0.08982243 0.12329611 0.17544858 0.07187924
 0.20789546 0.23565693 0.07921854 0.         0.01528793]

rule27: fine_aggregate > 827.578
probabilities_array:[0.21413405 0.11502056 0.05992955 0.11102675 0.06785779 0.
 0.         0.04861253 0.         0.14941378 0.23400497]

rule0: cement < 212.154
probabilities_array:[3.1211808e-01 2.7358782e-01 4.8260398e-02 5.4638859e-02 1.6615957e-01
 1.8188125e-02 4.1898075e-02 1.3551368e-04 0.0000000e+00 0.0000000e+00
 8.5013524e-02]

rule13: 167.047 < water < 181.590
probabilities_array:[0.06553388 0.         0.04557922 0.19239883 0.16502017 0.05995142
 0.01046927 0.21924217 0.         0.17878264 0.06302242]


---3---
rule9: 9.136 < fly_ash < 52.551
probabilities_array:[0.14118363 0.18670306 0.         0.25373217 0.         0.
 0.         0.05092908 0.         0.3022636  0.06518845]

rule7: blast_furnace_slag > 133.161
probabilities_array:[0.         0.         0.00561086 0.28386417 0.0132084  0.1460706
 0.         0.07482652 0.12626497 0.18193567 0.16821875]

rule1: 212.154 < cement < 282.445
probabilities_array:[0.10726604 0.11278555 0.02349399 0.22047146 0.16117002 0.
 0.         0.19628109 0.1264316  0.01776933 0.03433093]

rule13: 167.047 < water < 181.590
probabilities_array:[0.06553388 0.         0.04557922 0.19239883 0.16502017 0.05995142
 0.01046927 0.21924217 0.         0.17878264 0.06302242]

rule17: 2.023 < superplasticizer < 6.083
probabilities_array:[5.3524546e-02 0.0000000e+00 2.2575273e-01 1.7831258e-01 4.3014485e-02
 0.0000000e+00 2.4345756e-01 1.3718840e-04 0.0000000e+00 2.0722564e-01
 4.8575278e-02]

rule26: 772.910 < fine_aggregate < 827.578
probabilities_array:[0.         0.11143937 0.02763923 0.16092066 0.07140064 0.05825365
 0.21443932 0.15244372 0.00766939 0.15177704 0.04401705]

rule15: water > 196.133
probabilities_array:[0.25933895 0.01347547 0.16735828 0.14697585 0.189792   0.0142095
 0.12888604 0.0671822  0.01278172 0.         0.        ]

rule24: fine_aggregate < 718.242
probabilities_array:[0.00737661 0.         0.0051554  0.12994833 0.02422003 0.01184331
 0.05853459 0.18910827 0.2946164  0.2663723  0.01282482]

rule10: 52.551 < fly_ash < 95.965
probabilities_array:[0.00149481 0.         0.08982243 0.12329611 0.17544858 0.07187924
 0.20789546 0.23565693 0.07921854 0.         0.01528793]

rule18: 6.083 < superplasticizer < 10.143
probabilities_array:[0.07598365 0.         0.1288242  0.11926553 0.04398842 0.06527271
 0.156069   0.10486892 0.12319113 0.16436741 0.01816903]

rule11: fly_ash > 95.965
probabilities_array:[0.11276358 0.18273713 0.1047743  0.11618636 0.0706779  0.14227985
 0.04243313 0.06229876 0.16528772 0.         0.00056133]

rule21: 921.481 < coarse_aggregate < 973.808
probabilities_array:[0.07037092 0.06947751 0.13480498 0.10140773 0.         0.20236555
 0.11572705 0.08298849 0.03188571 0.15039884 0.04057319]

rule14: 181.590 < water < 196.133
probabilities_array:[0.21709032 0.11351206 0.14564228 0.0969385  0.12479938 0.01089476
 0.18508826 0.08525027 0.         0.00172836 0.01905587]

rule29: 2.916 < age < 44.288
probabilities_array:[0.1837689  0.18526128 0.17243235 0.09552588 0.15284431 0.10245386
 0.047104   0.03153547 0.01609585 0.         0.01297804]

rule27: fine_aggregate > 827.578
probabilities_array:[0.21413405 0.11502056 0.05992955 0.11102675 0.06785779 0.
 0.         0.04861253 0.         0.14941378 0.23400497]

rule0: cement < 212.154
probabilities_array:[3.1211808e-01 2.7358782e-01 4.8260398e-02 5.4638859e-02 1.6615957e-01
 1.8188125e-02 4.1898075e-02 1.3551368e-04 0.0000000e+00 0.0000000e+00
 8.5013524e-02]


---4---
rule5: 17.060 < blast_furnace_slag < 75.111
probabilities_array:[0.1050161  0.         0.         0.00979331 0.29333085 0.10777151
 0.08707144 0.0719104  0.21690558 0.0041318  0.10406899]

rule19: superplasticizer > 10.143
probabilities_array:[0.         0.         0.         0.00090071 0.2497778  0.
 0.00524368 0.11281715 0.18517163 0.22990356 0.21618547]

rule20: coarse_aggregate < 921.481
probabilities_array:[0.         0.         0.         0.02522199 0.2308112  0.
 0.16132802 0.14695914 0.0794557  0.2029988  0.15322526]

rule15: water > 196.133
probabilities_array:[0.25933895 0.01347547 0.16735828 0.14697585 0.189792   0.0142095
 0.12888604 0.0671822  0.01278172 0.         0.        ]

rule10: 52.551 < fly_ash < 95.965
probabilities_array:[0.00149481 0.         0.08982243 0.12329611 0.17544858 0.07187924
 0.20789546 0.23565693 0.07921854 0.         0.01528793]

rule1: 212.154 < cement < 282.445
probabilities_array:[0.10726604 0.11278555 0.02349399 0.22047146 0.16117002 0.
 0.         0.19628109 0.1264316  0.01776933 0.03433093]

rule13: 167.047 < water < 181.590
probabilities_array:[0.06553388 0.         0.04557922 0.19239883 0.16502017 0.05995142
 0.01046927 0.21924217 0.         0.17878264 0.06302242]

rule0: cement < 212.154
probabilities_array:[3.1211808e-01 2.7358782e-01 4.8260398e-02 5.4638859e-02 1.6615957e-01
 1.8188125e-02 4.1898075e-02 1.3551368e-04 0.0000000e+00 0.0000000e+00
 8.5013524e-02]

rule29: 2.916 < age < 44.288
probabilities_array:[0.1837689  0.18526128 0.17243235 0.09552588 0.15284431 0.10245386
 0.047104   0.03153547 0.01609585 0.         0.01297804]

rule14: 181.590 < water < 196.133
probabilities_array:[0.21709032 0.11351206 0.14564228 0.0969385  0.12479938 0.01089476
 0.18508826 0.08525027 0.         0.00172836 0.01905587]

rule25: 718.242 < fine_aggregate < 772.910
probabilities_array:[0.014992   0.10778117 0.02628741 0.00284282 0.11209345 0.04306442
 0.10259499 0.13818811 0.18387347 0.23342517 0.03485698]

rule22: 973.808 < coarse_aggregate < 1026.135
probabilities_array:[0.         0.0589887  0.10687464 0.02764519 0.10689519 0.27510253
 0.         0.1475561  0.16659597 0.02960544 0.0807362 ]

rule2: 282.445 < cement < 352.736
probabilities_array:[0.00084227 0.06199657 0.01677689 0.00352061 0.0975049  0.23903584
 0.07885601 0.10785601 0.28424093 0.06422532 0.0451446 ]

rule31: age > 85.661
probabilities_array:[0.         0.         0.02460283 0.02577198 0.0807803  0.15517254
 0.18303618 0.14833306 0.14566733 0.23663582 0.        ]

rule11: fly_ash > 95.965
probabilities_array:[0.11276358 0.18273713 0.1047743  0.11618636 0.0706779  0.14227985
 0.04243313 0.06229876 0.16528772 0.         0.00056133]

rule26: 772.910 < fine_aggregate < 827.578
probabilities_array:[0.         0.11143937 0.02763923 0.16092066 0.07140064 0.05825365
 0.21443932 0.15244372 0.00766939 0.15177704 0.04401705]

rule16: superplasticizer < 2.023
probabilities_array:[0.17247185 0.23020686 0.1832982  0.00913737 0.06066421 0.21840869
 0.0024409  0.00418136 0.09037878 0.         0.02881176]

rule27: fine_aggregate > 827.578
probabilities_array:[0.21413405 0.11502056 0.05992955 0.11102675 0.06785779 0.
 0.         0.04861253 0.         0.14941378 0.23400497]

rule18: 6.083 < superplasticizer < 10.143
probabilities_array:[0.07598365 0.         0.1288242  0.11926553 0.04398842 0.06527271
 0.156069   0.10486892 0.12319113 0.16436741 0.01816903]

rule17: 2.023 < superplasticizer < 6.083
probabilities_array:[5.3524546e-02 0.0000000e+00 2.2575273e-01 1.7831258e-01 4.3014485e-02
 0.0000000e+00 2.4345756e-01 1.3718840e-04 0.0000000e+00 2.0722564e-01
 4.8575278e-02]


---5---
rule22: 973.808 < coarse_aggregate < 1026.135
probabilities_array:[0.         0.0589887  0.10687464 0.02764519 0.10689519 0.27510253
 0.         0.1475561  0.16659597 0.02960544 0.0807362 ]

rule2: 282.445 < cement < 352.736
probabilities_array:[0.00084227 0.06199657 0.01677689 0.00352061 0.0975049  0.23903584
 0.07885601 0.10785601 0.28424093 0.06422532 0.0451446 ]

rule16: superplasticizer < 2.023
probabilities_array:[0.17247185 0.23020686 0.1832982  0.00913737 0.06066421 0.21840869
 0.0024409  0.00418136 0.09037878 0.         0.02881176]

rule21: 921.481 < coarse_aggregate < 973.808
probabilities_array:[0.07037092 0.06947751 0.13480498 0.10140773 0.         0.20236555
 0.11572705 0.08298849 0.03188571 0.15039884 0.04057319]

rule3: cement > 352.736
probabilities_array:[0.         0.         0.         0.02580835 0.00337859 0.18807325
 0.20509107 0.08102815 0.17355447 0.24770437 0.07536173]

rule31: age > 85.661
probabilities_array:[0.         0.         0.02460283 0.02577198 0.0807803  0.15517254
 0.18303618 0.14833306 0.14566733 0.23663582 0.        ]

rule11: fly_ash > 95.965
probabilities_array:[0.11276358 0.18273713 0.1047743  0.11618636 0.0706779  0.14227985
 0.04243313 0.06229876 0.16528772 0.         0.00056133]

rule7: blast_furnace_slag > 133.161
probabilities_array:[0.         0.         0.00561086 0.28386417 0.0132084  0.1460706
 0.         0.07482652 0.12626497 0.18193567 0.16821875]

rule4: blast_furnace_slag < 17.060
probabilities_array:[0.13242413 0.13854212 0.16288972 0.         0.02670817 0.13680927
 0.14249322 0.02296354 0.         0.12072361 0.11644618]

rule29: 2.916 < age < 44.288
probabilities_array:[0.1837689  0.18526128 0.17243235 0.09552588 0.15284431 0.10245386
 0.047104   0.03153547 0.01609585 0.         0.01297804]

rule5: 17.060 < blast_furnace_slag < 75.111
probabilities_array:[0.1050161  0.         0.         0.00979331 0.29333085 0.10777151
 0.08707144 0.0719104  0.21690558 0.0041318  0.10406899]

rule10: 52.551 < fly_ash < 95.965
probabilities_array:[0.00149481 0.         0.08982243 0.12329611 0.17544858 0.07187924
 0.20789546 0.23565693 0.07921854 0.         0.01528793]

rule18: 6.083 < superplasticizer < 10.143
probabilities_array:[0.07598365 0.         0.1288242  0.11926553 0.04398842 0.06527271
 0.156069   0.10486892 0.12319113 0.16436741 0.01816903]

rule13: 167.047 < water < 181.590
probabilities_array:[0.06553388 0.         0.04557922 0.19239883 0.16502017 0.05995142
 0.01046927 0.21924217 0.         0.17878264 0.06302242]

rule26: 772.910 < fine_aggregate < 827.578
probabilities_array:[0.         0.11143937 0.02763923 0.16092066 0.07140064 0.05825365
 0.21443932 0.15244372 0.00766939 0.15177704 0.04401705]

rule25: 718.242 < fine_aggregate < 772.910
probabilities_array:[0.014992   0.10778117 0.02628741 0.00284282 0.11209345 0.04306442
 0.10259499 0.13818811 0.18387347 0.23342517 0.03485698]


---6---
rule17: 2.023 < superplasticizer < 6.083
probabilities_array:[5.3524546e-02 0.0000000e+00 2.2575273e-01 1.7831258e-01 4.3014485e-02
 0.0000000e+00 2.4345756e-01 1.3718840e-04 0.0000000e+00 2.0722564e-01
 4.8575278e-02]

rule6: 75.111 < blast_furnace_slag < 133.161
probabilities_array:[0.00146363 0.03833646 0.0124044  0.         0.0071268  0.0321011
 0.22613582 0.16964215 0.21399188 0.21285658 0.08594111]

rule26: 772.910 < fine_aggregate < 827.578
probabilities_array:[0.         0.11143937 0.02763923 0.16092066 0.07140064 0.05825365
 0.21443932 0.15244372 0.00766939 0.15177704 0.04401705]

rule10: 52.551 < fly_ash < 95.965
probabilities_array:[0.00149481 0.         0.08982243 0.12329611 0.17544858 0.07187924
 0.20789546 0.23565693 0.07921854 0.         0.01528793]

rule3: cement > 352.736
probabilities_array:[0.         0.         0.         0.02580835 0.00337859 0.18807325
 0.20509107 0.08102815 0.17355447 0.24770437 0.07536173]

rule31: age > 85.661
probabilities_array:[0.         0.         0.02460283 0.02577198 0.0807803  0.15517254
 0.18303618 0.14833306 0.14566733 0.23663582 0.        ]

rule14: 181.590 < water < 196.133
probabilities_array:[0.21709032 0.11351206 0.14564228 0.0969385  0.12479938 0.01089476
 0.18508826 0.08525027 0.         0.00172836 0.01905587]

rule18: 6.083 < superplasticizer < 10.143
probabilities_array:[0.07598365 0.         0.1288242  0.11926553 0.04398842 0.06527271
 0.156069   0.10486892 0.12319113 0.16436741 0.01816903]

rule20: coarse_aggregate < 921.481
probabilities_array:[0.         0.         0.         0.02522199 0.2308112  0.
 0.16132802 0.14695914 0.0794557  0.2029988  0.15322526]

rule15: water > 196.133
probabilities_array:[0.25933895 0.01347547 0.16735828 0.14697585 0.189792   0.0142095
 0.12888604 0.0671822  0.01278172 0.         0.        ]

rule4: blast_furnace_slag < 17.060
probabilities_array:[0.13242413 0.13854212 0.16288972 0.         0.02670817 0.13680927
 0.14249322 0.02296354 0.         0.12072361 0.11644618]

rule21: 921.481 < coarse_aggregate < 973.808
probabilities_array:[0.07037092 0.06947751 0.13480498 0.10140773 0.         0.20236555
 0.11572705 0.08298849 0.03188571 0.15039884 0.04057319]

rule25: 718.242 < fine_aggregate < 772.910
probabilities_array:[0.014992   0.10778117 0.02628741 0.00284282 0.11209345 0.04306442
 0.10259499 0.13818811 0.18387347 0.23342517 0.03485698]

rule5: 17.060 < blast_furnace_slag < 75.111
probabilities_array:[0.1050161  0.         0.         0.00979331 0.29333085 0.10777151
 0.08707144 0.0719104  0.21690558 0.0041318  0.10406899]

rule2: 282.445 < cement < 352.736
probabilities_array:[0.00084227 0.06199657 0.01677689 0.00352061 0.0975049  0.23903584
 0.07885601 0.10785601 0.28424093 0.06422532 0.0451446 ]

rule24: fine_aggregate < 718.242
probabilities_array:[0.00737661 0.         0.0051554  0.12994833 0.02422003 0.01184331
 0.05853459 0.18910827 0.2946164  0.2663723  0.01282482]

rule23: coarse_aggregate > 1026.135
probabilities_array:[0.09115594 0.         0.12181511 0.         0.01199546 0.
 0.05118309 0.1540527  0.1773093  0.3293409  0.06314747]

rule29: 2.916 < age < 44.288
probabilities_array:[0.1837689  0.18526128 0.17243235 0.09552588 0.15284431 0.10245386
 0.047104   0.03153547 0.01609585 0.         0.01297804]

rule11: fly_ash > 95.965
probabilities_array:[0.11276358 0.18273713 0.1047743  0.11618636 0.0706779  0.14227985
 0.04243313 0.06229876 0.16528772 0.         0.00056133]


---7---
rule10: 52.551 < fly_ash < 95.965
probabilities_array:[0.00149481 0.         0.08982243 0.12329611 0.17544858 0.07187924
 0.20789546 0.23565693 0.07921854 0.         0.01528793]

rule13: 167.047 < water < 181.590
probabilities_array:[0.06553388 0.         0.04557922 0.19239883 0.16502017 0.05995142
 0.01046927 0.21924217 0.         0.17878264 0.06302242]

rule1: 212.154 < cement < 282.445
probabilities_array:[0.10726604 0.11278555 0.02349399 0.22047146 0.16117002 0.
 0.         0.19628109 0.1264316  0.01776933 0.03433093]

rule24: fine_aggregate < 718.242
probabilities_array:[0.00737661 0.         0.0051554  0.12994833 0.02422003 0.01184331
 0.05853459 0.18910827 0.2946164  0.2663723  0.01282482]

rule6: 75.111 < blast_furnace_slag < 133.161
probabilities_array:[0.00146363 0.03833646 0.0124044  0.         0.0071268  0.0321011
 0.22613582 0.16964215 0.21399188 0.21285658 0.08594111]

rule30: 44.288 < age < 85.661
probabilities_array:[0.         0.         0.         0.01137414 0.         0.
 0.         0.1879157  0.29393438 0.323125   0.18365079]

rule31: age > 85.661
probabilities_array:[0.         0.         0.02460283 0.02577198 0.0807803  0.15517254
 0.18303618 0.14833306 0.14566733 0.23663582 0.        ]

rule26: 772.910 < fine_aggregate < 827.578
probabilities_array:[0.         0.11143937 0.02763923 0.16092066 0.07140064 0.05825365
 0.21443932 0.15244372 0.00766939 0.15177704 0.04401705]

rule23: coarse_aggregate > 1026.135
probabilities_array:[0.09115594 0.         0.12181511 0.         0.01199546 0.
 0.05118309 0.1540527  0.1773093  0.3293409  0.06314747]

rule22: 973.808 < coarse_aggregate < 1026.135
probabilities_array:[0.         0.0589887  0.10687464 0.02764519 0.10689519 0.27510253
 0.         0.1475561  0.16659597 0.02960544 0.0807362 ]

rule25: 718.242 < fine_aggregate < 772.910
probabilities_array:[0.014992   0.10778117 0.02628741 0.00284282 0.11209345 0.04306442
 0.10259499 0.13818811 0.18387347 0.23342517 0.03485698]

rule20: coarse_aggregate < 921.481
probabilities_array:[0.         0.         0.         0.02522199 0.2308112  0.
 0.16132802 0.14695914 0.0794557  0.2029988  0.15322526]

rule2: 282.445 < cement < 352.736
probabilities_array:[0.00084227 0.06199657 0.01677689 0.00352061 0.0975049  0.23903584
 0.07885601 0.10785601 0.28424093 0.06422532 0.0451446 ]

rule18: 6.083 < superplasticizer < 10.143
probabilities_array:[0.07598365 0.         0.1288242  0.11926553 0.04398842 0.06527271
 0.156069   0.10486892 0.12319113 0.16436741 0.01816903]

rule19: superplasticizer > 10.143
probabilities_array:[0.         0.         0.         0.00090071 0.2497778  0.
 0.00524368 0.11281715 0.18517163 0.22990356 0.21618547]

rule14: 181.590 < water < 196.133
probabilities_array:[0.21709032 0.11351206 0.14564228 0.0969385  0.12479938 0.01089476
 0.18508826 0.08525027 0.         0.00172836 0.01905587]

rule21: 921.481 < coarse_aggregate < 973.808
probabilities_array:[0.07037092 0.06947751 0.13480498 0.10140773 0.         0.20236555
 0.11572705 0.08298849 0.03188571 0.15039884 0.04057319]

rule3: cement > 352.736
probabilities_array:[0.         0.         0.         0.02580835 0.00337859 0.18807325
 0.20509107 0.08102815 0.17355447 0.24770437 0.07536173]

rule15: water > 196.133
probabilities_array:[0.25933895 0.01347547 0.16735828 0.14697585 0.189792   0.0142095
 0.12888604 0.0671822  0.01278172 0.         0.        ]

rule5: 17.060 < blast_furnace_slag < 75.111
probabilities_array:[0.1050161  0.         0.         0.00979331 0.29333085 0.10777151
 0.08707144 0.0719104  0.21690558 0.0041318  0.10406899]

rule11: fly_ash > 95.965
probabilities_array:[0.11276358 0.18273713 0.1047743  0.11618636 0.0706779  0.14227985
 0.04243313 0.06229876 0.16528772 0.         0.00056133]

rule7: blast_furnace_slag > 133.161
probabilities_array:[0.         0.         0.00561086 0.28386417 0.0132084  0.1460706
 0.         0.07482652 0.12626497 0.18193567 0.16821875]

rule9: 9.136 < fly_ash < 52.551
probabilities_array:[0.14118363 0.18670306 0.         0.25373217 0.         0.
 0.         0.05092908 0.         0.3022636  0.06518845]


---8---
rule24: fine_aggregate < 718.242
probabilities_array:[0.00737661 0.         0.0051554  0.12994833 0.02422003 0.01184331
 0.05853459 0.18910827 0.2946164  0.2663723  0.01282482]

rule2: 282.445 < cement < 352.736
probabilities_array:[0.00084227 0.06199657 0.01677689 0.00352061 0.0975049  0.23903584
 0.07885601 0.10785601 0.28424093 0.06422532 0.0451446 ]

rule30: 44.288 < age < 85.661
probabilities_array:[0.         0.         0.         0.01137414 0.         0.
 0.         0.1879157  0.29393438 0.323125   0.18365079]

rule6: 75.111 < blast_furnace_slag < 133.161
probabilities_array:[0.00146363 0.03833646 0.0124044  0.         0.0071268  0.0321011
 0.22613582 0.16964215 0.21399188 0.21285658 0.08594111]

rule5: 17.060 < blast_furnace_slag < 75.111
probabilities_array:[0.1050161  0.         0.         0.00979331 0.29333085 0.10777151
 0.08707144 0.0719104  0.21690558 0.0041318  0.10406899]

rule12: water < 167.047
probabilities_array:[0.         0.         0.         0.         0.         0.0430994
 0.01408921 0.00497532 0.29308617 0.29114664 0.35360324]

rule25: 718.242 < fine_aggregate < 772.910
probabilities_array:[0.014992   0.10778117 0.02628741 0.00284282 0.11209345 0.04306442
 0.10259499 0.13818811 0.18387347 0.23342517 0.03485698]

rule23: coarse_aggregate > 1026.135
probabilities_array:[0.09115594 0.         0.12181511 0.         0.01199546 0.
 0.05118309 0.1540527  0.1773093  0.3293409  0.06314747]

rule11: fly_ash > 95.965
probabilities_array:[0.11276358 0.18273713 0.1047743  0.11618636 0.0706779  0.14227985
 0.04243313 0.06229876 0.16528772 0.         0.00056133]

rule3: cement > 352.736
probabilities_array:[0.         0.         0.         0.02580835 0.00337859 0.18807325
 0.20509107 0.08102815 0.17355447 0.24770437 0.07536173]

rule22: 973.808 < coarse_aggregate < 1026.135
probabilities_array:[0.         0.0589887  0.10687464 0.02764519 0.10689519 0.27510253
 0.         0.1475561  0.16659597 0.02960544 0.0807362 ]

rule31: age > 85.661
probabilities_array:[0.         0.         0.02460283 0.02577198 0.0807803  0.15517254
 0.18303618 0.14833306 0.14566733 0.23663582 0.        ]

rule19: superplasticizer > 10.143
probabilities_array:[0.         0.         0.         0.00090071 0.2497778  0.
 0.00524368 0.11281715 0.18517163 0.22990356 0.21618547]

rule1: 212.154 < cement < 282.445
probabilities_array:[0.10726604 0.11278555 0.02349399 0.22047146 0.16117002 0.
 0.         0.19628109 0.1264316  0.01776933 0.03433093]

rule18: 6.083 < superplasticizer < 10.143
probabilities_array:[0.07598365 0.         0.1288242  0.11926553 0.04398842 0.06527271
 0.156069   0.10486892 0.12319113 0.16436741 0.01816903]

rule7: blast_furnace_slag > 133.161
probabilities_array:[0.         0.         0.00561086 0.28386417 0.0132084  0.1460706
 0.         0.07482652 0.12626497 0.18193567 0.16821875]

rule16: superplasticizer < 2.023
probabilities_array:[0.17247185 0.23020686 0.1832982  0.00913737 0.06066421 0.21840869
 0.0024409  0.00418136 0.09037878 0.         0.02881176]

rule10: 52.551 < fly_ash < 95.965
probabilities_array:[0.00149481 0.         0.08982243 0.12329611 0.17544858 0.07187924
 0.20789546 0.23565693 0.07921854 0.         0.01528793]

rule20: coarse_aggregate < 921.481
probabilities_array:[0.         0.         0.         0.02522199 0.2308112  0.
 0.16132802 0.14695914 0.0794557  0.2029988  0.15322526]


---9---
rule23: coarse_aggregate > 1026.135
probabilities_array:[0.09115594 0.         0.12181511 0.         0.01199546 0.
 0.05118309 0.1540527  0.1773093  0.3293409  0.06314747]

rule9: 9.136 < fly_ash < 52.551
probabilities_array:[0.14118363 0.18670306 0.         0.25373217 0.         0.
 0.         0.05092908 0.         0.3022636  0.06518845]

rule30: 44.288 < age < 85.661
probabilities_array:[0.         0.         0.         0.01137414 0.         0.
 0.         0.1879157  0.29393438 0.323125   0.18365079]

rule24: fine_aggregate < 718.242
probabilities_array:[0.00737661 0.         0.0051554  0.12994833 0.02422003 0.01184331
 0.05853459 0.18910827 0.2946164  0.2663723  0.01282482]

rule31: age > 85.661
probabilities_array:[0.         0.         0.02460283 0.02577198 0.0807803  0.15517254
 0.18303618 0.14833306 0.14566733 0.23663582 0.        ]

rule3: cement > 352.736
probabilities_array:[0.         0.         0.         0.02580835 0.00337859 0.18807325
 0.20509107 0.08102815 0.17355447 0.24770437 0.07536173]

rule25: 718.242 < fine_aggregate < 772.910
probabilities_array:[0.014992   0.10778117 0.02628741 0.00284282 0.11209345 0.04306442
 0.10259499 0.13818811 0.18387347 0.23342517 0.03485698]

rule17: 2.023 < superplasticizer < 6.083
probabilities_array:[5.3524546e-02 0.0000000e+00 2.2575273e-01 1.7831258e-01 4.3014485e-02
 0.0000000e+00 2.4345756e-01 1.3718840e-04 0.0000000e+00 2.0722564e-01
 4.8575278e-02]

rule6: 75.111 < blast_furnace_slag < 133.161
probabilities_array:[0.00146363 0.03833646 0.0124044  0.         0.0071268  0.0321011
 0.22613582 0.16964215 0.21399188 0.21285658 0.08594111]

rule12: water < 167.047
probabilities_array:[0.         0.         0.         0.         0.         0.0430994
 0.01408921 0.00497532 0.29308617 0.29114664 0.35360324]

rule19: superplasticizer > 10.143
probabilities_array:[0.         0.         0.         0.00090071 0.2497778  0.
 0.00524368 0.11281715 0.18517163 0.22990356 0.21618547]

rule20: coarse_aggregate < 921.481
probabilities_array:[0.         0.         0.         0.02522199 0.2308112  0.
 0.16132802 0.14695914 0.0794557  0.2029988  0.15322526]

rule13: 167.047 < water < 181.590
probabilities_array:[0.06553388 0.         0.04557922 0.19239883 0.16502017 0.05995142
 0.01046927 0.21924217 0.         0.17878264 0.06302242]

rule18: 6.083 < superplasticizer < 10.143
probabilities_array:[0.07598365 0.         0.1288242  0.11926553 0.04398842 0.06527271
 0.156069   0.10486892 0.12319113 0.16436741 0.01816903]

rule7: blast_furnace_slag > 133.161
probabilities_array:[0.         0.         0.00561086 0.28386417 0.0132084  0.1460706
 0.         0.07482652 0.12626497 0.18193567 0.16821875]

rule26: 772.910 < fine_aggregate < 827.578
probabilities_array:[0.         0.11143937 0.02763923 0.16092066 0.07140064 0.05825365
 0.21443932 0.15244372 0.00766939 0.15177704 0.04401705]

rule21: 921.481 < coarse_aggregate < 973.808
probabilities_array:[0.07037092 0.06947751 0.13480498 0.10140773 0.         0.20236555
 0.11572705 0.08298849 0.03188571 0.15039884 0.04057319]

rule27: fine_aggregate > 827.578
probabilities_array:[0.21413405 0.11502056 0.05992955 0.11102675 0.06785779 0.
 0.         0.04861253 0.         0.14941378 0.23400497]

rule8: fly_ash < 9.136
probabilities_array:[0.         0.         0.         0.         0.         0.
 0.         0.00705497 0.05913927 0.3058093  0.62799644]

rule4: blast_furnace_slag < 17.060
probabilities_array:[0.13242413 0.13854212 0.16288972 0.         0.02670817 0.13680927
 0.14249322 0.02296354 0.         0.12072361 0.11644618]

rule2: 282.445 < cement < 352.736
probabilities_array:[0.00084227 0.06199657 0.01677689 0.00352061 0.0975049  0.23903584
 0.07885601 0.10785601 0.28424093 0.06422532 0.0451446 ]

