R2: 0.40193397532525243

MAE: 9.945235294117648

MSE: 160.67337852941176

Accuracy: 0.2735294117647059

F1: 0.2601256012856074

Confusion Matrix: [[11, 5, 3, 1, 1, 1, 0, 0, 0, 0], [11, 11, 5, 2, 7, 1, 0, 1, 0, 0], [6, 6, 8, 4, 0, 1, 0, 1, 2, 1], [4, 4, 8, 3, 3, 4, 3, 1, 0, 3], [1, 9, 5, 2, 7, 2, 7, 4, 2, 2], [4, 3, 7, 1, 1, 8, 3, 3, 2, 5], [1, 2, 2, 0, 3, 3, 6, 1, 11, 4], [0, 4, 3, 0, 5, 3, 10, 2, 3, 6], [0, 1, 1, 0, 3, 2, 2, 8, 15, 10], [0, 0, 1, 0, 2, 1, 1, 0, 2, 22]]

Uncertainties: {'class0': [0.0, 0.019595978781580925, 0.023346154019236565, 0.024243870750069618, 0.026278657838702202], 'class1': [0.0, 0.019595978781580925, 0.024243870750069618, 0.026278657838702202, 0.031940240412950516], 'class2': [0.0, 0.019595978781580925, 0.02208988182246685, 0.023346154019236565, 0.026278657838702202], 'class3': [0.0, 0.019595978781580925, 0.02208988182246685, 0.023346154019236565, 0.024243870750069618], 'class4': [0.0, 0.019595978781580925, 0.02208988182246685, 0.023346154019236565, 0.024243870750069618], 'class5': [0.0, 0.019595978781580925, 0.02208988182246685, 0.04344003647565842, 0.0541546568274498], 'class6': [0.0, 0.0, 0.02208988182246685, 0.023346154019236565, 0.024243870750069618], 'class7': [0.0, 0.0, 0.019595978781580925, 0.02208988182246685, 0.024243870750069618], 'class8': [0.0, 0.023346154019236565, 0.024243870750069618, 0.034535620361566544, 0.04344003647565842], 'class9': [0.0, 0.023346154019236565, 0.026278657838702202, 0.04344003647565842, 0.04438335821032524]}

Most important rules
-----------------------------

---0---
rule0: cement < 208.739
probabilities_array:[0.31700486 0.2347982  0.07578037 0.14572877 0.09863494 0.02339791
 0.00244823 0.00469339 0.06297763 0.         0.03453562]

rule28: age < 4.158
probabilities_array:[0.34835956 0.32324514 0.2029306  0.         0.00056997 0.
 0.         0.         0.         0.         0.12489476]

rule14: 182.178 < water < 196.658
probabilities_array:[0.26286545 0.16053462 0.05443028 0.08455239 0.04901084 0.00726417
 0.28756464 0.06183747 0.         0.         0.03194024]

rule15: water > 196.658
probabilities_array:[0.25023037 0.08476266 0.18597196 0.08797447 0.18065214 0.01933553
 0.10176086 0.06122691 0.02808512 0.         0.        ]

rule9: 12.828 < fly_ash < 55.961
probabilities_array:[0.2135721  0.00875114 0.         0.         0.28025126 0.
 0.01131813 0.02736603 0.30425173 0.09450563 0.05998403]

rule16: superplasticizer < 2.270
probabilities_array:[0.2261334  0.18832986 0.1438249  0.02287039 0.09934289 0.13934651
 0.05107003 0.         0.         0.         0.12908213]

rule8: fly_ash < 12.828
probabilities_array:[0.2194921  0.12296472 0.         0.00059957 0.03586334 0.
 0.         0.         0.18144736 0.25528944 0.18434349]

rule27: fine_aggregate > 827.183
probabilities_array:[0.1806661  0.11698241 0.1482888  0.12214859 0.08293473 0.12241536
 0.01685535 0.18218936 0.         0.00792333 0.01959598]

rule13: 167.699 < water < 182.178
probabilities_array:[1.9549668e-01 1.2439843e-05 0.0000000e+00 1.5842190e-02 3.6567632e-02
 5.4735243e-02 1.8628109e-01 9.2177831e-02 7.5629572e-03 2.3365629e-01
 1.7766765e-01]

rule4: blast_furnace_slag < 16.751
probabilities_array:[0.16863184 0.20875452 0.09292408 0.03157081 0.0577511  0.22113526
 0.00344708 0.         0.13209637 0.01103533 0.07265366]

rule23: coarse_aggregate > 1023.508
probabilities_array:[0.15366147 0.10517658 0.14864615 0.07489748 0.02860174 0.
 0.03237467 0.1914643  0.02295745 0.21594135 0.02627866]

rule20: coarse_aggregate < 918.423
probabilities_array:[0.14459218 0.05283009 0.         0.         0.14320296 0.01315167
 0.15522726 0.03444197 0.22292013 0.18925036 0.04438336]

rule1: 208.739 < cement < 277.414
probabilities_array:[0.13790964 0.18704823 0.02610437 0.08555432 0.20932113 0.
 0.09353045 0.08691232 0.10847183 0.04090386 0.02424387]

rule5: 16.751 < blast_furnace_slag < 74.865
probabilities_array:[0.08947543 0.         0.03258206 0.         0.         0.
 0.         0.24078886 0.21544646 0.2593934  0.16231382]

rule26: 773.611 < fine_aggregate < 827.183
probabilities_array:[0.0687922  0.14309384 0.17272757 0.09359069 0.01227252 0.13670863
 0.20933044 0.         0.01547579 0.06688047 0.08112784]

rule22: 970.965 < coarse_aggregate < 1023.508
probabilities_array:[0.06806513 0.1727694  0.12762742 0.00180373 0.         0.1605943
 0.07592702 0.         0.21343444 0.01474175 0.16503681]

rule11: fly_ash > 99.095
probabilities_array:[0.05975148 0.00047338 0.10993613 0.22917585 0.         0.1946245
 0.03279239 0.289837   0.02739619 0.00185843 0.05415466]

rule17: 2.270 < superplasticizer < 6.282
probabilities_array:[0.05382995 0.         0.2140884  0.08832577 0.08083651 0.01246065
 0.23328161 0.         0.13953322 0.15429768 0.02334615]

rule21: 918.423 < coarse_aggregate < 970.965
probabilities_array:[0.04915752 0.00996101 0.12561795 0.1619306  0.00255753 0.25603208
 0.02475475 0.05476909 0.0607129  0.1427116  0.11179505]


---1---
rule28: age < 4.158
probabilities_array:[0.34835956 0.32324514 0.2029306  0.         0.00056997 0.
 0.         0.         0.         0.         0.12489476]

rule0: cement < 208.739
probabilities_array:[0.31700486 0.2347982  0.07578037 0.14572877 0.09863494 0.02339791
 0.00244823 0.00469339 0.06297763 0.         0.03453562]

rule4: blast_furnace_slag < 16.751
probabilities_array:[0.16863184 0.20875452 0.09292408 0.03157081 0.0577511  0.22113526
 0.00344708 0.         0.13209637 0.01103533 0.07265366]

rule1: 208.739 < cement < 277.414
probabilities_array:[0.13790964 0.18704823 0.02610437 0.08555432 0.20932113 0.
 0.09353045 0.08691232 0.10847183 0.04090386 0.02424387]

rule16: superplasticizer < 2.270
probabilities_array:[0.2261334  0.18832986 0.1438249  0.02287039 0.09934289 0.13934651
 0.05107003 0.         0.         0.         0.12908213]

rule14: 182.178 < water < 196.658
probabilities_array:[0.26286545 0.16053462 0.05443028 0.08455239 0.04901084 0.00726417
 0.28756464 0.06183747 0.         0.         0.03194024]

rule22: 970.965 < coarse_aggregate < 1023.508
probabilities_array:[0.06806513 0.1727694  0.12762742 0.00180373 0.         0.1605943
 0.07592702 0.         0.21343444 0.01474175 0.16503681]

rule26: 773.611 < fine_aggregate < 827.183
probabilities_array:[0.0687922  0.14309384 0.17272757 0.09359069 0.01227252 0.13670863
 0.20933044 0.         0.01547579 0.06688047 0.08112784]

rule27: fine_aggregate > 827.183
probabilities_array:[0.1806661  0.11698241 0.1482888  0.12214859 0.08293473 0.12241536
 0.01685535 0.18218936 0.         0.00792333 0.01959598]

rule18: 6.282 < superplasticizer < 10.295
probabilities_array:[0.00675627 0.12085786 0.06339819 0.13407671 0.         0.
 0.         0.25730103 0.26445746 0.00833756 0.14481486]

rule23: coarse_aggregate > 1023.508
probabilities_array:[0.15366147 0.10517658 0.14864615 0.07489748 0.02860174 0.
 0.03237467 0.1914643  0.02295745 0.21594135 0.02627866]

rule8: fly_ash < 12.828
probabilities_array:[0.2194921  0.12296472 0.         0.00059957 0.03586334 0.
 0.         0.         0.18144736 0.25528944 0.18434349]

rule12: water < 167.699
probabilities_array:[0.         0.11661945 0.         0.         0.         0.15423954
 0.         0.04046352 0.28032506 0.26317447 0.14517795]

rule15: water > 196.658
probabilities_array:[0.25023037 0.08476266 0.18597196 0.08797447 0.18065214 0.01933553
 0.10176086 0.06122691 0.02808512 0.         0.        ]

rule2: 277.414 < cement < 346.090
probabilities_array:[0.         0.09217709 0.00960419 0.04140783 0.16367096 0.18708542
 0.06498122 0.05177249 0.17125578 0.13278079 0.08526427]

rule19: superplasticizer > 10.295
probabilities_array:[0.         0.07137363 0.         0.0177112  0.26652282 0.02589128
 0.02332019 0.1212499  0.13802089 0.22480397 0.11110617]

rule24: fine_aggregate < 720.038
probabilities_array:[0.03033985 0.06591893 0.         0.         0.         0.0917884
 0.05024249 0.2585152  0.28241277 0.17734237 0.04344004]

rule6: 74.865 < blast_furnace_slag < 132.978
probabilities_array:[0.03715316 0.06098432 0.         0.         0.00942253 0.
 0.21735485 0.24602555 0.15686576 0.19654453 0.07564929]

rule20: coarse_aggregate < 918.423
probabilities_array:[0.14459218 0.05283009 0.         0.         0.14320296 0.01315167
 0.15522726 0.03444197 0.22292013 0.18925036 0.04438336]


---2---
rule29: 4.158 < age < 45.422
probabilities_array:[0.         0.033823   0.23889206 0.15875298 0.21164216 0.15669163
 0.04264957 0.07331137 0.03422849 0.02791889 0.02208988]

rule17: 2.270 < superplasticizer < 6.282
probabilities_array:[0.05382995 0.         0.2140884  0.08832577 0.08083651 0.01246065
 0.23328161 0.         0.13953322 0.15429768 0.02334615]

rule15: water > 196.658
probabilities_array:[0.25023037 0.08476266 0.18597196 0.08797447 0.18065214 0.01933553
 0.10176086 0.06122691 0.02808512 0.         0.        ]

rule28: age < 4.158
probabilities_array:[0.34835956 0.32324514 0.2029306  0.         0.00056997 0.
 0.         0.         0.         0.         0.12489476]

rule26: 773.611 < fine_aggregate < 827.183
probabilities_array:[0.0687922  0.14309384 0.17272757 0.09359069 0.01227252 0.13670863
 0.20933044 0.         0.01547579 0.06688047 0.08112784]

rule27: fine_aggregate > 827.183
probabilities_array:[0.1806661  0.11698241 0.1482888  0.12214859 0.08293473 0.12241536
 0.01685535 0.18218936 0.         0.00792333 0.01959598]

rule23: coarse_aggregate > 1023.508
probabilities_array:[0.15366147 0.10517658 0.14864615 0.07489748 0.02860174 0.
 0.03237467 0.1914643  0.02295745 0.21594135 0.02627866]

rule10: 55.961 < fly_ash < 99.095
probabilities_array:[0.         0.         0.14134498 0.16861603 0.07519636 0.00826597
 0.23407646 0.1515342  0.16993776 0.         0.05102823]

rule16: superplasticizer < 2.270
probabilities_array:[0.2261334  0.18832986 0.1438249  0.02287039 0.09934289 0.13934651
 0.05107003 0.         0.         0.         0.12908213]

rule21: 918.423 < coarse_aggregate < 970.965
probabilities_array:[0.04915752 0.00996101 0.12561795 0.1619306  0.00255753 0.25603208
 0.02475475 0.05476909 0.0607129  0.1427116  0.11179505]

rule22: 970.965 < coarse_aggregate < 1023.508
probabilities_array:[0.06806513 0.1727694  0.12762742 0.00180373 0.         0.1605943
 0.07592702 0.         0.21343444 0.01474175 0.16503681]

rule11: fly_ash > 99.095
probabilities_array:[0.05975148 0.00047338 0.10993613 0.22917585 0.         0.1946245
 0.03279239 0.289837   0.02739619 0.00185843 0.05415466]

rule4: blast_furnace_slag < 16.751
probabilities_array:[0.16863184 0.20875452 0.09292408 0.03157081 0.0577511  0.22113526
 0.00344708 0.         0.13209637 0.01103533 0.07265366]

rule0: cement < 208.739
probabilities_array:[0.31700486 0.2347982  0.07578037 0.14572877 0.09863494 0.02339791
 0.00244823 0.00469339 0.06297763 0.         0.03453562]

rule25: 720.038 < fine_aggregate < 773.611
probabilities_array:[0.         0.03718439 0.06705741 0.02996832 0.18013456 0.
 0.2540205  0.         0.13401003 0.20517214 0.0924527 ]

rule18: 6.282 < superplasticizer < 10.295
probabilities_array:[0.00675627 0.12085786 0.06339819 0.13407671 0.         0.
 0.         0.25730103 0.26445746 0.00833756 0.14481486]

rule14: 182.178 < water < 196.658
probabilities_array:[0.26286545 0.16053462 0.05443028 0.08455239 0.04901084 0.00726417
 0.28756464 0.06183747 0.         0.         0.03194024]


---3---
rule11: fly_ash > 99.095
probabilities_array:[0.05975148 0.00047338 0.10993613 0.22917585 0.         0.1946245
 0.03279239 0.289837   0.02739619 0.00185843 0.05415466]

rule7: blast_furnace_slag > 132.978
probabilities_array:[0.02504477 0.00636973 0.03348602 0.24472624 0.17584068 0.12784511
 0.10747511 0.         0.         0.15903702 0.12017532]

rule10: 55.961 < fly_ash < 99.095
probabilities_array:[0.         0.         0.14134498 0.16861603 0.07519636 0.00826597
 0.23407646 0.1515342  0.16993776 0.         0.05102823]

rule29: 4.158 < age < 45.422
probabilities_array:[0.         0.033823   0.23889206 0.15875298 0.21164216 0.15669163
 0.04264957 0.07331137 0.03422849 0.02791889 0.02208988]

rule21: 918.423 < coarse_aggregate < 970.965
probabilities_array:[0.04915752 0.00996101 0.12561795 0.1619306  0.00255753 0.25603208
 0.02475475 0.05476909 0.0607129  0.1427116  0.11179505]

rule0: cement < 208.739
probabilities_array:[0.31700486 0.2347982  0.07578037 0.14572877 0.09863494 0.02339791
 0.00244823 0.00469339 0.06297763 0.         0.03453562]

rule27: fine_aggregate > 827.183
probabilities_array:[0.1806661  0.11698241 0.1482888  0.12214859 0.08293473 0.12241536
 0.01685535 0.18218936 0.         0.00792333 0.01959598]

rule18: 6.282 < superplasticizer < 10.295
probabilities_array:[0.00675627 0.12085786 0.06339819 0.13407671 0.         0.
 0.         0.25730103 0.26445746 0.00833756 0.14481486]

rule15: water > 196.658
probabilities_array:[0.25023037 0.08476266 0.18597196 0.08797447 0.18065214 0.01933553
 0.10176086 0.06122691 0.02808512 0.         0.        ]

rule17: 2.270 < superplasticizer < 6.282
probabilities_array:[0.05382995 0.         0.2140884  0.08832577 0.08083651 0.01246065
 0.23328161 0.         0.13953322 0.15429768 0.02334615]

rule26: 773.611 < fine_aggregate < 827.183
probabilities_array:[0.0687922  0.14309384 0.17272757 0.09359069 0.01227252 0.13670863
 0.20933044 0.         0.01547579 0.06688047 0.08112784]

rule1: 208.739 < cement < 277.414
probabilities_array:[0.13790964 0.18704823 0.02610437 0.08555432 0.20932113 0.
 0.09353045 0.08691232 0.10847183 0.04090386 0.02424387]

rule14: 182.178 < water < 196.658
probabilities_array:[0.26286545 0.16053462 0.05443028 0.08455239 0.04901084 0.00726417
 0.28756464 0.06183747 0.         0.         0.03194024]

rule23: coarse_aggregate > 1023.508
probabilities_array:[0.15366147 0.10517658 0.14864615 0.07489748 0.02860174 0.
 0.03237467 0.1914643  0.02295745 0.21594135 0.02627866]


---4---
rule9: 12.828 < fly_ash < 55.961
probabilities_array:[0.2135721  0.00875114 0.         0.         0.28025126 0.
 0.01131813 0.02736603 0.30425173 0.09450563 0.05998403]

rule19: superplasticizer > 10.295
probabilities_array:[0.         0.07137363 0.         0.0177112  0.26652282 0.02589128
 0.02332019 0.1212499  0.13802089 0.22480397 0.11110617]

rule29: 4.158 < age < 45.422
probabilities_array:[0.         0.033823   0.23889206 0.15875298 0.21164216 0.15669163
 0.04264957 0.07331137 0.03422849 0.02791889 0.02208988]

rule1: 208.739 < cement < 277.414
probabilities_array:[0.13790964 0.18704823 0.02610437 0.08555432 0.20932113 0.
 0.09353045 0.08691232 0.10847183 0.04090386 0.02424387]

rule15: water > 196.658
probabilities_array:[0.25023037 0.08476266 0.18597196 0.08797447 0.18065214 0.01933553
 0.10176086 0.06122691 0.02808512 0.         0.        ]

rule25: 720.038 < fine_aggregate < 773.611
probabilities_array:[0.         0.03718439 0.06705741 0.02996832 0.18013456 0.
 0.2540205  0.         0.13401003 0.20517214 0.0924527 ]

rule7: blast_furnace_slag > 132.978
probabilities_array:[0.02504477 0.00636973 0.03348602 0.24472624 0.17584068 0.12784511
 0.10747511 0.         0.         0.15903702 0.12017532]

rule2: 277.414 < cement < 346.090
probabilities_array:[0.         0.09217709 0.00960419 0.04140783 0.16367096 0.18708542
 0.06498122 0.05177249 0.17125578 0.13278079 0.08526427]

rule20: coarse_aggregate < 918.423
probabilities_array:[0.14459218 0.05283009 0.         0.         0.14320296 0.01315167
 0.15522726 0.03444197 0.22292013 0.18925036 0.04438336]

rule0: cement < 208.739
probabilities_array:[0.31700486 0.2347982  0.07578037 0.14572877 0.09863494 0.02339791
 0.00244823 0.00469339 0.06297763 0.         0.03453562]

rule16: superplasticizer < 2.270
probabilities_array:[0.2261334  0.18832986 0.1438249  0.02287039 0.09934289 0.13934651
 0.05107003 0.         0.         0.         0.12908213]

rule27: fine_aggregate > 827.183
probabilities_array:[0.1806661  0.11698241 0.1482888  0.12214859 0.08293473 0.12241536
 0.01685535 0.18218936 0.         0.00792333 0.01959598]

rule17: 2.270 < superplasticizer < 6.282
probabilities_array:[0.05382995 0.         0.2140884  0.08832577 0.08083651 0.01246065
 0.23328161 0.         0.13953322 0.15429768 0.02334615]

rule10: 55.961 < fly_ash < 99.095
probabilities_array:[0.         0.         0.14134498 0.16861603 0.07519636 0.00826597
 0.23407646 0.1515342  0.16993776 0.         0.05102823]

rule4: blast_furnace_slag < 16.751
probabilities_array:[0.16863184 0.20875452 0.09292408 0.03157081 0.0577511  0.22113526
 0.00344708 0.         0.13209637 0.01103533 0.07265366]

rule14: 182.178 < water < 196.658
probabilities_array:[0.26286545 0.16053462 0.05443028 0.08455239 0.04901084 0.00726417
 0.28756464 0.06183747 0.         0.         0.03194024]


---5---
rule21: 918.423 < coarse_aggregate < 970.965
probabilities_array:[0.04915752 0.00996101 0.12561795 0.1619306  0.00255753 0.25603208
 0.02475475 0.05476909 0.0607129  0.1427116  0.11179505]

rule4: blast_furnace_slag < 16.751
probabilities_array:[0.16863184 0.20875452 0.09292408 0.03157081 0.0577511  0.22113526
 0.00344708 0.         0.13209637 0.01103533 0.07265366]

rule11: fly_ash > 99.095
probabilities_array:[0.05975148 0.00047338 0.10993613 0.22917585 0.         0.1946245
 0.03279239 0.289837   0.02739619 0.00185843 0.05415466]

rule2: 277.414 < cement < 346.090
probabilities_array:[0.         0.09217709 0.00960419 0.04140783 0.16367096 0.18708542
 0.06498122 0.05177249 0.17125578 0.13278079 0.08526427]

rule29: 4.158 < age < 45.422
probabilities_array:[0.         0.033823   0.23889206 0.15875298 0.21164216 0.15669163
 0.04264957 0.07331137 0.03422849 0.02791889 0.02208988]

rule22: 970.965 < coarse_aggregate < 1023.508
probabilities_array:[0.06806513 0.1727694  0.12762742 0.00180373 0.         0.1605943
 0.07592702 0.         0.21343444 0.01474175 0.16503681]

rule12: water < 167.699
probabilities_array:[0.         0.11661945 0.         0.         0.         0.15423954
 0.         0.04046352 0.28032506 0.26317447 0.14517795]

rule26: 773.611 < fine_aggregate < 827.183
probabilities_array:[0.0687922  0.14309384 0.17272757 0.09359069 0.01227252 0.13670863
 0.20933044 0.         0.01547579 0.06688047 0.08112784]

rule16: superplasticizer < 2.270
probabilities_array:[0.2261334  0.18832986 0.1438249  0.02287039 0.09934289 0.13934651
 0.05107003 0.         0.         0.         0.12908213]

rule27: fine_aggregate > 827.183
probabilities_array:[0.1806661  0.11698241 0.1482888  0.12214859 0.08293473 0.12241536
 0.01685535 0.18218936 0.         0.00792333 0.01959598]

rule31: age > 86.685
probabilities_array:[0.         0.         0.0055793  0.01881225 0.02760032 0.11371387
 0.19948226 0.20861603 0.20026751 0.2259285  0.        ]

rule7: blast_furnace_slag > 132.978
probabilities_array:[0.02504477 0.00636973 0.03348602 0.24472624 0.17584068 0.12784511
 0.10747511 0.         0.         0.15903702 0.12017532]

rule24: fine_aggregate < 720.038
probabilities_array:[0.03033985 0.06591893 0.         0.         0.         0.0917884
 0.05024249 0.2585152  0.28241277 0.17734237 0.04344004]

rule30: 45.422 < age < 86.685
probabilities_array:[0.         0.         0.         0.00113145 0.         0.09988621
 0.00281726 0.07756341 0.2724777  0.32664543 0.21947856]

rule3: cement > 346.090
probabilities_array:[0.         0.00904649 0.         0.         0.00307109 0.06249217
 0.3044453  0.03848448 0.1601226  0.2824085  0.1399294 ]

rule13: 167.699 < water < 182.178
probabilities_array:[1.9549668e-01 1.2439843e-05 0.0000000e+00 1.5842190e-02 3.6567632e-02
 5.4735243e-02 1.8628109e-01 9.2177831e-02 7.5629572e-03 2.3365629e-01
 1.7766765e-01]


---6---
rule14: 182.178 < water < 196.658
probabilities_array:[0.26286545 0.16053462 0.05443028 0.08455239 0.04901084 0.00726417
 0.28756464 0.06183747 0.         0.         0.03194024]

rule3: cement > 346.090
probabilities_array:[0.         0.00904649 0.         0.         0.00307109 0.06249217
 0.3044453  0.03848448 0.1601226  0.2824085  0.1399294 ]

rule25: 720.038 < fine_aggregate < 773.611
probabilities_array:[0.         0.03718439 0.06705741 0.02996832 0.18013456 0.
 0.2540205  0.         0.13401003 0.20517214 0.0924527 ]

rule17: 2.270 < superplasticizer < 6.282
probabilities_array:[0.05382995 0.         0.2140884  0.08832577 0.08083651 0.01246065
 0.23328161 0.         0.13953322 0.15429768 0.02334615]

rule10: 55.961 < fly_ash < 99.095
probabilities_array:[0.         0.         0.14134498 0.16861603 0.07519636 0.00826597
 0.23407646 0.1515342  0.16993776 0.         0.05102823]

rule6: 74.865 < blast_furnace_slag < 132.978
probabilities_array:[0.03715316 0.06098432 0.         0.         0.00942253 0.
 0.21735485 0.24602555 0.15686576 0.19654453 0.07564929]

rule31: age > 86.685
probabilities_array:[0.         0.         0.0055793  0.01881225 0.02760032 0.11371387
 0.19948226 0.20861603 0.20026751 0.2259285  0.        ]

rule26: 773.611 < fine_aggregate < 827.183
probabilities_array:[0.0687922  0.14309384 0.17272757 0.09359069 0.01227252 0.13670863
 0.20933044 0.         0.01547579 0.06688047 0.08112784]

rule13: 167.699 < water < 182.178
probabilities_array:[1.9549668e-01 1.2439843e-05 0.0000000e+00 1.5842190e-02 3.6567632e-02
 5.4735243e-02 1.8628109e-01 9.2177831e-02 7.5629572e-03 2.3365629e-01
 1.7766765e-01]

rule20: coarse_aggregate < 918.423
probabilities_array:[0.14459218 0.05283009 0.         0.         0.14320296 0.01315167
 0.15522726 0.03444197 0.22292013 0.18925036 0.04438336]

rule15: water > 196.658
probabilities_array:[0.25023037 0.08476266 0.18597196 0.08797447 0.18065214 0.01933553
 0.10176086 0.06122691 0.02808512 0.         0.        ]

rule7: blast_furnace_slag > 132.978
probabilities_array:[0.02504477 0.00636973 0.03348602 0.24472624 0.17584068 0.12784511
 0.10747511 0.         0.         0.15903702 0.12017532]

rule1: 208.739 < cement < 277.414
probabilities_array:[0.13790964 0.18704823 0.02610437 0.08555432 0.20932113 0.
 0.09353045 0.08691232 0.10847183 0.04090386 0.02424387]

rule22: 970.965 < coarse_aggregate < 1023.508
probabilities_array:[0.06806513 0.1727694  0.12762742 0.00180373 0.         0.1605943
 0.07592702 0.         0.21343444 0.01474175 0.16503681]

rule2: 277.414 < cement < 346.090
probabilities_array:[0.         0.09217709 0.00960419 0.04140783 0.16367096 0.18708542
 0.06498122 0.05177249 0.17125578 0.13278079 0.08526427]

rule24: fine_aggregate < 720.038
probabilities_array:[0.03033985 0.06591893 0.         0.         0.         0.0917884
 0.05024249 0.2585152  0.28241277 0.17734237 0.04344004]

rule16: superplasticizer < 2.270
probabilities_array:[0.2261334  0.18832986 0.1438249  0.02287039 0.09934289 0.13934651
 0.05107003 0.         0.         0.         0.12908213]

rule29: 4.158 < age < 45.422
probabilities_array:[0.         0.033823   0.23889206 0.15875298 0.21164216 0.15669163
 0.04264957 0.07331137 0.03422849 0.02791889 0.02208988]


---7---
rule11: fly_ash > 99.095
probabilities_array:[0.05975148 0.00047338 0.10993613 0.22917585 0.         0.1946245
 0.03279239 0.289837   0.02739619 0.00185843 0.05415466]

rule24: fine_aggregate < 720.038
probabilities_array:[0.03033985 0.06591893 0.         0.         0.         0.0917884
 0.05024249 0.2585152  0.28241277 0.17734237 0.04344004]

rule6: 74.865 < blast_furnace_slag < 132.978
probabilities_array:[0.03715316 0.06098432 0.         0.         0.00942253 0.
 0.21735485 0.24602555 0.15686576 0.19654453 0.07564929]

rule18: 6.282 < superplasticizer < 10.295
probabilities_array:[0.00675627 0.12085786 0.06339819 0.13407671 0.         0.
 0.         0.25730103 0.26445746 0.00833756 0.14481486]

rule31: age > 86.685
probabilities_array:[0.         0.         0.0055793  0.01881225 0.02760032 0.11371387
 0.19948226 0.20861603 0.20026751 0.2259285  0.        ]

rule5: 16.751 < blast_furnace_slag < 74.865
probabilities_array:[0.08947543 0.         0.03258206 0.         0.         0.
 0.         0.24078886 0.21544646 0.2593934  0.16231382]

rule23: coarse_aggregate > 1023.508
probabilities_array:[0.15366147 0.10517658 0.14864615 0.07489748 0.02860174 0.
 0.03237467 0.1914643  0.02295745 0.21594135 0.02627866]

rule27: fine_aggregate > 827.183
probabilities_array:[0.1806661  0.11698241 0.1482888  0.12214859 0.08293473 0.12241536
 0.01685535 0.18218936 0.         0.00792333 0.01959598]

rule10: 55.961 < fly_ash < 99.095
probabilities_array:[0.         0.         0.14134498 0.16861603 0.07519636 0.00826597
 0.23407646 0.1515342  0.16993776 0.         0.05102823]

rule19: superplasticizer > 10.295
probabilities_array:[0.         0.07137363 0.         0.0177112  0.26652282 0.02589128
 0.02332019 0.1212499  0.13802089 0.22480397 0.11110617]

rule1: 208.739 < cement < 277.414
probabilities_array:[0.13790964 0.18704823 0.02610437 0.08555432 0.20932113 0.
 0.09353045 0.08691232 0.10847183 0.04090386 0.02424387]

rule13: 167.699 < water < 182.178
probabilities_array:[1.9549668e-01 1.2439843e-05 0.0000000e+00 1.5842190e-02 3.6567632e-02
 5.4735243e-02 1.8628109e-01 9.2177831e-02 7.5629572e-03 2.3365629e-01
 1.7766765e-01]

rule29: 4.158 < age < 45.422
probabilities_array:[0.         0.033823   0.23889206 0.15875298 0.21164216 0.15669163
 0.04264957 0.07331137 0.03422849 0.02791889 0.02208988]

rule15: water > 196.658
probabilities_array:[0.25023037 0.08476266 0.18597196 0.08797447 0.18065214 0.01933553
 0.10176086 0.06122691 0.02808512 0.         0.        ]

rule30: 45.422 < age < 86.685
probabilities_array:[0.         0.         0.         0.00113145 0.         0.09988621
 0.00281726 0.07756341 0.2724777  0.32664543 0.21947856]

rule14: 182.178 < water < 196.658
probabilities_array:[0.26286545 0.16053462 0.05443028 0.08455239 0.04901084 0.00726417
 0.28756464 0.06183747 0.         0.         0.03194024]

rule21: 918.423 < coarse_aggregate < 970.965
probabilities_array:[0.04915752 0.00996101 0.12561795 0.1619306  0.00255753 0.25603208
 0.02475475 0.05476909 0.0607129  0.1427116  0.11179505]

rule2: 277.414 < cement < 346.090
probabilities_array:[0.         0.09217709 0.00960419 0.04140783 0.16367096 0.18708542
 0.06498122 0.05177249 0.17125578 0.13278079 0.08526427]


---8---
rule9: 12.828 < fly_ash < 55.961
probabilities_array:[0.2135721  0.00875114 0.         0.         0.28025126 0.
 0.01131813 0.02736603 0.30425173 0.09450563 0.05998403]

rule24: fine_aggregate < 720.038
probabilities_array:[0.03033985 0.06591893 0.         0.         0.         0.0917884
 0.05024249 0.2585152  0.28241277 0.17734237 0.04344004]

rule12: water < 167.699
probabilities_array:[0.         0.11661945 0.         0.         0.         0.15423954
 0.         0.04046352 0.28032506 0.26317447 0.14517795]

rule18: 6.282 < superplasticizer < 10.295
probabilities_array:[0.00675627 0.12085786 0.06339819 0.13407671 0.         0.
 0.         0.25730103 0.26445746 0.00833756 0.14481486]

rule20: coarse_aggregate < 918.423
probabilities_array:[0.14459218 0.05283009 0.         0.         0.14320296 0.01315167
 0.15522726 0.03444197 0.22292013 0.18925036 0.04438336]

rule30: 45.422 < age < 86.685
probabilities_array:[0.         0.         0.         0.00113145 0.         0.09988621
 0.00281726 0.07756341 0.2724777  0.32664543 0.21947856]

rule31: age > 86.685
probabilities_array:[0.         0.         0.0055793  0.01881225 0.02760032 0.11371387
 0.19948226 0.20861603 0.20026751 0.2259285  0.        ]

rule5: 16.751 < blast_furnace_slag < 74.865
probabilities_array:[0.08947543 0.         0.03258206 0.         0.         0.
 0.         0.24078886 0.21544646 0.2593934  0.16231382]

rule22: 970.965 < coarse_aggregate < 1023.508
probabilities_array:[0.06806513 0.1727694  0.12762742 0.00180373 0.         0.1605943
 0.07592702 0.         0.21343444 0.01474175 0.16503681]

rule10: 55.961 < fly_ash < 99.095
probabilities_array:[0.         0.         0.14134498 0.16861603 0.07519636 0.00826597
 0.23407646 0.1515342  0.16993776 0.         0.05102823]

rule2: 277.414 < cement < 346.090
probabilities_array:[0.         0.09217709 0.00960419 0.04140783 0.16367096 0.18708542
 0.06498122 0.05177249 0.17125578 0.13278079 0.08526427]

rule8: fly_ash < 12.828
probabilities_array:[0.2194921  0.12296472 0.         0.00059957 0.03586334 0.
 0.         0.         0.18144736 0.25528944 0.18434349]

rule6: 74.865 < blast_furnace_slag < 132.978
probabilities_array:[0.03715316 0.06098432 0.         0.         0.00942253 0.
 0.21735485 0.24602555 0.15686576 0.19654453 0.07564929]

rule3: cement > 346.090
probabilities_array:[0.         0.00904649 0.         0.         0.00307109 0.06249217
 0.3044453  0.03848448 0.1601226  0.2824085  0.1399294 ]

rule17: 2.270 < superplasticizer < 6.282
probabilities_array:[0.05382995 0.         0.2140884  0.08832577 0.08083651 0.01246065
 0.23328161 0.         0.13953322 0.15429768 0.02334615]

rule19: superplasticizer > 10.295
probabilities_array:[0.         0.07137363 0.         0.0177112  0.26652282 0.02589128
 0.02332019 0.1212499  0.13802089 0.22480397 0.11110617]

rule4: blast_furnace_slag < 16.751
probabilities_array:[0.16863184 0.20875452 0.09292408 0.03157081 0.0577511  0.22113526
 0.00344708 0.         0.13209637 0.01103533 0.07265366]

rule25: 720.038 < fine_aggregate < 773.611
probabilities_array:[0.         0.03718439 0.06705741 0.02996832 0.18013456 0.
 0.2540205  0.         0.13401003 0.20517214 0.0924527 ]

rule1: 208.739 < cement < 277.414
probabilities_array:[0.13790964 0.18704823 0.02610437 0.08555432 0.20932113 0.
 0.09353045 0.08691232 0.10847183 0.04090386 0.02424387]

rule0: cement < 208.739
probabilities_array:[0.31700486 0.2347982  0.07578037 0.14572877 0.09863494 0.02339791
 0.00244823 0.00469339 0.06297763 0.         0.03453562]

rule21: 918.423 < coarse_aggregate < 970.965
probabilities_array:[0.04915752 0.00996101 0.12561795 0.1619306  0.00255753 0.25603208
 0.02475475 0.05476909 0.0607129  0.1427116  0.11179505]


---9---
rule30: 45.422 < age < 86.685
probabilities_array:[0.         0.         0.         0.00113145 0.         0.09988621
 0.00281726 0.07756341 0.2724777  0.32664543 0.21947856]

rule3: cement > 346.090
probabilities_array:[0.         0.00904649 0.         0.         0.00307109 0.06249217
 0.3044453  0.03848448 0.1601226  0.2824085  0.1399294 ]

rule31: age > 86.685
probabilities_array:[0.         0.         0.0055793  0.01881225 0.02760032 0.11371387
 0.19948226 0.20861603 0.20026751 0.2259285  0.        ]

rule12: water < 167.699
probabilities_array:[0.         0.11661945 0.         0.         0.         0.15423954
 0.         0.04046352 0.28032506 0.26317447 0.14517795]

rule5: 16.751 < blast_furnace_slag < 74.865
probabilities_array:[0.08947543 0.         0.03258206 0.         0.         0.
 0.         0.24078886 0.21544646 0.2593934  0.16231382]

rule23: coarse_aggregate > 1023.508
probabilities_array:[0.15366147 0.10517658 0.14864615 0.07489748 0.02860174 0.
 0.03237467 0.1914643  0.02295745 0.21594135 0.02627866]

rule8: fly_ash < 12.828
probabilities_array:[0.2194921  0.12296472 0.         0.00059957 0.03586334 0.
 0.         0.         0.18144736 0.25528944 0.18434349]

rule19: superplasticizer > 10.295
probabilities_array:[0.         0.07137363 0.         0.0177112  0.26652282 0.02589128
 0.02332019 0.1212499  0.13802089 0.22480397 0.11110617]

rule13: 167.699 < water < 182.178
probabilities_array:[1.9549668e-01 1.2439843e-05 0.0000000e+00 1.5842190e-02 3.6567632e-02
 5.4735243e-02 1.8628109e-01 9.2177831e-02 7.5629572e-03 2.3365629e-01
 1.7766765e-01]

rule25: 720.038 < fine_aggregate < 773.611
probabilities_array:[0.         0.03718439 0.06705741 0.02996832 0.18013456 0.
 0.2540205  0.         0.13401003 0.20517214 0.0924527 ]

rule6: 74.865 < blast_furnace_slag < 132.978
probabilities_array:[0.03715316 0.06098432 0.         0.         0.00942253 0.
 0.21735485 0.24602555 0.15686576 0.19654453 0.07564929]

rule20: coarse_aggregate < 918.423
probabilities_array:[0.14459218 0.05283009 0.         0.         0.14320296 0.01315167
 0.15522726 0.03444197 0.22292013 0.18925036 0.04438336]

rule24: fine_aggregate < 720.038
probabilities_array:[0.03033985 0.06591893 0.         0.         0.         0.0917884
 0.05024249 0.2585152  0.28241277 0.17734237 0.04344004]

rule17: 2.270 < superplasticizer < 6.282
probabilities_array:[0.05382995 0.         0.2140884  0.08832577 0.08083651 0.01246065
 0.23328161 0.         0.13953322 0.15429768 0.02334615]

rule7: blast_furnace_slag > 132.978
probabilities_array:[0.02504477 0.00636973 0.03348602 0.24472624 0.17584068 0.12784511
 0.10747511 0.         0.         0.15903702 0.12017532]

rule21: 918.423 < coarse_aggregate < 970.965
probabilities_array:[0.04915752 0.00996101 0.12561795 0.1619306  0.00255753 0.25603208
 0.02475475 0.05476909 0.0607129  0.1427116  0.11179505]

rule2: 277.414 < cement < 346.090
probabilities_array:[0.         0.09217709 0.00960419 0.04140783 0.16367096 0.18708542
 0.06498122 0.05177249 0.17125578 0.13278079 0.08526427]

rule9: 12.828 < fly_ash < 55.961
probabilities_array:[0.2135721  0.00875114 0.         0.         0.28025126 0.
 0.01131813 0.02736603 0.30425173 0.09450563 0.05998403]

rule26: 773.611 < fine_aggregate < 827.183
probabilities_array:[0.0687922  0.14309384 0.17272757 0.09359069 0.01227252 0.13670863
 0.20933044 0.         0.01547579 0.06688047 0.08112784]

