R2: 0.5421023328024979

MAE: 8.39580882352941

MSE: 118.18476080882354

Accuracy: 0.31470588235294117

F1: 0.3054940987424198

Confusion Matrix: [[19, 16, 0, 1, 1, 0, 0, 0, 0], [12, 12, 3, 7, 4, 0, 2, 0, 0], [10, 5, 6, 6, 7, 2, 1, 0, 1], [5, 8, 6, 5, 10, 0, 1, 2, 0], [4, 4, 6, 3, 18, 8, 6, 3, 1], [2, 1, 4, 8, 4, 4, 5, 2, 4], [1, 0, 3, 0, 2, 9, 10, 6, 10], [0, 0, 2, 1, 1, 2, 5, 11, 10], [0, 0, 1, 0, 0, 2, 1, 2, 22]]

Uncertainties: {'class0': [0.0, 0.005364051554352045, 0.006106752902269363, 0.018616627901792526, 0.030240317806601524], 'class1': [0.0, 0.005364051554352045, 0.018616627901792526, 0.01986718736588955, 0.030240317806601524], 'class2': [0.0, 0.005364051554352045, 0.006106752902269363, 0.018616627901792526, 0.01986718736588955], 'class3': [0.005364051554352045, 0.006106752902269363, 0.007579241879284382, 0.018616627901792526, 0.01986718736588955], 'class4': [0.0, 0.005364051554352045, 0.006106752902269363, 0.01986718736588955, 0.030240317806601524], 'class5': [0.005364051554352045, 0.005382573697715998, 0.006106752902269363, 0.018616627901792526, 0.01986718736588955], 'class6': [0.005382573697715998, 0.006106752902269363, 0.007579241879284382, 0.018616627901792526, 0.01986718736588955], 'class7': [0.005382573697715998, 0.006106752902269363, 0.007579241879284382, 0.01986718736588955, 0.030240317806601524], 'class8': [0.005382573697715998, 0.007579241879284382, 0.018616627901792526, 0.01986718736588955, 0.03187905251979828]}

Most important rules
-----------------------------

---0---
rule14: 180.463 < water < 194.868
probabilities_array:[0.37479934 0.13075344 0.0799108  0.2141498  0.00391344 0.12572226
 0.01804976 0.         0.         0.05270109]

rule0: cement < 211.891
probabilities_array:[0.33591613 0.2804043  0.07898583 0.12146512 0.05091696 0.00316841
 0.03675212 0.06215087 0.         0.03024032]

rule15: water > 194.868
probabilities_array:[0.30807948 0.07393881 0.08460947 0.21739589 0.16390602 0.08015285
 0.03682774 0.02972561 0.         0.00536405]

rule28: age < 5.528
probabilities_array:[0.3018567  0.30174515 0.29516146 0.         0.10123674 0.
 0.         0.         0.         0.        ]

rule16: superplasticizer < 2.178
probabilities_array:[0.28929552 0.23483483 0.10208811 0.06298205 0.01178311 0.06158094
 0.03437344 0.03877567 0.         0.16428626]

rule27: fine_aggregate > 831.190
probabilities_array:[0.26317406 0.0072656  0.19275483 0.         0.17942797 0.
 0.20492063 0.00483791 0.06472564 0.08289329]

rule4: blast_furnace_slag < 14.918
probabilities_array:[0.26658595 0.25083232 0.16386668 0.08759928 0.         0.
 0.         0.04739073 0.         0.18372507]

rule20: coarse_aggregate < 918.963
probabilities_array:[0.21229286 0.         0.04822898 0.06664518 0.18604232 0.00435861
 0.09649077 0.08473849 0.22938938 0.07181349]

rule8: fly_ash < 11.491
probabilities_array:[0.29581186 0.         0.00144204 0.         0.03968212 0.000971
 0.         0.05722938 0.27084637 0.33401722]

rule23: coarse_aggregate > 1025.442
probabilities_array:[0.18396631 0.11241783 0.0157853  0.         0.06650785 0.08609513
 0.06230111 0.16377914 0.15842742 0.1507199 ]

rule26: 777.244 < fine_aggregate < 831.190
probabilities_array:[0.14178988 0.09801303 0.23137097 0.06125956 0.02232477 0.17103858
 0.12923078 0.         0.12635574 0.01861663]

rule13: 166.059 < water < 180.463
probabilities_array:[0.1312262  0.04023439 0.04360931 0.02394571 0.18295476 0.04715542
 0.2668098  0.         0.16188046 0.10218401]

rule21: 918.963 < coarse_aggregate < 972.203
probabilities_array:[0.11554506 0.24612755 0.05271437 0.13991971 0.         0.11477666
 0.         0.10546043 0.04929941 0.17615688]

rule25: 723.298 < fine_aggregate < 777.244
probabilities_array:[0.09915166 0.02616032 0.1234113  0.02257175 0.17142713 0.00538559
 0.         0.15979902 0.25860623 0.13348699]

rule10: 54.559 < fly_ash < 97.627
probabilities_array:[0.08299939 0.         0.19645578 0.18010318 0.05211513 0.11070032
 0.19245745 0.17906202 0.         0.00610675]

rule1: 211.891 < cement < 282.010
probabilities_array:[0.07492299 0.35542208 0.         0.23431982 0.0364338  0.00139195
 0.20538501 0.00722295 0.00588048 0.0790209 ]

rule5: 14.918 < blast_furnace_slag < 73.804
probabilities_array:[0.07084546 0.         0.14481422 0.02210451 0.14947993 0.09278737
 0.18973374 0.07038262 0.22797309 0.03187905]

rule11: fly_ash > 97.627
probabilities_array:[0.06959078 0.19994703 0.06026024 0.16281946 0.03560567 0.22130214
 0.08465941 0.12125401 0.         0.04456123]

rule22: 972.203 < coarse_aggregate < 1025.442
probabilities_array:[0.0807749  0.15494716 0.07093421 0.         0.28919607 0.10303659
 0.         0.08791918 0.01513658 0.19805531]

rule18: 6.362 < superplasticizer < 10.545
probabilities_array:[0.04431242 0.00067564 0.09765549 0.10748071 0.0879926  0.16427976
 0.12641622 0.1010013  0.19564945 0.07453649]


---1---
rule1: 211.891 < cement < 282.010
probabilities_array:[0.07492299 0.35542208 0.         0.23431982 0.0364338  0.00139195
 0.20538501 0.00722295 0.00588048 0.0790209 ]

rule28: age < 5.528
probabilities_array:[0.3018567  0.30174515 0.29516146 0.         0.10123674 0.
 0.         0.         0.         0.        ]

rule0: cement < 211.891
probabilities_array:[0.33591613 0.2804043  0.07898583 0.12146512 0.05091696 0.00316841
 0.03675212 0.06215087 0.         0.03024032]

rule2: 282.010 < cement < 352.129
probabilities_array:[0.         0.2271331  0.05942764 0.19964387 0.03100398 0.12483095
 0.11042707 0.1880382  0.02724282 0.0322524 ]

rule4: blast_furnace_slag < 14.918
probabilities_array:[0.26658595 0.25083232 0.16386668 0.08759928 0.         0.
 0.         0.04739073 0.         0.18372507]

rule21: 918.963 < coarse_aggregate < 972.203
probabilities_array:[0.11554506 0.24612755 0.05271437 0.13991971 0.         0.11477666
 0.         0.10546043 0.04929941 0.17615688]

rule16: superplasticizer < 2.178
probabilities_array:[0.28929552 0.23483483 0.10208811 0.06298205 0.01178311 0.06158094
 0.03437344 0.03877567 0.         0.16428626]

rule11: fly_ash > 97.627
probabilities_array:[0.06959078 0.19994703 0.06026024 0.16281946 0.03560567 0.22130214
 0.08465941 0.12125401 0.         0.04456123]

rule9: 11.491 < fly_ash < 54.559
probabilities_array:[0.         0.1669787  0.         0.         0.         0.00428605
 0.16398966 0.28363496 0.29680827 0.08430234]

rule22: 972.203 < coarse_aggregate < 1025.442
probabilities_array:[0.0807749  0.15494716 0.07093421 0.         0.28919607 0.10303659
 0.         0.08791918 0.01513658 0.19805531]

rule14: 180.463 < water < 194.868
probabilities_array:[0.37479934 0.13075344 0.0799108  0.2141498  0.00391344 0.12572226
 0.01804976 0.         0.         0.05270109]

rule26: 777.244 < fine_aggregate < 831.190
probabilities_array:[0.14178988 0.09801303 0.23137097 0.06125956 0.02232477 0.17103858
 0.12923078 0.         0.12635574 0.01861663]

rule23: coarse_aggregate > 1025.442
probabilities_array:[0.18396631 0.11241783 0.0157853  0.         0.06650785 0.08609513
 0.06230111 0.16377914 0.15842742 0.1507199 ]

rule17: 2.178 < superplasticizer < 6.362
probabilities_array:[0.04064303 0.09043583 0.22007915 0.         0.02498206 0.29008088
 0.         0.         0.21723475 0.11654434]

rule15: water > 194.868
probabilities_array:[0.30807948 0.07393881 0.08460947 0.21739589 0.16390602 0.08015285
 0.03682774 0.02972561 0.         0.00536405]

rule6: 73.804 < blast_furnace_slag < 132.691
probabilities_array:[0.         0.06385247 0.01038479 0.         0.17451955 0.25713542
 0.12959477 0.17948107 0.13107172 0.05396018]

rule29: 5.528 < age < 44.780
probabilities_array:[0.         0.06002221 0.15929767 0.14508174 0.21047176 0.12060815
 0.09406526 0.08136431 0.10922166 0.01986719]


---2---
rule28: age < 5.528
probabilities_array:[0.3018567  0.30174515 0.29516146 0.         0.10123674 0.
 0.         0.         0.         0.        ]

rule26: 777.244 < fine_aggregate < 831.190
probabilities_array:[0.14178988 0.09801303 0.23137097 0.06125956 0.02232477 0.17103858
 0.12923078 0.         0.12635574 0.01861663]

rule7: blast_furnace_slag > 132.691
probabilities_array:[0.         0.         0.21087006 0.05107682 0.18227382 0.11043881
 0.12453189 0.11665246 0.14431565 0.0598404 ]

rule10: 54.559 < fly_ash < 97.627
probabilities_array:[0.08299939 0.         0.19645578 0.18010318 0.05211513 0.11070032
 0.19245745 0.17906202 0.         0.00610675]

rule17: 2.178 < superplasticizer < 6.362
probabilities_array:[0.04064303 0.09043583 0.22007915 0.         0.02498206 0.29008088
 0.         0.         0.21723475 0.11654434]

rule27: fine_aggregate > 831.190
probabilities_array:[0.26317406 0.0072656  0.19275483 0.         0.17942797 0.
 0.20492063 0.00483791 0.06472564 0.08289329]

rule29: 5.528 < age < 44.780
probabilities_array:[0.         0.06002221 0.15929767 0.14508174 0.21047176 0.12060815
 0.09406526 0.08136431 0.10922166 0.01986719]

rule5: 14.918 < blast_furnace_slag < 73.804
probabilities_array:[0.07084546 0.         0.14481422 0.02210451 0.14947993 0.09278737
 0.18973374 0.07038262 0.22797309 0.03187905]

rule4: blast_furnace_slag < 14.918
probabilities_array:[0.26658595 0.25083232 0.16386668 0.08759928 0.         0.
 0.         0.04739073 0.         0.18372507]

rule25: 723.298 < fine_aggregate < 777.244
probabilities_array:[0.09915166 0.02616032 0.1234113  0.02257175 0.17142713 0.00538559
 0.         0.15979902 0.25860623 0.13348699]

rule18: 6.362 < superplasticizer < 10.545
probabilities_array:[0.04431242 0.00067564 0.09765549 0.10748071 0.0879926  0.16427976
 0.12641622 0.1010013  0.19564945 0.07453649]

rule16: superplasticizer < 2.178
probabilities_array:[0.28929552 0.23483483 0.10208811 0.06298205 0.01178311 0.06158094
 0.03437344 0.03877567 0.         0.16428626]

rule15: water > 194.868
probabilities_array:[0.30807948 0.07393881 0.08460947 0.21739589 0.16390602 0.08015285
 0.03682774 0.02972561 0.         0.00536405]

rule3: cement > 352.129
probabilities_array:[0.         0.         0.09203891 0.         0.04532615 0.30301943
 0.03531209 0.17174889 0.26421574 0.08833874]

rule0: cement < 211.891
probabilities_array:[0.33591613 0.2804043  0.07898583 0.12146512 0.05091696 0.00316841
 0.03675212 0.06215087 0.         0.03024032]

rule14: 180.463 < water < 194.868
probabilities_array:[0.37479934 0.13075344 0.0799108  0.2141498  0.00391344 0.12572226
 0.01804976 0.         0.         0.05270109]

rule11: fly_ash > 97.627
probabilities_array:[0.06959078 0.19994703 0.06026024 0.16281946 0.03560567 0.22130214
 0.08465941 0.12125401 0.         0.04456123]

rule2: 282.010 < cement < 352.129
probabilities_array:[0.         0.2271331  0.05942764 0.19964387 0.03100398 0.12483095
 0.11042707 0.1880382  0.02724282 0.0322524 ]

rule22: 972.203 < coarse_aggregate < 1025.442
probabilities_array:[0.0807749  0.15494716 0.07093421 0.         0.28919607 0.10303659
 0.         0.08791918 0.01513658 0.19805531]

rule20: coarse_aggregate < 918.963
probabilities_array:[0.21229286 0.         0.04822898 0.06664518 0.18604232 0.00435861
 0.09649077 0.08473849 0.22938938 0.07181349]

rule21: 918.963 < coarse_aggregate < 972.203
probabilities_array:[0.11554506 0.24612755 0.05271437 0.13991971 0.         0.11477666
 0.         0.10546043 0.04929941 0.17615688]


---3---
rule15: water > 194.868
probabilities_array:[0.30807948 0.07393881 0.08460947 0.21739589 0.16390602 0.08015285
 0.03682774 0.02972561 0.         0.00536405]

rule1: 211.891 < cement < 282.010
probabilities_array:[0.07492299 0.35542208 0.         0.23431982 0.0364338  0.00139195
 0.20538501 0.00722295 0.00588048 0.0790209 ]

rule14: 180.463 < water < 194.868
probabilities_array:[0.37479934 0.13075344 0.0799108  0.2141498  0.00391344 0.12572226
 0.01804976 0.         0.         0.05270109]

rule2: 282.010 < cement < 352.129
probabilities_array:[0.         0.2271331  0.05942764 0.19964387 0.03100398 0.12483095
 0.11042707 0.1880382  0.02724282 0.0322524 ]

rule10: 54.559 < fly_ash < 97.627
probabilities_array:[0.08299939 0.         0.19645578 0.18010318 0.05211513 0.11070032
 0.19245745 0.17906202 0.         0.00610675]

rule11: fly_ash > 97.627
probabilities_array:[0.06959078 0.19994703 0.06026024 0.16281946 0.03560567 0.22130214
 0.08465941 0.12125401 0.         0.04456123]

rule29: 5.528 < age < 44.780
probabilities_array:[0.         0.06002221 0.15929767 0.14508174 0.21047176 0.12060815
 0.09406526 0.08136431 0.10922166 0.01986719]

rule30: 44.780 < age < 84.032
probabilities_array:[0.         0.         0.         0.12004706 0.         0.
 0.30479717 0.24785516 0.3197214  0.00757924]

rule0: cement < 211.891
probabilities_array:[0.33591613 0.2804043  0.07898583 0.12146512 0.05091696 0.00316841
 0.03675212 0.06215087 0.         0.03024032]

rule21: 918.963 < coarse_aggregate < 972.203
probabilities_array:[0.11554506 0.24612755 0.05271437 0.13991971 0.         0.11477666
 0.         0.10546043 0.04929941 0.17615688]

rule18: 6.362 < superplasticizer < 10.545
probabilities_array:[0.04431242 0.00067564 0.09765549 0.10748071 0.0879926  0.16427976
 0.12641622 0.1010013  0.19564945 0.07453649]

rule19: superplasticizer > 10.545
probabilities_array:[0.         0.00611033 0.         0.10877409 0.22932698 0.02303148
 0.02552143 0.2433     0.22061221 0.14332345]

rule4: blast_furnace_slag < 14.918
probabilities_array:[0.26658595 0.25083232 0.16386668 0.08759928 0.         0.
 0.         0.04739073 0.         0.18372507]

rule20: coarse_aggregate < 918.963
probabilities_array:[0.21229286 0.         0.04822898 0.06664518 0.18604232 0.00435861
 0.09649077 0.08473849 0.22938938 0.07181349]

rule26: 777.244 < fine_aggregate < 831.190
probabilities_array:[0.14178988 0.09801303 0.23137097 0.06125956 0.02232477 0.17103858
 0.12923078 0.         0.12635574 0.01861663]

rule16: superplasticizer < 2.178
probabilities_array:[0.28929552 0.23483483 0.10208811 0.06298205 0.01178311 0.06158094
 0.03437344 0.03877567 0.         0.16428626]

rule7: blast_furnace_slag > 132.691
probabilities_array:[0.         0.         0.21087006 0.05107682 0.18227382 0.11043881
 0.12453189 0.11665246 0.14431565 0.0598404 ]


---4---
rule22: 972.203 < coarse_aggregate < 1025.442
probabilities_array:[0.0807749  0.15494716 0.07093421 0.         0.28919607 0.10303659
 0.         0.08791918 0.01513658 0.19805531]

rule29: 5.528 < age < 44.780
probabilities_array:[0.         0.06002221 0.15929767 0.14508174 0.21047176 0.12060815
 0.09406526 0.08136431 0.10922166 0.01986719]

rule19: superplasticizer > 10.545
probabilities_array:[0.         0.00611033 0.         0.10877409 0.22932698 0.02303148
 0.02552143 0.2433     0.22061221 0.14332345]

rule20: coarse_aggregate < 918.963
probabilities_array:[0.21229286 0.         0.04822898 0.06664518 0.18604232 0.00435861
 0.09649077 0.08473849 0.22938938 0.07181349]

rule7: blast_furnace_slag > 132.691
probabilities_array:[0.         0.         0.21087006 0.05107682 0.18227382 0.11043881
 0.12453189 0.11665246 0.14431565 0.0598404 ]

rule6: 73.804 < blast_furnace_slag < 132.691
probabilities_array:[0.         0.06385247 0.01038479 0.         0.17451955 0.25713542
 0.12959477 0.17948107 0.13107172 0.05396018]

rule27: fine_aggregate > 831.190
probabilities_array:[0.26317406 0.0072656  0.19275483 0.         0.17942797 0.
 0.20492063 0.00483791 0.06472564 0.08289329]

rule13: 166.059 < water < 180.463
probabilities_array:[0.1312262  0.04023439 0.04360931 0.02394571 0.18295476 0.04715542
 0.2668098  0.         0.16188046 0.10218401]

rule15: water > 194.868
probabilities_array:[0.30807948 0.07393881 0.08460947 0.21739589 0.16390602 0.08015285
 0.03682774 0.02972561 0.         0.00536405]

rule25: 723.298 < fine_aggregate < 777.244
probabilities_array:[0.09915166 0.02616032 0.1234113  0.02257175 0.17142713 0.00538559
 0.         0.15979902 0.25860623 0.13348699]

rule5: 14.918 < blast_furnace_slag < 73.804
probabilities_array:[0.07084546 0.         0.14481422 0.02210451 0.14947993 0.09278737
 0.18973374 0.07038262 0.22797309 0.03187905]

rule28: age < 5.528
probabilities_array:[0.3018567  0.30174515 0.29516146 0.         0.10123674 0.
 0.         0.         0.         0.        ]

rule18: 6.362 < superplasticizer < 10.545
probabilities_array:[0.04431242 0.00067564 0.09765549 0.10748071 0.0879926  0.16427976
 0.12641622 0.1010013  0.19564945 0.07453649]

rule24: fine_aggregate < 723.298
probabilities_array:[4.83304029e-05 2.00983491e-02 5.37915528e-03 1.00381598e-02
 6.44503683e-02 0.00000000e+00 2.77180672e-01 2.73722768e-01
 2.31889024e-01 1.17193155e-01]

rule23: coarse_aggregate > 1025.442
probabilities_array:[0.18396631 0.11241783 0.0157853  0.         0.06650785 0.08609513
 0.06230111 0.16377914 0.15842742 0.1507199 ]

rule10: 54.559 < fly_ash < 97.627
probabilities_array:[0.08299939 0.         0.19645578 0.18010318 0.05211513 0.11070032
 0.19245745 0.17906202 0.         0.00610675]

rule0: cement < 211.891
probabilities_array:[0.33591613 0.2804043  0.07898583 0.12146512 0.05091696 0.00316841
 0.03675212 0.06215087 0.         0.03024032]

rule12: water < 166.059
probabilities_array:[0.         0.00152547 0.00616867 0.         0.05823125 0.06646125
 0.         0.2928637  0.30189365 0.272856  ]

rule3: cement > 352.129
probabilities_array:[0.         0.         0.09203891 0.         0.04532615 0.30301943
 0.03531209 0.17174889 0.26421574 0.08833874]


---5---
rule3: cement > 352.129
probabilities_array:[0.         0.         0.09203891 0.         0.04532615 0.30301943
 0.03531209 0.17174889 0.26421574 0.08833874]

rule17: 2.178 < superplasticizer < 6.362
probabilities_array:[0.04064303 0.09043583 0.22007915 0.         0.02498206 0.29008088
 0.         0.         0.21723475 0.11654434]

rule6: 73.804 < blast_furnace_slag < 132.691
probabilities_array:[0.         0.06385247 0.01038479 0.         0.17451955 0.25713542
 0.12959477 0.17948107 0.13107172 0.05396018]

rule11: fly_ash > 97.627
probabilities_array:[0.06959078 0.19994703 0.06026024 0.16281946 0.03560567 0.22130214
 0.08465941 0.12125401 0.         0.04456123]

rule31: age > 84.032
probabilities_array:[0.         0.         0.01378273 0.03140552 0.03111003 0.20885132
 0.16001387 0.25806674 0.2913873  0.00538257]

rule26: 777.244 < fine_aggregate < 831.190
probabilities_array:[0.14178988 0.09801303 0.23137097 0.06125956 0.02232477 0.17103858
 0.12923078 0.         0.12635574 0.01861663]

rule18: 6.362 < superplasticizer < 10.545
probabilities_array:[0.04431242 0.00067564 0.09765549 0.10748071 0.0879926  0.16427976
 0.12641622 0.1010013  0.19564945 0.07453649]

rule2: 282.010 < cement < 352.129
probabilities_array:[0.         0.2271331  0.05942764 0.19964387 0.03100398 0.12483095
 0.11042707 0.1880382  0.02724282 0.0322524 ]

rule14: 180.463 < water < 194.868
probabilities_array:[0.37479934 0.13075344 0.0799108  0.2141498  0.00391344 0.12572226
 0.01804976 0.         0.         0.05270109]

rule29: 5.528 < age < 44.780
probabilities_array:[0.         0.06002221 0.15929767 0.14508174 0.21047176 0.12060815
 0.09406526 0.08136431 0.10922166 0.01986719]

rule10: 54.559 < fly_ash < 97.627
probabilities_array:[0.08299939 0.         0.19645578 0.18010318 0.05211513 0.11070032
 0.19245745 0.17906202 0.         0.00610675]

rule7: blast_furnace_slag > 132.691
probabilities_array:[0.         0.         0.21087006 0.05107682 0.18227382 0.11043881
 0.12453189 0.11665246 0.14431565 0.0598404 ]

rule21: 918.963 < coarse_aggregate < 972.203
probabilities_array:[0.11554506 0.24612755 0.05271437 0.13991971 0.         0.11477666
 0.         0.10546043 0.04929941 0.17615688]

rule5: 14.918 < blast_furnace_slag < 73.804
probabilities_array:[0.07084546 0.         0.14481422 0.02210451 0.14947993 0.09278737
 0.18973374 0.07038262 0.22797309 0.03187905]

rule22: 972.203 < coarse_aggregate < 1025.442
probabilities_array:[0.0807749  0.15494716 0.07093421 0.         0.28919607 0.10303659
 0.         0.08791918 0.01513658 0.19805531]

rule15: water > 194.868
probabilities_array:[0.30807948 0.07393881 0.08460947 0.21739589 0.16390602 0.08015285
 0.03682774 0.02972561 0.         0.00536405]

rule23: coarse_aggregate > 1025.442
probabilities_array:[0.18396631 0.11241783 0.0157853  0.         0.06650785 0.08609513
 0.06230111 0.16377914 0.15842742 0.1507199 ]

rule16: superplasticizer < 2.178
probabilities_array:[0.28929552 0.23483483 0.10208811 0.06298205 0.01178311 0.06158094
 0.03437344 0.03877567 0.         0.16428626]

rule12: water < 166.059
probabilities_array:[0.         0.00152547 0.00616867 0.         0.05823125 0.06646125
 0.         0.2928637  0.30189365 0.272856  ]

rule13: 166.059 < water < 180.463
probabilities_array:[0.1312262  0.04023439 0.04360931 0.02394571 0.18295476 0.04715542
 0.2668098  0.         0.16188046 0.10218401]


---6---
rule30: 44.780 < age < 84.032
probabilities_array:[0.         0.         0.         0.12004706 0.         0.
 0.30479717 0.24785516 0.3197214  0.00757924]

rule24: fine_aggregate < 723.298
probabilities_array:[4.83304029e-05 2.00983491e-02 5.37915528e-03 1.00381598e-02
 6.44503683e-02 0.00000000e+00 2.77180672e-01 2.73722768e-01
 2.31889024e-01 1.17193155e-01]

rule13: 166.059 < water < 180.463
probabilities_array:[0.1312262  0.04023439 0.04360931 0.02394571 0.18295476 0.04715542
 0.2668098  0.         0.16188046 0.10218401]

rule10: 54.559 < fly_ash < 97.627
probabilities_array:[0.08299939 0.         0.19645578 0.18010318 0.05211513 0.11070032
 0.19245745 0.17906202 0.         0.00610675]

rule1: 211.891 < cement < 282.010
probabilities_array:[0.07492299 0.35542208 0.         0.23431982 0.0364338  0.00139195
 0.20538501 0.00722295 0.00588048 0.0790209 ]

rule27: fine_aggregate > 831.190
probabilities_array:[0.26317406 0.0072656  0.19275483 0.         0.17942797 0.
 0.20492063 0.00483791 0.06472564 0.08289329]

rule5: 14.918 < blast_furnace_slag < 73.804
probabilities_array:[0.07084546 0.         0.14481422 0.02210451 0.14947993 0.09278737
 0.18973374 0.07038262 0.22797309 0.03187905]

rule31: age > 84.032
probabilities_array:[0.         0.         0.01378273 0.03140552 0.03111003 0.20885132
 0.16001387 0.25806674 0.2913873  0.00538257]

rule9: 11.491 < fly_ash < 54.559
probabilities_array:[0.         0.1669787  0.         0.         0.         0.00428605
 0.16398966 0.28363496 0.29680827 0.08430234]

rule26: 777.244 < fine_aggregate < 831.190
probabilities_array:[0.14178988 0.09801303 0.23137097 0.06125956 0.02232477 0.17103858
 0.12923078 0.         0.12635574 0.01861663]

rule6: 73.804 < blast_furnace_slag < 132.691
probabilities_array:[0.         0.06385247 0.01038479 0.         0.17451955 0.25713542
 0.12959477 0.17948107 0.13107172 0.05396018]

rule7: blast_furnace_slag > 132.691
probabilities_array:[0.         0.         0.21087006 0.05107682 0.18227382 0.11043881
 0.12453189 0.11665246 0.14431565 0.0598404 ]

rule18: 6.362 < superplasticizer < 10.545
probabilities_array:[0.04431242 0.00067564 0.09765549 0.10748071 0.0879926  0.16427976
 0.12641622 0.1010013  0.19564945 0.07453649]

rule2: 282.010 < cement < 352.129
probabilities_array:[0.         0.2271331  0.05942764 0.19964387 0.03100398 0.12483095
 0.11042707 0.1880382  0.02724282 0.0322524 ]

rule29: 5.528 < age < 44.780
probabilities_array:[0.         0.06002221 0.15929767 0.14508174 0.21047176 0.12060815
 0.09406526 0.08136431 0.10922166 0.01986719]

rule20: coarse_aggregate < 918.963
probabilities_array:[0.21229286 0.         0.04822898 0.06664518 0.18604232 0.00435861
 0.09649077 0.08473849 0.22938938 0.07181349]

rule11: fly_ash > 97.627
probabilities_array:[0.06959078 0.19994703 0.06026024 0.16281946 0.03560567 0.22130214
 0.08465941 0.12125401 0.         0.04456123]

rule23: coarse_aggregate > 1025.442
probabilities_array:[0.18396631 0.11241783 0.0157853  0.         0.06650785 0.08609513
 0.06230111 0.16377914 0.15842742 0.1507199 ]


---7---
rule9: 11.491 < fly_ash < 54.559
probabilities_array:[0.         0.1669787  0.         0.         0.         0.00428605
 0.16398966 0.28363496 0.29680827 0.08430234]

rule31: age > 84.032
probabilities_array:[0.         0.         0.01378273 0.03140552 0.03111003 0.20885132
 0.16001387 0.25806674 0.2913873  0.00538257]

rule30: 44.780 < age < 84.032
probabilities_array:[0.         0.         0.         0.12004706 0.         0.
 0.30479717 0.24785516 0.3197214  0.00757924]

rule24: fine_aggregate < 723.298
probabilities_array:[4.83304029e-05 2.00983491e-02 5.37915528e-03 1.00381598e-02
 6.44503683e-02 0.00000000e+00 2.77180672e-01 2.73722768e-01
 2.31889024e-01 1.17193155e-01]

rule12: water < 166.059
probabilities_array:[0.         0.00152547 0.00616867 0.         0.05823125 0.06646125
 0.         0.2928637  0.30189365 0.272856  ]

rule19: superplasticizer > 10.545
probabilities_array:[0.         0.00611033 0.         0.10877409 0.22932698 0.02303148
 0.02552143 0.2433     0.22061221 0.14332345]

rule2: 282.010 < cement < 352.129
probabilities_array:[0.         0.2271331  0.05942764 0.19964387 0.03100398 0.12483095
 0.11042707 0.1880382  0.02724282 0.0322524 ]

rule10: 54.559 < fly_ash < 97.627
probabilities_array:[0.08299939 0.         0.19645578 0.18010318 0.05211513 0.11070032
 0.19245745 0.17906202 0.         0.00610675]

rule6: 73.804 < blast_furnace_slag < 132.691
probabilities_array:[0.         0.06385247 0.01038479 0.         0.17451955 0.25713542
 0.12959477 0.17948107 0.13107172 0.05396018]

rule3: cement > 352.129
probabilities_array:[0.         0.         0.09203891 0.         0.04532615 0.30301943
 0.03531209 0.17174889 0.26421574 0.08833874]

rule23: coarse_aggregate > 1025.442
probabilities_array:[0.18396631 0.11241783 0.0157853  0.         0.06650785 0.08609513
 0.06230111 0.16377914 0.15842742 0.1507199 ]

rule25: 723.298 < fine_aggregate < 777.244
probabilities_array:[0.09915166 0.02616032 0.1234113  0.02257175 0.17142713 0.00538559
 0.         0.15979902 0.25860623 0.13348699]

rule11: fly_ash > 97.627
probabilities_array:[0.06959078 0.19994703 0.06026024 0.16281946 0.03560567 0.22130214
 0.08465941 0.12125401 0.         0.04456123]

rule7: blast_furnace_slag > 132.691
probabilities_array:[0.         0.         0.21087006 0.05107682 0.18227382 0.11043881
 0.12453189 0.11665246 0.14431565 0.0598404 ]

rule18: 6.362 < superplasticizer < 10.545
probabilities_array:[0.04431242 0.00067564 0.09765549 0.10748071 0.0879926  0.16427976
 0.12641622 0.1010013  0.19564945 0.07453649]

rule21: 918.963 < coarse_aggregate < 972.203
probabilities_array:[0.11554506 0.24612755 0.05271437 0.13991971 0.         0.11477666
 0.         0.10546043 0.04929941 0.17615688]

rule29: 5.528 < age < 44.780
probabilities_array:[0.         0.06002221 0.15929767 0.14508174 0.21047176 0.12060815
 0.09406526 0.08136431 0.10922166 0.01986719]

rule20: coarse_aggregate < 918.963
probabilities_array:[0.21229286 0.         0.04822898 0.06664518 0.18604232 0.00435861
 0.09649077 0.08473849 0.22938938 0.07181349]

rule22: 972.203 < coarse_aggregate < 1025.442
probabilities_array:[0.0807749  0.15494716 0.07093421 0.         0.28919607 0.10303659
 0.         0.08791918 0.01513658 0.19805531]

rule5: 14.918 < blast_furnace_slag < 73.804
probabilities_array:[0.07084546 0.         0.14481422 0.02210451 0.14947993 0.09278737
 0.18973374 0.07038262 0.22797309 0.03187905]

rule0: cement < 211.891
probabilities_array:[0.33591613 0.2804043  0.07898583 0.12146512 0.05091696 0.00316841
 0.03675212 0.06215087 0.         0.03024032]


---8---
rule30: 44.780 < age < 84.032
probabilities_array:[0.         0.         0.         0.12004706 0.         0.
 0.30479717 0.24785516 0.3197214  0.00757924]

rule31: age > 84.032
probabilities_array:[0.         0.         0.01378273 0.03140552 0.03111003 0.20885132
 0.16001387 0.25806674 0.2913873  0.00538257]

rule9: 11.491 < fly_ash < 54.559
probabilities_array:[0.         0.1669787  0.         0.         0.         0.00428605
 0.16398966 0.28363496 0.29680827 0.08430234]

rule3: cement > 352.129
probabilities_array:[0.         0.         0.09203891 0.         0.04532615 0.30301943
 0.03531209 0.17174889 0.26421574 0.08833874]

rule25: 723.298 < fine_aggregate < 777.244
probabilities_array:[0.09915166 0.02616032 0.1234113  0.02257175 0.17142713 0.00538559
 0.         0.15979902 0.25860623 0.13348699]

rule5: 14.918 < blast_furnace_slag < 73.804
probabilities_array:[0.07084546 0.         0.14481422 0.02210451 0.14947993 0.09278737
 0.18973374 0.07038262 0.22797309 0.03187905]

rule12: water < 166.059
probabilities_array:[0.         0.00152547 0.00616867 0.         0.05823125 0.06646125
 0.         0.2928637  0.30189365 0.272856  ]

rule20: coarse_aggregate < 918.963
probabilities_array:[0.21229286 0.         0.04822898 0.06664518 0.18604232 0.00435861
 0.09649077 0.08473849 0.22938938 0.07181349]

rule24: fine_aggregate < 723.298
probabilities_array:[4.83304029e-05 2.00983491e-02 5.37915528e-03 1.00381598e-02
 6.44503683e-02 0.00000000e+00 2.77180672e-01 2.73722768e-01
 2.31889024e-01 1.17193155e-01]

rule17: 2.178 < superplasticizer < 6.362
probabilities_array:[0.04064303 0.09043583 0.22007915 0.         0.02498206 0.29008088
 0.         0.         0.21723475 0.11654434]

rule19: superplasticizer > 10.545
probabilities_array:[0.         0.00611033 0.         0.10877409 0.22932698 0.02303148
 0.02552143 0.2433     0.22061221 0.14332345]

rule18: 6.362 < superplasticizer < 10.545
probabilities_array:[0.04431242 0.00067564 0.09765549 0.10748071 0.0879926  0.16427976
 0.12641622 0.1010013  0.19564945 0.07453649]

rule8: fly_ash < 11.491
probabilities_array:[0.29581186 0.         0.00144204 0.         0.03968212 0.000971
 0.         0.05722938 0.27084637 0.33401722]

rule13: 166.059 < water < 180.463
probabilities_array:[0.1312262  0.04023439 0.04360931 0.02394571 0.18295476 0.04715542
 0.2668098  0.         0.16188046 0.10218401]

rule7: blast_furnace_slag > 132.691
probabilities_array:[0.         0.         0.21087006 0.05107682 0.18227382 0.11043881
 0.12453189 0.11665246 0.14431565 0.0598404 ]

rule23: coarse_aggregate > 1025.442
probabilities_array:[0.18396631 0.11241783 0.0157853  0.         0.06650785 0.08609513
 0.06230111 0.16377914 0.15842742 0.1507199 ]

rule26: 777.244 < fine_aggregate < 831.190
probabilities_array:[0.14178988 0.09801303 0.23137097 0.06125956 0.02232477 0.17103858
 0.12923078 0.         0.12635574 0.01861663]

rule6: 73.804 < blast_furnace_slag < 132.691
probabilities_array:[0.         0.06385247 0.01038479 0.         0.17451955 0.25713542
 0.12959477 0.17948107 0.13107172 0.05396018]

rule29: 5.528 < age < 44.780
probabilities_array:[0.         0.06002221 0.15929767 0.14508174 0.21047176 0.12060815
 0.09406526 0.08136431 0.10922166 0.01986719]

rule27: fine_aggregate > 831.190
probabilities_array:[0.26317406 0.0072656  0.19275483 0.         0.17942797 0.
 0.20492063 0.00483791 0.06472564 0.08289329]

rule21: 918.963 < coarse_aggregate < 972.203
probabilities_array:[0.11554506 0.24612755 0.05271437 0.13991971 0.         0.11477666
 0.         0.10546043 0.04929941 0.17615688]

