R2: 0.5373826382028268

MAE: 55109.62727539636

MSE: 6265122350.151351

Accuracy: 0.3530534351145038

F1: 0.3404547356898225

Confusion Matrix: [[538, 124, 44, 19, 10, 3, 1, 3, 5], [201, 311, 162, 49, 18, 3, 10, 10, 5], [87, 180, 204, 151, 53, 14, 17, 15, 15], [35, 113, 135, 231, 100, 67, 30, 22, 12], [14, 81, 83, 174, 152, 128, 49, 65, 40], [15, 65, 51, 116, 106, 153, 75, 116, 66], [3, 49, 31, 70, 64, 100, 137, 191, 125], [5, 23, 14, 34, 24, 54, 89, 205, 254], [1, 16, 17, 21, 8, 38, 42, 177, 474]]

Uncertainties: {'class0': [0.009327149949967861, 0.021111585199832916, 0.02479391358792782, 0.045457713305950165, 0.057634394615888596], 'class1': [0.009327149949967861, 0.021111585199832916, 0.021593628451228142, 0.02479391358792782, 0.045457713305950165], 'class2': [0.005297422409057617, 0.009327149949967861, 0.021111585199832916, 0.021593628451228142, 0.02479391358792782], 'class3': [1.0609626770019531e-05, 0.005297422409057617, 0.009327149949967861, 0.021111585199832916, 0.021593628451228142], 'class4': [1.0609626770019531e-05, 0.0034748511388897896, 0.005297422409057617, 0.009327149949967861, 0.021111585199832916], 'class5': [1.0609626770019531e-05, 0.0034748511388897896, 0.005297422409057617, 0.009327149949967861, 0.021111585199832916], 'class6': [1.0609626770019531e-05, 0.0034748511388897896, 0.005297422409057617, 0.009327149949967861, 0.021111585199832916], 'class7': [1.0609626770019531e-05, 0.0034748511388897896, 0.005297422409057617, 0.021593628451228142, 0.045457713305950165], 'class8': [1.0609626770019531e-05, 0.0034748511388897896, 0.005297422409057617, 0.08584442734718323, 0.09608627110719681]}

Most important rules
-----------------------------

---0---
rule28: median_income < 2.593
probabilities_array:[0.2717822  0.27776352 0.18538411 0.12461264 0.07993391 0.02171204
 0.01196137 0.00205623 0.         0.02479391]

rule33: ocean_proximity_INLAND = 1.0
probabilities_array:[3.1951737e-01 2.5001696e-01 2.1357195e-01 6.1221183e-03 1.8486682e-03
 7.1838694e-03 1.9617710e-04 0.0000000e+00 0.0000000e+00 2.0154293e-01]

rule22: 1421.298 < population < 2190.320
probabilities_array:[0.27495974 0.10945825 0.11995617 0.21159844 0.0760314  0.05817781
 0.05983636 0.01701377 0.         0.07296812]

rule23: population > 2190.320
probabilities_array:[0.2506398  0.09091718 0.13640426 0.24573258 0.12856746 0.06263906
 0.06254207 0.01323039 0.         0.00932715]

rule12: total_rooms < 1155.842
probabilities_array:[0.25034133 0.12897792 0.13870344 0.23180553 0.09646418 0.04416949
 0.07142151 0.01700502 0.         0.02111159]

rule10: 28.731 < housing_median_age < 37.198
probabilities_array:[0.27146944 0.10992395 0.05489119 0.07182316 0.07659896 0.14237115
 0.         0.00186168 0.01505033 0.25601012]

rule13: 1155.842 < total_rooms < 2623.128
probabilities_array:[0.24216156 0.05028333 0.08586612 0.17014496 0.0755923  0.06673249
 0.06801762 0.01113912 0.         0.23006253]

rule5: 34.196 < latitude < 35.633
probabilities_array:[0.19116618 0.07587681 0.13450663 0.14252527 0.10380724 0.14783674
 0.09317377 0.06564957 0.         0.04545771]

rule38: ocean_proximity_NEAR OCEAN = 0.0
probabilities_array:[0.26403508 0.1741638  0.03209306 0.01249498 0.13220371 0.04506928
 0.01474492 0.00439029 0.         0.32080486]

rule36: ocean_proximity_NEAR BAY = 0.0
probabilities_array:[0.2778676  0.1439829  0.04212853 0.01342412 0.00886302 0.01330742
 0.08058486 0.050268   0.         0.36957353]

rule6: 35.633 < latitude < 37.071
probabilities_array:[0.343321   0.09077392 0.         0.         0.         0.06747873
 0.         0.         0.         0.4984263 ]

rule1: -120.921 < longitude < -119.572
probabilities_array:[2.0456561e-01 1.6991933e-01 1.5483020e-01 6.3917801e-02 0.0000000e+00
 0.0000000e+00 9.3715731e-05 9.4368756e-02 1.1593862e-01 1.9636597e-01]

rule2: -119.572 < longitude < -118.223
probabilities_array:[0.18394086 0.19112805 0.01554028 0.         0.01979911 0.0397128
 0.00548909 0.09699441 0.312151   0.13524441]

rule11: housing_median_age > 37.198
probabilities_array:[0.1784096  0.12505805 0.         0.03275097 0.         0.
 0.05384999 0.10464706 0.2678631  0.23742129]

rule25: 240.819 < households < 496.898
probabilities_array:[0.22675411 0.06513719 0.1752123  0.04933078 0.00189453 0.00997459
 0.04233548 0.01647912 0.         0.41288185]

rule24: households < 240.819
probabilities_array:[0.19893147 0.07879995 0.09201851 0.08585145 0.         0.01963382
 0.         0.         0.03965653 0.48510823]

rule17: 252.182 < total_bedrooms < 533.614
probabilities_array:[0.17255564 0.12144847 0.05793305 0.15723446 0.         0.01092221
 0.00887987 0.0015811  0.         0.4694452 ]

rule18: 533.614 < total_bedrooms < 815.045
probabilities_array:[0.15439583 0.03241559 0.05789496 0.         0.01341365 0.0008846
 0.07533646 0.03837408 0.2199274  0.40735734]

rule16: total_bedrooms < 252.182
probabilities_array:[0.16440286 0.06457139 0.03385278 0.00265132 0.04391329 0.09781735
 0.         0.         0.07618905 0.516602  ]

rule34: ocean_proximity_ISLAND = 0.0
probabilities_array:[0.16712433 0.20126079 0.05125679 0.00161142 0.         0.02035048
 0.01437087 0.00153226 0.         0.542493  ]

rule21: 652.276 < population < 1421.298
probabilities_array:[1.2755699e-01 7.3358238e-02 3.9527025e-03 7.4558720e-02 0.0000000e+00
 0.0000000e+00 3.9319679e-04 8.2348615e-02 2.3385292e-01 4.0397859e-01]

rule3: longitude > -118.223
probabilities_array:[0.06744353 0.08522971 0.18591222 0.24823092 0.18837427 0.13627607
 0.02810682 0.00279209 0.         0.05763439]

rule9: 20.265 < housing_median_age < 28.731
probabilities_array:[0.07436438 0.08022271 0.03327537 0.         0.08871346 0.17037416
 0.15542746 0.10269927 0.         0.2949232 ]

rule8: housing_median_age < 20.265
probabilities_array:[0.04701699 0.09421043 0.14247097 0.17353077 0.14965297 0.1138457
 0.08464179 0.09456173 0.         0.10006858]


---1---
rule28: median_income < 2.593
probabilities_array:[0.2717822  0.27776352 0.18538411 0.12461264 0.07993391 0.02171204
 0.01196137 0.00205623 0.         0.02479391]

rule39: ocean_proximity_NEAR OCEAN = 1.0
probabilities_array:[0.03848401 0.2380638  0.10880918 0.0028191  0.         0.01771632
 0.07144681 0.11716087 0.3196554  0.08584443]

rule37: ocean_proximity_NEAR BAY = 1.0
probabilities_array:[0.01212629 0.2655803  0.19894162 0.         0.         0.01640952
 0.         0.06240849 0.2298573  0.21467653]

rule33: ocean_proximity_INLAND = 1.0
probabilities_array:[3.1951737e-01 2.5001696e-01 2.1357195e-01 6.1221183e-03 1.8486682e-03
 7.1838694e-03 1.9617710e-04 0.0000000e+00 0.0000000e+00 2.0154293e-01]

rule2: -119.572 < longitude < -118.223
probabilities_array:[0.18394086 0.19112805 0.01554028 0.         0.01979911 0.0397128
 0.00548909 0.09699441 0.312151   0.13524441]

rule7: latitude > 37.071
probabilities_array:[0.         0.19161573 0.284717   0.16946945 0.04996986 0.03001037
 0.02987802 0.02631717 0.07929248 0.13872997]

rule1: -120.921 < longitude < -119.572
probabilities_array:[2.0456561e-01 1.6991933e-01 1.5483020e-01 6.3917801e-02 0.0000000e+00
 0.0000000e+00 9.3715731e-05 9.4368756e-02 1.1593862e-01 1.9636597e-01]

rule29: 2.593 < median_income < 3.865
probabilities_array:[0.01769861 0.13037607 0.19679111 0.21563336 0.18498568 0.10538626
 0.08107548 0.04645976 0.         0.02159363]

rule12: total_rooms < 1155.842
probabilities_array:[0.25034133 0.12897792 0.13870344 0.23180553 0.09646418 0.04416949
 0.07142151 0.01700502 0.         0.02111159]

rule38: ocean_proximity_NEAR OCEAN = 0.0
probabilities_array:[0.26403508 0.1741638  0.03209306 0.01249498 0.13220371 0.04506928
 0.01474492 0.00439029 0.         0.32080486]

rule4: latitude < 34.196
probabilities_array:[0.00633378 0.11909661 0.15756124 0.07119133 0.03544778 0.0450438
 0.09994005 0.17955346 0.18974574 0.09608627]

rule22: 1421.298 < population < 2190.320
probabilities_array:[0.27495974 0.10945825 0.11995617 0.21159844 0.0760314  0.05817781
 0.05983636 0.01701377 0.         0.07296812]

rule11: housing_median_age > 37.198
probabilities_array:[0.1784096  0.12505805 0.         0.03275097 0.         0.
 0.05384999 0.10464706 0.2678631  0.23742129]

rule34: ocean_proximity_ISLAND = 0.0
probabilities_array:[0.16712433 0.20126079 0.05125679 0.00161142 0.         0.02035048
 0.01437087 0.00153226 0.         0.542493  ]

rule36: ocean_proximity_NEAR BAY = 0.0
probabilities_array:[0.2778676  0.1439829  0.04212853 0.01342412 0.00886302 0.01330742
 0.08058486 0.050268   0.         0.36957353]

rule23: population > 2190.320
probabilities_array:[0.2506398  0.09091718 0.13640426 0.24573258 0.12856746 0.06263906
 0.06254207 0.01323039 0.         0.00932715]

rule8: housing_median_age < 20.265
probabilities_array:[0.04701699 0.09421043 0.14247097 0.17353077 0.14965297 0.1138457
 0.08464179 0.09456173 0.         0.10006858]

rule10: 28.731 < housing_median_age < 37.198
probabilities_array:[0.27146944 0.10992395 0.05489119 0.07182316 0.07659896 0.14237115
 0.         0.00186168 0.01505033 0.25601012]

rule3: longitude > -118.223
probabilities_array:[0.06744353 0.08522971 0.18591222 0.24823092 0.18837427 0.13627607
 0.02810682 0.00279209 0.         0.05763439]

rule5: 34.196 < latitude < 35.633
probabilities_array:[0.19116618 0.07587681 0.13450663 0.14252527 0.10380724 0.14783674
 0.09317377 0.06564957 0.         0.04545771]

rule17: 252.182 < total_bedrooms < 533.614
probabilities_array:[0.17255564 0.12144847 0.05793305 0.15723446 0.         0.01092221
 0.00887987 0.0015811  0.         0.4694452 ]

rule9: 20.265 < housing_median_age < 28.731
probabilities_array:[0.07436438 0.08022271 0.03327537 0.         0.08871346 0.17037416
 0.15542746 0.10269927 0.         0.2949232 ]

rule15: total_rooms > 4090.415
probabilities_array:[0.         0.06029499 0.00609813 0.         0.         0.
 0.00782394 0.24889213 0.5026916  0.17419916]

rule6: 35.633 < latitude < 37.071
probabilities_array:[0.343321   0.09077392 0.         0.         0.         0.06747873
 0.         0.         0.         0.4984263 ]

rule21: 652.276 < population < 1421.298
probabilities_array:[1.2755699e-01 7.3358238e-02 3.9527025e-03 7.4558720e-02 0.0000000e+00
 0.0000000e+00 3.9319679e-04 8.2348615e-02 2.3385292e-01 4.0397859e-01]

rule24: households < 240.819
probabilities_array:[0.19893147 0.07879995 0.09201851 0.08585145 0.         0.01963382
 0.         0.         0.03965653 0.48510823]


---2---
rule7: latitude > 37.071
probabilities_array:[0.         0.19161573 0.284717   0.16946945 0.04996986 0.03001037
 0.02987802 0.02631717 0.07929248 0.13872997]

rule29: 2.593 < median_income < 3.865
probabilities_array:[0.01769861 0.13037607 0.19679111 0.21563336 0.18498568 0.10538626
 0.08107548 0.04645976 0.         0.02159363]

rule28: median_income < 2.593
probabilities_array:[0.2717822  0.27776352 0.18538411 0.12461264 0.07993391 0.02171204
 0.01196137 0.00205623 0.         0.02479391]

rule3: longitude > -118.223
probabilities_array:[0.06744353 0.08522971 0.18591222 0.24823092 0.18837427 0.13627607
 0.02810682 0.00279209 0.         0.05763439]

rule33: ocean_proximity_INLAND = 1.0
probabilities_array:[3.1951737e-01 2.5001696e-01 2.1357195e-01 6.1221183e-03 1.8486682e-03
 7.1838694e-03 1.9617710e-04 0.0000000e+00 0.0000000e+00 2.0154293e-01]

rule37: ocean_proximity_NEAR BAY = 1.0
probabilities_array:[0.01212629 0.2655803  0.19894162 0.         0.         0.01640952
 0.         0.06240849 0.2298573  0.21467653]

rule4: latitude < 34.196
probabilities_array:[0.00633378 0.11909661 0.15756124 0.07119133 0.03544778 0.0450438
 0.09994005 0.17955346 0.18974574 0.09608627]

rule12: total_rooms < 1155.842
probabilities_array:[0.25034133 0.12897792 0.13870344 0.23180553 0.09646418 0.04416949
 0.07142151 0.01700502 0.         0.02111159]

rule23: population > 2190.320
probabilities_array:[0.2506398  0.09091718 0.13640426 0.24573258 0.12856746 0.06263906
 0.06254207 0.01323039 0.         0.00932715]

rule5: 34.196 < latitude < 35.633
probabilities_array:[0.19116618 0.07587681 0.13450663 0.14252527 0.10380724 0.14783674
 0.09317377 0.06564957 0.         0.04545771]

rule8: housing_median_age < 20.265
probabilities_array:[0.04701699 0.09421043 0.14247097 0.17353077 0.14965297 0.1138457
 0.08464179 0.09456173 0.         0.10006858]

rule1: -120.921 < longitude < -119.572
probabilities_array:[2.0456561e-01 1.6991933e-01 1.5483020e-01 6.3917801e-02 0.0000000e+00
 0.0000000e+00 9.3715731e-05 9.4368756e-02 1.1593862e-01 1.9636597e-01]

rule22: 1421.298 < population < 2190.320
probabilities_array:[0.27495974 0.10945825 0.11995617 0.21159844 0.0760314  0.05817781
 0.05983636 0.01701377 0.         0.07296812]

rule25: 240.819 < households < 496.898
probabilities_array:[0.22675411 0.06513719 0.1752123  0.04933078 0.00189453 0.00997459
 0.04233548 0.01647912 0.         0.41288185]

rule39: ocean_proximity_NEAR OCEAN = 1.0
probabilities_array:[0.03848401 0.2380638  0.10880918 0.0028191  0.         0.01771632
 0.07144681 0.11716087 0.3196554  0.08584443]

rule30: 3.865 < median_income < 5.138
probabilities_array:[0.         0.03529025 0.09766649 0.14469272 0.19547363 0.16693
 0.16168652 0.14508802 0.0478749  0.00529742]

rule13: 1155.842 < total_rooms < 2623.128
probabilities_array:[0.24216156 0.05028333 0.08586612 0.17014496 0.0755923  0.06673249
 0.06801762 0.01113912 0.         0.23006253]

rule14: 2623.128 < total_rooms < 4090.415
probabilities_array:[0.         0.02233066 0.06610735 0.00039337 0.02153601 0.07081861
 0.08555303 0.15774465 0.34219342 0.23332284]

rule24: households < 240.819
probabilities_array:[0.19893147 0.07879995 0.09201851 0.08585145 0.         0.01963382
 0.         0.         0.03965653 0.48510823]

rule10: 28.731 < housing_median_age < 37.198
probabilities_array:[0.27146944 0.10992395 0.05489119 0.07182316 0.07659896 0.14237115
 0.         0.00186168 0.01505033 0.25601012]


---3---
rule23: population > 2190.320
probabilities_array:[0.2506398  0.09091718 0.13640426 0.24573258 0.12856746 0.06263906
 0.06254207 0.01323039 0.         0.00932715]

rule3: longitude > -118.223
probabilities_array:[0.06744353 0.08522971 0.18591222 0.24823092 0.18837427 0.13627607
 0.02810682 0.00279209 0.         0.05763439]

rule12: total_rooms < 1155.842
probabilities_array:[0.25034133 0.12897792 0.13870344 0.23180553 0.09646418 0.04416949
 0.07142151 0.01700502 0.         0.02111159]

rule29: 2.593 < median_income < 3.865
probabilities_array:[0.01769861 0.13037607 0.19679111 0.21563336 0.18498568 0.10538626
 0.08107548 0.04645976 0.         0.02159363]

rule22: 1421.298 < population < 2190.320
probabilities_array:[0.27495974 0.10945825 0.11995617 0.21159844 0.0760314  0.05817781
 0.05983636 0.01701377 0.         0.07296812]

rule8: housing_median_age < 20.265
probabilities_array:[0.04701699 0.09421043 0.14247097 0.17353077 0.14965297 0.1138457
 0.08464179 0.09456173 0.         0.10006858]

rule7: latitude > 37.071
probabilities_array:[0.         0.19161573 0.284717   0.16946945 0.04996986 0.03001037
 0.02987802 0.02631717 0.07929248 0.13872997]

rule30: 3.865 < median_income < 5.138
probabilities_array:[0.         0.03529025 0.09766649 0.14469272 0.19547363 0.16693
 0.16168652 0.14508802 0.0478749  0.00529742]

rule5: 34.196 < latitude < 35.633
probabilities_array:[0.19116618 0.07587681 0.13450663 0.14252527 0.10380724 0.14783674
 0.09317377 0.06564957 0.         0.04545771]

rule13: 1155.842 < total_rooms < 2623.128
probabilities_array:[0.24216156 0.05028333 0.08586612 0.17014496 0.0755923  0.06673249
 0.06801762 0.01113912 0.         0.23006253]

rule28: median_income < 2.593
probabilities_array:[0.2717822  0.27776352 0.18538411 0.12461264 0.07993391 0.02171204
 0.01196137 0.00205623 0.         0.02479391]

rule17: 252.182 < total_bedrooms < 533.614
probabilities_array:[0.17255564 0.12144847 0.05793305 0.15723446 0.         0.01092221
 0.00887987 0.0015811  0.         0.4694452 ]

rule4: latitude < 34.196
probabilities_array:[0.00633378 0.11909661 0.15756124 0.07119133 0.03544778 0.0450438
 0.09994005 0.17955346 0.18974574 0.09608627]

rule0: longitude < -120.921
probabilities_array:[0.         0.         0.00142983 0.07705985 0.06474616 0.1087826
 0.20767894 0.21432118 0.11193769 0.21404374]

rule10: 28.731 < housing_median_age < 37.198
probabilities_array:[0.27146944 0.10992395 0.05489119 0.07182316 0.07659896 0.14237115
 0.         0.00186168 0.01505033 0.25601012]

rule1: -120.921 < longitude < -119.572
probabilities_array:[2.0456561e-01 1.6991933e-01 1.5483020e-01 6.3917801e-02 0.0000000e+00
 0.0000000e+00 9.3715731e-05 9.4368756e-02 1.1593862e-01 1.9636597e-01]

rule32: ocean_proximity_INLAND = 0.0
probabilities_array:[0.0000000e+00 1.1826803e-02 2.4965536e-02 4.8046976e-02 1.4023700e-01
 2.0307243e-01 1.9847442e-01 2.0510292e-01 1.6826336e-01 1.0609627e-05]

rule21: 652.276 < population < 1421.298
probabilities_array:[1.2755699e-01 7.3358238e-02 3.9527025e-03 7.4558720e-02 0.0000000e+00
 0.0000000e+00 3.9319679e-04 8.2348615e-02 2.3385292e-01 4.0397859e-01]

rule24: households < 240.819
probabilities_array:[0.19893147 0.07879995 0.09201851 0.08585145 0.         0.01963382
 0.         0.         0.03965653 0.48510823]


---4---
rule30: 3.865 < median_income < 5.138
probabilities_array:[0.         0.03529025 0.09766649 0.14469272 0.19547363 0.16693
 0.16168652 0.14508802 0.0478749  0.00529742]

rule29: 2.593 < median_income < 3.865
probabilities_array:[0.01769861 0.13037607 0.19679111 0.21563336 0.18498568 0.10538626
 0.08107548 0.04645976 0.         0.02159363]

rule3: longitude > -118.223
probabilities_array:[0.06744353 0.08522971 0.18591222 0.24823092 0.18837427 0.13627607
 0.02810682 0.00279209 0.         0.05763439]

rule32: ocean_proximity_INLAND = 0.0
probabilities_array:[0.0000000e+00 1.1826803e-02 2.4965536e-02 4.8046976e-02 1.4023700e-01
 2.0307243e-01 1.9847442e-01 2.0510292e-01 1.6826336e-01 1.0609627e-05]

rule8: housing_median_age < 20.265
probabilities_array:[0.04701699 0.09421043 0.14247097 0.17353077 0.14965297 0.1138457
 0.08464179 0.09456173 0.         0.10006858]

rule23: population > 2190.320
probabilities_array:[0.2506398  0.09091718 0.13640426 0.24573258 0.12856746 0.06263906
 0.06254207 0.01323039 0.         0.00932715]

rule5: 34.196 < latitude < 35.633
probabilities_array:[0.19116618 0.07587681 0.13450663 0.14252527 0.10380724 0.14783674
 0.09317377 0.06564957 0.         0.04545771]

rule12: total_rooms < 1155.842
probabilities_array:[0.25034133 0.12897792 0.13870344 0.23180553 0.09646418 0.04416949
 0.07142151 0.01700502 0.         0.02111159]

rule38: ocean_proximity_NEAR OCEAN = 0.0
probabilities_array:[0.26403508 0.1741638  0.03209306 0.01249498 0.13220371 0.04506928
 0.01474492 0.00439029 0.         0.32080486]

rule28: median_income < 2.593
probabilities_array:[0.2717822  0.27776352 0.18538411 0.12461264 0.07993391 0.02171204
 0.01196137 0.00205623 0.         0.02479391]

rule22: 1421.298 < population < 2190.320
probabilities_array:[0.27495974 0.10945825 0.11995617 0.21159844 0.0760314  0.05817781
 0.05983636 0.01701377 0.         0.07296812]

rule9: 20.265 < housing_median_age < 28.731
probabilities_array:[0.07436438 0.08022271 0.03327537 0.         0.08871346 0.17037416
 0.15542746 0.10269927 0.         0.2949232 ]

rule13: 1155.842 < total_rooms < 2623.128
probabilities_array:[0.24216156 0.05028333 0.08586612 0.17014496 0.0755923  0.06673249
 0.06801762 0.01113912 0.         0.23006253]

rule10: 28.731 < housing_median_age < 37.198
probabilities_array:[0.27146944 0.10992395 0.05489119 0.07182316 0.07659896 0.14237115
 0.         0.00186168 0.01505033 0.25601012]

rule31: median_income > 5.138
probabilities_array:[0.00291582 0.00581069 0.00691695 0.03942037 0.05603563 0.08729044
 0.19025022 0.26602975 0.34185538 0.00347485]

rule0: longitude < -120.921
probabilities_array:[0.         0.         0.00142983 0.07705985 0.06474616 0.1087826
 0.20767894 0.21432118 0.11193769 0.21404374]

rule7: latitude > 37.071
probabilities_array:[0.         0.19161573 0.284717   0.16946945 0.04996986 0.03001037
 0.02987802 0.02631717 0.07929248 0.13872997]


---5---
rule32: ocean_proximity_INLAND = 0.0
probabilities_array:[0.0000000e+00 1.1826803e-02 2.4965536e-02 4.8046976e-02 1.4023700e-01
 2.0307243e-01 1.9847442e-01 2.0510292e-01 1.6826336e-01 1.0609627e-05]

rule30: 3.865 < median_income < 5.138
probabilities_array:[0.         0.03529025 0.09766649 0.14469272 0.19547363 0.16693
 0.16168652 0.14508802 0.0478749  0.00529742]

rule5: 34.196 < latitude < 35.633
probabilities_array:[0.19116618 0.07587681 0.13450663 0.14252527 0.10380724 0.14783674
 0.09317377 0.06564957 0.         0.04545771]

rule3: longitude > -118.223
probabilities_array:[0.06744353 0.08522971 0.18591222 0.24823092 0.18837427 0.13627607
 0.02810682 0.00279209 0.         0.05763439]

rule9: 20.265 < housing_median_age < 28.731
probabilities_array:[0.07436438 0.08022271 0.03327537 0.         0.08871346 0.17037416
 0.15542746 0.10269927 0.         0.2949232 ]

rule10: 28.731 < housing_median_age < 37.198
probabilities_array:[0.27146944 0.10992395 0.05489119 0.07182316 0.07659896 0.14237115
 0.         0.00186168 0.01505033 0.25601012]

rule29: 2.593 < median_income < 3.865
probabilities_array:[0.01769861 0.13037607 0.19679111 0.21563336 0.18498568 0.10538626
 0.08107548 0.04645976 0.         0.02159363]

rule8: housing_median_age < 20.265
probabilities_array:[0.04701699 0.09421043 0.14247097 0.17353077 0.14965297 0.1138457
 0.08464179 0.09456173 0.         0.10006858]

rule19: total_bedrooms > 815.045
probabilities_array:[0.         0.01312777 0.05329459 0.02542871 0.         0.12659
 0.09941716 0.15483491 0.24141985 0.28588697]

rule31: median_income > 5.138
probabilities_array:[0.00291582 0.00581069 0.00691695 0.03942037 0.05603563 0.08729044
 0.19025022 0.26602975 0.34185538 0.00347485]

rule0: longitude < -120.921
probabilities_array:[0.         0.         0.00142983 0.07705985 0.06474616 0.1087826
 0.20767894 0.21432118 0.11193769 0.21404374]

rule20: population < 652.276
probabilities_array:[0.         0.00958029 0.00477991 0.         0.03197274 0.08733623
 0.04807734 0.23910151 0.4471168  0.13203523]

rule23: population > 2190.320
probabilities_array:[0.2506398  0.09091718 0.13640426 0.24573258 0.12856746 0.06263906
 0.06254207 0.01323039 0.         0.00932715]

rule27: households > 752.978
probabilities_array:[0.00506259 0.         0.         0.00047833 0.00088343 0.0811019
 0.15240267 0.14566962 0.35797858 0.25642294]

rule14: 2623.128 < total_rooms < 4090.415
probabilities_array:[0.         0.02233066 0.06610735 0.00039337 0.02153601 0.07081861
 0.08555303 0.15774465 0.34219342 0.23332284]

rule22: 1421.298 < population < 2190.320
probabilities_array:[0.27495974 0.10945825 0.11995617 0.21159844 0.0760314  0.05817781
 0.05983636 0.01701377 0.         0.07296812]

rule13: 1155.842 < total_rooms < 2623.128
probabilities_array:[0.24216156 0.05028333 0.08586612 0.17014496 0.0755923  0.06673249
 0.06801762 0.01113912 0.         0.23006253]

rule16: total_bedrooms < 252.182
probabilities_array:[0.16440286 0.06457139 0.03385278 0.00265132 0.04391329 0.09781735
 0.         0.         0.07618905 0.516602  ]

rule26: 496.898 < households < 752.978
probabilities_array:[0.0703496  0.08636166 0.00231567 0.         0.01152207 0.10576844
 0.10688975 0.04087491 0.01892875 0.5569891 ]

rule12: total_rooms < 1155.842
probabilities_array:[0.25034133 0.12897792 0.13870344 0.23180553 0.09646418 0.04416949
 0.07142151 0.01700502 0.         0.02111159]

rule4: latitude < 34.196
probabilities_array:[0.00633378 0.11909661 0.15756124 0.07119133 0.03544778 0.0450438
 0.09994005 0.17955346 0.18974574 0.09608627]


---6---
rule32: ocean_proximity_INLAND = 0.0
probabilities_array:[0.0000000e+00 1.1826803e-02 2.4965536e-02 4.8046976e-02 1.4023700e-01
 2.0307243e-01 1.9847442e-01 2.0510292e-01 1.6826336e-01 1.0609627e-05]

rule31: median_income > 5.138
probabilities_array:[0.00291582 0.00581069 0.00691695 0.03942037 0.05603563 0.08729044
 0.19025022 0.26602975 0.34185538 0.00347485]

rule0: longitude < -120.921
probabilities_array:[0.         0.         0.00142983 0.07705985 0.06474616 0.1087826
 0.20767894 0.21432118 0.11193769 0.21404374]

rule30: 3.865 < median_income < 5.138
probabilities_array:[0.         0.03529025 0.09766649 0.14469272 0.19547363 0.16693
 0.16168652 0.14508802 0.0478749  0.00529742]

rule27: households > 752.978
probabilities_array:[0.00506259 0.         0.         0.00047833 0.00088343 0.0811019
 0.15240267 0.14566962 0.35797858 0.25642294]

rule9: 20.265 < housing_median_age < 28.731
probabilities_array:[0.07436438 0.08022271 0.03327537 0.         0.08871346 0.17037416
 0.15542746 0.10269927 0.         0.2949232 ]

rule4: latitude < 34.196
probabilities_array:[0.00633378 0.11909661 0.15756124 0.07119133 0.03544778 0.0450438
 0.09994005 0.17955346 0.18974574 0.09608627]

rule5: 34.196 < latitude < 35.633
probabilities_array:[0.19116618 0.07587681 0.13450663 0.14252527 0.10380724 0.14783674
 0.09317377 0.06564957 0.         0.04545771]

rule29: 2.593 < median_income < 3.865
probabilities_array:[0.01769861 0.13037607 0.19679111 0.21563336 0.18498568 0.10538626
 0.08107548 0.04645976 0.         0.02159363]

rule8: housing_median_age < 20.265
probabilities_array:[0.04701699 0.09421043 0.14247097 0.17353077 0.14965297 0.1138457
 0.08464179 0.09456173 0.         0.10006858]

rule19: total_bedrooms > 815.045
probabilities_array:[0.         0.01312777 0.05329459 0.02542871 0.         0.12659
 0.09941716 0.15483491 0.24141985 0.28588697]

rule12: total_rooms < 1155.842
probabilities_array:[0.25034133 0.12897792 0.13870344 0.23180553 0.09646418 0.04416949
 0.07142151 0.01700502 0.         0.02111159]

rule14: 2623.128 < total_rooms < 4090.415
probabilities_array:[0.         0.02233066 0.06610735 0.00039337 0.02153601 0.07081861
 0.08555303 0.15774465 0.34219342 0.23332284]

rule39: ocean_proximity_NEAR OCEAN = 1.0
probabilities_array:[0.03848401 0.2380638  0.10880918 0.0028191  0.         0.01771632
 0.07144681 0.11716087 0.3196554  0.08584443]

rule23: population > 2190.320
probabilities_array:[0.2506398  0.09091718 0.13640426 0.24573258 0.12856746 0.06263906
 0.06254207 0.01323039 0.         0.00932715]

rule22: 1421.298 < population < 2190.320
probabilities_array:[0.27495974 0.10945825 0.11995617 0.21159844 0.0760314  0.05817781
 0.05983636 0.01701377 0.         0.07296812]

rule13: 1155.842 < total_rooms < 2623.128
probabilities_array:[0.24216156 0.05028333 0.08586612 0.17014496 0.0755923  0.06673249
 0.06801762 0.01113912 0.         0.23006253]

rule36: ocean_proximity_NEAR BAY = 0.0
probabilities_array:[0.2778676  0.1439829  0.04212853 0.01342412 0.00886302 0.01330742
 0.08058486 0.050268   0.         0.36957353]

rule26: 496.898 < households < 752.978
probabilities_array:[0.0703496  0.08636166 0.00231567 0.         0.01152207 0.10576844
 0.10688975 0.04087491 0.01892875 0.5569891 ]

rule18: 533.614 < total_bedrooms < 815.045
probabilities_array:[0.15439583 0.03241559 0.05789496 0.         0.01341365 0.0008846
 0.07533646 0.03837408 0.2199274  0.40735734]

rule20: population < 652.276
probabilities_array:[0.         0.00958029 0.00477991 0.         0.03197274 0.08733623
 0.04807734 0.23910151 0.4471168  0.13203523]

rule11: housing_median_age > 37.198
probabilities_array:[0.1784096  0.12505805 0.         0.03275097 0.         0.
 0.05384999 0.10464706 0.2678631  0.23742129]


---7---
rule31: median_income > 5.138
probabilities_array:[0.00291582 0.00581069 0.00691695 0.03942037 0.05603563 0.08729044
 0.19025022 0.26602975 0.34185538 0.00347485]

rule35: ocean_proximity_ISLAND = 1.0
probabilities_array:[0.         0.         0.         0.         0.         0.
 0.         0.3820967  0.21069326 0.40721005]

rule20: population < 652.276
probabilities_array:[0.         0.00958029 0.00477991 0.         0.03197274 0.08733623
 0.04807734 0.23910151 0.4471168  0.13203523]

rule15: total_rooms > 4090.415
probabilities_array:[0.         0.06029499 0.00609813 0.         0.         0.
 0.00782394 0.24889213 0.5026916  0.17419916]

rule32: ocean_proximity_INLAND = 0.0
probabilities_array:[0.0000000e+00 1.1826803e-02 2.4965536e-02 4.8046976e-02 1.4023700e-01
 2.0307243e-01 1.9847442e-01 2.0510292e-01 1.6826336e-01 1.0609627e-05]

rule0: longitude < -120.921
probabilities_array:[0.         0.         0.00142983 0.07705985 0.06474616 0.1087826
 0.20767894 0.21432118 0.11193769 0.21404374]

rule4: latitude < 34.196
probabilities_array:[0.00633378 0.11909661 0.15756124 0.07119133 0.03544778 0.0450438
 0.09994005 0.17955346 0.18974574 0.09608627]

rule30: 3.865 < median_income < 5.138
probabilities_array:[0.         0.03529025 0.09766649 0.14469272 0.19547363 0.16693
 0.16168652 0.14508802 0.0478749  0.00529742]

rule14: 2623.128 < total_rooms < 4090.415
probabilities_array:[0.         0.02233066 0.06610735 0.00039337 0.02153601 0.07081861
 0.08555303 0.15774465 0.34219342 0.23332284]

rule19: total_bedrooms > 815.045
probabilities_array:[0.         0.01312777 0.05329459 0.02542871 0.         0.12659
 0.09941716 0.15483491 0.24141985 0.28588697]

rule27: households > 752.978
probabilities_array:[0.00506259 0.         0.         0.00047833 0.00088343 0.0811019
 0.15240267 0.14566962 0.35797858 0.25642294]

rule39: ocean_proximity_NEAR OCEAN = 1.0
probabilities_array:[0.03848401 0.2380638  0.10880918 0.0028191  0.         0.01771632
 0.07144681 0.11716087 0.3196554  0.08584443]

rule8: housing_median_age < 20.265
probabilities_array:[0.04701699 0.09421043 0.14247097 0.17353077 0.14965297 0.1138457
 0.08464179 0.09456173 0.         0.10006858]

rule2: -119.572 < longitude < -118.223
probabilities_array:[0.18394086 0.19112805 0.01554028 0.         0.01979911 0.0397128
 0.00548909 0.09699441 0.312151   0.13524441]

rule11: housing_median_age > 37.198
probabilities_array:[0.1784096  0.12505805 0.         0.03275097 0.         0.
 0.05384999 0.10464706 0.2678631  0.23742129]

rule1: -120.921 < longitude < -119.572
probabilities_array:[2.0456561e-01 1.6991933e-01 1.5483020e-01 6.3917801e-02 0.0000000e+00
 0.0000000e+00 9.3715731e-05 9.4368756e-02 1.1593862e-01 1.9636597e-01]

rule9: 20.265 < housing_median_age < 28.731
probabilities_array:[0.07436438 0.08022271 0.03327537 0.         0.08871346 0.17037416
 0.15542746 0.10269927 0.         0.2949232 ]

rule5: 34.196 < latitude < 35.633
probabilities_array:[0.19116618 0.07587681 0.13450663 0.14252527 0.10380724 0.14783674
 0.09317377 0.06564957 0.         0.04545771]

rule21: 652.276 < population < 1421.298
probabilities_array:[1.2755699e-01 7.3358238e-02 3.9527025e-03 7.4558720e-02 0.0000000e+00
 0.0000000e+00 3.9319679e-04 8.2348615e-02 2.3385292e-01 4.0397859e-01]

rule37: ocean_proximity_NEAR BAY = 1.0
probabilities_array:[0.01212629 0.2655803  0.19894162 0.         0.         0.01640952
 0.         0.06240849 0.2298573  0.21467653]

rule29: 2.593 < median_income < 3.865
probabilities_array:[0.01769861 0.13037607 0.19679111 0.21563336 0.18498568 0.10538626
 0.08107548 0.04645976 0.         0.02159363]


---8---
rule15: total_rooms > 4090.415
probabilities_array:[0.         0.06029499 0.00609813 0.         0.         0.
 0.00782394 0.24889213 0.5026916  0.17419916]

rule20: population < 652.276
probabilities_array:[0.         0.00958029 0.00477991 0.         0.03197274 0.08733623
 0.04807734 0.23910151 0.4471168  0.13203523]

rule31: median_income > 5.138
probabilities_array:[0.00291582 0.00581069 0.00691695 0.03942037 0.05603563 0.08729044
 0.19025022 0.26602975 0.34185538 0.00347485]

rule39: ocean_proximity_NEAR OCEAN = 1.0
probabilities_array:[0.03848401 0.2380638  0.10880918 0.0028191  0.         0.01771632
 0.07144681 0.11716087 0.3196554  0.08584443]

rule2: -119.572 < longitude < -118.223
probabilities_array:[0.18394086 0.19112805 0.01554028 0.         0.01979911 0.0397128
 0.00548909 0.09699441 0.312151   0.13524441]

rule27: households > 752.978
probabilities_array:[0.00506259 0.         0.         0.00047833 0.00088343 0.0811019
 0.15240267 0.14566962 0.35797858 0.25642294]

rule14: 2623.128 < total_rooms < 4090.415
probabilities_array:[0.         0.02233066 0.06610735 0.00039337 0.02153601 0.07081861
 0.08555303 0.15774465 0.34219342 0.23332284]

rule11: housing_median_age > 37.198
probabilities_array:[0.1784096  0.12505805 0.         0.03275097 0.         0.
 0.05384999 0.10464706 0.2678631  0.23742129]

rule37: ocean_proximity_NEAR BAY = 1.0
probabilities_array:[0.01212629 0.2655803  0.19894162 0.         0.         0.01640952
 0.         0.06240849 0.2298573  0.21467653]

rule19: total_bedrooms > 815.045
probabilities_array:[0.         0.01312777 0.05329459 0.02542871 0.         0.12659
 0.09941716 0.15483491 0.24141985 0.28588697]

rule4: latitude < 34.196
probabilities_array:[0.00633378 0.11909661 0.15756124 0.07119133 0.03544778 0.0450438
 0.09994005 0.17955346 0.18974574 0.09608627]

rule32: ocean_proximity_INLAND = 0.0
probabilities_array:[0.0000000e+00 1.1826803e-02 2.4965536e-02 4.8046976e-02 1.4023700e-01
 2.0307243e-01 1.9847442e-01 2.0510292e-01 1.6826336e-01 1.0609627e-05]

rule21: 652.276 < population < 1421.298
probabilities_array:[1.2755699e-01 7.3358238e-02 3.9527025e-03 7.4558720e-02 0.0000000e+00
 0.0000000e+00 3.9319679e-04 8.2348615e-02 2.3385292e-01 4.0397859e-01]

rule18: 533.614 < total_bedrooms < 815.045
probabilities_array:[0.15439583 0.03241559 0.05789496 0.         0.01341365 0.0008846
 0.07533646 0.03837408 0.2199274  0.40735734]

rule35: ocean_proximity_ISLAND = 1.0
probabilities_array:[0.         0.         0.         0.         0.         0.
 0.         0.3820967  0.21069326 0.40721005]

rule1: -120.921 < longitude < -119.572
probabilities_array:[2.0456561e-01 1.6991933e-01 1.5483020e-01 6.3917801e-02 0.0000000e+00
 0.0000000e+00 9.3715731e-05 9.4368756e-02 1.1593862e-01 1.9636597e-01]

rule0: longitude < -120.921
probabilities_array:[0.         0.         0.00142983 0.07705985 0.06474616 0.1087826
 0.20767894 0.21432118 0.11193769 0.21404374]

rule7: latitude > 37.071
probabilities_array:[0.         0.19161573 0.284717   0.16946945 0.04996986 0.03001037
 0.02987802 0.02631717 0.07929248 0.13872997]

rule30: 3.865 < median_income < 5.138
probabilities_array:[0.         0.03529025 0.09766649 0.14469272 0.19547363 0.16693
 0.16168652 0.14508802 0.0478749  0.00529742]

