R2: 0.2384697771174269


MAE: 31539870.375814907


MSE: 3771249517477023.0


Accuracy: 0.2230174768354761


F1: 0.2359796067006555


Most important rules
-----------------------------

---0---
rule2: 6.458 < imdb_score < 7.197
probabilities_array:[0.21544158 0.1867741  0.03755014 0.00451059 0.         0.01915918
 0.         0.02465653 0.05929904 0.10514642 0.17505364 0.17240879]

rule9: -101.780 < num_voted_users < 96287.470
probabilities_array:[0.15714252 0.14899811 0.13261354 0.12072773 0.12606706 0.109494
 0.08749069 0.06119386 0.04348283 0.         0.         0.0127897 ]

rule7: title_year > 2010.028
probabilities_array:[0.22063057 0.00040057 0.         0.         0.01463556 0.00688442
 0.02409281 0.09519335 0.06952261 0.05987389 0.19381258 0.31495363]

rule12: num_critic_for_reviews < 76.104
probabilities_array:[0.23529986 0.18950777 0.1468047  0.05949431 0.         0.
 0.         0.         0.         0.00074222 0.         0.36815113]

rule16: num_user_for_reviews < 46.239
probabilities_array:[0.2510882  0.2306254  0.         0.         0.         0.
 0.         0.         0.         0.         0.         0.51828635]

rule6: 2003.381 < title_year < 2010.028
probabilities_array:[0.23039107 0.00111903 0.04822196 0.07971476 0.         0.
 0.         0.         0.00897291 0.         0.15378134 0.477799  ]

rule44: duration < 93.668
probabilities_array:[0.2177114  0.06053007 0.         0.0056443  0.04653294 0.
 0.         0.00309979 0.         0.         0.1596545  0.50682706]

rule49: -132683692.013 < budget < 48170519.653
probabilities_array:[0.10885825 0.09654413 0.12105121 0.14387144 0.14576393 0.11999179
 0.08443742 0.07121526 0.05520369 0.03700034 0.         0.01606256]

rule33: -498.167 < actor_3_facebook_likes < 711.264
probabilities_array:[0.15155116 0.15798786 0.13357218 0.         0.         0.
 0.0321257  0.10920902 0.02429371 0.04610657 0.03907549 0.30607837]

rule41: -5227.296 < movie_facebook_likes < 8729.478
probabilities_array:[0.2529181  0.01504983 0.00333439 0.         0.         0.
 0.         0.         0.04020494 0.03854948 0.02029717 0.6296461 ]

rule1: 5.720 < imdb_score < 6.458
probabilities_array:[0.09361083 0.02941797 0.         0.00728667 0.05972977 0.09330586
 0.08965813 0.09026239 0.16354647 0.16101423 0.11101282 0.10115497]

rule37: -2430.541 < cast_total_facebook_likes < 11007.411
probabilities_array:[0.14233014 0.10362992 0.         0.04852598 0.         0.
 0.         0.         0.02303998 0.01434121 0.11811247 0.55002034]

rule25: -3691.284 < actor_1_facebook_likes < 7464.090
probabilities_array:[0.08614305 0.12388726 0.         0.0805077  0.03303329 0.
 0.         0.         0.04290475 0.00240818 0.14611498 0.48500073]


---1---
rule51: budget > 229024731.320
probabilities_array:[0.0000000e+00 3.0109566e-01 0.0000000e+00 7.2176335e-05 0.0000000e+00
 0.0000000e+00 0.0000000e+00 0.0000000e+00 0.0000000e+00 0.0000000e+00
 2.7522433e-01 4.2360789e-01]

rule2: 6.458 < imdb_score < 7.197
probabilities_array:[0.21544158 0.1867741  0.03755014 0.00451059 0.         0.01915918
 0.         0.02465653 0.05929904 0.10514642 0.17505364 0.17240879]

rule9: -101.780 < num_voted_users < 96287.470
probabilities_array:[0.15714252 0.14899811 0.13261354 0.12072773 0.12606706 0.109494
 0.08749069 0.06119386 0.04348283 0.         0.         0.0127897 ]

rule12: num_critic_for_reviews < 76.104
probabilities_array:[0.23529986 0.18950777 0.1468047  0.05949431 0.         0.
 0.         0.         0.         0.00074222 0.         0.36815113]

rule45: 93.668 < duration < 109.804
probabilities_array:[0.0000000e+00 1.5585619e-01 0.0000000e+00 1.5061258e-01 9.9395171e-02
 1.3723125e-04 4.9000397e-02 0.0000000e+00 1.4693078e-01 1.0643418e-02
 1.0647834e-01 2.8094587e-01]

rule16: num_user_for_reviews < 46.239
probabilities_array:[0.2510882  0.2306254  0.         0.         0.         0.
 0.         0.         0.         0.         0.         0.51828635]

rule33: -498.167 < actor_3_facebook_likes < 711.264
probabilities_array:[0.15155116 0.15798786 0.13357218 0.         0.         0.
 0.0321257  0.10920902 0.02429371 0.04610657 0.03907549 0.30607837]

rule49: -132683692.013 < budget < 48170519.653
probabilities_array:[0.10885825 0.09654413 0.12105121 0.14387144 0.14576393 0.11999179
 0.08443742 0.07121526 0.05520369 0.03700034 0.         0.01606256]

rule13: 76.104 < num_critic_for_reviews < 159.263
probabilities_array:[0.         0.08857482 0.05813301 0.05655618 0.06009744 0.0789947
 0.14590935 0.09987887 0.10923015 0.15740874 0.04532132 0.09989544]

rule5: 1996.733 < title_year < 2003.381
probabilities_array:[0.         0.08276126 0.10645433 0.0970853  0.05715676 0.09295304
 0.08646183 0.0905884  0.02794155 0.12455652 0.09395164 0.1400894 ]

rule25: -3691.284 < actor_1_facebook_likes < 7464.090
probabilities_array:[0.08614305 0.12388726 0.         0.0805077  0.03303329 0.
 0.         0.         0.04290475 0.00240818 0.14611498 0.48500073]

rule3: imdb_score > 7.197
probabilities_array:[0.01931191 0.09909406 0.2541871  0.00941593 0.         0.
 0.         0.         0.         0.00342624 0.19250627 0.42205852]

rule42: 8729.478 < movie_facebook_likes < 22686.251
probabilities_array:[0.         0.0534291  0.08693886 0.06358412 0.05921205 0.1184357
 0.15404022 0.13971645 0.05643065 0.0467572  0.09466385 0.12679185]

rule37: -2430.541 < cast_total_facebook_likes < 11007.411
probabilities_array:[0.14233014 0.10362992 0.         0.04852598 0.         0.
 0.         0.         0.02303998 0.01434121 0.11811247 0.55002034]


---2---
rule3: imdb_score > 7.197
probabilities_array:[0.01931191 0.09909406 0.2541871  0.00941593 0.         0.
 0.         0.         0.         0.00342624 0.19250627 0.42205852]

rule23: director_facebook_likes > 2786.614
probabilities_array:[0.         0.         0.17530222 0.         0.03459064 0.00132938
 0.11166783 0.1409936  0.18903686 0.10397602 0.07784349 0.16525996]

rule17: 46.239 < num_user_for_reviews < 311.580
probabilities_array:[0.         0.03926066 0.14905193 0.12404554 0.09797662 0.10618664
 0.11226131 0.11632862 0.08072735 0.10385882 0.02681749 0.04348505]

rule9: -101.780 < num_voted_users < 96287.470
probabilities_array:[0.15714252 0.14899811 0.13261354 0.12072773 0.12606706 0.109494
 0.08749069 0.06119386 0.04348283 0.         0.         0.0127897 ]

rule49: -132683692.013 < budget < 48170519.653
probabilities_array:[0.10885825 0.09654413 0.12105121 0.14387144 0.14576393 0.11999179
 0.08443742 0.07121526 0.05520369 0.03700034 0.         0.01606256]

rule12: num_critic_for_reviews < 76.104
probabilities_array:[0.23529986 0.18950777 0.1468047  0.05949431 0.         0.
 0.         0.         0.         0.00074222 0.         0.36815113]

rule33: -498.167 < actor_3_facebook_likes < 711.264
probabilities_array:[0.15155116 0.15798786 0.13357218 0.         0.         0.
 0.0321257  0.10920902 0.02429371 0.04610657 0.03907549 0.30607837]

rule5: 1996.733 < title_year < 2003.381
probabilities_array:[0.         0.08276126 0.10645433 0.0970853  0.05715676 0.09295304
 0.08646183 0.0905884  0.02794155 0.12455652 0.09395164 0.1400894 ]

rule14: 159.263 < num_critic_for_reviews < 242.423
probabilities_array:[0.         0.00984349 0.09415005 0.09409962 0.08725864 0.11676539
 0.07583759 0.09028794 0.11373614 0.13680907 0.14934774 0.03186437]

rule27: actor_1_facebook_likes > 18619.464
probabilities_array:[0.04054629 0.02672082 0.13358106 0.08109817 0.         0.
 0.10733363 0.         0.04176875 0.         0.15863936 0.41031203]

rule42: 8729.478 < movie_facebook_likes < 22686.251
probabilities_array:[0.         0.0534291  0.08693886 0.06358412 0.05921205 0.1184357
 0.15404022 0.13971645 0.05643065 0.0467572  0.09466385 0.12679185]

rule30: 1915.175 < actor_2_facebook_likes < 5038.455
probabilities_array:[0.         0.         0.07486728 0.10324502 0.15042254 0.
 0.06819911 0.15032732 0.1618311  0.09402435 0.09716251 0.09992071]

rule18: 311.580 < num_user_for_reviews < 576.921
probabilities_array:[0.         0.         0.05729982 0.11441949 0.16620424 0.13535626
 0.13240895 0.07170541 0.1249135  0.11815973 0.05862651 0.02090603]

rule13: 76.104 < num_critic_for_reviews < 159.263
probabilities_array:[0.         0.08857482 0.05813301 0.05655618 0.06009744 0.0789947
 0.14590935 0.09987887 0.10923015 0.15740874 0.04532132 0.09989544]


---3---
rule22: 770.176 < director_facebook_likes < 2786.614
probabilities_array:[0.01966475 0.00455181 0.04350806 0.20830521 0.01192891 0.13422824
 0.         0.10360263 0.         0.14082058 0.13294424 0.2004457 ]

rule49: -132683692.013 < budget < 48170519.653
probabilities_array:[0.10885825 0.09654413 0.12105121 0.14387144 0.14576393 0.11999179
 0.08443742 0.07121526 0.05520369 0.03700034 0.         0.01606256]

rule9: -101.780 < num_voted_users < 96287.470
probabilities_array:[0.15714252 0.14899811 0.13261354 0.12072773 0.12606706 0.109494
 0.08749069 0.06119386 0.04348283 0.         0.         0.0127897 ]

rule17: 46.239 < num_user_for_reviews < 311.580
probabilities_array:[0.         0.03926066 0.14905193 0.12404554 0.09797662 0.10618664
 0.11226131 0.11632862 0.08072735 0.10385882 0.02681749 0.04348505]

rule18: 311.580 < num_user_for_reviews < 576.921
probabilities_array:[0.         0.         0.05729982 0.11441949 0.16620424 0.13535626
 0.13240895 0.07170541 0.1249135  0.11815973 0.05862651 0.02090603]

rule45: 93.668 < duration < 109.804
probabilities_array:[0.0000000e+00 1.5585619e-01 0.0000000e+00 1.5061258e-01 9.9395171e-02
 1.3723125e-04 4.9000397e-02 0.0000000e+00 1.4693078e-01 1.0643418e-02
 1.0647834e-01 2.8094587e-01]

rule30: 1915.175 < actor_2_facebook_likes < 5038.455
probabilities_array:[0.         0.         0.07486728 0.10324502 0.15042254 0.
 0.06819911 0.15032732 0.1618311  0.09402435 0.09716251 0.09992071]

rule14: 159.263 < num_critic_for_reviews < 242.423
probabilities_array:[0.         0.00984349 0.09415005 0.09409962 0.08725864 0.11676539
 0.07583759 0.09028794 0.11373614 0.13680907 0.14934774 0.03186437]

rule5: 1996.733 < title_year < 2003.381
probabilities_array:[0.         0.08276126 0.10645433 0.0970853  0.05715676 0.09295304
 0.08646183 0.0905884  0.02794155 0.12455652 0.09395164 0.1400894 ]

rule34: 711.264 < actor_3_facebook_likes < 1920.695
probabilities_array:[0.         0.00086817 0.         0.09203807 0.08606651 0.11609251
 0.03268069 0.03815976 0.13371864 0.12330243 0.1910659  0.18600732]

rule42: 8729.478 < movie_facebook_likes < 22686.251
probabilities_array:[0.         0.0534291  0.08693886 0.06358412 0.05921205 0.1184357
 0.15404022 0.13971645 0.05643065 0.0467572  0.09466385 0.12679185]

rule4: title_year < 1996.733
probabilities_array:[0.         0.03270964 0.03661129 0.05377826 0.0825652  0.08109819
 0.08717097 0.1022561  0.10686174 0.19125096 0.19891895 0.02677873]

rule13: 76.104 < num_critic_for_reviews < 159.263
probabilities_array:[0.         0.08857482 0.05813301 0.05655618 0.06009744 0.0789947
 0.14590935 0.09987887 0.10923015 0.15740874 0.04532132 0.09989544]

rule27: actor_1_facebook_likes > 18619.464
probabilities_array:[0.04054629 0.02672082 0.13358106 0.08109817 0.         0.
 0.10733363 0.         0.04176875 0.         0.15863936 0.41031203]

rule6: 2003.381 < title_year < 2010.028
probabilities_array:[0.23039107 0.00111903 0.04822196 0.07971476 0.         0.
 0.         0.         0.00897291 0.         0.15378134 0.477799  ]

rule25: -3691.284 < actor_1_facebook_likes < 7464.090
probabilities_array:[0.08614305 0.12388726 0.         0.0805077  0.03303329 0.
 0.         0.         0.04290475 0.00240818 0.14611498 0.48500073]


---4---
rule0: imdb_score < 5.720
probabilities_array:[0.         0.         0.0159846  0.03654743 0.19359308 0.12354094
 0.17332649 0.10476018 0.14163814 0.0826638  0.         0.1279454 ]

rule18: 311.580 < num_user_for_reviews < 576.921
probabilities_array:[0.         0.         0.05729982 0.11441949 0.16620424 0.13535626
 0.13240895 0.07170541 0.1249135  0.11815973 0.05862651 0.02090603]

rule49: -132683692.013 < budget < 48170519.653
probabilities_array:[0.10885825 0.09654413 0.12105121 0.14387144 0.14576393 0.11999179
 0.08443742 0.07121526 0.05520369 0.03700034 0.         0.01606256]

rule30: 1915.175 < actor_2_facebook_likes < 5038.455
probabilities_array:[0.         0.         0.07486728 0.10324502 0.15042254 0.
 0.06819911 0.15032732 0.1618311  0.09402435 0.09716251 0.09992071]

rule9: -101.780 < num_voted_users < 96287.470
probabilities_array:[0.15714252 0.14899811 0.13261354 0.12072773 0.12606706 0.109494
 0.08749069 0.06119386 0.04348283 0.         0.         0.0127897 ]

rule17: 46.239 < num_user_for_reviews < 311.580
probabilities_array:[0.         0.03926066 0.14905193 0.12404554 0.09797662 0.10618664
 0.11226131 0.11632862 0.08072735 0.10385882 0.02681749 0.04348505]

rule14: 159.263 < num_critic_for_reviews < 242.423
probabilities_array:[0.         0.00984349 0.09415005 0.09409962 0.08725864 0.11676539
 0.07583759 0.09028794 0.11373614 0.13680907 0.14934774 0.03186437]

rule4: title_year < 1996.733
probabilities_array:[0.         0.03270964 0.03661129 0.05377826 0.0825652  0.08109819
 0.08717097 0.1022561  0.10686174 0.19125096 0.19891895 0.02677873]

rule15: num_critic_for_reviews > 242.423
probabilities_array:[0.00000000e+00 2.74532358e-04 0.00000000e+00 0.00000000e+00
 1.08407825e-01 1.02868602e-01 3.71143110e-02 1.22186437e-01
 5.63812442e-02 9.24017727e-02 1.66527659e-01 3.13837588e-01]

rule45: 93.668 < duration < 109.804
probabilities_array:[0.0000000e+00 1.5585619e-01 0.0000000e+00 1.5061258e-01 9.9395171e-02
 1.3723125e-04 4.9000397e-02 0.0000000e+00 1.4693078e-01 1.0643418e-02
 1.0647834e-01 2.8094587e-01]

rule34: 711.264 < actor_3_facebook_likes < 1920.695
probabilities_array:[0.         0.00086817 0.         0.09203807 0.08606651 0.11609251
 0.03268069 0.03815976 0.13371864 0.12330243 0.1910659  0.18600732]

rule13: 76.104 < num_critic_for_reviews < 159.263
probabilities_array:[0.         0.08857482 0.05813301 0.05655618 0.06009744 0.0789947
 0.14590935 0.09987887 0.10923015 0.15740874 0.04532132 0.09989544]

rule1: 5.720 < imdb_score < 6.458
probabilities_array:[0.09361083 0.02941797 0.         0.00728667 0.05972977 0.09330586
 0.08965813 0.09026239 0.16354647 0.16101423 0.11101282 0.10115497]

rule42: 8729.478 < movie_facebook_likes < 22686.251
probabilities_array:[0.         0.0534291  0.08693886 0.06358412 0.05921205 0.1184357
 0.15404022 0.13971645 0.05643065 0.0467572  0.09466385 0.12679185]

rule5: 1996.733 < title_year < 2003.381
probabilities_array:[0.         0.08276126 0.10645433 0.0970853  0.05715676 0.09295304
 0.08646183 0.0905884  0.02794155 0.12455652 0.09395164 0.1400894 ]


---5---
rule35: actor_3_facebook_likes > 1920.695
probabilities_array:[0.         0.         0.         0.02463253 0.         0.29125166
 0.         0.00229643 0.         0.04602721 0.21655905 0.41923302]

rule18: 311.580 < num_user_for_reviews < 576.921
probabilities_array:[0.         0.         0.05729982 0.11441949 0.16620424 0.13535626
 0.13240895 0.07170541 0.1249135  0.11815973 0.05862651 0.02090603]

rule49: -132683692.013 < budget < 48170519.653
probabilities_array:[0.10885825 0.09654413 0.12105121 0.14387144 0.14576393 0.11999179
 0.08443742 0.07121526 0.05520369 0.03700034 0.         0.01606256]

rule14: 159.263 < num_critic_for_reviews < 242.423
probabilities_array:[0.         0.00984349 0.09415005 0.09409962 0.08725864 0.11676539
 0.07583759 0.09028794 0.11373614 0.13680907 0.14934774 0.03186437]

rule9: -101.780 < num_voted_users < 96287.470
probabilities_array:[0.15714252 0.14899811 0.13261354 0.12072773 0.12606706 0.109494
 0.08749069 0.06119386 0.04348283 0.         0.         0.0127897 ]

rule0: imdb_score < 5.720
probabilities_array:[0.         0.         0.0159846  0.03654743 0.19359308 0.12354094
 0.17332649 0.10476018 0.14163814 0.0826638  0.         0.1279454 ]

rule22: 770.176 < director_facebook_likes < 2786.614
probabilities_array:[0.01966475 0.00455181 0.04350806 0.20830521 0.01192891 0.13422824
 0.         0.10360263 0.         0.14082058 0.13294424 0.2004457 ]

rule42: 8729.478 < movie_facebook_likes < 22686.251
probabilities_array:[0.         0.0534291  0.08693886 0.06358412 0.05921205 0.1184357
 0.15404022 0.13971645 0.05643065 0.0467572  0.09466385 0.12679185]

rule17: 46.239 < num_user_for_reviews < 311.580
probabilities_array:[0.         0.03926066 0.14905193 0.12404554 0.09797662 0.10618664
 0.11226131 0.11632862 0.08072735 0.10385882 0.02681749 0.04348505]

rule34: 711.264 < actor_3_facebook_likes < 1920.695
probabilities_array:[0.         0.00086817 0.         0.09203807 0.08606651 0.11609251
 0.03268069 0.03815976 0.13371864 0.12330243 0.1910659  0.18600732]

rule10: 96287.470 < num_voted_users < 192676.719
probabilities_array:[0.         0.         0.         0.00954424 0.0037317  0.1083464
 0.19484589 0.19670664 0.18031304 0.14327997 0.00034756 0.16288462]

rule46: 109.804 < duration < 125.940
probabilities_array:[0.00987321 0.         0.01634815 0.         0.00618772 0.11327919
 0.15281492 0.10405024 0.18419604 0.1814189  0.01015664 0.22167489]

rule1: 5.720 < imdb_score < 6.458
probabilities_array:[0.09361083 0.02941797 0.         0.00728667 0.05972977 0.09330586
 0.08965813 0.09026239 0.16354647 0.16101423 0.11101282 0.10115497]

rule5: 1996.733 < title_year < 2003.381
probabilities_array:[0.         0.08276126 0.10645433 0.0970853  0.05715676 0.09295304
 0.08646183 0.0905884  0.02794155 0.12455652 0.09395164 0.1400894 ]

rule4: title_year < 1996.733
probabilities_array:[0.         0.03270964 0.03661129 0.05377826 0.0825652  0.08109819
 0.08717097 0.1022561  0.10686174 0.19125096 0.19891895 0.02677873]

rule47: duration > 125.940
probabilities_array:[0.         0.         0.02359681 0.         0.         0.10992512
 0.03610993 0.17726927 0.08654681 0.12982552 0.12223925 0.31448737]

rule13: 76.104 < num_critic_for_reviews < 159.263
probabilities_array:[0.         0.08857482 0.05813301 0.05655618 0.06009744 0.0789947
 0.14590935 0.09987887 0.10923015 0.15740874 0.04532132 0.09989544]

rule15: num_critic_for_reviews > 242.423
probabilities_array:[0.00000000e+00 2.74532358e-04 0.00000000e+00 0.00000000e+00
 1.08407825e-01 1.02868602e-01 3.71143110e-02 1.22186437e-01
 5.63812442e-02 9.24017727e-02 1.66527659e-01 3.13837588e-01]

rule19: num_user_for_reviews > 576.921
probabilities_array:[0.         0.         0.         0.         0.         0.08151431
 0.06450133 0.05549106 0.04687804 0.09985409 0.18673398 0.46502727]


---6---
rule10: 96287.470 < num_voted_users < 192676.719
probabilities_array:[0.         0.         0.         0.00954424 0.0037317  0.1083464
 0.19484589 0.19670664 0.18031304 0.14327997 0.00034756 0.16288462]

rule0: imdb_score < 5.720
probabilities_array:[0.         0.         0.0159846  0.03654743 0.19359308 0.12354094
 0.17332649 0.10476018 0.14163814 0.0826638  0.         0.1279454 ]

rule42: 8729.478 < movie_facebook_likes < 22686.251
probabilities_array:[0.         0.0534291  0.08693886 0.06358412 0.05921205 0.1184357
 0.15404022 0.13971645 0.05643065 0.0467572  0.09466385 0.12679185]

rule13: 76.104 < num_critic_for_reviews < 159.263
probabilities_array:[0.         0.08857482 0.05813301 0.05655618 0.06009744 0.0789947
 0.14590935 0.09987887 0.10923015 0.15740874 0.04532132 0.09989544]

rule18: 311.580 < num_user_for_reviews < 576.921
probabilities_array:[0.         0.         0.05729982 0.11441949 0.16620424 0.13535626
 0.13240895 0.07170541 0.1249135  0.11815973 0.05862651 0.02090603]

rule46: 109.804 < duration < 125.940
probabilities_array:[0.00987321 0.         0.01634815 0.         0.00618772 0.11327919
 0.15281492 0.10405024 0.18419604 0.1814189  0.01015664 0.22167489]

rule17: 46.239 < num_user_for_reviews < 311.580
probabilities_array:[0.         0.03926066 0.14905193 0.12404554 0.09797662 0.10618664
 0.11226131 0.11632862 0.08072735 0.10385882 0.02681749 0.04348505]

rule23: director_facebook_likes > 2786.614
probabilities_array:[0.         0.         0.17530222 0.         0.03459064 0.00132938
 0.11166783 0.1409936  0.18903686 0.10397602 0.07784349 0.16525996]

rule9: -101.780 < num_voted_users < 96287.470
probabilities_array:[0.15714252 0.14899811 0.13261354 0.12072773 0.12606706 0.109494
 0.08749069 0.06119386 0.04348283 0.         0.         0.0127897 ]

rule4: title_year < 1996.733
probabilities_array:[0.         0.03270964 0.03661129 0.05377826 0.0825652  0.08109819
 0.08717097 0.1022561  0.10686174 0.19125096 0.19891895 0.02677873]

rule49: -132683692.013 < budget < 48170519.653
probabilities_array:[0.10885825 0.09654413 0.12105121 0.14387144 0.14576393 0.11999179
 0.08443742 0.07121526 0.05520369 0.03700034 0.         0.01606256]

rule50: 48170519.653 < budget < 229024731.320
probabilities_array:[0.         0.         0.         0.         0.         0.00066995
 0.10068471 0.19750093 0.12668121 0.16530192 0.22179925 0.18736203]

rule1: 5.720 < imdb_score < 6.458
probabilities_array:[0.09361083 0.02941797 0.         0.00728667 0.05972977 0.09330586
 0.08965813 0.09026239 0.16354647 0.16101423 0.11101282 0.10115497]

rule5: 1996.733 < title_year < 2003.381
probabilities_array:[0.         0.08276126 0.10645433 0.0970853  0.05715676 0.09295304
 0.08646183 0.0905884  0.02794155 0.12455652 0.09395164 0.1400894 ]

rule14: 159.263 < num_critic_for_reviews < 242.423
probabilities_array:[0.         0.00984349 0.09415005 0.09409962 0.08725864 0.11676539
 0.07583759 0.09028794 0.11373614 0.13680907 0.14934774 0.03186437]

rule27: actor_1_facebook_likes > 18619.464
probabilities_array:[0.04054629 0.02672082 0.13358106 0.08109817 0.         0.
 0.10733363 0.         0.04176875 0.         0.15863936 0.41031203]

rule30: 1915.175 < actor_2_facebook_likes < 5038.455
probabilities_array:[0.         0.         0.07486728 0.10324502 0.15042254 0.
 0.06819911 0.15032732 0.1618311  0.09402435 0.09716251 0.09992071]

rule38: 11007.411 < cast_total_facebook_likes < 24445.363
probabilities_array:[0.00482223 0.0004727  0.         0.00194047 0.         0.
 0.10643937 0.01435837 0.11039504 0.15241289 0.181243   0.4279159 ]


---7---
rule10: 96287.470 < num_voted_users < 192676.719
probabilities_array:[0.         0.         0.         0.00954424 0.0037317  0.1083464
 0.19484589 0.19670664 0.18031304 0.14327997 0.00034756 0.16288462]

rule50: 48170519.653 < budget < 229024731.320
probabilities_array:[0.         0.         0.         0.         0.         0.00066995
 0.10068471 0.19750093 0.12668121 0.16530192 0.22179925 0.18736203]

rule30: 1915.175 < actor_2_facebook_likes < 5038.455
probabilities_array:[0.         0.         0.07486728 0.10324502 0.15042254 0.
 0.06819911 0.15032732 0.1618311  0.09402435 0.09716251 0.09992071]

rule42: 8729.478 < movie_facebook_likes < 22686.251
probabilities_array:[0.         0.0534291  0.08693886 0.06358412 0.05921205 0.1184357
 0.15404022 0.13971645 0.05643065 0.0467572  0.09466385 0.12679185]

rule47: duration > 125.940
probabilities_array:[0.         0.         0.02359681 0.         0.         0.10992512
 0.03610993 0.17726927 0.08654681 0.12982552 0.12223925 0.31448737]

rule23: director_facebook_likes > 2786.614
probabilities_array:[0.         0.         0.17530222 0.         0.03459064 0.00132938
 0.11166783 0.1409936  0.18903686 0.10397602 0.07784349 0.16525996]

rule17: 46.239 < num_user_for_reviews < 311.580
probabilities_array:[0.         0.03926066 0.14905193 0.12404554 0.09797662 0.10618664
 0.11226131 0.11632862 0.08072735 0.10385882 0.02681749 0.04348505]

rule4: title_year < 1996.733
probabilities_array:[0.         0.03270964 0.03661129 0.05377826 0.0825652  0.08109819
 0.08717097 0.1022561  0.10686174 0.19125096 0.19891895 0.02677873]

rule0: imdb_score < 5.720
probabilities_array:[0.         0.         0.0159846  0.03654743 0.19359308 0.12354094
 0.17332649 0.10476018 0.14163814 0.0826638  0.         0.1279454 ]

rule13: 76.104 < num_critic_for_reviews < 159.263
probabilities_array:[0.         0.08857482 0.05813301 0.05655618 0.06009744 0.0789947
 0.14590935 0.09987887 0.10923015 0.15740874 0.04532132 0.09989544]

rule14: 159.263 < num_critic_for_reviews < 242.423
probabilities_array:[0.         0.00984349 0.09415005 0.09409962 0.08725864 0.11676539
 0.07583759 0.09028794 0.11373614 0.13680907 0.14934774 0.03186437]

rule15: num_critic_for_reviews > 242.423
probabilities_array:[0.00000000e+00 2.74532358e-04 0.00000000e+00 0.00000000e+00
 1.08407825e-01 1.02868602e-01 3.71143110e-02 1.22186437e-01
 5.63812442e-02 9.24017727e-02 1.66527659e-01 3.13837588e-01]

rule22: 770.176 < director_facebook_likes < 2786.614
probabilities_array:[0.01966475 0.00455181 0.04350806 0.20830521 0.01192891 0.13422824
 0.         0.10360263 0.         0.14082058 0.13294424 0.2004457 ]

rule1: 5.720 < imdb_score < 6.458
probabilities_array:[0.09361083 0.02941797 0.         0.00728667 0.05972977 0.09330586
 0.08965813 0.09026239 0.16354647 0.16101423 0.11101282 0.10115497]

rule46: 109.804 < duration < 125.940
probabilities_array:[0.00987321 0.         0.01634815 0.         0.00618772 0.11327919
 0.15281492 0.10405024 0.18419604 0.1814189  0.01015664 0.22167489]

rule5: 1996.733 < title_year < 2003.381
probabilities_array:[0.         0.08276126 0.10645433 0.0970853  0.05715676 0.09295304
 0.08646183 0.0905884  0.02794155 0.12455652 0.09395164 0.1400894 ]

rule33: -498.167 < actor_3_facebook_likes < 711.264
probabilities_array:[0.15155116 0.15798786 0.13357218 0.         0.         0.
 0.0321257  0.10920902 0.02429371 0.04610657 0.03907549 0.30607837]

rule18: 311.580 < num_user_for_reviews < 576.921
probabilities_array:[0.         0.         0.05729982 0.11441949 0.16620424 0.13535626
 0.13240895 0.07170541 0.1249135  0.11815973 0.05862651 0.02090603]

rule49: -132683692.013 < budget < 48170519.653
probabilities_array:[0.10885825 0.09654413 0.12105121 0.14387144 0.14576393 0.11999179
 0.08443742 0.07121526 0.05520369 0.03700034 0.         0.01606256]

rule7: title_year > 2010.028
probabilities_array:[0.22063057 0.00040057 0.         0.         0.01463556 0.00688442
 0.02409281 0.09519335 0.06952261 0.05987389 0.19381258 0.31495363]

rule9: -101.780 < num_voted_users < 96287.470
probabilities_array:[0.15714252 0.14899811 0.13261354 0.12072773 0.12606706 0.109494
 0.08749069 0.06119386 0.04348283 0.         0.         0.0127897 ]

rule43: movie_facebook_likes > 22686.251
probabilities_array:[0.         0.         0.         0.00901454 0.         0.
 0.02318043 0.09005544 0.11780138 0.11645874 0.183702   0.45978743]

rule26: 7464.090 < actor_1_facebook_likes < 18619.464
probabilities_array:[0.01362074 0.         0.         0.         0.04968832 0.
 0.         0.07371499 0.11560201 0.19674201 0.1155051  0.43512678]


---8---
rule23: director_facebook_likes > 2786.614
probabilities_array:[0.         0.         0.17530222 0.         0.03459064 0.00132938
 0.11166783 0.1409936  0.18903686 0.10397602 0.07784349 0.16525996]

rule10: 96287.470 < num_voted_users < 192676.719
probabilities_array:[0.         0.         0.         0.00954424 0.0037317  0.1083464
 0.19484589 0.19670664 0.18031304 0.14327997 0.00034756 0.16288462]

rule1: 5.720 < imdb_score < 6.458
probabilities_array:[0.09361083 0.02941797 0.         0.00728667 0.05972977 0.09330586
 0.08965813 0.09026239 0.16354647 0.16101423 0.11101282 0.10115497]

rule30: 1915.175 < actor_2_facebook_likes < 5038.455
probabilities_array:[0.         0.         0.07486728 0.10324502 0.15042254 0.
 0.06819911 0.15032732 0.1618311  0.09402435 0.09716251 0.09992071]

rule46: 109.804 < duration < 125.940
probabilities_array:[0.00987321 0.         0.01634815 0.         0.00618772 0.11327919
 0.15281492 0.10405024 0.18419604 0.1814189  0.01015664 0.22167489]

rule0: imdb_score < 5.720
probabilities_array:[0.         0.         0.0159846  0.03654743 0.19359308 0.12354094
 0.17332649 0.10476018 0.14163814 0.0826638  0.         0.1279454 ]

rule18: 311.580 < num_user_for_reviews < 576.921
probabilities_array:[0.         0.         0.05729982 0.11441949 0.16620424 0.13535626
 0.13240895 0.07170541 0.1249135  0.11815973 0.05862651 0.02090603]

rule14: 159.263 < num_critic_for_reviews < 242.423
probabilities_array:[0.         0.00984349 0.09415005 0.09409962 0.08725864 0.11676539
 0.07583759 0.09028794 0.11373614 0.13680907 0.14934774 0.03186437]

rule34: 711.264 < actor_3_facebook_likes < 1920.695
probabilities_array:[0.         0.00086817 0.         0.09203807 0.08606651 0.11609251
 0.03268069 0.03815976 0.13371864 0.12330243 0.1910659  0.18600732]

rule45: 93.668 < duration < 109.804
probabilities_array:[0.0000000e+00 1.5585619e-01 0.0000000e+00 1.5061258e-01 9.9395171e-02
 1.3723125e-04 4.9000397e-02 0.0000000e+00 1.4693078e-01 1.0643418e-02
 1.0647834e-01 2.8094587e-01]

rule4: title_year < 1996.733
probabilities_array:[0.         0.03270964 0.03661129 0.05377826 0.0825652  0.08109819
 0.08717097 0.1022561  0.10686174 0.19125096 0.19891895 0.02677873]

rule50: 48170519.653 < budget < 229024731.320
probabilities_array:[0.         0.         0.         0.         0.         0.00066995
 0.10068471 0.19750093 0.12668121 0.16530192 0.22179925 0.18736203]

rule31: actor_2_facebook_likes > 5038.455
probabilities_array:[1.5020945e-04 6.6727196e-04 0.0000000e+00 0.0000000e+00 0.0000000e+00
 0.0000000e+00 0.0000000e+00 0.0000000e+00 1.8642493e-01 1.5511717e-01
 1.9793057e-01 4.5970991e-01]

rule13: 76.104 < num_critic_for_reviews < 159.263
probabilities_array:[0.         0.08857482 0.05813301 0.05655618 0.06009744 0.0789947
 0.14590935 0.09987887 0.10923015 0.15740874 0.04532132 0.09989544]

rule17: 46.239 < num_user_for_reviews < 311.580
probabilities_array:[0.         0.03926066 0.14905193 0.12404554 0.09797662 0.10618664
 0.11226131 0.11632862 0.08072735 0.10385882 0.02681749 0.04348505]

rule26: 7464.090 < actor_1_facebook_likes < 18619.464
probabilities_array:[0.01362074 0.         0.         0.         0.04968832 0.
 0.         0.07371499 0.11560201 0.19674201 0.1155051  0.43512678]

rule43: movie_facebook_likes > 22686.251
probabilities_array:[0.         0.         0.         0.00901454 0.         0.
 0.02318043 0.09005544 0.11780138 0.11645874 0.183702   0.45978743]

rule38: 11007.411 < cast_total_facebook_likes < 24445.363
probabilities_array:[0.00482223 0.0004727  0.         0.00194047 0.         0.
 0.10643937 0.01435837 0.11039504 0.15241289 0.181243   0.4279159 ]

rule47: duration > 125.940
probabilities_array:[0.         0.         0.02359681 0.         0.         0.10992512
 0.03610993 0.17726927 0.08654681 0.12982552 0.12223925 0.31448737]

rule49: -132683692.013 < budget < 48170519.653
probabilities_array:[0.10885825 0.09654413 0.12105121 0.14387144 0.14576393 0.11999179
 0.08443742 0.07121526 0.05520369 0.03700034 0.         0.01606256]

rule42: 8729.478 < movie_facebook_likes < 22686.251
probabilities_array:[0.         0.0534291  0.08693886 0.06358412 0.05921205 0.1184357
 0.15404022 0.13971645 0.05643065 0.0467572  0.09466385 0.12679185]

rule2: 6.458 < imdb_score < 7.197
probabilities_array:[0.21544158 0.1867741  0.03755014 0.00451059 0.         0.01915918
 0.         0.02465653 0.05929904 0.10514642 0.17505364 0.17240879]

rule7: title_year > 2010.028
probabilities_array:[0.22063057 0.00040057 0.         0.         0.01463556 0.00688442
 0.02409281 0.09519335 0.06952261 0.05987389 0.19381258 0.31495363]

rule39: cast_total_facebook_likes > 24445.363
probabilities_array:[0.03327724 0.02084223 0.         0.00299259 0.         0.
 0.         0.00505822 0.1192391  0.01386012 0.16879559 0.635935  ]

rule9: -101.780 < num_voted_users < 96287.470
probabilities_array:[0.15714252 0.14899811 0.13261354 0.12072773 0.12606706 0.109494
 0.08749069 0.06119386 0.04348283 0.         0.         0.0127897 ]


---9---
rule4: title_year < 1996.733
probabilities_array:[0.         0.03270964 0.03661129 0.05377826 0.0825652  0.08109819
 0.08717097 0.1022561  0.10686174 0.19125096 0.19891895 0.02677873]

rule1: 5.720 < imdb_score < 6.458
probabilities_array:[0.09361083 0.02941797 0.         0.00728667 0.05972977 0.09330586
 0.08965813 0.09026239 0.16354647 0.16101423 0.11101282 0.10115497]

rule13: 76.104 < num_critic_for_reviews < 159.263
probabilities_array:[0.         0.08857482 0.05813301 0.05655618 0.06009744 0.0789947
 0.14590935 0.09987887 0.10923015 0.15740874 0.04532132 0.09989544]

rule46: 109.804 < duration < 125.940
probabilities_array:[0.00987321 0.         0.01634815 0.         0.00618772 0.11327919
 0.15281492 0.10405024 0.18419604 0.1814189  0.01015664 0.22167489]

rule50: 48170519.653 < budget < 229024731.320
probabilities_array:[0.         0.         0.         0.         0.         0.00066995
 0.10068471 0.19750093 0.12668121 0.16530192 0.22179925 0.18736203]

rule14: 159.263 < num_critic_for_reviews < 242.423
probabilities_array:[0.         0.00984349 0.09415005 0.09409962 0.08725864 0.11676539
 0.07583759 0.09028794 0.11373614 0.13680907 0.14934774 0.03186437]

rule10: 96287.470 < num_voted_users < 192676.719
probabilities_array:[0.         0.         0.         0.00954424 0.0037317  0.1083464
 0.19484589 0.19670664 0.18031304 0.14327997 0.00034756 0.16288462]

rule11: num_voted_users > 192676.719
probabilities_array:[0.         0.         0.         0.         0.         0.
 0.         0.         0.         0.24215396 0.24279234 0.51505375]

rule18: 311.580 < num_user_for_reviews < 576.921
probabilities_array:[0.         0.         0.05729982 0.11441949 0.16620424 0.13535626
 0.13240895 0.07170541 0.1249135  0.11815973 0.05862651 0.02090603]

rule22: 770.176 < director_facebook_likes < 2786.614
probabilities_array:[0.01966475 0.00455181 0.04350806 0.20830521 0.01192891 0.13422824
 0.         0.10360263 0.         0.14082058 0.13294424 0.2004457 ]

rule26: 7464.090 < actor_1_facebook_likes < 18619.464
probabilities_array:[0.01362074 0.         0.         0.         0.04968832 0.
 0.         0.07371499 0.11560201 0.19674201 0.1155051  0.43512678]

rule5: 1996.733 < title_year < 2003.381
probabilities_array:[0.         0.08276126 0.10645433 0.0970853  0.05715676 0.09295304
 0.08646183 0.0905884  0.02794155 0.12455652 0.09395164 0.1400894 ]

rule34: 711.264 < actor_3_facebook_likes < 1920.695
probabilities_array:[0.         0.00086817 0.         0.09203807 0.08606651 0.11609251
 0.03268069 0.03815976 0.13371864 0.12330243 0.1910659  0.18600732]

rule17: 46.239 < num_user_for_reviews < 311.580
probabilities_array:[0.         0.03926066 0.14905193 0.12404554 0.09797662 0.10618664
 0.11226131 0.11632862 0.08072735 0.10385882 0.02681749 0.04348505]

rule47: duration > 125.940
probabilities_array:[0.         0.         0.02359681 0.         0.         0.10992512
 0.03610993 0.17726927 0.08654681 0.12982552 0.12223925 0.31448737]

rule38: 11007.411 < cast_total_facebook_likes < 24445.363
probabilities_array:[0.00482223 0.0004727  0.         0.00194047 0.         0.
 0.10643937 0.01435837 0.11039504 0.15241289 0.181243   0.4279159 ]

rule2: 6.458 < imdb_score < 7.197
probabilities_array:[0.21544158 0.1867741  0.03755014 0.00451059 0.         0.01915918
 0.         0.02465653 0.05929904 0.10514642 0.17505364 0.17240879]

rule23: director_facebook_likes > 2786.614
probabilities_array:[0.         0.         0.17530222 0.         0.03459064 0.00132938
 0.11166783 0.1409936  0.18903686 0.10397602 0.07784349 0.16525996]

rule30: 1915.175 < actor_2_facebook_likes < 5038.455
probabilities_array:[0.         0.         0.07486728 0.10324502 0.15042254 0.
 0.06819911 0.15032732 0.1618311  0.09402435 0.09716251 0.09992071]

rule31: actor_2_facebook_likes > 5038.455
probabilities_array:[1.5020945e-04 6.6727196e-04 0.0000000e+00 0.0000000e+00 0.0000000e+00
 0.0000000e+00 0.0000000e+00 0.0000000e+00 1.8642493e-01 1.5511717e-01
 1.9793057e-01 4.5970991e-01]

rule0: imdb_score < 5.720
probabilities_array:[0.         0.         0.0159846  0.03654743 0.19359308 0.12354094
 0.17332649 0.10476018 0.14163814 0.0826638  0.         0.1279454 ]

rule21: -1246.261 < director_facebook_likes < 770.176
probabilities_array:[0.01903067 0.00125596 0.         0.         0.         0.
 0.         0.         0.08414006 0.14662117 0.21102528 0.5379268 ]

rule15: num_critic_for_reviews > 242.423
probabilities_array:[0.00000000e+00 2.74532358e-04 0.00000000e+00 0.00000000e+00
 1.08407825e-01 1.02868602e-01 3.71143110e-02 1.22186437e-01
 5.63812442e-02 9.24017727e-02 1.66527659e-01 3.13837588e-01]

rule43: movie_facebook_likes > 22686.251
probabilities_array:[0.         0.         0.         0.00901454 0.         0.
 0.02318043 0.09005544 0.11780138 0.11645874 0.183702   0.45978743]

rule19: num_user_for_reviews > 576.921
probabilities_array:[0.         0.         0.         0.         0.         0.08151431
 0.06450133 0.05549106 0.04687804 0.09985409 0.18673398 0.46502727]

rule7: title_year > 2010.028
probabilities_array:[0.22063057 0.00040057 0.         0.         0.01463556 0.00688442
 0.02409281 0.09519335 0.06952261 0.05987389 0.19381258 0.31495363]

rule42: 8729.478 < movie_facebook_likes < 22686.251
probabilities_array:[0.         0.0534291  0.08693886 0.06358412 0.05921205 0.1184357
 0.15404022 0.13971645 0.05643065 0.0467572  0.09466385 0.12679185]


---10---
rule4: title_year < 1996.733
probabilities_array:[0.         0.03270964 0.03661129 0.05377826 0.0825652  0.08109819
 0.08717097 0.1022561  0.10686174 0.19125096 0.19891895 0.02677873]

rule50: 48170519.653 < budget < 229024731.320
probabilities_array:[0.         0.         0.         0.         0.         0.00066995
 0.10068471 0.19750093 0.12668121 0.16530192 0.22179925 0.18736203]

rule51: budget > 229024731.320
probabilities_array:[0.0000000e+00 3.0109566e-01 0.0000000e+00 7.2176335e-05 0.0000000e+00
 0.0000000e+00 0.0000000e+00 0.0000000e+00 0.0000000e+00 0.0000000e+00
 2.7522433e-01 4.2360789e-01]

rule34: 711.264 < actor_3_facebook_likes < 1920.695
probabilities_array:[0.         0.00086817 0.         0.09203807 0.08606651 0.11609251
 0.03268069 0.03815976 0.13371864 0.12330243 0.1910659  0.18600732]

rule2: 6.458 < imdb_score < 7.197
probabilities_array:[0.21544158 0.1867741  0.03755014 0.00451059 0.         0.01915918
 0.         0.02465653 0.05929904 0.10514642 0.17505364 0.17240879]

rule14: 159.263 < num_critic_for_reviews < 242.423
probabilities_array:[0.         0.00984349 0.09415005 0.09409962 0.08725864 0.11676539
 0.07583759 0.09028794 0.11373614 0.13680907 0.14934774 0.03186437]

rule7: title_year > 2010.028
probabilities_array:[0.22063057 0.00040057 0.         0.         0.01463556 0.00688442
 0.02409281 0.09519335 0.06952261 0.05987389 0.19381258 0.31495363]

rule35: actor_3_facebook_likes > 1920.695
probabilities_array:[0.         0.         0.         0.02463253 0.         0.29125166
 0.         0.00229643 0.         0.04602721 0.21655905 0.41923302]

rule11: num_voted_users > 192676.719
probabilities_array:[0.         0.         0.         0.         0.         0.
 0.         0.         0.         0.24215396 0.24279234 0.51505375]

rule15: num_critic_for_reviews > 242.423
probabilities_array:[0.00000000e+00 2.74532358e-04 0.00000000e+00 0.00000000e+00
 1.08407825e-01 1.02868602e-01 3.71143110e-02 1.22186437e-01
 5.63812442e-02 9.24017727e-02 1.66527659e-01 3.13837588e-01]

rule3: imdb_score > 7.197
probabilities_array:[0.01931191 0.09909406 0.2541871  0.00941593 0.         0.
 0.         0.         0.         0.00342624 0.19250627 0.42205852]

rule31: actor_2_facebook_likes > 5038.455
probabilities_array:[1.5020945e-04 6.6727196e-04 0.0000000e+00 0.0000000e+00 0.0000000e+00
 0.0000000e+00 0.0000000e+00 0.0000000e+00 1.8642493e-01 1.5511717e-01
 1.9793057e-01 4.5970991e-01]

rule22: 770.176 < director_facebook_likes < 2786.614
probabilities_array:[0.01966475 0.00455181 0.04350806 0.20830521 0.01192891 0.13422824
 0.         0.10360263 0.         0.14082058 0.13294424 0.2004457 ]

rule38: 11007.411 < cast_total_facebook_likes < 24445.363
probabilities_array:[0.00482223 0.0004727  0.         0.00194047 0.         0.
 0.10643937 0.01435837 0.11039504 0.15241289 0.181243   0.4279159 ]

rule19: num_user_for_reviews > 576.921
probabilities_array:[0.         0.         0.         0.         0.         0.08151431
 0.06450133 0.05549106 0.04687804 0.09985409 0.18673398 0.46502727]

rule1: 5.720 < imdb_score < 6.458
probabilities_array:[0.09361083 0.02941797 0.         0.00728667 0.05972977 0.09330586
 0.08965813 0.09026239 0.16354647 0.16101423 0.11101282 0.10115497]

rule43: movie_facebook_likes > 22686.251
probabilities_array:[0.         0.         0.         0.00901454 0.         0.
 0.02318043 0.09005544 0.11780138 0.11645874 0.183702   0.45978743]

rule21: -1246.261 < director_facebook_likes < 770.176
probabilities_array:[0.01903067 0.00125596 0.         0.         0.         0.
 0.         0.         0.08414006 0.14662117 0.21102528 0.5379268 ]

rule27: actor_1_facebook_likes > 18619.464
probabilities_array:[0.04054629 0.02672082 0.13358106 0.08109817 0.         0.
 0.10733363 0.         0.04176875 0.         0.15863936 0.41031203]

rule30: 1915.175 < actor_2_facebook_likes < 5038.455
probabilities_array:[0.         0.         0.07486728 0.10324502 0.15042254 0.
 0.06819911 0.15032732 0.1618311  0.09402435 0.09716251 0.09992071]

rule47: duration > 125.940
probabilities_array:[0.         0.         0.02359681 0.         0.         0.10992512
 0.03610993 0.17726927 0.08654681 0.12982552 0.12223925 0.31448737]

rule42: 8729.478 < movie_facebook_likes < 22686.251
probabilities_array:[0.         0.0534291  0.08693886 0.06358412 0.05921205 0.1184357
 0.15404022 0.13971645 0.05643065 0.0467572  0.09466385 0.12679185]

rule5: 1996.733 < title_year < 2003.381
probabilities_array:[0.         0.08276126 0.10645433 0.0970853  0.05715676 0.09295304
 0.08646183 0.0905884  0.02794155 0.12455652 0.09395164 0.1400894 ]

rule6: 2003.381 < title_year < 2010.028
probabilities_array:[0.23039107 0.00111903 0.04822196 0.07971476 0.         0.
 0.         0.         0.00897291 0.         0.15378134 0.477799  ]

rule44: duration < 93.668
probabilities_array:[0.2177114  0.06053007 0.         0.0056443  0.04653294 0.
 0.         0.00309979 0.         0.         0.1596545  0.50682706]

rule45: 93.668 < duration < 109.804
probabilities_array:[0.0000000e+00 1.5585619e-01 0.0000000e+00 1.5061258e-01 9.9395171e-02
 1.3723125e-04 4.9000397e-02 0.0000000e+00 1.4693078e-01 1.0643418e-02
 1.0647834e-01 2.8094587e-01]

rule25: -3691.284 < actor_1_facebook_likes < 7464.090
probabilities_array:[0.08614305 0.12388726 0.         0.0805077  0.03303329 0.
 0.         0.         0.04290475 0.00240818 0.14611498 0.48500073]

rule29: -1208.104 < actor_2_facebook_likes < 1915.175
probabilities_array:[5.4259729e-02 2.3333943e-02 0.0000000e+00 3.3254595e-04 0.0000000e+00
 2.0345511e-02 2.9826382e-02 8.4610514e-02 0.0000000e+00 1.5363236e-02
 1.7508706e-01 5.9684104e-01]

rule26: 7464.090 < actor_1_facebook_likes < 18619.464
probabilities_array:[0.01362074 0.         0.         0.         0.04968832 0.
 0.         0.07371499 0.11560201 0.19674201 0.1155051  0.43512678]

rule23: director_facebook_likes > 2786.614
probabilities_array:[0.         0.         0.17530222 0.         0.03459064 0.00132938
 0.11166783 0.1409936  0.18903686 0.10397602 0.07784349 0.16525996]

rule39: cast_total_facebook_likes > 24445.363
probabilities_array:[0.03327724 0.02084223 0.         0.00299259 0.         0.
 0.         0.00505822 0.1192391  0.01386012 0.16879559 0.635935  ]

rule18: 311.580 < num_user_for_reviews < 576.921
probabilities_array:[0.         0.         0.05729982 0.11441949 0.16620424 0.13535626
 0.13240895 0.07170541 0.1249135  0.11815973 0.05862651 0.02090603]

rule37: -2430.541 < cast_total_facebook_likes < 11007.411
probabilities_array:[0.14233014 0.10362992 0.         0.04852598 0.         0.
 0.         0.         0.02303998 0.01434121 0.11811247 0.55002034]

rule13: 76.104 < num_critic_for_reviews < 159.263
probabilities_array:[0.         0.08857482 0.05813301 0.05655618 0.06009744 0.0789947
 0.14590935 0.09987887 0.10923015 0.15740874 0.04532132 0.09989544]

