MSE: 3109127744429360.0

Accuracy: 0.2855061908230153

F1: 0.2679097186205771

Confusion Matrix: [[83, 17, 16, 5, 4, 2, 2, 1, 0, 2], [38, 36, 26, 9, 8, 8, 6, 2, 3, 4], [20, 27, 40, 25, 13, 18, 8, 6, 3, 3], [15, 13, 22, 21, 22, 7, 16, 4, 2, 5], [12, 7, 10, 24, 21, 12, 15, 8, 16, 5], [6, 16, 10, 19, 12, 15, 24, 16, 14, 5], [4, 12, 11, 8, 14, 12, 25, 12, 15, 8], [7, 7, 8, 10, 11, 13, 29, 18, 21, 25], [4, 3, 4, 3, 7, 7, 10, 21, 32, 34], [1, 1, 0, 1, 3, 0, 10, 11, 21, 101]]

Uncertainties: {'class0': [0.009882607497274876, 0.018315119668841362, 0.11885746568441391, 0.12850910425186157, 0.23268656432628632], 'class1': [0.009882607497274876, 0.018315119668841362, 0.04032902792096138, 0.12850910425186157, 0.1319638341665268], 'class2': [0.007840149104595184, 0.009882607497274876, 0.018315119668841362, 0.04032902792096138, 0.06537800282239914], 'class3': [0.007840149104595184, 0.009882607497274876, 0.010550133883953094, 0.018315119668841362, 0.04032902792096138], 'class4': [0.007840149104595184, 0.009882607497274876, 0.010550133883953094, 0.018315119668841362, 0.04032902792096138], 'class5': [0.007840149104595184, 0.009882607497274876, 0.010550133883953094, 0.018315119668841362, 0.04032902792096138], 'class6': [0.007840149104595184, 0.009882607497274876, 0.010550133883953094, 0.018315119668841362, 0.04032902792096138], 'class7': [0.007840149104595184, 0.010550133883953094, 0.018315119668841362, 0.04032902792096138, 0.06537800282239914], 'class8': [0.007840149104595184, 0.010550133883953094, 0.04032902792096138, 0.06537800282239914, 0.08523045480251312], 'class9': [0.007840149104595184, 0.010550133883953094, 0.04032902792096138, 0.08523045480251312, 0.10440601408481598]}

y_test: [129115.0, 190871240.0, 136801374.0, 59073773.0, 658672302.0, 12870569.0, 532988.0, 124732962.0, 149234747.0, 2964.0, 216119491.0, 611709.0, 205399422.0, 16699684.0, 117541000.0, 9600000.0, 8828771.0, 14018364.0, 27285953.0, 13376506.0, 4443403.0, 6525762.0, 7060876.0, 617228.0, 2222647.0, 144795350.0, 301305.0, 58800000.0, 16290976.0, 174635000.0, 69102910.0, 26539321.0, 49122319.0, 8508843.0, 23159305.0, 3958500.0, 352684.0, 37300107.0, 3335839.0, 2849142.0, 228430993.0, 3500000.0, 33687630.0, 50300000.0, 16671505.0, 191450875.0, 246574.0, 244465.0, 24520892.0, 819852.0, 30259652.0, 210609762.0, 104077.0, 81525.0, 58297830.0, 214202.0, 21835784.0, 8044906.0, 150832203.0, 48430355.0, 454255.0, 13876974.0, 10443.0, 10996440.0, 17176900.0, 161029270.0, 227965690.0, 155984.0, 100412.0, 1028658.0, 1000000.0, 257756197.0, 75078.0, 1325073.0, 7518876.0, 71844424.0, 47852604.0, 5600000.0, 51758599.0, 160201106.0, 10097096.0, 5459824.0, 29655590.0, 6373693.0, 15126948.0, 39103378.0, 336456.0, 47329.0, 36931089.0, 32003620.0, 188870.0, 72601713.0, 21564616.0, 130127620.0, 24741700.0, 375723.0, 71502303.0, 124051759.0, 4485485.0, 218628680.0, 1997807.0, 54215416.0, 30306268.0, 52320979.0, 64286.0, 67061228.0, 1190018.0, 30859000.0, 12843.0, 54696902.0, 2208939.0, 100491683.0, 28341469.0, 120136047.0, 3330.0, 381186.0, 108012170.0, 7564000.0, 13801755.0, 34746109.0, 24006726.0, 1229197.0, 108706165.0, 1276984.0, 148775460.0, 33631221.0, 23527955.0, 2899970.0, 1196752.0, 66359959.0, 5132222.0, 10161099.0, 4231500.0, 56154094.0, 130512915.0, 40066497.0, 362645141.0, 181166115.0, 260000000.0, 92001027.0, 17016190.0, 12782508.0, 167007184.0, 1738692.0, 22525921.0, 54997476.0, 14249005.0, 191309.0, 883887.0, 11797927.0, 12996.0, 4556.0, 5900000.0, 249358727.0, 5132655.0, 2209479.0, 13650738.0, 7455447.0, 671240.0, 4463292.0, 43337279.0, 22751979.0, 5383834.0, 65500000.0, 100446895.0, 434417.0, 10137502.0, 122512052.0, 3571735.0, 29580087.0, 11030963.0, 22245861.0, 38037513.0, 17803796.0, 2223990.0, 6706368.0, 62318875.0, 1340891.0, 3073392.0, 18329466.0, 52353636.0, 8279017.0, 226792.0, 58700247.0, 150056505.0, 78845130.0, 11956207.0, 33422806.0, 424645577.0, 72755517.0, 5824.0, 58255287.0, 72515360.0, 62401264.0, 106593296.0, 17804273.0, 1641788.0, 9176553.0, 161317423.0, 40198710.0, 8111360.0, 2428883.0, 67631157.0, 318622.0, 44988180.0, 31937.0, 35287788.0, 43929341.0, 4002955.0, 143151473.0, 71442.0, 13464388.0, 258355354.0, 201573391.0, 151389.0, 4535117.0, 279282.0, 133668525.0, 26893.0, 173005002.0, 20186.0, 7605668.0, 55637680.0, 8888355.0, 34531832.0, 1330827.0, 33404871.0, 22160085.0, 2812029.0, 56437947.0, 27141959.0, 55153403.0, 113330342.0, 78656813.0, 5664251.0, 163245.0, 5359774.0, 44726644.0, 474544677.0, 20241395.0, 3219029.0, 2326407.0, 25472967.0, 377420.0, 4771000.0, 228830.0, 356784000.0, 10214647.0, 234903076.0, 50802661.0, 55762229.0, 128978.0, 3105269.0, 41954997.0, 64001297.0, 58422650.0, 40846082.0, 5000000.0, 34604054.0, 4717455.0, 59992760.0, 447093.0, 37053924.0, 172051787.0, 42660000.0, 8378141.0, 13362308.0, 40542.0, 7059537.0, 21378000.0, 78747585.0, 53146000.0, 3707794.0, 18112929.0, 16999046.0, 138614544.0, 100003492.0, 55461307.0, 6543194.0, 17149.0, 18821279.0, 12836.0, 17791031.0, 39292022.0, 60033780.0, 77324422.0, 16017403.0, 613556.0, 144833357.0, 126975169.0, 42272747.0, 17797316.0, 3325638.0, 14589444.0, 16779636.0, 3275443.0, 48856.0, 3094687.0, 29392418.0, 652177271.0, 1227508.0, 19389454.0, 2199853.0, 103338338.0, 90400000.0, 59035104.0, 20999103.0, 158115031.0, 5595428.0, 3713002.0, 24475416.0, 241407328.0, 1001437.0, 7156725.0, 17382982.0, 25464480.0, 44886089.0, 6755271.0, 27012.0, 29802761.0, 5204007.0, 35617599.0, 27098580.0, 84263837.0, 336530303.0, 10042266.0, 11802056.0, 1110286.0, 1950218.0, 11900000.0, 4440055.0, 38087366.0, 10070000.0, 112950721.0, 14873.0, 32154410.0, 42877165.0, 24784.0, 5516708.0, 334185206.0, 136019448.0, 27457409.0, 453079.0, 337103873.0, 50859889.0, 180011740.0, 856942.0, 31165421.0, 8326035.0, 143618384.0, 20981633.0, 95860116.0, 11434867.0, 13401683.0, 57887882.0, 67523385.0, 45434443.0, 15180000.0, 499263.0, 25900000.0, 13350177.0, 2580.0, 18860403.0, 73661010.0, 36500000.0, 2601847.0, 9975684.0, 289907418.0, 26494611.0, 2921738.0, 582024.0, 83348920.0, 25031037.0, 146402.0, 43650000.0, 26838389.0, 39235088.0, 2436.0, 458991599.0, 54132596.0, 121463226.0, 125332007.0, 96917897.0, 23014504.0, 1127331.0, 31397498.0, 578382.0, 15785632.0, 90135191.0, 6712241.0, 153288182.0, 39800000.0, 150368971.0, 10297897.0, 183490.0, 65069140.0, 25266129.0, 86049418.0, 165230261.0, 12055108.0, 99462.0, 80920948.0, 75030163.0, 121248145.0, 30063805.0, 6462576.0, 61094903.0, 127214072.0, 57744720.0, 59573085.0, 4756.0, 927107.0, 47474112.0, 50728000.0, 16123851.0, 8596914.0, 45506619.0, 81557479.0, 21300000.0, 39692139.0, 202351611.0, 72413.0, 24809547.0, 50693162.0, 17324744.0, 8406264.0, 63536011.0, 109993847.0, 28014536.0, 56724080.0, 48265581.0, 26345.0, 4903000.0, 242374454.0, 54557348.0, 102315545.0, 81517441.0, 565592.0, 75764085.0, 1523883.0, 85300000.0, 23091.0, 17000000.0, 17613460.0, 111544445.0, 34238611.0, 55184721.0, 176049130.0, 71423726.0, 46815748.0, 61112916.0, 52293982.0, 1163508.0, 14500000.0, 21283440.0, 2122561.0, 11326836.0, 17114882.0, 28751715.0, 717753.0, 22200000.0, 69586544.0, 202853933.0, 22494487.0, 32154410.0, 84689.0, 144512310.0, 750100.0, 190418803.0, 1339152.0, 21554585.0, 906666.0, 18318000.0, 19593740.0, 1141829.0, 100189501.0, 127997349.0, 51853450.0, 89296573.0, 14942422.0, 43095600.0, 14375181.0, 4244155.0, 45645204.0, 218051260.0, 3519627.0, 22331028.0, 63540020.0, 25625110.0, 21800302.0, 12947763.0, 15447.0, 60057639.0, 34014398.0, 13300000.0, 229074524.0, 42057340.0, 13555988.0, 5899797.0, 244052771.0, 34703228.0, 13038660.0, 11405825.0, 3205244.0, 1712111.0, 39462438.0, 26082914.0, 64423650.0, 15081783.0, 103812241.0, 19283782.0, 1729969.0, 1332.0, 27515786.0, 63826569.0, 16991902.0, 125320003.0, 58336565.0, 113733726.0, 1247453.0, 15527125.0, 12514138.0, 109713132.0, 10326062.0, 106369117.0, 181655.0, 31968347.0, 95328937.0, 20550712.0, 17580.0, 228756232.0, 202007640.0, 2961991.0, 52929168.0, 48814909.0, 1889522.0, 130727000.0, 44834712.0, 31990064.0, 31537320.0, 841206.0, 321952.0, 15047419.0, 8355815.0, 7918283.0, 3830.0, 34014398.0, 52822418.0, 31136950.0, 226138454.0, 25842000.0, 67266300.0, 35266619.0, 150117807.0, 56607223.0, 45500797.0, 1569918.0, 53955614.0, 46700000.0, 134218018.0, 29781453.0, 126597121.0, 117559438.0, 1752214.0, 5348317.0, 2035566.0, 10544143.0, 94175854.0, 35537564.0, 70960517.0, 91400000.0, 53245055.0, 4919896.0, 89732035.0, 117144465.0, 51600000.0, 6531491.0, 18663911.0, 3629758.0, 59588068.0, 110720.0, 134006721.0, 22433915.0, 35024475.0, 17120019.0, 86300000.0, 78031620.0, 25675765.0, 124870275.0, 50000000.0, 2062066.0, 30093107.0, 13782838.0, 124107476.0, 7916887.0, 11854694.0, 5000000.0, 36064910.0, 353743.0, 78120196.0, 62933793.0, 463730.0, 88246220.0, 721.0, 96793.0, 15464026.0, 55994557.0, 61937495.0, 72660029.0, 141319195.0, 56729973.0, 2848578.0, 37036404.0, 217326336.0, 58183966.0, 55845943.0, 54098051.0, 75274748.0, 2331318.0, 7369373.0, 18208078.0, 20991497.0, 163192114.0, 120147445.0, 1654367.0, 32721635.0, 2850263.0, 14334645.0, 256386216.0, 10572742.0, 10431220.0, 15059.0, 1646664.0, 14114488.0, 35228696.0, 5308553.0, 63910583.0, 7417210.0, 48092846.0, 140016.0, 255352.0, 26830000.0, 26505000.0, 99147.0, 12276810.0, 2694973.0, 35596227.0, 31569268.0, 16033556.0, 5354039.0, 19445217.0, 148313048.0, 53715611.0, 32774834.0, 535249.0, 262030663.0, 236266.0, 60128566.0, 27362712.0, 128505958.0, 3123749.0, 75305995.0, 140080850.0, 206400.0, 60786269.0, 3203044.0, 260031035.0, 8427204.0, 182618434.0, 25277561.0, 119793567.0, 48169908.0, 57637485.0, 80014842.0, 19179969.0, 80033643.0, 85884815.0, 5542025.0, 47277326.0, 157299717.0, 510092.0, 5355376.0, 16066.0, 33508922.0, 6491350.0, 11631245.0, 6754898.0, 23213577.0, 28972187.0, 36733909.0, 104792.0, 59617068.0, 115648585.0, 39442871.0, 119500000.0, 35754555.0, 77032279.0, 13034417.0, 100169068.0, 74098862.0, 12667.0, 32131483.0, 30859000.0, 4884663.0, 3293258.0, 66950483.0, 71897215.0, 11227940.0, 69772969.0, 37721949.0, 32600000.0, 33574332.0, 231417.0, 100292856.0, 33357476.0, 25799043.0, 162.0, 869325.0, 125548685.0, 381225.0, 24375436.0, 7001720.0, 2197331.0, 6471394.0, 71026631.0, 306124059.0, 37516013.0, 274084951.0, 16702864.0, 62700000.0, 4417124.0, 3041803.0, 155181732.0, 4239767.0, 3826455.0, 78900000.0, 13838130.0, 3347439.0, 22913677.0, 977600.0, 45661.0, 183132370.0, 13903262.0, 1089445.0, 1754319.0, 37470017.0, 34017854.0, 10300000.0, 43853424.0, 10696.0, 336029560.0, 61644321.0, 25200412.0, 34964818.0, 16088610.0, 47781388.0, 108244774.0, 5776314.0, 2656324.0, 11100000.0, 13571817.0, 33927476.0, 62877175.0, 4946250.0, 513836.0, 40962534.0, 81638674.0, 20400913.0, 49797148.0, 93926386.0, 49526.0, 51317350.0, 9170214.0, 26183197.0, 65535067.0, 73678.0, 2338695.0, 4105123.0, 2181290.0, 4398392.0, 313837577.0, 19480739.0, 117528646.0, 201148159.0, 3773863.0, 18843314.0, 20113965.0, 73820094.0, 40247512.0, 65653758.0, 2268296.0, 176740650.0, 35000629.0, 34507079.0, 2954405.0, 70100000.0, 11146409.0, 7458269.0, 3517797.0, 763044.0, 139225854.0, 2408553.0, 37339525.0, 4859475.0, 30199105.0, 37304950.0, 24268828.0, 114195633.0, 17544812.0, 317011114.0, 117190.0, 56114221.0, 110536.0, 5005883.0, 52166.0, 137850096.0, 9003011.0, 95308367.0, 33864342.0, 66257002.0, 16501785.0, 59379.0, 45507053.0, 60400856.0, 533316061.0, 35799026.0, 27296514.0, 103400692.0, 43532294.0, 10515579.0, 8600000.0, 19076815.0, 3950294.0, 4829497.0, 55747724.0, 770629.0, 21005329.0, 26525834.0, 58214.0, 8000000.0, 76418654.0, 90703745.0, 5108820.0, 317040.0, 63319509.0, 17266505.0, 19377727.0, 37939782.0, 1984378.0, 333130696.0, 24185781.0, 64572496.0, 35168677.0, 39514713.0, 1430185.0, 80000000.0, 13092000.0, 10166502.0, 143492840.0, 140244.0, 9525276.0, 103028109.0, 83024900.0, 92401.0, 4091.0, 12398628.0, 4328294.0, 403649.0, 112000000.0, 26896744.0, 20488579.0, 90556401.0, 106694016.0, 13367101.0, 132541238.0, 109243478.0, 50668906.0, 36581633.0, 11204499.0, 91121452.0, 101470202.0, 51053787.0, 3254172.0, 8104069.0, 39380442.0, 20763013.0, 67286731.0, 27200000.0, 223615.0, 10174663.0, 181798.0, 10037390.0, 204565000.0, 38168022.0, 100358.0, 9430988.0, 23993605.0, 4581222.0, 215395021.0, 17848322.0, 14291570.0, 51045801.0, 125014030.0, 21133087.0, 515005.0, 117235247.0, 15608545.0, 54322273.0, 2024854.0, 104007828.0, 52580895.0, 326308.0, 93307796.0, 6852144.0, 161487252.0, 103001286.0, 25600000.0, 51109400.0, 70224196.0, 1779284.0, 80033643.0, 10562387.0, 60269340.0, 129734803.0, 64149837.0, 38624000.0, 18090181.0, 402820.0, 309404152.0, 14003141.0, 174682.0, 17508670.0, 6047856.0, 11560259.0, 686383.0, 6940281.0, 27900000.0, 33771174.0, 1309849.0, 37623143.0, 77564037.0, 44867349.0, 90485233.0, 76657000.0, 634277.0, 25040293.0, 32662299.0, 3562749.0, 41382841.0, 71904.0, 82528097.0, 49968653.0, 1197786.0, 15818967.0, 118500000.0, 952620.0, 25296447.0, 41008532.0, 8434601.0, 83299761.0, 64955956.0, 241688385.0, 47860214.0, 130313314.0, 60522097.0, 81257845.0, 178739.0, 20627372.0, 20047715.0, 39647595.0, 836641.0, 128486.0, 82226474.0, 57750000.0, 44134898.0, 36073232.0, 30695227.0, 183662.0, 303439.0, 147637474.0, 28687835.0, 5755286.0, 8080116.0, 91457688.0, 43982842.0, 14378353.0, 24042490.0, 28501651.0, 5654777.0, 162586036.0, 508867.0, 118683135.0, 6157157.0, 16988996.0, 41814863.0, 28165882.0, 107285004.0, 14000000.0, 1050600.0, 5004648.0, 33386128.0, 90800000.0, 21088568.0, 68353550.0, 16115878.0, 469947.0, 1007535.0, 3076425.0, 14218868.0, 92823600.0, 16204793.0, 40557.0, 6857503.0, 34290142.0, 37567440.0, 65804.0, 52528330.0, 58571513.0, 44700000.0, 100675.0, 16005978.0, 227137090.0, 480314.0, 53481.0, 871527.0, 35231365.0, 21009180.0, 10134754.0, 28837115.0, 2201412.0, 1094798.0, 52691009.0, 61280963.0, 9714482.0, 37440.0, 66676062.0, 18882880.0, 71500556.0, 145540.0, 20733485.0, 25450527.0, 42919096.0, 50041732.0, 32701088.0, 113502246.0, 69304264.0, 108200000.0, 58229120.0, 42071069.0, 7574066.0, 638951.0, 4235837.0, 2445646.0, 1877179.0, 35324232.0, 19170001.0, 41256277.0, 28644770.0, 60000000.0, 6109075.0, 55473600.0, 40203020.0, 64148.0, 74329966.0, 41400000.0, 28435406.0, 32048809.0, 75605492.0, 9449219.0, 34350553.0, 46363118.0, 1705139.0, 39687528.0, 16017403.0, 32616869.0, 5990075.0, 1865774.0, 22877808.0, 23807.0, 33643461.0, 22294341.0, 44606335.0, 22757819.0, 169705587.0, 15935068.0, 7659747.0, 30659817.0, 9694105.0, 179883016.0, 32051917.0, 4074023.0, 58006147.0, 14252830.0, 26536120.0, 318298180.0, 102515793.0, 30050028.0, 137340146.0, 15417771.0, 155111815.0, 107503316.0, 29500000.0, 6734844.0, 51814190.0, 31199215.0, 14888028.0, 41709.0, 7434726.0, 4109095.0, 57859105.0, 882710.0, 55942830.0, 63411478.0, 30628981.0, 13922211.0, 5018450.0, 3000000.0, 19100000.0, 2040920.0, 22843047.0, 7993039.0, 10269307.0, 77264926.0, 28637507.0, 3300230.0, 87666629.0, 50003300.0, 3273588.0, 64172251.0, 251501645.0, 23947.0, 263365.0, 2869369.0, 55350897.0, 16101109.0, 9286314.0, 2643689.0, 63270259.0, 15854988.0, 43100000.0, 298110.0, 38413606.0, 6842058.0, 31598308.0, 268488329.0, 13337299.0, 7017178.0, 33598.0, 8579684.0, 14677654.0, 26404753.0, 3950029.0, 4435083.0, 46280507.0, 63939454.0, 6777589.0, 215185.0, 56443482.0, 51185897.0, 12784713.0, 17593391.0, 57362581.0, 34151.0, 32645.0, 25078937.0, 2428241.0, 18225165.0, 15712072.0, 240425.0, 69688384.0, 6197866.0, 82234139.0, 81292135.0, 38590500.0, 21413105.0, 52937130.0, 61355436.0, 85707116.0, 447750.0, 24985612.0, 25052000.0, 38360195.0, 62321039.0, 70163652.0, 23808111.0, 140015224.0, 3902679.0, 1277257.0, 53082743.0, 598645.0, 1043487.0, 23031390.0, 221210.0, 713413.0, 45207112.0, 350123553.0, 5773519.0, 227241.0, 27829874.0, 116006080.0, 7881335.0, 100018837.0, 161087183.0, 167735396.0, 35092918.0, 108229.0, 69582.0, 124590960.0, 32983713.0, 13596911.0, 30523568.0, 46012734.0, 36696761.0, 261481.0, 57386369.0, 181395380.0, 8243880.0, 39100956.0, 23089926.0, 5480996.0, 67823573.0, 110222438.0, 54910560.0, 8691.0, 75727.0, 712294.0, 1420578.0, 24004159.0, 12134420.0, 25918.0, 186336103.0, 145000989.0, 533344.0, 13214255.0, 14879556.0, 7002255.0, 41597830.0, 37606.0, 14637490.0, 630779.0, 4651977.0, 37188667.0, 20285518.0, 12212417.0, 180483.0, 4291965.0, 28031250.0, 90800000.0, 35565975.0, 132122995.0, 12784397.0, 101702060.0, 5494.0, 112521.0, 35143332.0, 170684505.0, 140530114.0, 6044618.0, 26830000.0, 41777564.0, 217387997.0, 37035845.0, 14891000.0, 25407250.0, 30013346.0, 2175312.0, 11576087.0, 399879.0, 20167424.0, 37899638.0, 2706659.0, 60443237.0, 58879132.0, 163192114.0, 57366262.0, 24343673.0, 3609278.0, 4280577.0, 40076438.0, 317557891.0, 93571803.0, 51100000.0, 87856565.0, 11883495.0, 4306697.0, 107515297.0, 56876365.0, 31874869.0, 80281096.0, 19406406.0, 13005485.0, 27972410.0, 44983704.0, 81645152.0, 396035.0, 4273372.0, 3752725.0, 4839383.0, 10114315.0, 350034110.0, 10725228.0, 4301331.0, 6126237.0, 37738400.0, 112935.0, 3895664.0, 23650000.0, 8025872.0, 40363530.0, 6601079.0, 4186931.0, 238371987.0, 5306447.0, 10324441.0, 5998971.0, 86897182.0, 139259759.0, 70236496.0, 127490802.0, 9910.0, 64459316.0, 45856732.0, 23078294.0, 301956980.0, 902835.0, 31597131.0, 137748063.0, 6100000.0, 26415649.0, 379643.0, 22434.0, 12574715.0, 2483955.0, 28064226.0, 169076745.0, 184925485.0, 11835.0, 347578.0, 36283504.0, 116643346.0, 1346503.0, 80021740.0, 95720716.0, 9701559.0, 31704416.0, 24788807.0, 44484065.0, 227946274.0, 434949459.0, 33349949.0, 15542.0, 9000000.0, 117698894.0, 17843379.0, 49369900.0, 66002004.0, 652526.0, 27979400.0, 15519841.0, 83906114.0, 27053815.0, 7501404.0, 100012500.0, 126805112.0, 20207003.0, 43800000.0, 47748610.0, 77086030.0, 38345403.0, 43119879.0, 18656400.0, 124494.0, 42365600.0]

buck_pred: [0, 7, 9, 9, 9, 6, 0, 9, 9, 0, 9, 0, 7, 0, 8, 7, 3, 4, 2, 1, 2, 5, 5, 0, 2, 9, 2, 6, 0, 4, 5, 1, 6, 1, 9, 2, 0, 4, 2, 2, 9, 7, 7, 6, 8, 9, 0, 0, 8, 1, 4, 9, 6, 1, 6, 2, 1, 1, 9, 5, 1, 2, 0, 4, 7, 6, 9, 0, 0, 7, 5, 9, 0, 1, 0, 6, 3, 8, 1, 9, 0, 5, 8, 5, 4, 1, 3, 0, 6, 4, 0, 6, 0, 9, 1, 0, 5, 8, 5, 7, 2, 1, 8, 5, 9, 4, 9, 1, 0, 9, 9, 0, 9, 6, 0, 0, 6, 5, 2, 1, 8, 9, 8, 2, 9, 4, 3, 2, 1, 7, 1, 2, 2, 2, 8, 3, 9, 9, 9, 7, 4, 1, 9, 2, 5, 6, 4, 0, 0, 4, 0, 0, 8, 9, 4, 0, 3, 4, 1, 5, 3, 7, 5, 8, 5, 0, 2, 8, 0, 6, 5, 7, 5, 1, 0, 2, 9, 1, 2, 8, 9, 3, 0, 6, 8, 3, 3, 3, 9, 1, 3, 6, 8, 7, 1, 5, 1, 3, 9, 5, 1, 2, 8, 0, 6, 0, 6, 8, 0, 8, 0, 9, 9, 9, 0, 5, 0, 8, 1, 9, 0, 7, 9, 0, 3, 2, 7, 3, 9, 4, 3, 9, 9, 4, 6, 7, 1, 1, 9, 4, 1, 1, 3, 0, 2, 1, 9, 3, 9, 6, 3, 2, 0, 2, 0, 8, 4, 1, 1, 3, 5, 0, 3, 9, 3, 1, 2, 0, 3, 3, 7, 4, 2, 4, 4, 6, 9, 6, 2, 0, 6, 0, 7, 8, 2, 8, 1, 3, 4, 9, 6, 3, 1, 6, 3, 0, 1, 0, 1, 9, 1, 5, 1, 8, 8, 9, 5, 8, 2, 3, 2, 9, 1, 6, 0, 5, 6, 3, 0, 5, 2, 8, 9, 3, 9, 0, 6, 4, 0, 0, 2, 6, 4, 6, 2, 7, 8, 0, 3, 9, 9, 0, 0, 9, 9, 7, 2, 7, 0, 9, 4, 9, 5, 9, 6, 6, 7, 4, 6, 8, 2, 0, 3, 8, 2, 1, 0, 9, 2, 2, 0, 2, 9, 1, 4, 8, 7, 0, 9, 3, 8, 8, 8, 8, 1, 3, 6, 2, 2, 9, 6, 2, 8, 0, 0, 4, 4, 9, 9, 2, 0, 0, 7, 8, 6, 0, 8, 4, 6, 6, 0, 2, 6, 4, 6, 2, 9, 8, 3, 4, 9, 0, 6, 7, 3, 2, 3, 8, 1, 7, 8, 6, 3, 8, 9, 7, 7, 1, 7, 2, 8, 0, 4, 2, 8, 6, 0, 9, 9, 8, 6, 2, 4, 2, 7, 8, 2, 5, 9, 5, 3, 6, 9, 8, 7, 0, 9, 0, 9, 8, 2, 0, 0, 5, 1, 9, 9, 6, 7, 3, 5, 8, 3, 1, 9, 2, 3, 9, 8, 0, 4, 3, 5, 6, 2, 8, 6, 0, 2, 9, 2, 2, 2, 2, 4, 2, 6, 7, 2, 8, 6, 6, 0, 1, 4, 6, 9, 6, 6, 1, 6, 0, 8, 7, 9, 1, 5, 5, 8, 0, 9, 9, 1, 2, 2, 0, 9, 7, 3, 6, 0, 2, 9, 7, 1, 0, 6, 7, 6, 7, 2, 5, 7, 9, 8, 4, 1, 4, 8, 8, 6, 9, 3, 2, 6, 1, 1, 2, 6, 2, 8, 5, 2, 9, 8, 5, 5, 2, 1, 3, 0, 8, 6, 8, 5, 7, 8, 5, 9, 2, 1, 9, 9, 9, 6, 6, 5, 8, 1, 7, 1, 0, 9, 0, 2, 3, 6, 8, 7, 6, 3, 0, 6, 6, 8, 7, 5, 7, 3, 4, 6, 5, 9, 5, 1, 2, 4, 3, 9, 0, 3, 0, 3, 4, 3, 0, 7, 4, 1, 0, 1, 8, 7, 0, 5, 2, 4, 7, 4, 6, 6, 8, 8, 7, 0, 9, 5, 8, 1, 0, 0, 5, 9, 0, 6, 3, 8, 3, 9, 3, 7, 2, 9, 5, 5, 9, 7, 4, 6, 9, 6, 2, 0, 6, 0, 2, 4, 5, 0, 1, 2, 9, 7, 5, 4, 5, 9, 4, 6, 9, 0, 3, 1, 4, 3, 6, 7, 3, 9, 0, 3, 8, 0, 6, 3, 4, 0, 3, 8, 0, 4, 2, 2, 5, 7, 9, 7, 9, 3, 6, 1, 2, 7, 1, 1, 9, 6, 0, 4, 4, 0, 9, 0, 0, 1, 0, 0, 8, 6, 1, 7, 9, 6, 6, 0, 5, 5, 1, 1, 5, 0, 6, 8, 1, 0, 6, 8, 8, 1, 9, 1, 8, 7, 3, 2, 0, 5, 7, 7, 2, 9, 8, 9, 9, 1, 4, 0, 9, 7, 8, 5, 9, 1, 4, 3, 4, 6, 2, 1, 2, 6, 0, 6, 7, 6, 6, 4, 9, 4, 9, 0, 7, 1, 3, 0, 3, 5, 9, 1, 9, 8, 2, 9, 3, 9, 9, 7, 9, 6, 2, 8, 8, 1, 6, 6, 0, 5, 1, 1, 3, 8, 4, 0, 0, 4, 3, 8, 1, 3, 9, 1, 9, 6, 1, 1, 4, 9, 6, 9, 2, 4, 7, 5, 4, 0, 0, 0, 0, 9, 4, 9, 4, 7, 0, 1, 9, 2, 2, 2, 9, 9, 4, 5, 0, 9, 4, 6, 7, 9, 2, 0, 1, 9, 2, 0, 1, 4, 1, 9, 0, 4, 8, 7, 3, 2, 8, 3, 7, 0, 4, 8, 3, 6, 1, 7, 9, 5, 4, 8, 1, 9, 6, 4, 9, 7, 7, 4, 1, 9, 0, 0, 2, 5, 3, 2, 5, 1, 6, 6, 9, 9, 3, 0, 1, 0, 9, 2, 6, 4, 0, 2, 5, 1, 4, 9, 4, 9, 0, 3, 7, 0, 8, 4, 8, 9, 9, 0, 3, 3, 5, 0, 2, 6, 2, 1, 6, 8, 2, 0, 9, 3, 6, 0, 8, 9, 2, 4, 5, 0, 9, 0, 9, 2, 3, 5, 6, 7, 4, 1, 2, 3, 8, 1, 4, 3, 1, 0, 2, 6, 7, 3, 0, 4, 6, 8, 3, 0, 2, 9, 0, 6, 9, 4, 0, 0, 7, 6, 4, 7, 1, 2, 0, 0, 1, 1, 9, 4, 7, 1, 2, 8, 5, 4, 1, 1, 6, 8, 9, 1, 0, 0, 5, 5, 1, 8, 4, 6, 5, 4, 2, 9, 0, 0, 6, 2, 1, 3, 9, 4, 7, 4, 6, 5, 1, 5, 2, 2, 8, 0, 6, 4, 7, 3, 8, 4, 3, 3, 3, 9, 2, 0, 1, 3, 6, 9, 9, 4, 9, 3, 9, 9, 4, 4, 8, 8, 4, 4, 4, 4, 0, 4, 8, 5, 3, 2, 3, 5, 4, 1, 6, 7, 6, 0, 0, 3, 8, 7, 1, 3, 9, 9, 4, 6, 7, 0, 4, 1, 5, 3, 6, 1, 2, 6, 5, 9, 2, 0, 0, 2, 7, 5, 2, 5, 5, 1, 8, 0, 6, 6, 3, 6, 8, 0, 2, 2, 0, 6, 0, 0, 6, 3, 8, 7, 8, 7, 5, 8, 9, 2, 7, 7, 6, 7, 3, 3, 6, 3, 1, 9, 3, 5, 0, 0, 2, 6, 9, 5, 0, 5, 6, 1, 8, 9, 9, 4, 0, 0, 6, 0, 6, 6, 1, 0, 2, 9, 9, 1, 8, 6, 2, 8, 1, 6, 0, 0, 1, 1, 8, 4, 0, 9, 9, 8, 5, 3, 3, 7, 1, 3, 2, 1, 4, 3, 1, 4, 1, 5, 8, 3, 9, 1, 8, 0, 0, 3, 7, 6, 3, 8, 6, 9, 8, 1, 8, 5, 8, 3, 0, 2, 8, 1, 3, 3, 9, 9, 6, 9, 2, 8, 9, 5, 8, 6, 1, 2, 7, 6, 6, 9, 1, 2, 6, 3, 8, 1, 3, 2, 2, 1, 9, 3, 4, 0, 6, 2, 2, 2, 3, 3, 4, 1, 9, 2, 5, 1, 8, 9, 8, 9, 2, 1, 2, 4, 9, 0, 7, 6, 9, 3, 0, 1, 6, 2, 5, 8, 7, 0, 5, 7, 8, 0, 7, 9, 6, 4, 1, 8, 9, 8, 2, 0, 4, 9, 0, 4, 6, 3, 5, 6, 7, 3, 2, 9, 8, 2, 6, 7, 7, 9, 7, 3, 1, 1]

bins: [703.0, 377298.0, 3000000.0, 8687441.000000006, 16067035.0, 25587402.0, 36830057.0, 51431791.5, 75604320.0, 123138766.0, 760505847.0]

Most important rules
-----------------------------

---0---
rule9: -2550.077 < num_voted_users < 97763.704
probabilities_array:[0.21431613 0.19525996 0.12509099 0.14697072 0.11282149 0.0801541
 0.06422944 0.02936803 0.02190652 0.         0.00988261]

rule7: title_year > 2010.109
probabilities_array:[0.24677265 0.         0.         0.01085402 0.00069074 0.02677421
 0.06514338 0.2116022  0.         0.20547625 0.23268656]

rule6: 2003.352 < title_year < 2010.109
probabilities_array:[0.3022134  0.04948087 0.         0.         0.00949224 0.
 0.         0.         0.         0.17434482 0.46446875]

rule12: num_critic_for_reviews < 75.267
probabilities_array:[0.2604668  0.17327102 0.12562457 0.         0.         0.
 0.         0.03275979 0.02093174 0.         0.38694608]

rule16: num_user_for_reviews < 45.955
probabilities_array:[0.27091077 0.23780519 0.         0.         0.         0.
 0.         0.         0.         0.         0.491284  ]

rule2: 6.454 < imdb_score < 7.206
probabilities_array:[0.15605429 0.13051608 0.07037432 0.         0.00062456 0.02734816
 0.10105836 0.11257728 0.10958164 0.16335618 0.1285091 ]

rule41: -5366.692 < movie_facebook_likes < 8803.184
probabilities_array:[0.25231144 0.02488279 0.         0.03694518 0.00578213 0.
 0.         0.         0.06329955 0.12410624 0.4926727 ]

rule49: -40607373.404 < budget < 43485843.495
probabilities_array:[0.11226926 0.10644522 0.14083533 0.14271885 0.15239221 0.12040368
 0.10445192 0.06576201 0.03640641 0.         0.01831512]

rule22: 728.310 < director_facebook_likes < 2669.918
probabilities_array:[0.14477047 0.         0.02798376 0.         0.05896478 0.16988793
 0.         0.11817064 0.         0.21170653 0.2685159 ]

rule1: 5.702 < imdb_score < 6.454
probabilities_array:[0.10458346 0.         0.         0.02528686 0.08887041 0.06605141
 0.14410283 0.13557588 0.18734348 0.12932824 0.11885747]

rule44: duration < 94.151
probabilities_array:[0.20439963 0.02033099 0.         0.         0.         0.
 0.         0.         0.         0.1191104  0.6561589 ]

rule33: -518.882 < actor_3_facebook_likes < 717.402
probabilities_array:[0.10447947 0.15802513 0.17308655 0.         0.00040475 0.
 0.         0.13790873 0.         0.06465308 0.3614423 ]

rule45: 94.151 < duration < 109.691
probabilities_array:[0.09499063 0.17975612 0.         0.16983554 0.03694506 0.
 0.         0.06065512 0.00740687 0.12140389 0.32900673]


---1---
rule9: -2550.077 < num_voted_users < 97763.704
probabilities_array:[0.21431613 0.19525996 0.12509099 0.14697072 0.11282149 0.0801541
 0.06422944 0.02936803 0.02190652 0.         0.00988261]

rule16: num_user_for_reviews < 45.955
probabilities_array:[0.27091077 0.23780519 0.         0.         0.         0.
 0.         0.         0.         0.         0.491284  ]

rule45: 94.151 < duration < 109.691
probabilities_array:[0.09499063 0.17975612 0.         0.16983554 0.03694506 0.
 0.         0.06065512 0.00740687 0.12140389 0.32900673]

rule3: imdb_score > 7.206
probabilities_array:[0.03456163 0.17733222 0.25924826 0.00169182 0.00138857 0.
 0.         0.         0.         0.19036673 0.3354107 ]

rule2: 6.454 < imdb_score < 7.206
probabilities_array:[0.15605429 0.13051608 0.07037432 0.         0.00062456 0.02734816
 0.10105836 0.11257728 0.10958164 0.16335618 0.1285091 ]

rule12: num_critic_for_reviews < 75.267
probabilities_array:[0.2604668  0.17327102 0.12562457 0.         0.         0.
 0.         0.03275979 0.02093174 0.         0.38694608]

rule49: -40607373.404 < budget < 43485843.495
probabilities_array:[0.11226926 0.10644522 0.14083533 0.14271885 0.15239221 0.12040368
 0.10445192 0.06576201 0.03640641 0.         0.01831512]

rule33: -518.882 < actor_3_facebook_likes < 717.402
probabilities_array:[0.10447947 0.15802513 0.17308655 0.         0.00040475 0.
 0.         0.13790873 0.         0.06465308 0.3614423 ]

rule17: 45.955 < num_user_for_reviews < 311.545
probabilities_array:[0.         0.06759072 0.1670832  0.10865878 0.10937149 0.1400046
 0.09150831 0.08794224 0.11894683 0.06856479 0.04032903]

rule25: -4139.023 < actor_1_facebook_likes < 7342.287
probabilities_array:[0.         0.13328943 0.         0.         0.04726503 0.
 0.         0.04444253 0.09678563 0.13159537 0.54662204]

rule42: 8803.184 < movie_facebook_likes < 22973.060
probabilities_array:[0.         0.06271619 0.08074948 0.00359327 0.07012399 0.16309674
 0.183586   0.09369037 0.10280984 0.10767039 0.13196383]

rule37: -2926.454 < cast_total_facebook_likes < 10820.367
probabilities_array:[0.03700417 0.09255391 0.         0.         0.00722374 0.
 0.05483111 0.03777649 0.12564851 0.12232065 0.5226414 ]


---2---
rule3: imdb_score > 7.206
probabilities_array:[0.03456163 0.17733222 0.25924826 0.00169182 0.00138857 0.
 0.         0.         0.         0.19036673 0.3354107 ]

rule17: 45.955 < num_user_for_reviews < 311.545
probabilities_array:[0.         0.06759072 0.1670832  0.10865878 0.10937149 0.1400046
 0.09150831 0.08794224 0.11894683 0.06856479 0.04032903]

rule49: -40607373.404 < budget < 43485843.495
probabilities_array:[0.11226926 0.10644522 0.14083533 0.14271885 0.15239221 0.12040368
 0.10445192 0.06576201 0.03640641 0.         0.01831512]

rule9: -2550.077 < num_voted_users < 97763.704
probabilities_array:[0.21431613 0.19525996 0.12509099 0.14697072 0.11282149 0.0801541
 0.06422944 0.02936803 0.02190652 0.         0.00988261]

rule23: director_facebook_likes > 2669.918
probabilities_array:[0.         0.         0.1638369  0.12445999 0.03815725 0.01431991
 0.07531445 0.09999248 0.18997966 0.0483951  0.2455443 ]

rule33: -518.882 < actor_3_facebook_likes < 717.402
probabilities_array:[0.10447947 0.15802513 0.17308655 0.         0.00040475 0.
 0.         0.13790873 0.         0.06465308 0.3614423 ]

rule47: duration > 125.231
probabilities_array:[0.         0.         0.11879517 0.         0.01505218 0.1488043
 0.18944791 0.07919897 0.12467507 0.10857888 0.21544752]

rule12: num_critic_for_reviews < 75.267
probabilities_array:[0.2604668  0.17327102 0.12562457 0.         0.         0.
 0.         0.03275979 0.02093174 0.         0.38694608]

rule42: 8803.184 < movie_facebook_likes < 22973.060
probabilities_array:[0.         0.06271619 0.08074948 0.00359327 0.07012399 0.16309674
 0.183586   0.09369037 0.10280984 0.10767039 0.13196383]

rule18: 311.545 < num_user_for_reviews < 577.135
probabilities_array:[0.         0.00875052 0.0673679  0.14716466 0.15835798 0.17166977
 0.08461361 0.10981791 0.14550845 0.09890912 0.00784015]

rule2: 6.454 < imdb_score < 7.206
probabilities_array:[0.15605429 0.13051608 0.07037432 0.         0.00062456 0.02734816
 0.10105836 0.11257728 0.10958164 0.16335618 0.1285091 ]

rule14: 158.407 < num_critic_for_reviews < 241.546
probabilities_array:[0.         0.0025402  0.06441455 0.14724444 0.1025252  0.142099
 0.05898803 0.07954939 0.11583665 0.2015721  0.08523045]

rule13: 75.267 < num_critic_for_reviews < 158.407
probabilities_array:[0.         0.0413698  0.05694551 0.02908284 0.09494841 0.08496728
 0.22903822 0.11753936 0.0985985  0.10342587 0.14408426]

rule0: imdb_score < 5.702
probabilities_array:[0.         0.         0.0463087  0.15119347 0.14878021 0.15999858
 0.13570254 0.13482775 0.13299598 0.02481476 0.065378  ]

rule46: 109.691 < duration < 125.231
probabilities_array:[0.         0.         0.04977126 0.0789682  0.08082184 0.10434271
 0.15259968 0.14920706 0.18723881 0.03143047 0.16561997]


---3---
rule18: 311.545 < num_user_for_reviews < 577.135
probabilities_array:[0.         0.00875052 0.0673679  0.14716466 0.15835798 0.17166977
 0.08461361 0.10981791 0.14550845 0.09890912 0.00784015]

rule9: -2550.077 < num_voted_users < 97763.704
probabilities_array:[0.21431613 0.19525996 0.12509099 0.14697072 0.11282149 0.0801541
 0.06422944 0.02936803 0.02190652 0.         0.00988261]

rule0: imdb_score < 5.702
probabilities_array:[0.         0.         0.0463087  0.15119347 0.14878021 0.15999858
 0.13570254 0.13482775 0.13299598 0.02481476 0.065378  ]

rule49: -40607373.404 < budget < 43485843.495
probabilities_array:[0.11226926 0.10644522 0.14083533 0.14271885 0.15239221 0.12040368
 0.10445192 0.06576201 0.03640641 0.         0.01831512]

rule14: 158.407 < num_critic_for_reviews < 241.546
probabilities_array:[0.         0.0025402  0.06441455 0.14724444 0.1025252  0.142099
 0.05898803 0.07954939 0.11583665 0.2015721  0.08523045]

rule45: 94.151 < duration < 109.691
probabilities_array:[0.09499063 0.17975612 0.         0.16983554 0.03694506 0.
 0.         0.06065512 0.00740687 0.12140389 0.32900673]

rule17: 45.955 < num_user_for_reviews < 311.545
probabilities_array:[0.         0.06759072 0.1670832  0.10865878 0.10937149 0.1400046
 0.09150831 0.08794224 0.11894683 0.06856479 0.04032903]

rule23: director_facebook_likes > 2669.918
probabilities_array:[0.         0.         0.1638369  0.12445999 0.03815725 0.01431991
 0.07531445 0.09999248 0.18997966 0.0483951  0.2455443 ]

rule30: 1842.909 < actor_2_facebook_likes < 4911.837
probabilities_array:[0.         0.         0.         0.10154013 0.         0.
 0.2640693  0.23476139 0.14625785 0.14896536 0.10440601]

rule5: 1996.595 < title_year < 2003.352
probabilities_array:[0.00457701 0.03051536 0.05608687 0.10838314 0.         0.10083846
 0.05990478 0.14047547 0.04976013 0.14620247 0.30325636]

rule4: title_year < 1996.595
probabilities_array:[0.         0.02937157 0.0265919  0.06846064 0.07996664 0.08409927
 0.07132773 0.17987731 0.205109   0.24464583 0.01055013]

rule46: 109.691 < duration < 125.231
probabilities_array:[0.         0.         0.04977126 0.0789682  0.08082184 0.10434271
 0.15259968 0.14920706 0.18723881 0.03143047 0.16561997]

rule26: 7342.287 < actor_1_facebook_likes < 18823.596
probabilities_array:[0.0346982  0.         0.00056702 0.0853038  0.         0.13531172
 0.         0.06993522 0.21491325 0.08035643 0.37891436]

rule34: 717.402 < actor_3_facebook_likes < 1953.686
probabilities_array:[0.         0.         0.         0.0529138  0.1444754  0.01595764
 0.08070406 0.20712234 0.10293199 0.21521676 0.18067797]


---4---
rule18: 311.545 < num_user_for_reviews < 577.135
probabilities_array:[0.         0.00875052 0.0673679  0.14716466 0.15835798 0.17166977
 0.08461361 0.10981791 0.14550845 0.09890912 0.00784015]

rule49: -40607373.404 < budget < 43485843.495
probabilities_array:[0.11226926 0.10644522 0.14083533 0.14271885 0.15239221 0.12040368
 0.10445192 0.06576201 0.03640641 0.         0.01831512]

rule0: imdb_score < 5.702
probabilities_array:[0.         0.         0.0463087  0.15119347 0.14878021 0.15999858
 0.13570254 0.13482775 0.13299598 0.02481476 0.065378  ]

rule34: 717.402 < actor_3_facebook_likes < 1953.686
probabilities_array:[0.         0.         0.         0.0529138  0.1444754  0.01595764
 0.08070406 0.20712234 0.10293199 0.21521676 0.18067797]

rule9: -2550.077 < num_voted_users < 97763.704
probabilities_array:[0.21431613 0.19525996 0.12509099 0.14697072 0.11282149 0.0801541
 0.06422944 0.02936803 0.02190652 0.         0.00988261]

rule17: 45.955 < num_user_for_reviews < 311.545
probabilities_array:[0.         0.06759072 0.1670832  0.10865878 0.10937149 0.1400046
 0.09150831 0.08794224 0.11894683 0.06856479 0.04032903]

rule14: 158.407 < num_critic_for_reviews < 241.546
probabilities_array:[0.         0.0025402  0.06441455 0.14724444 0.1025252  0.142099
 0.05898803 0.07954939 0.11583665 0.2015721  0.08523045]

rule13: 75.267 < num_critic_for_reviews < 158.407
probabilities_array:[0.         0.0413698  0.05694551 0.02908284 0.09494841 0.08496728
 0.22903822 0.11753936 0.0985985  0.10342587 0.14408426]

rule4: title_year < 1996.595
probabilities_array:[0.         0.02937157 0.0265919  0.06846064 0.07996664 0.08409927
 0.07132773 0.17987731 0.205109   0.24464583 0.01055013]

rule15: num_critic_for_reviews > 241.546
probabilities_array:[0.         0.00063127 0.         0.         0.10899244 0.12634619
 0.17111896 0.01507463 0.12481908 0.17589018 0.27712715]

rule1: 5.702 < imdb_score < 6.454
probabilities_array:[0.10458346 0.         0.         0.02528686 0.08887041 0.06605141
 0.14410283 0.13557588 0.18734348 0.12932824 0.11885747]

rule46: 109.691 < duration < 125.231
probabilities_array:[0.         0.         0.04977126 0.0789682  0.08082184 0.10434271
 0.15259968 0.14920706 0.18723881 0.03143047 0.16561997]

rule42: 8803.184 < movie_facebook_likes < 22973.060
probabilities_array:[0.         0.06271619 0.08074948 0.00359327 0.07012399 0.16309674
 0.183586   0.09369037 0.10280984 0.10767039 0.13196383]

rule22: 728.310 < director_facebook_likes < 2669.918
probabilities_array:[0.14477047 0.         0.02798376 0.         0.05896478 0.16988793
 0.         0.11817064 0.         0.21170653 0.2685159 ]


---5---
rule18: 311.545 < num_user_for_reviews < 577.135
probabilities_array:[0.         0.00875052 0.0673679  0.14716466 0.15835798 0.17166977
 0.08461361 0.10981791 0.14550845 0.09890912 0.00784015]

rule0: imdb_score < 5.702
probabilities_array:[0.         0.         0.0463087  0.15119347 0.14878021 0.15999858
 0.13570254 0.13482775 0.13299598 0.02481476 0.065378  ]

rule42: 8803.184 < movie_facebook_likes < 22973.060
probabilities_array:[0.         0.06271619 0.08074948 0.00359327 0.07012399 0.16309674
 0.183586   0.09369037 0.10280984 0.10767039 0.13196383]

rule17: 45.955 < num_user_for_reviews < 311.545
probabilities_array:[0.         0.06759072 0.1670832  0.10865878 0.10937149 0.1400046
 0.09150831 0.08794224 0.11894683 0.06856479 0.04032903]

rule10: 97763.704 < num_voted_users < 198077.484
probabilities_array:[0.         0.         0.04916636 0.0019481  0.02595534 0.16138324
 0.23227157 0.19753686 0.13375527 0.00799956 0.18998377]

rule14: 158.407 < num_critic_for_reviews < 241.546
probabilities_array:[0.         0.0025402  0.06441455 0.14724444 0.1025252  0.142099
 0.05898803 0.07954939 0.11583665 0.2015721  0.08523045]

rule22: 728.310 < director_facebook_likes < 2669.918
probabilities_array:[0.14477047 0.         0.02798376 0.         0.05896478 0.16988793
 0.         0.11817064 0.         0.21170653 0.2685159 ]

rule49: -40607373.404 < budget < 43485843.495
probabilities_array:[0.11226926 0.10644522 0.14083533 0.14271885 0.15239221 0.12040368
 0.10445192 0.06576201 0.03640641 0.         0.01831512]

rule47: duration > 125.231
probabilities_array:[0.         0.         0.11879517 0.         0.01505218 0.1488043
 0.18944791 0.07919897 0.12467507 0.10857888 0.21544752]

rule15: num_critic_for_reviews > 241.546
probabilities_array:[0.         0.00063127 0.         0.         0.10899244 0.12634619
 0.17111896 0.01507463 0.12481908 0.17589018 0.27712715]

rule46: 109.691 < duration < 125.231
probabilities_array:[0.         0.         0.04977126 0.0789682  0.08082184 0.10434271
 0.15259968 0.14920706 0.18723881 0.03143047 0.16561997]

rule50: 43485843.495 < budget < 127579060.394
probabilities_array:[0.         0.         0.         0.         0.02672048 0.10161345
 0.2319418  0.21245499 0.20081909 0.08049572 0.14595437]

rule26: 7342.287 < actor_1_facebook_likes < 18823.596
probabilities_array:[0.0346982  0.         0.00056702 0.0853038  0.         0.13531172
 0.         0.06993522 0.21491325 0.08035643 0.37891436]

rule4: title_year < 1996.595
probabilities_array:[0.         0.02937157 0.0265919  0.06846064 0.07996664 0.08409927
 0.07132773 0.17987731 0.205109   0.24464583 0.01055013]

rule9: -2550.077 < num_voted_users < 97763.704
probabilities_array:[0.21431613 0.19525996 0.12509099 0.14697072 0.11282149 0.0801541
 0.06422944 0.02936803 0.02190652 0.         0.00988261]

rule13: 75.267 < num_critic_for_reviews < 158.407
probabilities_array:[0.         0.0413698  0.05694551 0.02908284 0.09494841 0.08496728
 0.22903822 0.11753936 0.0985985  0.10342587 0.14408426]

rule5: 1996.595 < title_year < 2003.352
probabilities_array:[0.00457701 0.03051536 0.05608687 0.10838314 0.         0.10083846
 0.05990478 0.14047547 0.04976013 0.14620247 0.30325636]

rule27: actor_1_facebook_likes > 18823.596
probabilities_array:[0.04623669 0.01291138 0.05504452 0.         0.         0.12651615
 0.02198417 0.03854359 0.         0.2189796  0.47978392]

rule1: 5.702 < imdb_score < 6.454
probabilities_array:[0.10458346 0.         0.         0.02528686 0.08887041 0.06605141
 0.14410283 0.13557588 0.18734348 0.12932824 0.11885747]


---6---
rule30: 1842.909 < actor_2_facebook_likes < 4911.837
probabilities_array:[0.         0.         0.         0.10154013 0.         0.
 0.2640693  0.23476139 0.14625785 0.14896536 0.10440601]

rule50: 43485843.495 < budget < 127579060.394
probabilities_array:[0.         0.         0.         0.         0.02672048 0.10161345
 0.2319418  0.21245499 0.20081909 0.08049572 0.14595437]

rule13: 75.267 < num_critic_for_reviews < 158.407
probabilities_array:[0.         0.0413698  0.05694551 0.02908284 0.09494841 0.08496728
 0.22903822 0.11753936 0.0985985  0.10342587 0.14408426]

rule10: 97763.704 < num_voted_users < 198077.484
probabilities_array:[0.         0.         0.04916636 0.0019481  0.02595534 0.16138324
 0.23227157 0.19753686 0.13375527 0.00799956 0.18998377]

rule42: 8803.184 < movie_facebook_likes < 22973.060
probabilities_array:[0.         0.06271619 0.08074948 0.00359327 0.07012399 0.16309674
 0.183586   0.09369037 0.10280984 0.10767039 0.13196383]

rule47: duration > 125.231
probabilities_array:[0.         0.         0.11879517 0.         0.01505218 0.1488043
 0.18944791 0.07919897 0.12467507 0.10857888 0.21544752]

rule46: 109.691 < duration < 125.231
probabilities_array:[0.         0.         0.04977126 0.0789682  0.08082184 0.10434271
 0.15259968 0.14920706 0.18723881 0.03143047 0.16561997]

rule1: 5.702 < imdb_score < 6.454
probabilities_array:[0.10458346 0.         0.         0.02528686 0.08887041 0.06605141
 0.14410283 0.13557588 0.18734348 0.12932824 0.11885747]

rule0: imdb_score < 5.702
probabilities_array:[0.         0.         0.0463087  0.15119347 0.14878021 0.15999858
 0.13570254 0.13482775 0.13299598 0.02481476 0.065378  ]

rule15: num_critic_for_reviews > 241.546
probabilities_array:[0.         0.00063127 0.         0.         0.10899244 0.12634619
 0.17111896 0.01507463 0.12481908 0.17589018 0.27712715]

rule49: -40607373.404 < budget < 43485843.495
probabilities_array:[0.11226926 0.10644522 0.14083533 0.14271885 0.15239221 0.12040368
 0.10445192 0.06576201 0.03640641 0.         0.01831512]

rule2: 6.454 < imdb_score < 7.206
probabilities_array:[0.15605429 0.13051608 0.07037432 0.         0.00062456 0.02734816
 0.10105836 0.11257728 0.10958164 0.16335618 0.1285091 ]

rule17: 45.955 < num_user_for_reviews < 311.545
probabilities_array:[0.         0.06759072 0.1670832  0.10865878 0.10937149 0.1400046
 0.09150831 0.08794224 0.11894683 0.06856479 0.04032903]

rule18: 311.545 < num_user_for_reviews < 577.135
probabilities_array:[0.         0.00875052 0.0673679  0.14716466 0.15835798 0.17166977
 0.08461361 0.10981791 0.14550845 0.09890912 0.00784015]

rule43: movie_facebook_likes > 22973.060
probabilities_array:[0.         0.         0.         0.02247288 0.         0.00307437
 0.12035164 0.16725242 0.17109616 0.16347474 0.3522778 ]

rule4: title_year < 1996.595
probabilities_array:[0.         0.02937157 0.0265919  0.06846064 0.07996664 0.08409927
 0.07132773 0.17987731 0.205109   0.24464583 0.01055013]

rule34: 717.402 < actor_3_facebook_likes < 1953.686
probabilities_array:[0.         0.         0.         0.0529138  0.1444754  0.01595764
 0.08070406 0.20712234 0.10293199 0.21521676 0.18067797]

rule9: -2550.077 < num_voted_users < 97763.704
probabilities_array:[0.21431613 0.19525996 0.12509099 0.14697072 0.11282149 0.0801541
 0.06422944 0.02936803 0.02190652 0.         0.00988261]

rule19: num_user_for_reviews > 577.135
probabilities_array:[0.         0.         0.         0.         0.04620422 0.02750651
 0.09890593 0.2400503  0.00851652 0.19767633 0.3811401 ]

rule23: director_facebook_likes > 2669.918
probabilities_array:[0.         0.         0.1638369  0.12445999 0.03815725 0.01431991
 0.07531445 0.09999248 0.18997966 0.0483951  0.2455443 ]

rule14: 158.407 < num_critic_for_reviews < 241.546
probabilities_array:[0.         0.0025402  0.06441455 0.14724444 0.1025252  0.142099
 0.05898803 0.07954939 0.11583665 0.2015721  0.08523045]

rule7: title_year > 2010.109
probabilities_array:[0.24677265 0.         0.         0.01085402 0.00069074 0.02677421
 0.06514338 0.2116022  0.         0.20547625 0.23268656]

rule5: 1996.595 < title_year < 2003.352
probabilities_array:[0.00457701 0.03051536 0.05608687 0.10838314 0.         0.10083846
 0.05990478 0.14047547 0.04976013 0.14620247 0.30325636]


---7---
rule30: 1842.909 < actor_2_facebook_likes < 4911.837
probabilities_array:[0.         0.         0.         0.10154013 0.         0.
 0.2640693  0.23476139 0.14625785 0.14896536 0.10440601]

rule50: 43485843.495 < budget < 127579060.394
probabilities_array:[0.         0.         0.         0.         0.02672048 0.10161345
 0.2319418  0.21245499 0.20081909 0.08049572 0.14595437]

rule4: title_year < 1996.595
probabilities_array:[0.         0.02937157 0.0265919  0.06846064 0.07996664 0.08409927
 0.07132773 0.17987731 0.205109   0.24464583 0.01055013]

rule34: 717.402 < actor_3_facebook_likes < 1953.686
probabilities_array:[0.         0.         0.         0.0529138  0.1444754  0.01595764
 0.08070406 0.20712234 0.10293199 0.21521676 0.18067797]

rule7: title_year > 2010.109
probabilities_array:[0.24677265 0.         0.         0.01085402 0.00069074 0.02677421
 0.06514338 0.2116022  0.         0.20547625 0.23268656]

rule10: 97763.704 < num_voted_users < 198077.484
probabilities_array:[0.         0.         0.04916636 0.0019481  0.02595534 0.16138324
 0.23227157 0.19753686 0.13375527 0.00799956 0.18998377]

rule19: num_user_for_reviews > 577.135
probabilities_array:[0.         0.         0.         0.         0.04620422 0.02750651
 0.09890593 0.2400503  0.00851652 0.19767633 0.3811401 ]

rule0: imdb_score < 5.702
probabilities_array:[0.         0.         0.0463087  0.15119347 0.14878021 0.15999858
 0.13570254 0.13482775 0.13299598 0.02481476 0.065378  ]

rule46: 109.691 < duration < 125.231
probabilities_array:[0.         0.         0.04977126 0.0789682  0.08082184 0.10434271
 0.15259968 0.14920706 0.18723881 0.03143047 0.16561997]

rule1: 5.702 < imdb_score < 6.454
probabilities_array:[0.10458346 0.         0.         0.02528686 0.08887041 0.06605141
 0.14410283 0.13557588 0.18734348 0.12932824 0.11885747]

rule18: 311.545 < num_user_for_reviews < 577.135
probabilities_array:[0.         0.00875052 0.0673679  0.14716466 0.15835798 0.17166977
 0.08461361 0.10981791 0.14550845 0.09890912 0.00784015]

rule43: movie_facebook_likes > 22973.060
probabilities_array:[0.         0.         0.         0.02247288 0.         0.00307437
 0.12035164 0.16725242 0.17109616 0.16347474 0.3522778 ]

rule13: 75.267 < num_critic_for_reviews < 158.407
probabilities_array:[0.         0.0413698  0.05694551 0.02908284 0.09494841 0.08496728
 0.22903822 0.11753936 0.0985985  0.10342587 0.14408426]

rule2: 6.454 < imdb_score < 7.206
probabilities_array:[0.15605429 0.13051608 0.07037432 0.         0.00062456 0.02734816
 0.10105836 0.11257728 0.10958164 0.16335618 0.1285091 ]

rule5: 1996.595 < title_year < 2003.352
probabilities_array:[0.00457701 0.03051536 0.05608687 0.10838314 0.         0.10083846
 0.05990478 0.14047547 0.04976013 0.14620247 0.30325636]

rule33: -518.882 < actor_3_facebook_likes < 717.402
probabilities_array:[0.10447947 0.15802513 0.17308655 0.         0.00040475 0.
 0.         0.13790873 0.         0.06465308 0.3614423 ]

rule22: 728.310 < director_facebook_likes < 2669.918
probabilities_array:[0.14477047 0.         0.02798376 0.         0.05896478 0.16988793
 0.         0.11817064 0.         0.21170653 0.2685159 ]

rule17: 45.955 < num_user_for_reviews < 311.545
probabilities_array:[0.         0.06759072 0.1670832  0.10865878 0.10937149 0.1400046
 0.09150831 0.08794224 0.11894683 0.06856479 0.04032903]

rule42: 8803.184 < movie_facebook_likes < 22973.060
probabilities_array:[0.         0.06271619 0.08074948 0.00359327 0.07012399 0.16309674
 0.183586   0.09369037 0.10280984 0.10767039 0.13196383]

rule23: director_facebook_likes > 2669.918
probabilities_array:[0.         0.         0.1638369  0.12445999 0.03815725 0.01431991
 0.07531445 0.09999248 0.18997966 0.0483951  0.2455443 ]

rule14: 158.407 < num_critic_for_reviews < 241.546
probabilities_array:[0.         0.0025402  0.06441455 0.14724444 0.1025252  0.142099
 0.05898803 0.07954939 0.11583665 0.2015721  0.08523045]

rule49: -40607373.404 < budget < 43485843.495
probabilities_array:[0.11226926 0.10644522 0.14083533 0.14271885 0.15239221 0.12040368
 0.10445192 0.06576201 0.03640641 0.         0.01831512]

rule47: duration > 125.231
probabilities_array:[0.         0.         0.11879517 0.         0.01505218 0.1488043
 0.18944791 0.07919897 0.12467507 0.10857888 0.21544752]

rule26: 7342.287 < actor_1_facebook_likes < 18823.596
probabilities_array:[0.0346982  0.         0.00056702 0.0853038  0.         0.13531172
 0.         0.06993522 0.21491325 0.08035643 0.37891436]

rule38: 10820.367 < cast_total_facebook_likes < 24567.187
probabilities_array:[0.06289011 0.         0.04357908 0.         0.00066545 0.02167832
 0.         0.08737472 0.09598723 0.17292626 0.5148987 ]

rule45: 94.151 < duration < 109.691
probabilities_array:[0.09499063 0.17975612 0.         0.16983554 0.03694506 0.
 0.         0.06065512 0.00740687 0.12140389 0.32900673]


---8---
rule4: title_year < 1996.595
probabilities_array:[0.         0.02937157 0.0265919  0.06846064 0.07996664 0.08409927
 0.07132773 0.17987731 0.205109   0.24464583 0.01055013]

rule50: 43485843.495 < budget < 127579060.394
probabilities_array:[0.         0.         0.         0.         0.02672048 0.10161345
 0.2319418  0.21245499 0.20081909 0.08049572 0.14595437]

rule1: 5.702 < imdb_score < 6.454
probabilities_array:[0.10458346 0.         0.         0.02528686 0.08887041 0.06605141
 0.14410283 0.13557588 0.18734348 0.12932824 0.11885747]

rule46: 109.691 < duration < 125.231
probabilities_array:[0.         0.         0.04977126 0.0789682  0.08082184 0.10434271
 0.15259968 0.14920706 0.18723881 0.03143047 0.16561997]

rule18: 311.545 < num_user_for_reviews < 577.135
probabilities_array:[0.         0.00875052 0.0673679  0.14716466 0.15835798 0.17166977
 0.08461361 0.10981791 0.14550845 0.09890912 0.00784015]

rule23: director_facebook_likes > 2669.918
probabilities_array:[0.         0.         0.1638369  0.12445999 0.03815725 0.01431991
 0.07531445 0.09999248 0.18997966 0.0483951  0.2455443 ]

rule26: 7342.287 < actor_1_facebook_likes < 18823.596
probabilities_array:[0.0346982  0.         0.00056702 0.0853038  0.         0.13531172
 0.         0.06993522 0.21491325 0.08035643 0.37891436]

rule35: actor_3_facebook_likes > 1953.686
probabilities_array:[0.         0.         0.         0.         0.00103046 0.
 0.         0.         0.25797698 0.25098747 0.4900051 ]

rule11: num_voted_users > 198077.484
probabilities_array:[0.         0.         0.         0.         0.         0.
 0.         0.         0.25246504 0.26758647 0.47994852]

rule30: 1842.909 < actor_2_facebook_likes < 4911.837
probabilities_array:[0.         0.         0.         0.10154013 0.         0.
 0.2640693  0.23476139 0.14625785 0.14896536 0.10440601]

rule0: imdb_score < 5.702
probabilities_array:[0.         0.         0.0463087  0.15119347 0.14878021 0.15999858
 0.13570254 0.13482775 0.13299598 0.02481476 0.065378  ]

rule17: 45.955 < num_user_for_reviews < 311.545
probabilities_array:[0.         0.06759072 0.1670832  0.10865878 0.10937149 0.1400046
 0.09150831 0.08794224 0.11894683 0.06856479 0.04032903]

rule43: movie_facebook_likes > 22973.060
probabilities_array:[0.         0.         0.         0.02247288 0.         0.00307437
 0.12035164 0.16725242 0.17109616 0.16347474 0.3522778 ]

rule10: 97763.704 < num_voted_users < 198077.484
probabilities_array:[0.         0.         0.04916636 0.0019481  0.02595534 0.16138324
 0.23227157 0.19753686 0.13375527 0.00799956 0.18998377]

rule14: 158.407 < num_critic_for_reviews < 241.546
probabilities_array:[0.         0.0025402  0.06441455 0.14724444 0.1025252  0.142099
 0.05898803 0.07954939 0.11583665 0.2015721  0.08523045]

rule47: duration > 125.231
probabilities_array:[0.         0.         0.11879517 0.         0.01505218 0.1488043
 0.18944791 0.07919897 0.12467507 0.10857888 0.21544752]

rule2: 6.454 < imdb_score < 7.206
probabilities_array:[0.15605429 0.13051608 0.07037432 0.         0.00062456 0.02734816
 0.10105836 0.11257728 0.10958164 0.16335618 0.1285091 ]

rule31: actor_2_facebook_likes > 4911.837
probabilities_array:[0.0000000e+00 2.3350171e-05 0.0000000e+00 5.3199489e-02 2.0436741e-02
 0.0000000e+00 0.0000000e+00 2.6875215e-02 1.8966067e-01 1.9390775e-01
 5.1589680e-01]

rule15: num_critic_for_reviews > 241.546
probabilities_array:[0.         0.00063127 0.         0.         0.10899244 0.12634619
 0.17111896 0.01507463 0.12481908 0.17589018 0.27712715]

rule42: 8803.184 < movie_facebook_likes < 22973.060
probabilities_array:[0.         0.06271619 0.08074948 0.00359327 0.07012399 0.16309674
 0.183586   0.09369037 0.10280984 0.10767039 0.13196383]

rule13: 75.267 < num_critic_for_reviews < 158.407
probabilities_array:[0.         0.0413698  0.05694551 0.02908284 0.09494841 0.08496728
 0.22903822 0.11753936 0.0985985  0.10342587 0.14408426]

rule34: 717.402 < actor_3_facebook_likes < 1953.686
probabilities_array:[0.         0.         0.         0.0529138  0.1444754  0.01595764
 0.08070406 0.20712234 0.10293199 0.21521676 0.18067797]

rule37: -2926.454 < cast_total_facebook_likes < 10820.367
probabilities_array:[0.03700417 0.09255391 0.         0.         0.00722374 0.
 0.05483111 0.03777649 0.12564851 0.12232065 0.5226414 ]

rule21: -1213.298 < director_facebook_likes < 728.310
probabilities_array:[0.00145795 0.00946261 0.         0.         0.         0.
 0.         0.04109079 0.13002425 0.26213273 0.5558317 ]

rule38: 10820.367 < cast_total_facebook_likes < 24567.187
probabilities_array:[0.06289011 0.         0.04357908 0.         0.00066545 0.02167832
 0.         0.08737472 0.09598723 0.17292626 0.5148987 ]

rule25: -4139.023 < actor_1_facebook_likes < 7342.287
probabilities_array:[0.         0.13328943 0.         0.         0.04726503 0.
 0.         0.04444253 0.09678563 0.13159537 0.54662204]


---9---
rule4: title_year < 1996.595
probabilities_array:[0.         0.02937157 0.0265919  0.06846064 0.07996664 0.08409927
 0.07132773 0.17987731 0.205109   0.24464583 0.01055013]

rule14: 158.407 < num_critic_for_reviews < 241.546
probabilities_array:[0.         0.0025402  0.06441455 0.14724444 0.1025252  0.142099
 0.05898803 0.07954939 0.11583665 0.2015721  0.08523045]

rule34: 717.402 < actor_3_facebook_likes < 1953.686
probabilities_array:[0.         0.         0.         0.0529138  0.1444754  0.01595764
 0.08070406 0.20712234 0.10293199 0.21521676 0.18067797]

rule7: title_year > 2010.109
probabilities_array:[0.24677265 0.         0.         0.01085402 0.00069074 0.02677421
 0.06514338 0.2116022  0.         0.20547625 0.23268656]

rule22: 728.310 < director_facebook_likes < 2669.918
probabilities_array:[0.14477047 0.         0.02798376 0.         0.05896478 0.16988793
 0.         0.11817064 0.         0.21170653 0.2685159 ]

rule2: 6.454 < imdb_score < 7.206
probabilities_array:[0.15605429 0.13051608 0.07037432 0.         0.00062456 0.02734816
 0.10105836 0.11257728 0.10958164 0.16335618 0.1285091 ]

rule11: num_voted_users > 198077.484
probabilities_array:[0.         0.         0.         0.         0.         0.
 0.         0.         0.25246504 0.26758647 0.47994852]

rule30: 1842.909 < actor_2_facebook_likes < 4911.837
probabilities_array:[0.         0.         0.         0.10154013 0.         0.
 0.2640693  0.23476139 0.14625785 0.14896536 0.10440601]

rule35: actor_3_facebook_likes > 1953.686
probabilities_array:[0.         0.         0.         0.         0.00103046 0.
 0.         0.         0.25797698 0.25098747 0.4900051 ]

rule15: num_critic_for_reviews > 241.546
probabilities_array:[0.         0.00063127 0.         0.         0.10899244 0.12634619
 0.17111896 0.01507463 0.12481908 0.17589018 0.27712715]

rule3: imdb_score > 7.206
probabilities_array:[0.03456163 0.17733222 0.25924826 0.00169182 0.00138857 0.
 0.         0.         0.         0.19036673 0.3354107 ]

rule19: num_user_for_reviews > 577.135
probabilities_array:[0.         0.         0.         0.         0.04620422 0.02750651
 0.09890593 0.2400503  0.00851652 0.19767633 0.3811401 ]

rule21: -1213.298 < director_facebook_likes < 728.310
probabilities_array:[0.00145795 0.00946261 0.         0.         0.         0.
 0.         0.04109079 0.13002425 0.26213273 0.5558317 ]

rule1: 5.702 < imdb_score < 6.454
probabilities_array:[0.10458346 0.         0.         0.02528686 0.08887041 0.06605141
 0.14410283 0.13557588 0.18734348 0.12932824 0.11885747]

rule27: actor_1_facebook_likes > 18823.596
probabilities_array:[0.04623669 0.01291138 0.05504452 0.         0.         0.12651615
 0.02198417 0.03854359 0.         0.2189796  0.47978392]

rule43: movie_facebook_likes > 22973.060
probabilities_array:[0.         0.         0.         0.02247288 0.         0.00307437
 0.12035164 0.16725242 0.17109616 0.16347474 0.3522778 ]

rule51: budget > 127579060.394
probabilities_array:[0.        0.        0.        0.        0.        0.        0.
 0.        0.        0.3243022 0.6756978]

rule5: 1996.595 < title_year < 2003.352
probabilities_array:[0.00457701 0.03051536 0.05608687 0.10838314 0.         0.10083846
 0.05990478 0.14047547 0.04976013 0.14620247 0.30325636]

rule18: 311.545 < num_user_for_reviews < 577.135
probabilities_array:[0.         0.00875052 0.0673679  0.14716466 0.15835798 0.17166977
 0.08461361 0.10981791 0.14550845 0.09890912 0.00784015]

rule31: actor_2_facebook_likes > 4911.837
probabilities_array:[0.0000000e+00 2.3350171e-05 0.0000000e+00 5.3199489e-02 2.0436741e-02
 0.0000000e+00 0.0000000e+00 2.6875215e-02 1.8966067e-01 1.9390775e-01
 5.1589680e-01]

rule42: 8803.184 < movie_facebook_likes < 22973.060
probabilities_array:[0.         0.06271619 0.08074948 0.00359327 0.07012399 0.16309674
 0.183586   0.09369037 0.10280984 0.10767039 0.13196383]

rule6: 2003.352 < title_year < 2010.109
probabilities_array:[0.3022134  0.04948087 0.         0.         0.00949224 0.
 0.         0.         0.         0.17434482 0.46446875]

rule13: 75.267 < num_critic_for_reviews < 158.407
probabilities_array:[0.         0.0413698  0.05694551 0.02908284 0.09494841 0.08496728
 0.22903822 0.11753936 0.0985985  0.10342587 0.14408426]

rule47: duration > 125.231
probabilities_array:[0.         0.         0.11879517 0.         0.01505218 0.1488043
 0.18944791 0.07919897 0.12467507 0.10857888 0.21544752]

rule38: 10820.367 < cast_total_facebook_likes < 24567.187
probabilities_array:[0.06289011 0.         0.04357908 0.         0.00066545 0.02167832
 0.         0.08737472 0.09598723 0.17292626 0.5148987 ]

rule45: 94.151 < duration < 109.691
probabilities_array:[0.09499063 0.17975612 0.         0.16983554 0.03694506 0.
 0.         0.06065512 0.00740687 0.12140389 0.32900673]

rule39: cast_total_facebook_likes > 24567.187
probabilities_array:[0.02241653 0.00161049 0.         0.00485752 0.         0.09609356
 0.         0.04654847 0.04531879 0.17966634 0.60348827]

rule50: 43485843.495 < budget < 127579060.394
probabilities_array:[0.         0.         0.         0.         0.02672048 0.10161345
 0.2319418  0.21245499 0.20081909 0.08049572 0.14595437]

rule17: 45.955 < num_user_for_reviews < 311.545
probabilities_array:[0.         0.06759072 0.1670832  0.10865878 0.10937149 0.1400046
 0.09150831 0.08794224 0.11894683 0.06856479 0.04032903]

rule41: -5366.692 < movie_facebook_likes < 8803.184
probabilities_array:[0.25231144 0.02488279 0.         0.03694518 0.00578213 0.
 0.         0.         0.06329955 0.12410624 0.4926727 ]

rule25: -4139.023 < actor_1_facebook_likes < 7342.287
probabilities_array:[0.         0.13328943 0.         0.         0.04726503 0.
 0.         0.04444253 0.09678563 0.13159537 0.54662204]

rule37: -2926.454 < cast_total_facebook_likes < 10820.367
probabilities_array:[0.03700417 0.09255391 0.         0.         0.00722374 0.
 0.05483111 0.03777649 0.12564851 0.12232065 0.5226414 ]

rule29: -1226.019 < actor_2_facebook_likes < 1842.909
probabilities_array:[0.05387645 0.00438788 0.         0.         0.02111591 0.08572267
 0.         0.         0.03308536 0.14575644 0.6560553 ]

rule26: 7342.287 < actor_1_facebook_likes < 18823.596
probabilities_array:[0.0346982  0.         0.00056702 0.0853038  0.         0.13531172
 0.         0.06993522 0.21491325 0.08035643 0.37891436]

rule33: -518.882 < actor_3_facebook_likes < 717.402
probabilities_array:[0.10447947 0.15802513 0.17308655 0.         0.00040475 0.
 0.         0.13790873 0.         0.06465308 0.3614423 ]

rule44: duration < 94.151
probabilities_array:[0.20439963 0.02033099 0.         0.         0.         0.
 0.         0.         0.         0.1191104  0.6561589 ]

