MSE: 142.1491213235294

Accuracy: 0.2823529411764706

F1: 0.28259815339328

Confusion Matrix: [[18, 12, 3, 0, 0, 0, 1, 1, 0, 0], [12, 10, 7, 2, 4, 2, 0, 0, 1, 0], [3, 5, 8, 4, 4, 0, 0, 0, 3, 0], [3, 9, 2, 5, 1, 3, 1, 2, 3, 0], [2, 7, 2, 6, 7, 4, 2, 6, 4, 0], [0, 1, 1, 2, 6, 10, 2, 7, 1, 2], [0, 1, 0, 4, 5, 12, 7, 6, 6, 0], [0, 3, 2, 2, 4, 3, 5, 4, 4, 1], [1, 0, 0, 0, 1, 0, 9, 5, 12, 6], [2, 0, 1, 0, 0, 0, 2, 8, 8, 15]]

Average Similarity: 0.4089825119236884

Similarity Matrix: [[0.2864864864864865, 0.15057915057915058, 0.03320463320463321, 0.0, 0.0, 0.0, 0.011583011583011584, 0.013127413127413128, 0.0, 0.0], [0.18278805120910382, 0.11450924608819346, 0.06970128022759602, 0.02275960170697013, 0.04551920341394026, 0.01920341394025605, 0.0, 0.012802275960170698, 0.0, 0.0], [0.060060060060060066, 0.08008008008008008, 0.13013013013013014, 0.07107107107107107, 0.06706706706706707, 0.0, 0.0, 0.03803803803803804, 0.0, 0.0], [0.0521901211556384, 0.12301957129543337, 0.029822926374650515, 0.055917986952469724, 0.015843429636533086, 0.04007455731593663, 0.0130475302889096, 0.07269338303821062, 0.0, 0.0], [0.025675675675675674, 0.07364864864864865, 0.020945945945945947, 0.06148648648648649, 0.07162162162162163, 0.03783783783783784, 0.0222972972972973, 0.08716216216216216, 0.0, 0.0], [0.0, 0.01266891891891892, 0.011824324324324325, 0.018581081081081082, 0.07432432432432433, 0.11570945945945946, 0.01942567567567568, 0.09881756756756757, 0.0, 0.01942567567567568], [0.0, 0.010547132498352011, 0.0, 0.04087013843111404, 0.05339485827290706, 0.11140408701384313, 0.06591957811470006, 0.10481212920237311, 0.0, 0.0], [0.0, 0.04440154440154441, 0.027992277992277992, 0.022200772200772205, 0.055984555984555984, 0.03957528957528957, 0.06660231660231661, 0.10521235521235524, 0.0, 0.010617760617760619], [0.015103338632750396, 0.0, 0.0, 0.0, 0.011128775834658189, 0.0, 0.10492845786963434, 0.17726550079491254, 0.0, 0.06518282988871224], [0.025525525525525526, 0.0, 0.011261261261261262, 0.0, 0.0, 0.0, 0.015015015015015017, 0.1599099099099099, 0.0, 0.15915915915915912]]

Uncertainties: {'class0': [0.14546646177768707, 0.1523124873638153, 0.18256819248199463, 0.21850021183490753, 0.22221297025680542], 'class1': [0.09849126636981964, 0.1372034251689911, 0.1523124873638153, 0.20890483260154724, 0.21598656475543976], 'class2': [0.09849126636981964, 0.1231924295425415, 0.14546646177768707, 0.1523124873638153, 0.16361947357654572], 'class3': [0.09849126636981964, 0.1231924295425415, 0.1372034251689911, 0.1523124873638153, 0.16361947357654572], 'class4': [0.09849126636981964, 0.1372034251689911, 0.14546646177768707, 0.1523124873638153, 0.17539185285568237], 'class5': [0.1372034251689911, 0.1523124873638153, 0.15991993248462677, 0.16361947357654572, 0.17539185285568237], 'class6': [0.1231924295425415, 0.1372034251689911, 0.14546646177768707, 0.15991993248462677, 0.16361947357654572], 'class7': [0.09849126636981964, 0.1231924295425415, 0.14546646177768707, 0.15991993248462677, 0.17539185285568237], 'class8': [0.09849126636981964, 0.1231924295425415, 0.1372034251689911, 0.14546646177768707, 0.15991993248462677], 'class9': [0.1231924295425415, 0.15991993248462677, 0.16361947357654572, 0.1810896396636963, 0.18256819248199463]}

y_test: [18.28, 6.94, 15.03, 29.59, 57.21, 17.58, 32.05, 45.37, 53.72, 36.25, 36.8, 43.01, 45.9, 44.28, 40.86, 68.1, 50.53, 21.07, 39.7, 15.34, 32.24, 41.37, 55.9, 33.08, 47.1, 63.4, 51.02, 31.72, 10.79, 68.3, 23.51, 36.35, 48.97, 32.53, 20.08, 19.01, 14.7, 39.59, 24.48, 13.57, 38.11, 54.38, 32.96, 17.54, 14.14, 54.77, 8.2, 50.73, 60.2, 36.3, 24.85, 45.94, 7.72, 58.8, 62.05, 24.34, 41.24, 26.85, 4.78, 25.69, 74.99, 44.86, 9.62, 66.0, 12.05, 41.16, 41.54, 43.73, 44.87, 13.52, 53.9, 33.4, 18.13, 35.23, 29.07, 32.63, 56.81, 6.81, 29.59, 33.0, 21.97, 54.32, 24.24, 34.9, 24.07, 34.57, 36.15, 44.61, 53.3, 17.95, 41.54, 33.69, 29.87, 60.95, 15.82, 55.9, 36.44, 31.81, 8.06, 57.03, 33.54, 40.86, 44.3, 44.4, 13.46, 35.87, 34.56, 45.08, 25.18, 17.84, 37.36, 42.13, 13.22, 15.57, 61.8, 39.16, 39.0, 15.53, 35.3, 27.68, 15.07, 18.42, 18.13, 79.4, 25.37, 36.35, 35.23, 38.61, 11.47, 39.45, 40.39, 45.3, 46.23, 19.11, 39.44, 65.91, 52.12, 74.5, 43.57, 28.99, 18.91, 13.09, 9.56, 30.57, 41.05, 19.93, 40.71, 24.89, 41.67, 55.64, 13.66, 37.81, 39.6, 44.52, 18.29, 33.4, 23.84, 40.06, 41.41, 26.31, 31.74, 49.99, 10.54, 27.42, 29.45, 31.64, 15.42, 33.7, 56.63, 12.79, 29.98, 33.04, 23.52, 26.86, 42.29, 51.72, 26.06, 38.46, 64.9, 33.05, 24.28, 67.57, 43.8, 32.07, 66.95, 33.8, 3.32, 46.39, 38.07, 14.2, 40.2, 19.01, 59.8, 59.0, 39.66, 42.42, 67.11, 23.7, 47.28, 61.89, 39.4, 71.3, 15.52, 33.56, 15.34, 32.66, 17.96, 50.7, 25.48, 30.14, 21.48, 32.76, 9.73, 11.36, 38.41, 33.8, 49.8, 15.09, 18.75, 24.44, 31.27, 59.59, 47.81, 36.94, 28.6, 26.15, 30.28, 14.6, 43.58, 66.9, 52.61, 27.77, 56.4, 26.97, 39.38, 12.37, 61.23, 13.29, 40.23, 29.07, 33.66, 11.47, 25.22, 33.4, 31.38, 40.57, 40.68, 43.25, 18.13, 38.6, 59.76, 24.1, 56.85, 15.44, 33.4, 41.68, 61.86, 52.43, 25.61, 23.74, 51.86, 39.61, 26.91, 17.34, 21.86, 28.94, 76.8, 23.35, 10.03, 31.87, 63.53, 37.27, 33.42, 29.89, 31.35, 12.55, 37.43, 27.74, 13.71, 55.25, 66.82, 25.1, 13.33, 48.67, 56.74, 14.59, 33.4, 79.3, 73.3, 53.46, 13.4, 20.42, 20.73, 36.56, 56.14, 22.84, 32.96, 25.62, 40.87, 19.77, 25.18, 67.7, 41.15, 54.1, 34.4, 42.35, 46.2, 12.54, 52.91, 33.96, 53.69, 4.9, 25.02, 52.3, 14.84, 38.0, 37.42, 36.64, 33.76, 37.17, 41.05, 32.72, 46.24, 39.46, 39.42, 37.92, 80.2, 22.63, 47.71, 60.28, 74.36, 13.46, 50.6, 42.64, 23.84, 30.08, 33.94, 56.62, 33.21, 60.29]

buck_pred: [2, 0, 4, 5, 4, 0, 1, 6, 8, 7, 5, 8, 7, 7, 5, 9, 6, 1, 7, 1, 4, 6, 9, 4, 8, 9, 6, 7, 0, 6, 4, 3, 5, 6, 1, 3, 2, 3, 1, 7, 5, 6, 3, 0, 6, 9, 0, 6, 9, 6, 0, 1, 0, 9, 8, 3, 5, 1, 0, 0, 0, 1, 1, 8, 0, 5, 8, 2, 1, 1, 7, 4, 1, 4, 3, 1, 8, 0, 1, 4, 0, 6, 2, 7, 4, 2, 5, 3, 6, 1, 8, 5, 2, 7, 5, 9, 4, 3, 0, 8, 5, 6, 7, 8, 1, 5, 5, 5, 1, 4, 5, 5, 1, 1, 7, 4, 5, 0, 9, 3, 0, 0, 1, 9, 1, 3, 4, 5, 0, 5, 6, 6, 8, 2, 7, 8, 8, 9, 7, 3, 2, 1, 0, 1, 8, 0, 5, 2, 7, 7, 0, 1, 1, 2, 2, 7, 4, 4, 3, 1, 1, 4, 0, 1, 5, 1, 1, 3, 8, 0, 5, 8, 1, 1, 8, 8, 7, 5, 9, 3, 0, 2, 8, 5, 7, 7, 0, 3, 7, 2, 7, 3, 8, 8, 6, 7, 7, 2, 4, 9, 3, 9, 5, 6, 2, 0, 0, 7, 0, 1, 2, 3, 1, 0, 7, 4, 5, 1, 0, 8, 2, 8, 6, 4, 8, 3, 6, 8, 6, 7, 9, 0, 6, 8, 5, 1, 6, 2, 4, 3, 0, 1, 2, 8, 1, 6, 4, 3, 1, 6, 9, 3, 8, 0, 7, 5, 8, 8, 8, 3, 6, 6, 1, 0, 3, 2, 9, 8, 1, 4, 7, 7, 8, 4, 2, 0, 5, 1, 0, 9, 8, 2, 1, 6, 0, 0, 7, 9, 9, 8, 2, 4, 4, 5, 8, 2, 3, 1, 4, 0, 2, 7, 6, 7, 9, 5, 9, 1, 7, 8, 6, 0, 8, 9, 2, 7, 4, 7, 4, 4, 8, 5, 4, 5, 7, 8, 9, 1, 4, 0, 9, 1, 8, 5, 4, 7, 1, 8, 7, 7]

bins: [2.33, 14.299000000000001, 21.176, 25.441, 30.326000000000004, 34.39, 38.934000000000005, 43.52100000000001, 50.28400000000001, 58.627, 82.6]

Most important rules
-----------------------------

---0---
rule55: Negative blast_furnace_slag - 70.233, fine_aggregate - 774.889
probabilities_array:[0.23536763 0.16308531 0.         0.02997242 0.03959377 0.18527916
 0.         0.03289705 0.         0.         0.31380472]

rule0: cement < 212.057
probabilities_array:[0.1904607  0.16432065 0.17227945 0.17807727 0.05956307 0.
 0.01164824 0.0004587  0.         0.         0.22319204]

rule28: age < 3.726
probabilities_array:[0.24579479 0.24061261 0.11405172 0.         0.         0.
 0.         0.         0.         0.         0.3995409 ]

rule23: coarse_aggregate > 1026.483
probabilities_array:[0.21160723 0.0667242  0.         0.         0.1332592  0.
 0.         0.16660589 0.07623091 0.01720653 0.32836607]

rule75: Negative water - 181.310, age - 44.881
probabilities_array:[0.19594702 0.11345062 0.09177248 0.00293628 0.13113111 0.
 0.         0.         0.01502946 0.16954456 0.28018844]

rule16: superplasticizer < 2.212
probabilities_array:[0.20226999 0.19601148 0.01492076 0.17359814 0.         0.
 0.10687751 0.         0.         0.         0.3063222 ]

rule60: Positive fly_ash - 55.770, superplasticizer - 6.183
probabilities_array:[0.17862807 0.1194988  0.         0.14896363 0.14441082 0.0029587
 0.         0.17751886 0.         0.00580816 0.22221297]

rule56: Positive blast_furnace_slag - 70.233, age - 44.881
probabilities_array:[0.21309048 0.18584561 0.17291844 0.         0.         0.
 0.00439963 0.00459428 0.         0.06926135 0.34989014]

rule44: Positive cement - 282.295, age - 44.881
probabilities_array:[0.20670296 0.2229085  0.0372989  0.         0.01313868 0.
 0.         0.         0.         0.17549229 0.3444587 ]

rule14: 181.310 < water < 196.026
probabilities_array:[0.17257687 0.127582   0.18364896 0.14516751 0.06697723 0.04372115
 0.         0.         0.         0.         0.26032624]

rule11: fly_ash > 99.140
probabilities_array:[0.15014179 0.15465178 0.11861088 0.16286632 0.08169363 0.13416362
 0.         0.         0.04555945 0.         0.15231249]

rule4: blast_furnace_slag < 13.799
probabilities_array:[0.16335298 0.14143413 0.14046538 0.03094658 0.         0.19320083
 0.08293442 0.         0.         0.         0.24766572]

rule76: Positive superplasticizer - 6.183, coarse_aggregate - 974.334
probabilities_array:[0.14236611 0.00081793 0.14783897 0.0126842  0.11204945 0.01627627
 0.13635951 0.15368424 0.13245691 0.         0.14546646]

rule27: fine_aggregate > 829.699
probabilities_array:[0.17063852 0.0016977  0.03346268 0.2150604  0.01753341 0.18758883
 0.         0.08596152 0.         0.         0.288057  ]

rule9: 12.400 < fly_ash < 55.770
probabilities_array:[0.15413201 0.23386487 0.         0.         0.21106547 0.
 0.         0.12468951 0.         0.05774784 0.21850021]

rule37: Negative cement - 282.295, water - 181.310
probabilities_array:[0.19887652 0.         0.22684804 0.         0.         0.
 0.         0.01138373 0.         0.16785653 0.39503518]

rule51: Negative blast_furnace_slag - 70.233, superplasticizer - 6.183
probabilities_array:[0.16898598 0.0598837  0.         0.         0.11076068 0.00337176
 0.2056872  0.08563941 0.05848081 0.01881537 0.2883752 ]

rule80: Positive superplasticizer - 6.183, age - 44.881
probabilities_array:[0.17082864 0.1034117  0.12936127 0.04637191 0.         0.
 0.         0.00551208 0.10013623 0.1474825  0.29689574]

rule15: water > 196.026
probabilities_array:[0.15414678 0.08729767 0.         0.08030976 0.16443549 0.
 0.17247497 0.02062445 0.08736835 0.         0.23334245]

rule66: Positive fly_ash - 55.770, age - 44.881
probabilities_array:[0.16339228 0.06962454 0.06924864 0.         0.01850968 0.
 0.19525333 0.14267397 0.00098181 0.0077499  0.33256575]

rule49: Negative blast_furnace_slag - 70.233, water - 181.310
probabilities_array:[0.17102052 0.         0.         0.17547095 0.15031344 0.00303211
 0.         0.06532035 0.01523248 0.03107837 0.3885317 ]

rule87: Negative fine_aggregate - 774.889, age - 44.881
probabilities_array:[0.18577474 0.10615576 0.07732052 0.05263242 0.00365012 0.
 0.         0.         0.11358701 0.02333942 0.43754005]

rule68: Positive water - 181.310, superplasticizer - 6.183
probabilities_array:[0.18608136 0.00383963 0.00216671 0.04509934 0.20860578 0.
 0.         0.         0.         0.09918673 0.45502043]

rule34: Positive cement - 282.295, fly_ash - 55.770
probabilities_array:[0.15475908 0.         0.0839406  0.09511025 0.06411039 0.23590268
 0.         0.         0.         0.         0.366177  ]

rule47: Negative blast_furnace_slag - 70.233, fly_ash - 55.770
probabilities_array:[0.18127242 0.02973044 0.         0.02890274 0.00987685 0.15313333
 0.         0.03883898 0.         0.09509062 0.46315455]

rule13: 166.594 < water < 181.310
probabilities_array:[0.11834602 0.         0.07550535 0.07473387 0.         0.0573543
 0.185675   0.10113829 0.         0.20467892 0.18256819]

rule32: Positive cement - 282.295, blast_furnace_slag - 70.233
probabilities_array:[0.21038018 0.0318006  0.01305938 0.00067638 0.         0.
 0.         0.00815819 0.0862007  0.08576102 0.5639634 ]

rule65: Negative fly_ash - 55.770, fine_aggregate - 774.889
probabilities_array:[0.12836236 0.11857206 0.00349616 0.12025423 0.16035137 0.
 0.05245354 0.06271274 0.02524063 0.         0.32855693]

rule43: Negative cement - 282.295, fine_aggregate - 774.889
probabilities_array:[0.11734653 0.         0.         0.16049616 0.04376973 0.
 0.00201056 0.         0.18541244 0.15247165 0.338493  ]

rule85: Negative coarse_aggregate - 974.334, age - 44.881
probabilities_array:[0.10426019 0.1387852  0.02231196 0.10967274 0.16464014 0.01119972
 0.         0.         0.         0.13654597 0.31258404]

rule40: Positive cement - 282.295, coarse_aggregate - 974.334
probabilities_array:[0.11712845 0.001607   0.11431221 0.08795813 0.16243528 0.
 0.0060744  0.0559364  0.         0.053873   0.40067515]

rule79: Negative superplasticizer - 6.183, fine_aggregate - 774.889
probabilities_array:[0.1026125  0.18973066 0.         0.19776505 0.01073923 0.06174345
 0.         0.         0.10393886 0.         0.33347026]

rule20: coarse_aggregate < 922.186
probabilities_array:[0.08620652 0.         0.         0.         0.19724016 0.
 0.         0.         0.23096934 0.16682674 0.31875724]

rule58: Positive fly_ash - 55.770, water - 181.310
probabilities_array:[0.156986   0.         0.         0.         0.00138085 0.02418012
 0.         0.         0.         0.17214903 0.645304  ]

rule82: Positive coarse_aggregate - 974.334, fine_aggregate - 774.889
probabilities_array:[0.07984118 0.         0.04675587 0.01387982 0.12199301 0.
 0.15847133 0.21899198 0.00217425 0.04491701 0.31297556]

rule71: Negative water - 181.310, coarse_aggregate - 974.334
probabilities_array:[0.0694658  0.         0.18353285 0.12915261 0.19479105 0.08133331
 0.         0.         0.07435809 0.01601478 0.25135142]

rule52: Positive blast_furnace_slag - 70.233, coarse_aggregate - 974.334
probabilities_array:[0.09374259 0.02736651 0.         0.21244192 0.00174636 0.
 0.         0.02305404 0.16164887 0.01879429 0.4612055 ]


---1---
rule9: 12.400 < fly_ash < 55.770
probabilities_array:[0.15413201 0.23386487 0.         0.         0.21106547 0.
 0.         0.12468951 0.         0.05774784 0.21850021]

rule42: Positive cement - 282.295, fine_aggregate - 774.889
probabilities_array:[0.01110325 0.20010786 0.09176337 0.         0.06333296 0.13542588
 0.03041692 0.1981162  0.         0.         0.26973364]

rule44: Positive cement - 282.295, age - 44.881
probabilities_array:[0.20670296 0.2229085  0.0372989  0.         0.01313868 0.
 0.         0.         0.         0.17549229 0.3444587 ]

rule28: age < 3.726
probabilities_array:[0.24579479 0.24061261 0.11405172 0.         0.         0.
 0.         0.         0.         0.         0.3995409 ]

rule1: 212.057 < cement < 282.295
probabilities_array:[0.00703891 0.15829313 0.06137334 0.13438049 0.1731221  0.
 0.04171234 0.16877234 0.15681607 0.         0.09849127]

rule16: superplasticizer < 2.212
probabilities_array:[0.20226999 0.19601148 0.01492076 0.17359814 0.         0.
 0.10687751 0.         0.         0.         0.3063222 ]

rule22: 974.334 < coarse_aggregate < 1026.483
probabilities_array:[0.         0.20812318 0.0707743  0.10565793 0.         0.23370272
 0.00318548 0.01837841 0.         0.         0.360178  ]

rule11: fly_ash > 99.140
probabilities_array:[0.15014179 0.15465178 0.11861088 0.16286632 0.08169363 0.13416362
 0.         0.         0.04555945 0.         0.15231249]

rule59: Negative fly_ash - 55.770, water - 181.310
probabilities_array:[0.         0.16474453 0.14993101 0.01950524 0.12503415 0.01985886
 0.02261919 0.18740346 0.08993307 0.         0.22097047]

rule0: cement < 212.057
probabilities_array:[0.1904607  0.16432065 0.17227945 0.17807727 0.05956307 0.
 0.01164824 0.0004587  0.         0.         0.22319204]

rule48: Positive blast_furnace_slag - 70.233, water - 181.310
probabilities_array:[0.         0.19400878 0.18759325 0.         0.         0.
 0.12129614 0.         0.06354073 0.08591367 0.34764752]

rule79: Negative superplasticizer - 6.183, fine_aggregate - 774.889
probabilities_array:[0.1026125  0.18973066 0.         0.19776505 0.01073923 0.06174345
 0.         0.         0.10393886 0.         0.33347026]

rule56: Positive blast_furnace_slag - 70.233, age - 44.881
probabilities_array:[0.21309048 0.18584561 0.17291844 0.         0.         0.
 0.00439963 0.00459428 0.         0.06926135 0.34989014]

rule39: Negative cement - 282.295, superplasticizer - 6.183
probabilities_array:[0.03197676 0.17118187 0.05394948 0.         0.         0.10261891
 0.         0.17032264 0.14911151 0.00833263 0.31250623]

rule25: 720.079 < fine_aggregate < 774.889
probabilities_array:[0.         0.19039078 0.0035492  0.         0.25485936 0.
 0.06242057 0.         0.07370254 0.02760722 0.3874704 ]

rule55: Negative blast_furnace_slag - 70.233, fine_aggregate - 774.889
probabilities_array:[0.23536763 0.16308531 0.         0.02997242 0.03959377 0.18527916
 0.         0.03289705 0.         0.         0.31380472]

rule4: blast_furnace_slag < 13.799
probabilities_array:[0.16335298 0.14143413 0.14046538 0.03094658 0.         0.19320083
 0.08293442 0.         0.         0.         0.24766572]

rule70: Positive water - 181.310, coarse_aggregate - 974.334
probabilities_array:[0.03190193 0.16291979 0.         0.         0.         0.
 0.12437203 0.18635076 0.         0.11589915 0.3785563 ]

rule36: Positive cement - 282.295, water - 181.310
probabilities_array:[0.         0.11133871 0.         0.18878503 0.16523245 0.11001247
 0.09980278 0.00246291 0.18516213 0.         0.13720343]

rule85: Negative coarse_aggregate - 974.334, age - 44.881
probabilities_array:[0.10426019 0.1387852  0.02231196 0.10967274 0.16464014 0.01119972
 0.         0.         0.         0.13654597 0.31258404]

rule14: 181.310 < water < 196.026
probabilities_array:[0.17257687 0.127582   0.18364896 0.14516751 0.06697723 0.04372115
 0.         0.         0.         0.         0.26032624]

rule60: Positive fly_ash - 55.770, superplasticizer - 6.183
probabilities_array:[0.17862807 0.1194988  0.         0.14896363 0.14441082 0.0029587
 0.         0.17751886 0.         0.00580816 0.22221297]

rule83: Negative coarse_aggregate - 974.334, fine_aggregate - 774.889
probabilities_array:[0.02332992 0.1399762  0.05415872 0.09923077 0.         0.13622028
 0.         0.         0.07483011 0.07856649 0.39368746]

rule75: Negative water - 181.310, age - 44.881
probabilities_array:[0.19594702 0.11345062 0.09177248 0.00293628 0.13113111 0.
 0.         0.         0.01502946 0.16954456 0.28018844]

rule65: Negative fly_ash - 55.770, fine_aggregate - 774.889
probabilities_array:[0.12836236 0.11857206 0.00349616 0.12025423 0.16035137 0.
 0.05245354 0.06271274 0.02524063 0.         0.32855693]

rule80: Positive superplasticizer - 6.183, age - 44.881
probabilities_array:[0.17082864 0.1034117  0.12936127 0.04637191 0.         0.
 0.         0.00551208 0.10013623 0.1474825  0.29689574]

rule26: 774.889 < fine_aggregate < 829.699
probabilities_array:[0.02259122 0.09054443 0.12432005 0.06459543 0.19025968 0.00915258
 0.12432353 0.09189444 0.         0.06633211 0.21598656]

rule69: Negative water - 181.310, superplasticizer - 6.183
probabilities_array:[0.00686349 0.09174262 0.08144689 0.03454192 0.         0.11873365
 0.11589271 0.11315934 0.16697173 0.02263038 0.24801724]

rule15: water > 196.026
probabilities_array:[0.15414678 0.08729767 0.         0.08030976 0.16443549 0.
 0.17247497 0.02062445 0.08736835 0.         0.23334245]

rule19: superplasticizer > 10.153
probabilities_array:[0.         0.09269207 0.         0.         0.08381563 0.04505236
 0.         0.15369865 0.1849009  0.15360272 0.2862377 ]

rule29: 3.726 < age < 44.881
probabilities_array:[0.         0.08225508 0.17263289 0.17996255 0.16304018 0.03838793
 0.         0.05699562 0.09703956 0.00078145 0.20890483]

rule87: Negative fine_aggregate - 774.889, age - 44.881
probabilities_array:[0.18577474 0.10615576 0.07732052 0.05263242 0.00365012 0.
 0.         0.         0.11358701 0.02333942 0.43754005]

rule72: Positive water - 181.310, fine_aggregate - 774.889
probabilities_array:[0.03319258 0.07892756 0.         0.01720288 0.08637814 0.18664092
 0.         0.         0.15206361 0.18227723 0.26331708]

rule41: Negative cement - 282.295, coarse_aggregate - 974.334
probabilities_array:[0.00228179 0.09402306 0.00109427 0.01518391 0.         0.19783966
 0.01569325 0.00364998 0.17427702 0.07702327 0.41893378]

rule66: Positive fly_ash - 55.770, age - 44.881
probabilities_array:[0.16339228 0.06962454 0.06924864 0.         0.01850968 0.
 0.19525333 0.14267397 0.00098181 0.0077499  0.33256575]

rule23: coarse_aggregate > 1026.483
probabilities_array:[0.21160723 0.0667242  0.         0.         0.1332592  0.
 0.         0.16660589 0.07623091 0.01720653 0.32836607]

rule35: Negative cement - 282.295, fly_ash - 55.770
probabilities_array:[0.         0.08604588 0.01724229 0.01814014 0.02875538 0.
 0.12877573 0.03346543 0.05957125 0.12788402 0.50011986]

rule51: Negative blast_furnace_slag - 70.233, superplasticizer - 6.183
probabilities_array:[0.16898598 0.0598837  0.         0.         0.11076068 0.00337176
 0.2056872  0.08563941 0.05848081 0.01881537 0.2883752 ]


---2---
rule46: Positive blast_furnace_slag - 70.233, fly_ash - 55.770
probabilities_array:[0.         0.         0.24428737 0.04670275 0.10089381 0.
 0.07587475 0.00907367 0.13979729 0.0482564  0.33511388]

rule21: 922.186 < coarse_aggregate < 974.334
probabilities_array:[0.00981312 0.00842514 0.18968567 0.21455649 0.         0.09715427
 0.15847489 0.01926817 0.         0.13900286 0.16361947]

rule17: 2.212 < superplasticizer < 6.183
probabilities_array:[0.0392278  0.         0.17917114 0.15608193 0.19036312 0.02057187
 0.19444235 0.         0.         0.         0.22014181]

rule2: 282.295 < cement < 352.533
probabilities_array:[0.         0.02393083 0.1790779  0.         0.13913529 0.2261184
 0.         0.         0.18767634 0.02280053 0.22126082]

rule71: Negative water - 181.310, coarse_aggregate - 974.334
probabilities_array:[0.0694658  0.         0.18353285 0.12915261 0.19479105 0.08133331
 0.         0.         0.07435809 0.01601478 0.25135142]

rule37: Negative cement - 282.295, water - 181.310
probabilities_array:[0.19887652 0.         0.22684804 0.         0.         0.
 0.         0.01138373 0.         0.16785653 0.39503518]

rule29: 3.726 < age < 44.881
probabilities_array:[0.         0.08225508 0.17263289 0.17996255 0.16304018 0.03838793
 0.         0.05699562 0.09703956 0.00078145 0.20890483]

rule14: 181.310 < water < 196.026
probabilities_array:[0.17257687 0.127582   0.18364896 0.14516751 0.06697723 0.04372115
 0.         0.         0.         0.         0.26032624]

rule0: cement < 212.057
probabilities_array:[0.1904607  0.16432065 0.17227945 0.17807727 0.05956307 0.
 0.01164824 0.0004587  0.         0.         0.22319204]

rule61: Negative fly_ash - 55.770, superplasticizer - 6.183
probabilities_array:[0.         0.         0.20661336 0.         0.         0.03766851
 0.05116664 0.         0.21008673 0.12843345 0.3660313 ]

rule76: Positive superplasticizer - 6.183, coarse_aggregate - 974.334
probabilities_array:[0.14236611 0.00081793 0.14783897 0.0126842  0.11204945 0.01627627
 0.13635951 0.15368424 0.13245691 0.         0.14546646]

rule78: Positive superplasticizer - 6.183, fine_aggregate - 774.889
probabilities_array:[0.01487814 0.         0.17661108 0.         0.10036918 0.00885
 0.13847448 0.16109307 0.         0.09992169 0.29980233]

rule48: Positive blast_furnace_slag - 70.233, water - 181.310
probabilities_array:[0.         0.19400878 0.18759325 0.         0.         0.
 0.12129614 0.         0.06354073 0.08591367 0.34764752]

rule73: Negative water - 181.310, fine_aggregate - 774.889
probabilities_array:[0.04757649 0.         0.1867474  0.07173534 0.01328378 0.
 0.1765721  0.1591473  0.         0.         0.34493756]

rule50: Positive blast_furnace_slag - 70.233, superplasticizer - 6.183
probabilities_array:[0.         0.00754423 0.204118   0.15267758 0.00607547 0.07156219
 0.         0.         0.         0.13324106 0.4247815 ]

rule59: Negative fly_ash - 55.770, water - 181.310
probabilities_array:[0.         0.16474453 0.14993101 0.01950524 0.12503415 0.01985886
 0.02261919 0.18740346 0.08993307 0.         0.22097047]

rule56: Positive blast_furnace_slag - 70.233, age - 44.881
probabilities_array:[0.21309048 0.18584561 0.17291844 0.         0.         0.
 0.00439963 0.00459428 0.         0.06926135 0.34989014]

rule18: 6.183 < superplasticizer < 10.153
probabilities_array:[0.01217189 0.         0.12494554 0.15883751 0.         0.02766587
 0.17150064 0.10918319 0.17842753 0.09407531 0.12319243]

rule10: 55.770 < fly_ash < 99.140
probabilities_array:[0.         0.         0.13196072 0.         0.1500756  0.03718014
 0.17893645 0.1272011  0.19084096 0.         0.18380503]

rule4: blast_furnace_slag < 13.799
probabilities_array:[0.16335298 0.14143413 0.14046538 0.03094658 0.         0.19320083
 0.08293442 0.         0.         0.         0.24766572]

rule11: fly_ash > 99.140
probabilities_array:[0.15014179 0.15465178 0.11861088 0.16286632 0.08169363 0.13416362
 0.         0.         0.04555945 0.         0.15231249]

rule26: 774.889 < fine_aggregate < 829.699
probabilities_array:[0.02259122 0.09054443 0.12432005 0.06459543 0.19025968 0.00915258
 0.12432353 0.09189444 0.         0.06633211 0.21598656]

rule80: Positive superplasticizer - 6.183, age - 44.881
probabilities_array:[0.17082864 0.1034117  0.12936127 0.04637191 0.         0.
 0.         0.00551208 0.10013623 0.1474825  0.29689574]

rule5: 13.799 < blast_furnace_slag < 70.233
probabilities_array:[0.0230846  0.         0.12532231 0.         0.0656366  0.
 0.07036635 0.         0.1808793  0.22802104 0.3066898 ]

rule64: Positive fly_ash - 55.770, fine_aggregate - 774.889
probabilities_array:[0.01000472 0.         0.13215645 0.00176501 0.         0.21987881
 0.01462065 0.         0.04375    0.21805525 0.35976905]

rule54: Positive blast_furnace_slag - 70.233, fine_aggregate - 774.889
probabilities_array:[0.         0.         0.10859223 0.04314985 0.04012742 0.
 0.16643788 0.06298367 0.19473857 0.13199121 0.2519792 ]

rule40: Positive cement - 282.295, coarse_aggregate - 974.334
probabilities_array:[0.11712845 0.001607   0.11431221 0.08795813 0.16243528 0.
 0.0060744  0.0559364  0.         0.053873   0.40067515]

rule28: age < 3.726
probabilities_array:[0.24579479 0.24061261 0.11405172 0.         0.         0.
 0.         0.         0.         0.         0.3995409 ]

rule42: Positive cement - 282.295, fine_aggregate - 774.889
probabilities_array:[0.01110325 0.20010786 0.09176337 0.         0.06333296 0.13542588
 0.03041692 0.1981162  0.         0.         0.26973364]

rule75: Negative water - 181.310, age - 44.881
probabilities_array:[0.19594702 0.11345062 0.09177248 0.00293628 0.13113111 0.
 0.         0.         0.01502946 0.16954456 0.28018844]

rule13: 166.594 < water < 181.310
probabilities_array:[0.11834602 0.         0.07550535 0.07473387 0.         0.0573543
 0.185675   0.10113829 0.         0.20467892 0.18256819]

rule69: Negative water - 181.310, superplasticizer - 6.183
probabilities_array:[0.00686349 0.09174262 0.08144689 0.03454192 0.         0.11873365
 0.11589271 0.11315934 0.16697173 0.02263038 0.24801724]

rule1: 212.057 < cement < 282.295
probabilities_array:[0.00703891 0.15829313 0.06137334 0.13438049 0.1731221  0.
 0.04171234 0.16877234 0.15681607 0.         0.09849127]

rule34: Positive cement - 282.295, fly_ash - 55.770
probabilities_array:[0.15475908 0.         0.0839406  0.09511025 0.06411039 0.23590268
 0.         0.         0.         0.         0.366177  ]

rule66: Positive fly_ash - 55.770, age - 44.881
probabilities_array:[0.16339228 0.06962454 0.06924864 0.         0.01850968 0.
 0.19525333 0.14267397 0.00098181 0.0077499  0.33256575]

rule22: 974.334 < coarse_aggregate < 1026.483
probabilities_array:[0.         0.20812318 0.0707743  0.10565793 0.         0.23370272
 0.00318548 0.01837841 0.         0.         0.360178  ]

rule87: Negative fine_aggregate - 774.889, age - 44.881
probabilities_array:[0.18577474 0.10615576 0.07732052 0.05263242 0.00365012 0.
 0.         0.         0.11358701 0.02333942 0.43754005]

rule63: Negative fly_ash - 55.770, coarse_aggregate - 974.334
probabilities_array:[0.05806475 0.         0.08541222 0.19064587 0.         0.01529623
 0.         0.03430859 0.03739575 0.08592702 0.4929496 ]

rule33: Negative cement - 282.295, blast_furnace_slag - 70.233
probabilities_array:[0.         0.         0.05393073 0.1274222  0.19500089 0.14976853
 0.07222769 0.09148302 0.         0.07238978 0.23777717]


---3---
rule21: 922.186 < coarse_aggregate < 974.334
probabilities_array:[0.00981312 0.00842514 0.18968567 0.21455649 0.         0.09715427
 0.15847489 0.01926817 0.         0.13900286 0.16361947]

rule36: Positive cement - 282.295, water - 181.310
probabilities_array:[0.         0.11133871 0.         0.18878503 0.16523245 0.11001247
 0.09980278 0.00246291 0.18516213 0.         0.13720343]

rule27: fine_aggregate > 829.699
probabilities_array:[0.17063852 0.0016977  0.03346268 0.2150604  0.01753341 0.18758883
 0.         0.08596152 0.         0.         0.288057  ]

rule29: 3.726 < age < 44.881
probabilities_array:[0.         0.08225508 0.17263289 0.17996255 0.16304018 0.03838793
 0.         0.05699562 0.09703956 0.00078145 0.20890483]

rule18: 6.183 < superplasticizer < 10.153
probabilities_array:[0.01217189 0.         0.12494554 0.15883751 0.         0.02766587
 0.17150064 0.10918319 0.17842753 0.09407531 0.12319243]

rule0: cement < 212.057
probabilities_array:[0.1904607  0.16432065 0.17227945 0.17807727 0.05956307 0.
 0.01164824 0.0004587  0.         0.         0.22319204]

rule11: fly_ash > 99.140
probabilities_array:[0.15014179 0.15465178 0.11861088 0.16286632 0.08169363 0.13416362
 0.         0.         0.04555945 0.         0.15231249]

rule79: Negative superplasticizer - 6.183, fine_aggregate - 774.889
probabilities_array:[0.1026125  0.18973066 0.         0.19776505 0.01073923 0.06174345
 0.         0.         0.10393886 0.         0.33347026]

rule17: 2.212 < superplasticizer < 6.183
probabilities_array:[0.0392278  0.         0.17917114 0.15608193 0.19036312 0.02057187
 0.19444235 0.         0.         0.         0.22014181]

rule1: 212.057 < cement < 282.295
probabilities_array:[0.00703891 0.15829313 0.06137334 0.13438049 0.1731221  0.
 0.04171234 0.16877234 0.15681607 0.         0.09849127]

rule16: superplasticizer < 2.212
probabilities_array:[0.20226999 0.19601148 0.01492076 0.17359814 0.         0.
 0.10687751 0.         0.         0.         0.3063222 ]

rule60: Positive fly_ash - 55.770, superplasticizer - 6.183
probabilities_array:[0.17862807 0.1194988  0.         0.14896363 0.14441082 0.0029587
 0.         0.17751886 0.         0.00580816 0.22221297]

rule7: blast_furnace_slag > 126.668
probabilities_array:[0.         0.01241753 0.         0.16770852 0.09256823 0.
 0.07730164 0.0349903  0.17413983 0.12866469 0.31220928]

rule52: Positive blast_furnace_slag - 70.233, coarse_aggregate - 974.334
probabilities_array:[0.09374259 0.02736651 0.         0.21244192 0.00174636 0.
 0.         0.02305404 0.16164887 0.01879429 0.4612055 ]

rule14: 181.310 < water < 196.026
probabilities_array:[0.17257687 0.127582   0.18364896 0.14516751 0.06697723 0.04372115
 0.         0.         0.         0.         0.26032624]

rule49: Negative blast_furnace_slag - 70.233, water - 181.310
probabilities_array:[0.17102052 0.         0.         0.17547095 0.15031344 0.00303211
 0.         0.06532035 0.01523248 0.03107837 0.3885317 ]

rule43: Negative cement - 282.295, fine_aggregate - 774.889
probabilities_array:[0.11734653 0.         0.         0.16049616 0.04376973 0.
 0.00201056 0.         0.18541244 0.15247165 0.338493  ]

rule57: Negative blast_furnace_slag - 70.233, age - 44.881
probabilities_array:[0.         0.         0.         0.11931289 0.09260558 0.18911667
 0.07604178 0.08653954 0.18487725 0.07041658 0.18108964]

rule33: Negative cement - 282.295, blast_furnace_slag - 70.233
probabilities_array:[0.         0.         0.05393073 0.1274222  0.19500089 0.14976853
 0.07222769 0.09148302 0.         0.07238978 0.23777717]

rule71: Negative water - 181.310, coarse_aggregate - 974.334
probabilities_array:[0.0694658  0.         0.18353285 0.12915261 0.19479105 0.08133331
 0.         0.         0.07435809 0.01601478 0.25135142]

rule63: Negative fly_ash - 55.770, coarse_aggregate - 974.334
probabilities_array:[0.05806475 0.         0.08541222 0.19064587 0.         0.01529623
 0.         0.03430859 0.03739575 0.08592702 0.4929496 ]

rule24: fine_aggregate < 720.079
probabilities_array:[0.         0.         0.01773102 0.11970501 0.         0.05554204
 0.1292305  0.11642953 0.19774899 0.13607687 0.22753602]

rule50: Positive blast_furnace_slag - 70.233, superplasticizer - 6.183
probabilities_array:[0.         0.00754423 0.204118   0.15267758 0.00607547 0.07156219
 0.         0.         0.         0.13324106 0.4247815 ]

rule65: Negative fly_ash - 55.770, fine_aggregate - 774.889
probabilities_array:[0.12836236 0.11857206 0.00349616 0.12025423 0.16035137 0.
 0.05245354 0.06271274 0.02524063 0.         0.32855693]

rule67: Negative fly_ash - 55.770, age - 44.881
probabilities_array:[0.         0.01787777 0.         0.13096693 0.09676331 0.13456537
 0.         0.         0.06800362 0.14529125 0.4065318 ]

rule85: Negative coarse_aggregate - 974.334, age - 44.881
probabilities_array:[0.10426019 0.1387852  0.02231196 0.10967274 0.16464014 0.01119972
 0.         0.         0.         0.13654597 0.31258404]

rule22: 974.334 < coarse_aggregate < 1026.483
probabilities_array:[0.         0.20812318 0.0707743  0.10565793 0.         0.23370272
 0.00318548 0.01837841 0.         0.         0.360178  ]

rule45: Negative cement - 282.295, age - 44.881
probabilities_array:[0.         0.         0.00115147 0.07615554 0.06413868 0.14730017
 0.16351564 0.19051117 0.17971785 0.00211758 0.17539185]

rule15: water > 196.026
probabilities_array:[0.15414678 0.08729767 0.         0.08030976 0.16443549 0.
 0.17247497 0.02062445 0.08736835 0.         0.23334245]

rule13: 166.594 < water < 181.310
probabilities_array:[0.11834602 0.         0.07550535 0.07473387 0.         0.0573543
 0.185675   0.10113829 0.         0.20467892 0.18256819]

rule34: Positive cement - 282.295, fly_ash - 55.770
probabilities_array:[0.15475908 0.         0.0839406  0.09511025 0.06411039 0.23590268
 0.         0.         0.         0.         0.366177  ]

rule83: Negative coarse_aggregate - 974.334, fine_aggregate - 774.889
probabilities_array:[0.02332992 0.1399762  0.05415872 0.09923077 0.         0.13622028
 0.         0.         0.07483011 0.07856649 0.39368746]

rule38: Positive cement - 282.295, superplasticizer - 6.183
probabilities_array:[0.07132257 0.         0.00553229 0.11280409 0.09215736 0.
 0.08059075 0.         0.         0.13455182 0.50304115]

rule40: Positive cement - 282.295, coarse_aggregate - 974.334
probabilities_array:[0.11712845 0.001607   0.11431221 0.08795813 0.16243528 0.
 0.0060744  0.0559364  0.         0.053873   0.40067515]

rule26: 774.889 < fine_aggregate < 829.699
probabilities_array:[0.02259122 0.09054443 0.12432005 0.06459543 0.19025968 0.00915258
 0.12432353 0.09189444 0.         0.06633211 0.21598656]

rule73: Negative water - 181.310, fine_aggregate - 774.889
probabilities_array:[0.04757649 0.         0.1867474  0.07173534 0.01328378 0.
 0.1765721  0.1591473  0.         0.         0.34493756]


---4---
rule9: 12.400 < fly_ash < 55.770
probabilities_array:[0.15413201 0.23386487 0.         0.         0.21106547 0.
 0.         0.12468951 0.         0.05774784 0.21850021]

rule25: 720.079 < fine_aggregate < 774.889
probabilities_array:[0.         0.19039078 0.0035492  0.         0.25485936 0.
 0.06242057 0.         0.07370254 0.02760722 0.3874704 ]

rule1: 212.057 < cement < 282.295
probabilities_array:[0.00703891 0.15829313 0.06137334 0.13438049 0.1731221  0.
 0.04171234 0.16877234 0.15681607 0.         0.09849127]

rule26: 774.889 < fine_aggregate < 829.699
probabilities_array:[0.02259122 0.09054443 0.12432005 0.06459543 0.19025968 0.00915258
 0.12432353 0.09189444 0.         0.06633211 0.21598656]

rule33: Negative cement - 282.295, blast_furnace_slag - 70.233
probabilities_array:[0.         0.         0.05393073 0.1274222  0.19500089 0.14976853
 0.07222769 0.09148302 0.         0.07238978 0.23777717]

rule17: 2.212 < superplasticizer < 6.183
probabilities_array:[0.0392278  0.         0.17917114 0.15608193 0.19036312 0.02057187
 0.19444235 0.         0.         0.         0.22014181]

rule71: Negative water - 181.310, coarse_aggregate - 974.334
probabilities_array:[0.0694658  0.         0.18353285 0.12915261 0.19479105 0.08133331
 0.         0.         0.07435809 0.01601478 0.25135142]

rule36: Positive cement - 282.295, water - 181.310
probabilities_array:[0.         0.11133871 0.         0.18878503 0.16523245 0.11001247
 0.09980278 0.00246291 0.18516213 0.         0.13720343]

rule20: coarse_aggregate < 922.186
probabilities_array:[0.08620652 0.         0.         0.         0.19724016 0.
 0.         0.         0.23096934 0.16682674 0.31875724]

rule29: 3.726 < age < 44.881
probabilities_array:[0.         0.08225508 0.17263289 0.17996255 0.16304018 0.03838793
 0.         0.05699562 0.09703956 0.00078145 0.20890483]

rule15: water > 196.026
probabilities_array:[0.15414678 0.08729767 0.         0.08030976 0.16443549 0.
 0.17247497 0.02062445 0.08736835 0.         0.23334245]

rule10: 55.770 < fly_ash < 99.140
probabilities_array:[0.         0.         0.13196072 0.         0.1500756  0.03718014
 0.17893645 0.1272011  0.19084096 0.         0.18380503]

rule68: Positive water - 181.310, superplasticizer - 6.183
probabilities_array:[0.18608136 0.00383963 0.00216671 0.04509934 0.20860578 0.
 0.         0.         0.         0.09918673 0.45502043]

rule85: Negative coarse_aggregate - 974.334, age - 44.881
probabilities_array:[0.10426019 0.1387852  0.02231196 0.10967274 0.16464014 0.01119972
 0.         0.         0.         0.13654597 0.31258404]

rule60: Positive fly_ash - 55.770, superplasticizer - 6.183
probabilities_array:[0.17862807 0.1194988  0.         0.14896363 0.14441082 0.0029587
 0.         0.17751886 0.         0.00580816 0.22221297]

rule2: 282.295 < cement < 352.533
probabilities_array:[0.         0.02393083 0.1790779  0.         0.13913529 0.2261184
 0.         0.         0.18767634 0.02280053 0.22126082]

rule65: Negative fly_ash - 55.770, fine_aggregate - 774.889
probabilities_array:[0.12836236 0.11857206 0.00349616 0.12025423 0.16035137 0.
 0.05245354 0.06271274 0.02524063 0.         0.32855693]

rule59: Negative fly_ash - 55.770, water - 181.310
probabilities_array:[0.         0.16474453 0.14993101 0.01950524 0.12503415 0.01985886
 0.02261919 0.18740346 0.08993307 0.         0.22097047]

rule40: Positive cement - 282.295, coarse_aggregate - 974.334
probabilities_array:[0.11712845 0.001607   0.11431221 0.08795813 0.16243528 0.
 0.0060744  0.0559364  0.         0.053873   0.40067515]

rule81: Negative superplasticizer - 6.183, age - 44.881
probabilities_array:[0.         0.00441588 0.         0.00775684 0.14581285 0.22236171
 0.19430918 0.09161679 0.         0.         0.33372673]

rule76: Positive superplasticizer - 6.183, coarse_aggregate - 974.334
probabilities_array:[0.14236611 0.00081793 0.14783897 0.0126842  0.11204945 0.01627627
 0.13635951 0.15368424 0.13245691 0.         0.14546646]

rule86: Positive fine_aggregate - 774.889, age - 44.881
probabilities_array:[0.         0.00382712 0.         0.02468821 0.12032306 0.22193824
 0.10424188 0.1846328  0.         0.13176507 0.20858365]

rule75: Negative water - 181.310, age - 44.881
probabilities_array:[0.19594702 0.11345062 0.09177248 0.00293628 0.13113111 0.
 0.         0.         0.01502946 0.16954456 0.28018844]

rule49: Negative blast_furnace_slag - 70.233, water - 181.310
probabilities_array:[0.17102052 0.         0.         0.17547095 0.15031344 0.00303211
 0.         0.06532035 0.01523248 0.03107837 0.3885317 ]

rule23: coarse_aggregate > 1026.483
probabilities_array:[0.21160723 0.0667242  0.         0.         0.1332592  0.
 0.         0.16660589 0.07623091 0.01720653 0.32836607]

rule82: Positive coarse_aggregate - 974.334, fine_aggregate - 774.889
probabilities_array:[0.07984118 0.         0.04675587 0.01387982 0.12199301 0.
 0.15847133 0.21899198 0.00217425 0.04491701 0.31297556]

rule51: Negative blast_furnace_slag - 70.233, superplasticizer - 6.183
probabilities_array:[0.16898598 0.0598837  0.         0.         0.11076068 0.00337176
 0.2056872  0.08563941 0.05848081 0.01881537 0.2883752 ]

rule57: Negative blast_furnace_slag - 70.233, age - 44.881
probabilities_array:[0.         0.         0.         0.11931289 0.09260558 0.18911667
 0.07604178 0.08653954 0.18487725 0.07041658 0.18108964]

rule78: Positive superplasticizer - 6.183, fine_aggregate - 774.889
probabilities_array:[0.01487814 0.         0.17661108 0.         0.10036918 0.00885
 0.13847448 0.16109307 0.         0.09992169 0.29980233]

rule11: fly_ash > 99.140
probabilities_array:[0.15014179 0.15465178 0.11861088 0.16286632 0.08169363 0.13416362
 0.         0.         0.04555945 0.         0.15231249]

rule46: Positive blast_furnace_slag - 70.233, fly_ash - 55.770
probabilities_array:[0.         0.         0.24428737 0.04670275 0.10089381 0.
 0.07587475 0.00907367 0.13979729 0.0482564  0.33511388]

rule7: blast_furnace_slag > 126.668
probabilities_array:[0.         0.01241753 0.         0.16770852 0.09256823 0.
 0.07730164 0.0349903  0.17413983 0.12866469 0.31220928]

rule72: Positive water - 181.310, fine_aggregate - 774.889
probabilities_array:[0.03319258 0.07892756 0.         0.01720288 0.08637814 0.18664092
 0.         0.         0.15206361 0.18227723 0.26331708]

rule19: superplasticizer > 10.153
probabilities_array:[0.         0.09269207 0.         0.         0.08381563 0.04505236
 0.         0.15369865 0.1849009  0.15360272 0.2862377 ]

rule67: Negative fly_ash - 55.770, age - 44.881
probabilities_array:[0.         0.01787777 0.         0.13096693 0.09676331 0.13456537
 0.         0.         0.06800362 0.14529125 0.4065318 ]

rule45: Negative cement - 282.295, age - 44.881
probabilities_array:[0.         0.         0.00115147 0.07615554 0.06413868 0.14730017
 0.16351564 0.19051117 0.17971785 0.00211758 0.17539185]

rule14: 181.310 < water < 196.026
probabilities_array:[0.17257687 0.127582   0.18364896 0.14516751 0.06697723 0.04372115
 0.         0.         0.         0.         0.26032624]

rule6: 70.233 < blast_furnace_slag < 126.668
probabilities_array:[1.42627545e-02 0.00000000e+00 0.00000000e+00 0.00000000e+00
 9.32667479e-02 0.00000000e+00 0.00000000e+00 2.62837023e-01
 2.16395172e-04 1.57920837e-01 4.71496254e-01]

rule0: cement < 212.057
probabilities_array:[0.1904607  0.16432065 0.17227945 0.17807727 0.05956307 0.
 0.01164824 0.0004587  0.         0.         0.22319204]

rule42: Positive cement - 282.295, fine_aggregate - 774.889
probabilities_array:[0.01110325 0.20010786 0.09176337 0.         0.06333296 0.13542588
 0.03041692 0.1981162  0.         0.         0.26973364]

rule38: Positive cement - 282.295, superplasticizer - 6.183
probabilities_array:[0.07132257 0.         0.00553229 0.11280409 0.09215736 0.
 0.08059075 0.         0.         0.13455182 0.50304115]

rule5: 13.799 < blast_furnace_slag < 70.233
probabilities_array:[0.0230846  0.         0.12532231 0.         0.0656366  0.
 0.07036635 0.         0.1808793  0.22802104 0.3066898 ]

rule34: Positive cement - 282.295, fly_ash - 55.770
probabilities_array:[0.15475908 0.         0.0839406  0.09511025 0.06411039 0.23590268
 0.         0.         0.         0.         0.366177  ]


---5---
rule2: 282.295 < cement < 352.533
probabilities_array:[0.         0.02393083 0.1790779  0.         0.13913529 0.2261184
 0.         0.         0.18767634 0.02280053 0.22126082]

rule86: Positive fine_aggregate - 774.889, age - 44.881
probabilities_array:[0.         0.00382712 0.         0.02468821 0.12032306 0.22193824
 0.10424188 0.1846328  0.         0.13176507 0.20858365]

rule57: Negative blast_furnace_slag - 70.233, age - 44.881
probabilities_array:[0.         0.         0.         0.11931289 0.09260558 0.18911667
 0.07604178 0.08653954 0.18487725 0.07041658 0.18108964]

rule22: 974.334 < coarse_aggregate < 1026.483
probabilities_array:[0.         0.20812318 0.0707743  0.10565793 0.         0.23370272
 0.00318548 0.01837841 0.         0.         0.360178  ]

rule34: Positive cement - 282.295, fly_ash - 55.770
probabilities_array:[0.15475908 0.         0.0839406  0.09511025 0.06411039 0.23590268
 0.         0.         0.         0.         0.366177  ]

rule81: Negative superplasticizer - 6.183, age - 44.881
probabilities_array:[0.         0.00441588 0.         0.00775684 0.14581285 0.22236171
 0.19430918 0.09161679 0.         0.         0.33372673]

rule74: Positive water - 181.310, age - 44.881
probabilities_array:[0.00000000e+00 8.42968526e-04 0.00000000e+00 2.63736509e-02
 2.81743734e-04 2.08392635e-01 1.72191054e-01 1.91400528e-01
 1.00504436e-01 0.00000000e+00 3.00012946e-01]

rule4: blast_furnace_slag < 13.799
probabilities_array:[0.16335298 0.14143413 0.14046538 0.03094658 0.         0.19320083
 0.08293442 0.         0.         0.         0.24766572]

rule64: Positive fly_ash - 55.770, fine_aggregate - 774.889
probabilities_array:[0.01000472 0.         0.13215645 0.00176501 0.         0.21987881
 0.01462065 0.         0.04375    0.21805525 0.35976905]

rule72: Positive water - 181.310, fine_aggregate - 774.889
probabilities_array:[0.03319258 0.07892756 0.         0.01720288 0.08637814 0.18664092
 0.         0.         0.15206361 0.18227723 0.26331708]

rule27: fine_aggregate > 829.699
probabilities_array:[0.17063852 0.0016977  0.03346268 0.2150604  0.01753341 0.18758883
 0.         0.08596152 0.         0.         0.288057  ]

rule55: Negative blast_furnace_slag - 70.233, fine_aggregate - 774.889
probabilities_array:[0.23536763 0.16308531 0.         0.02997242 0.03959377 0.18527916
 0.         0.03289705 0.         0.         0.31380472]

rule45: Negative cement - 282.295, age - 44.881
probabilities_array:[0.         0.         0.00115147 0.07615554 0.06413868 0.14730017
 0.16351564 0.19051117 0.17971785 0.00211758 0.17539185]

rule41: Negative cement - 282.295, coarse_aggregate - 974.334
probabilities_array:[0.00228179 0.09402306 0.00109427 0.01518391 0.         0.19783966
 0.01569325 0.00364998 0.17427702 0.07702327 0.41893378]

rule33: Negative cement - 282.295, blast_furnace_slag - 70.233
probabilities_array:[0.         0.         0.05393073 0.1274222  0.19500089 0.14976853
 0.07222769 0.09148302 0.         0.07238978 0.23777717]

rule11: fly_ash > 99.140
probabilities_array:[0.15014179 0.15465178 0.11861088 0.16286632 0.08169363 0.13416362
 0.         0.         0.04555945 0.         0.15231249]

rule31: age > 86.037
probabilities_array:[0.         0.         0.         0.         0.         0.134644
 0.15127426 0.20245089 0.1848377  0.16687322 0.15991993]

rule42: Positive cement - 282.295, fine_aggregate - 774.889
probabilities_array:[0.01110325 0.20010786 0.09176337 0.         0.06333296 0.13542588
 0.03041692 0.1981162  0.         0.         0.26973364]

rule36: Positive cement - 282.295, water - 181.310
probabilities_array:[0.         0.11133871 0.         0.18878503 0.16523245 0.11001247
 0.09980278 0.00246291 0.18516213 0.         0.13720343]

rule69: Negative water - 181.310, superplasticizer - 6.183
probabilities_array:[0.00686349 0.09174262 0.08144689 0.03454192 0.         0.11873365
 0.11589271 0.11315934 0.16697173 0.02263038 0.24801724]

rule83: Negative coarse_aggregate - 974.334, fine_aggregate - 774.889
probabilities_array:[0.02332992 0.1399762  0.05415872 0.09923077 0.         0.13622028
 0.         0.         0.07483011 0.07856649 0.39368746]

rule47: Negative blast_furnace_slag - 70.233, fly_ash - 55.770
probabilities_array:[0.18127242 0.02973044 0.         0.02890274 0.00987685 0.15313333
 0.         0.03883898 0.         0.09509062 0.46315455]

rule21: 922.186 < coarse_aggregate < 974.334
probabilities_array:[0.00981312 0.00842514 0.18968567 0.21455649 0.         0.09715427
 0.15847489 0.01926817 0.         0.13900286 0.16361947]

rule67: Negative fly_ash - 55.770, age - 44.881
probabilities_array:[0.         0.01787777 0.         0.13096693 0.09676331 0.13456537
 0.         0.         0.06800362 0.14529125 0.4065318 ]

rule84: Positive coarse_aggregate - 974.334, age - 44.881
probabilities_array:[0.         0.         0.02817492 0.         0.         0.10456465
 0.16153555 0.21948104 0.19293673 0.         0.29330716]

rule39: Negative cement - 282.295, superplasticizer - 6.183
probabilities_array:[0.03197676 0.17118187 0.05394948 0.         0.         0.10261891
 0.         0.17032264 0.14911151 0.00833263 0.31250623]

rule30: 44.881 < age < 86.037
probabilities_array:[0.         0.         0.         0.         0.00188905 0.09822084
 0.23177473 0.         0.1916012  0.17395355 0.30256063]

rule71: Negative water - 181.310, coarse_aggregate - 974.334
probabilities_array:[0.0694658  0.         0.18353285 0.12915261 0.19479105 0.08133331
 0.         0.         0.07435809 0.01601478 0.25135142]

rule77: Negative superplasticizer - 6.183, coarse_aggregate - 974.334
probabilities_array:[0.         0.0842532  0.         0.02561412 0.         0.13868518
 0.         0.         0.         0.17386085 0.57758665]

rule53: Negative blast_furnace_slag - 70.233, coarse_aggregate - 974.334
probabilities_array:[0.01539234 0.01420358 0.05688435 0.         0.08482359 0.10656366
 0.06084659 0.01996421 0.         0.1010213  0.5403005 ]

rule13: 166.594 < water < 181.310
probabilities_array:[0.11834602 0.         0.07550535 0.07473387 0.         0.0573543
 0.185675   0.10113829 0.         0.20467892 0.18256819]

rule24: fine_aggregate < 720.079
probabilities_array:[0.         0.         0.01773102 0.11970501 0.         0.05554204
 0.1292305  0.11642953 0.19774899 0.13607687 0.22753602]

rule12: water < 166.594
probabilities_array:[0.         0.01327293 0.         0.         0.         0.07586603
 0.         0.06623275 0.22889169 0.16949497 0.4462417 ]

rule50: Positive blast_furnace_slag - 70.233, superplasticizer - 6.183
probabilities_array:[0.         0.00754423 0.204118   0.15267758 0.00607547 0.07156219
 0.         0.         0.         0.13324106 0.4247815 ]

rule79: Negative superplasticizer - 6.183, fine_aggregate - 774.889
probabilities_array:[0.1026125  0.18973066 0.         0.19776505 0.01073923 0.06174345
 0.         0.         0.10393886 0.         0.33347026]


---6---
rule30: 44.881 < age < 86.037
probabilities_array:[0.         0.         0.         0.         0.00188905 0.09822084
 0.23177473 0.         0.1916012  0.17395355 0.30256063]

rule13: 166.594 < water < 181.310
probabilities_array:[0.11834602 0.         0.07550535 0.07473387 0.         0.0573543
 0.185675   0.10113829 0.         0.20467892 0.18256819]

rule17: 2.212 < superplasticizer < 6.183
probabilities_array:[0.0392278  0.         0.17917114 0.15608193 0.19036312 0.02057187
 0.19444235 0.         0.         0.         0.22014181]

rule18: 6.183 < superplasticizer < 10.153
probabilities_array:[0.01217189 0.         0.12494554 0.15883751 0.         0.02766587
 0.17150064 0.10918319 0.17842753 0.09407531 0.12319243]

rule51: Negative blast_furnace_slag - 70.233, superplasticizer - 6.183
probabilities_array:[0.16898598 0.0598837  0.         0.         0.11076068 0.00337176
 0.2056872  0.08563941 0.05848081 0.01881537 0.2883752 ]

rule10: 55.770 < fly_ash < 99.140
probabilities_array:[0.         0.         0.13196072 0.         0.1500756  0.03718014
 0.17893645 0.1272011  0.19084096 0.         0.18380503]

rule45: Negative cement - 282.295, age - 44.881
probabilities_array:[0.         0.         0.00115147 0.07615554 0.06413868 0.14730017
 0.16351564 0.19051117 0.17971785 0.00211758 0.17539185]

rule21: 922.186 < coarse_aggregate < 974.334
probabilities_array:[0.00981312 0.00842514 0.18968567 0.21455649 0.         0.09715427
 0.15847489 0.01926817 0.         0.13900286 0.16361947]

rule15: water > 196.026
probabilities_array:[0.15414678 0.08729767 0.         0.08030976 0.16443549 0.
 0.17247497 0.02062445 0.08736835 0.         0.23334245]

rule66: Positive fly_ash - 55.770, age - 44.881
probabilities_array:[0.16339228 0.06962454 0.06924864 0.         0.01850968 0.
 0.19525333 0.14267397 0.00098181 0.0077499  0.33256575]

rule81: Negative superplasticizer - 6.183, age - 44.881
probabilities_array:[0.         0.00441588 0.         0.00775684 0.14581285 0.22236171
 0.19430918 0.09161679 0.         0.         0.33372673]

rule31: age > 86.037
probabilities_array:[0.         0.         0.         0.         0.         0.134644
 0.15127426 0.20245089 0.1848377  0.16687322 0.15991993]

rule54: Positive blast_furnace_slag - 70.233, fine_aggregate - 774.889
probabilities_array:[0.         0.         0.10859223 0.04314985 0.04012742 0.
 0.16643788 0.06298367 0.19473857 0.13199121 0.2519792 ]

rule74: Positive water - 181.310, age - 44.881
probabilities_array:[0.00000000e+00 8.42968526e-04 0.00000000e+00 2.63736509e-02
 2.81743734e-04 2.08392635e-01 1.72191054e-01 1.91400528e-01
 1.00504436e-01 0.00000000e+00 3.00012946e-01]

rule76: Positive superplasticizer - 6.183, coarse_aggregate - 974.334
probabilities_array:[0.14236611 0.00081793 0.14783897 0.0126842  0.11204945 0.01627627
 0.13635951 0.15368424 0.13245691 0.         0.14546646]

rule73: Negative water - 181.310, fine_aggregate - 774.889
probabilities_array:[0.04757649 0.         0.1867474  0.07173534 0.01328378 0.
 0.1765721  0.1591473  0.         0.         0.34493756]

rule84: Positive coarse_aggregate - 974.334, age - 44.881
probabilities_array:[0.         0.         0.02817492 0.         0.         0.10456465
 0.16153555 0.21948104 0.19293673 0.         0.29330716]

rule82: Positive coarse_aggregate - 974.334, fine_aggregate - 774.889
probabilities_array:[0.07984118 0.         0.04675587 0.01387982 0.12199301 0.
 0.15847133 0.21899198 0.00217425 0.04491701 0.31297556]

rule24: fine_aggregate < 720.079
probabilities_array:[0.         0.         0.01773102 0.11970501 0.         0.05554204
 0.1292305  0.11642953 0.19774899 0.13607687 0.22753602]

rule26: 774.889 < fine_aggregate < 829.699
probabilities_array:[0.02259122 0.09054443 0.12432005 0.06459543 0.19025968 0.00915258
 0.12432353 0.09189444 0.         0.06633211 0.21598656]

rule78: Positive superplasticizer - 6.183, fine_aggregate - 774.889
probabilities_array:[0.01487814 0.         0.17661108 0.         0.10036918 0.00885
 0.13847448 0.16109307 0.         0.09992169 0.29980233]

rule3: cement > 352.533
probabilities_array:[0.         0.         0.         0.         0.         0.
 0.13869576 0.09796484 0.20936559 0.19332959 0.3606443 ]

rule69: Negative water - 181.310, superplasticizer - 6.183
probabilities_array:[0.00686349 0.09174262 0.08144689 0.03454192 0.         0.11873365
 0.11589271 0.11315934 0.16697173 0.02263038 0.24801724]

rule36: Positive cement - 282.295, water - 181.310
probabilities_array:[0.         0.11133871 0.         0.18878503 0.16523245 0.11001247
 0.09980278 0.00246291 0.18516213 0.         0.13720343]

rule8: fly_ash < 12.400
probabilities_array:[0.00222394 0.         0.00122242 0.         0.         0.
 0.17484292 0.09928531 0.         0.21345107 0.5089743 ]

rule62: Positive fly_ash - 55.770, coarse_aggregate - 974.334
probabilities_array:[4.8078492e-02 2.3732036e-02 3.6783253e-03 0.0000000e+00 9.0462111e-02
 0.0000000e+00 1.9251156e-01 5.5710896e-04 2.0345211e-02 5.5992652e-02
 5.6464243e-01]

rule86: Positive fine_aggregate - 774.889, age - 44.881
probabilities_array:[0.         0.00382712 0.         0.02468821 0.12032306 0.22193824
 0.10424188 0.1846328  0.         0.13176507 0.20858365]

rule48: Positive blast_furnace_slag - 70.233, water - 181.310
probabilities_array:[0.         0.19400878 0.18759325 0.         0.         0.
 0.12129614 0.         0.06354073 0.08591367 0.34764752]

rule70: Positive water - 181.310, coarse_aggregate - 974.334
probabilities_array:[0.03190193 0.16291979 0.         0.         0.         0.
 0.12437203 0.18635076 0.         0.11589915 0.3785563 ]

rule16: superplasticizer < 2.212
probabilities_array:[0.20226999 0.19601148 0.01492076 0.17359814 0.         0.
 0.10687751 0.         0.         0.         0.3063222 ]

rule35: Negative cement - 282.295, fly_ash - 55.770
probabilities_array:[0.         0.08604588 0.01724229 0.01814014 0.02875538 0.
 0.12877573 0.03346543 0.05957125 0.12788402 0.50011986]

rule4: blast_furnace_slag < 13.799
probabilities_array:[0.16335298 0.14143413 0.14046538 0.03094658 0.         0.19320083
 0.08293442 0.         0.         0.         0.24766572]

rule57: Negative blast_furnace_slag - 70.233, age - 44.881
probabilities_array:[0.         0.         0.         0.11931289 0.09260558 0.18911667
 0.07604178 0.08653954 0.18487725 0.07041658 0.18108964]

rule33: Negative cement - 282.295, blast_furnace_slag - 70.233
probabilities_array:[0.         0.         0.05393073 0.1274222  0.19500089 0.14976853
 0.07222769 0.09148302 0.         0.07238978 0.23777717]

rule7: blast_furnace_slag > 126.668
probabilities_array:[0.         0.01241753 0.         0.16770852 0.09256823 0.
 0.07730164 0.0349903  0.17413983 0.12866469 0.31220928]

rule46: Positive blast_furnace_slag - 70.233, fly_ash - 55.770
probabilities_array:[0.         0.         0.24428737 0.04670275 0.10089381 0.
 0.07587475 0.00907367 0.13979729 0.0482564  0.33511388]

rule5: 13.799 < blast_furnace_slag < 70.233
probabilities_array:[0.0230846  0.         0.12532231 0.         0.0656366  0.
 0.07036635 0.         0.1808793  0.22802104 0.3066898 ]

rule38: Positive cement - 282.295, superplasticizer - 6.183
probabilities_array:[0.07132257 0.         0.00553229 0.11280409 0.09215736 0.
 0.08059075 0.         0.         0.13455182 0.50304115]


---7---
rule31: age > 86.037
probabilities_array:[0.         0.         0.         0.         0.         0.134644
 0.15127426 0.20245089 0.1848377  0.16687322 0.15991993]

rule45: Negative cement - 282.295, age - 44.881
probabilities_array:[0.         0.         0.00115147 0.07615554 0.06413868 0.14730017
 0.16351564 0.19051117 0.17971785 0.00211758 0.17539185]

rule84: Positive coarse_aggregate - 974.334, age - 44.881
probabilities_array:[0.         0.         0.02817492 0.         0.         0.10456465
 0.16153555 0.21948104 0.19293673 0.         0.29330716]

rule1: 212.057 < cement < 282.295
probabilities_array:[0.00703891 0.15829313 0.06137334 0.13438049 0.1731221  0.
 0.04171234 0.16877234 0.15681607 0.         0.09849127]

rule82: Positive coarse_aggregate - 974.334, fine_aggregate - 774.889
probabilities_array:[0.07984118 0.         0.04675587 0.01387982 0.12199301 0.
 0.15847133 0.21899198 0.00217425 0.04491701 0.31297556]

rule86: Positive fine_aggregate - 774.889, age - 44.881
probabilities_array:[0.         0.00382712 0.         0.02468821 0.12032306 0.22193824
 0.10424188 0.1846328  0.         0.13176507 0.20858365]

rule59: Negative fly_ash - 55.770, water - 181.310
probabilities_array:[0.         0.16474453 0.14993101 0.01950524 0.12503415 0.01985886
 0.02261919 0.18740346 0.08993307 0.         0.22097047]

rule42: Positive cement - 282.295, fine_aggregate - 774.889
probabilities_array:[0.01110325 0.20010786 0.09176337 0.         0.06333296 0.13542588
 0.03041692 0.1981162  0.         0.         0.26973364]

rule6: 70.233 < blast_furnace_slag < 126.668
probabilities_array:[1.42627545e-02 0.00000000e+00 0.00000000e+00 0.00000000e+00
 9.32667479e-02 0.00000000e+00 0.00000000e+00 2.62837023e-01
 2.16395172e-04 1.57920837e-01 4.71496254e-01]

rule60: Positive fly_ash - 55.770, superplasticizer - 6.183
probabilities_array:[0.17862807 0.1194988  0.         0.14896363 0.14441082 0.0029587
 0.         0.17751886 0.         0.00580816 0.22221297]

rule74: Positive water - 181.310, age - 44.881
probabilities_array:[0.00000000e+00 8.42968526e-04 0.00000000e+00 2.63736509e-02
 2.81743734e-04 2.08392635e-01 1.72191054e-01 1.91400528e-01
 1.00504436e-01 0.00000000e+00 3.00012946e-01]

rule76: Positive superplasticizer - 6.183, coarse_aggregate - 974.334
probabilities_array:[0.14236611 0.00081793 0.14783897 0.0126842  0.11204945 0.01627627
 0.13635951 0.15368424 0.13245691 0.         0.14546646]

rule39: Negative cement - 282.295, superplasticizer - 6.183
probabilities_array:[0.03197676 0.17118187 0.05394948 0.         0.         0.10261891
 0.         0.17032264 0.14911151 0.00833263 0.31250623]

rule70: Positive water - 181.310, coarse_aggregate - 974.334
probabilities_array:[0.03190193 0.16291979 0.         0.         0.         0.
 0.12437203 0.18635076 0.         0.11589915 0.3785563 ]

rule78: Positive superplasticizer - 6.183, fine_aggregate - 774.889
probabilities_array:[0.01487814 0.         0.17661108 0.         0.10036918 0.00885
 0.13847448 0.16109307 0.         0.09992169 0.29980233]

rule23: coarse_aggregate > 1026.483
probabilities_array:[0.21160723 0.0667242  0.         0.         0.1332592  0.
 0.         0.16660589 0.07623091 0.01720653 0.32836607]

rule19: superplasticizer > 10.153
probabilities_array:[0.         0.09269207 0.         0.         0.08381563 0.04505236
 0.         0.15369865 0.1849009  0.15360272 0.2862377 ]

rule73: Negative water - 181.310, fine_aggregate - 774.889
probabilities_array:[0.04757649 0.         0.1867474  0.07173534 0.01328378 0.
 0.1765721  0.1591473  0.         0.         0.34493756]

rule10: 55.770 < fly_ash < 99.140
probabilities_array:[0.         0.         0.13196072 0.         0.1500756  0.03718014
 0.17893645 0.1272011  0.19084096 0.         0.18380503]

rule9: 12.400 < fly_ash < 55.770
probabilities_array:[0.15413201 0.23386487 0.         0.         0.21106547 0.
 0.         0.12468951 0.         0.05774784 0.21850021]

rule18: 6.183 < superplasticizer < 10.153
probabilities_array:[0.01217189 0.         0.12494554 0.15883751 0.         0.02766587
 0.17150064 0.10918319 0.17842753 0.09407531 0.12319243]

rule66: Positive fly_ash - 55.770, age - 44.881
probabilities_array:[0.16339228 0.06962454 0.06924864 0.         0.01850968 0.
 0.19525333 0.14267397 0.00098181 0.0077499  0.33256575]

rule24: fine_aggregate < 720.079
probabilities_array:[0.         0.         0.01773102 0.11970501 0.         0.05554204
 0.1292305  0.11642953 0.19774899 0.13607687 0.22753602]

rule69: Negative water - 181.310, superplasticizer - 6.183
probabilities_array:[0.00686349 0.09174262 0.08144689 0.03454192 0.         0.11873365
 0.11589271 0.11315934 0.16697173 0.02263038 0.24801724]

rule13: 166.594 < water < 181.310
probabilities_array:[0.11834602 0.         0.07550535 0.07473387 0.         0.0573543
 0.185675   0.10113829 0.         0.20467892 0.18256819]

rule26: 774.889 < fine_aggregate < 829.699
probabilities_array:[0.02259122 0.09054443 0.12432005 0.06459543 0.19025968 0.00915258
 0.12432353 0.09189444 0.         0.06633211 0.21598656]

rule57: Negative blast_furnace_slag - 70.233, age - 44.881
probabilities_array:[0.         0.         0.         0.11931289 0.09260558 0.18911667
 0.07604178 0.08653954 0.18487725 0.07041658 0.18108964]

rule33: Negative cement - 282.295, blast_furnace_slag - 70.233
probabilities_array:[0.         0.         0.05393073 0.1274222  0.19500089 0.14976853
 0.07222769 0.09148302 0.         0.07238978 0.23777717]

rule3: cement > 352.533
probabilities_array:[0.         0.         0.         0.         0.         0.
 0.13869576 0.09796484 0.20936559 0.19332959 0.3606443 ]

rule27: fine_aggregate > 829.699
probabilities_array:[0.17063852 0.0016977  0.03346268 0.2150604  0.01753341 0.18758883
 0.         0.08596152 0.         0.         0.288057  ]

rule81: Negative superplasticizer - 6.183, age - 44.881
probabilities_array:[0.         0.00441588 0.         0.00775684 0.14581285 0.22236171
 0.19430918 0.09161679 0.         0.         0.33372673]

rule51: Negative blast_furnace_slag - 70.233, superplasticizer - 6.183
probabilities_array:[0.16898598 0.0598837  0.         0.         0.11076068 0.00337176
 0.2056872  0.08563941 0.05848081 0.01881537 0.2883752 ]

rule8: fly_ash < 12.400
probabilities_array:[0.00222394 0.         0.00122242 0.         0.         0.
 0.17484292 0.09928531 0.         0.21345107 0.5089743 ]

rule54: Positive blast_furnace_slag - 70.233, fine_aggregate - 774.889
probabilities_array:[0.         0.         0.10859223 0.04314985 0.04012742 0.
 0.16643788 0.06298367 0.19473857 0.13199121 0.2519792 ]

rule29: 3.726 < age < 44.881
probabilities_array:[0.         0.08225508 0.17263289 0.17996255 0.16304018 0.03838793
 0.         0.05699562 0.09703956 0.00078145 0.20890483]

rule65: Negative fly_ash - 55.770, fine_aggregate - 774.889
probabilities_array:[0.12836236 0.11857206 0.00349616 0.12025423 0.16035137 0.
 0.05245354 0.06271274 0.02524063 0.         0.32855693]


---8---
rule36: Positive cement - 282.295, water - 181.310
probabilities_array:[0.         0.11133871 0.         0.18878503 0.16523245 0.11001247
 0.09980278 0.00246291 0.18516213 0.         0.13720343]

rule20: coarse_aggregate < 922.186
probabilities_array:[0.08620652 0.         0.         0.         0.19724016 0.
 0.         0.         0.23096934 0.16682674 0.31875724]

rule18: 6.183 < superplasticizer < 10.153
probabilities_array:[0.01217189 0.         0.12494554 0.15883751 0.         0.02766587
 0.17150064 0.10918319 0.17842753 0.09407531 0.12319243]

rule10: 55.770 < fly_ash < 99.140
probabilities_array:[0.         0.         0.13196072 0.         0.1500756  0.03718014
 0.17893645 0.1272011  0.19084096 0.         0.18380503]

rule31: age > 86.037
probabilities_array:[0.         0.         0.         0.         0.         0.134644
 0.15127426 0.20245089 0.1848377  0.16687322 0.15991993]

rule24: fine_aggregate < 720.079
probabilities_array:[0.         0.         0.01773102 0.11970501 0.         0.05554204
 0.1292305  0.11642953 0.19774899 0.13607687 0.22753602]

rule57: Negative blast_furnace_slag - 70.233, age - 44.881
probabilities_array:[0.         0.         0.         0.11931289 0.09260558 0.18911667
 0.07604178 0.08653954 0.18487725 0.07041658 0.18108964]

rule45: Negative cement - 282.295, age - 44.881
probabilities_array:[0.         0.         0.00115147 0.07615554 0.06413868 0.14730017
 0.16351564 0.19051117 0.17971785 0.00211758 0.17539185]

rule2: 282.295 < cement < 352.533
probabilities_array:[0.         0.02393083 0.1790779  0.         0.13913529 0.2261184
 0.         0.         0.18767634 0.02280053 0.22126082]

rule54: Positive blast_furnace_slag - 70.233, fine_aggregate - 774.889
probabilities_array:[0.         0.         0.10859223 0.04314985 0.04012742 0.
 0.16643788 0.06298367 0.19473857 0.13199121 0.2519792 ]

rule1: 212.057 < cement < 282.295
probabilities_array:[0.00703891 0.15829313 0.06137334 0.13438049 0.1731221  0.
 0.04171234 0.16877234 0.15681607 0.         0.09849127]

rule84: Positive coarse_aggregate - 974.334, age - 44.881
probabilities_array:[0.         0.         0.02817492 0.         0.         0.10456465
 0.16153555 0.21948104 0.19293673 0.         0.29330716]

rule3: cement > 352.533
probabilities_array:[0.         0.         0.         0.         0.         0.
 0.13869576 0.09796484 0.20936559 0.19332959 0.3606443 ]

rule30: 44.881 < age < 86.037
probabilities_array:[0.         0.         0.         0.         0.00188905 0.09822084
 0.23177473 0.         0.1916012  0.17395355 0.30256063]

rule61: Negative fly_ash - 55.770, superplasticizer - 6.183
probabilities_array:[0.         0.         0.20661336 0.         0.         0.03766851
 0.05116664 0.         0.21008673 0.12843345 0.3660313 ]

rule19: superplasticizer > 10.153
probabilities_array:[0.         0.09269207 0.         0.         0.08381563 0.04505236
 0.         0.15369865 0.1849009  0.15360272 0.2862377 ]

rule12: water < 166.594
probabilities_array:[0.         0.01327293 0.         0.         0.         0.07586603
 0.         0.06623275 0.22889169 0.16949497 0.4462417 ]

rule69: Negative water - 181.310, superplasticizer - 6.183
probabilities_array:[0.00686349 0.09174262 0.08144689 0.03454192 0.         0.11873365
 0.11589271 0.11315934 0.16697173 0.02263038 0.24801724]

rule5: 13.799 < blast_furnace_slag < 70.233
probabilities_array:[0.0230846  0.         0.12532231 0.         0.0656366  0.
 0.07036635 0.         0.1808793  0.22802104 0.3066898 ]

rule43: Negative cement - 282.295, fine_aggregate - 774.889
probabilities_array:[0.11734653 0.         0.         0.16049616 0.04376973 0.
 0.00201056 0.         0.18541244 0.15247165 0.338493  ]

rule7: blast_furnace_slag > 126.668
probabilities_array:[0.         0.01241753 0.         0.16770852 0.09256823 0.
 0.07730164 0.0349903  0.17413983 0.12866469 0.31220928]

rule76: Positive superplasticizer - 6.183, coarse_aggregate - 974.334
probabilities_array:[0.14236611 0.00081793 0.14783897 0.0126842  0.11204945 0.01627627
 0.13635951 0.15368424 0.13245691 0.         0.14546646]

rule72: Positive water - 181.310, fine_aggregate - 774.889
probabilities_array:[0.03319258 0.07892756 0.         0.01720288 0.08637814 0.18664092
 0.         0.         0.15206361 0.18227723 0.26331708]

rule39: Negative cement - 282.295, superplasticizer - 6.183
probabilities_array:[0.03197676 0.17118187 0.05394948 0.         0.         0.10261891
 0.         0.17032264 0.14911151 0.00833263 0.31250623]

rule41: Negative cement - 282.295, coarse_aggregate - 974.334
probabilities_array:[0.00228179 0.09402306 0.00109427 0.01518391 0.         0.19783966
 0.01569325 0.00364998 0.17427702 0.07702327 0.41893378]

rule46: Positive blast_furnace_slag - 70.233, fly_ash - 55.770
probabilities_array:[0.         0.         0.24428737 0.04670275 0.10089381 0.
 0.07587475 0.00907367 0.13979729 0.0482564  0.33511388]

rule52: Positive blast_furnace_slag - 70.233, coarse_aggregate - 974.334
probabilities_array:[0.09374259 0.02736651 0.         0.21244192 0.00174636 0.
 0.         0.02305404 0.16164887 0.01879429 0.4612055 ]

rule29: 3.726 < age < 44.881
probabilities_array:[0.         0.08225508 0.17263289 0.17996255 0.16304018 0.03838793
 0.         0.05699562 0.09703956 0.00078145 0.20890483]

rule80: Positive superplasticizer - 6.183, age - 44.881
probabilities_array:[0.17082864 0.1034117  0.12936127 0.04637191 0.         0.
 0.         0.00551208 0.10013623 0.1474825  0.29689574]

rule74: Positive water - 181.310, age - 44.881
probabilities_array:[0.00000000e+00 8.42968526e-04 0.00000000e+00 2.63736509e-02
 2.81743734e-04 2.08392635e-01 1.72191054e-01 1.91400528e-01
 1.00504436e-01 0.00000000e+00 3.00012946e-01]

rule59: Negative fly_ash - 55.770, water - 181.310
probabilities_array:[0.         0.16474453 0.14993101 0.01950524 0.12503415 0.01985886
 0.02261919 0.18740346 0.08993307 0.         0.22097047]

rule79: Negative superplasticizer - 6.183, fine_aggregate - 774.889
probabilities_array:[0.1026125  0.18973066 0.         0.19776505 0.01073923 0.06174345
 0.         0.         0.10393886 0.         0.33347026]

rule15: water > 196.026
probabilities_array:[0.15414678 0.08729767 0.         0.08030976 0.16443549 0.
 0.17247497 0.02062445 0.08736835 0.         0.23334245]

rule87: Negative fine_aggregate - 774.889, age - 44.881
probabilities_array:[0.18577474 0.10615576 0.07732052 0.05263242 0.00365012 0.
 0.         0.         0.11358701 0.02333942 0.43754005]

rule71: Negative water - 181.310, coarse_aggregate - 974.334
probabilities_array:[0.0694658  0.         0.18353285 0.12915261 0.19479105 0.08133331
 0.         0.         0.07435809 0.01601478 0.25135142]

rule23: coarse_aggregate > 1026.483
probabilities_array:[0.21160723 0.0667242  0.         0.         0.1332592  0.
 0.         0.16660589 0.07623091 0.01720653 0.32836607]

rule83: Negative coarse_aggregate - 974.334, fine_aggregate - 774.889
probabilities_array:[0.02332992 0.1399762  0.05415872 0.09923077 0.         0.13622028
 0.         0.         0.07483011 0.07856649 0.39368746]

rule25: 720.079 < fine_aggregate < 774.889
probabilities_array:[0.         0.19039078 0.0035492  0.         0.25485936 0.
 0.06242057 0.         0.07370254 0.02760722 0.3874704 ]

rule51: Negative blast_furnace_slag - 70.233, superplasticizer - 6.183
probabilities_array:[0.16898598 0.0598837  0.         0.         0.11076068 0.00337176
 0.2056872  0.08563941 0.05848081 0.01881537 0.2883752 ]

rule48: Positive blast_furnace_slag - 70.233, water - 181.310
probabilities_array:[0.         0.19400878 0.18759325 0.         0.         0.
 0.12129614 0.         0.06354073 0.08591367 0.34764752]

rule67: Negative fly_ash - 55.770, age - 44.881
probabilities_array:[0.         0.01787777 0.         0.13096693 0.09676331 0.13456537
 0.         0.         0.06800362 0.14529125 0.4065318 ]


---9---
rule13: 166.594 < water < 181.310
probabilities_array:[0.11834602 0.         0.07550535 0.07473387 0.         0.0573543
 0.185675   0.10113829 0.         0.20467892 0.18256819]

rule5: 13.799 < blast_furnace_slag < 70.233
probabilities_array:[0.0230846  0.         0.12532231 0.         0.0656366  0.
 0.07036635 0.         0.1808793  0.22802104 0.3066898 ]

rule31: age > 86.037
probabilities_array:[0.         0.         0.         0.         0.         0.134644
 0.15127426 0.20245089 0.1848377  0.16687322 0.15991993]

rule64: Positive fly_ash - 55.770, fine_aggregate - 774.889
probabilities_array:[0.01000472 0.         0.13215645 0.00176501 0.         0.21987881
 0.01462065 0.         0.04375    0.21805525 0.35976905]

rule72: Positive water - 181.310, fine_aggregate - 774.889
probabilities_array:[0.03319258 0.07892756 0.         0.01720288 0.08637814 0.18664092
 0.         0.         0.15206361 0.18227723 0.26331708]

rule3: cement > 352.533
probabilities_array:[0.         0.         0.         0.         0.         0.
 0.13869576 0.09796484 0.20936559 0.19332959 0.3606443 ]

rule75: Negative water - 181.310, age - 44.881
probabilities_array:[0.19594702 0.11345062 0.09177248 0.00293628 0.13113111 0.
 0.         0.         0.01502946 0.16954456 0.28018844]

rule30: 44.881 < age < 86.037
probabilities_array:[0.         0.         0.         0.         0.00188905 0.09822084
 0.23177473 0.         0.1916012  0.17395355 0.30256063]

rule21: 922.186 < coarse_aggregate < 974.334
probabilities_array:[0.00981312 0.00842514 0.18968567 0.21455649 0.         0.09715427
 0.15847489 0.01926817 0.         0.13900286 0.16361947]

rule44: Positive cement - 282.295, age - 44.881
probabilities_array:[0.20670296 0.2229085  0.0372989  0.         0.01313868 0.
 0.         0.         0.         0.17549229 0.3444587 ]

rule20: coarse_aggregate < 922.186
probabilities_array:[0.08620652 0.         0.         0.         0.19724016 0.
 0.         0.         0.23096934 0.16682674 0.31875724]

rule19: superplasticizer > 10.153
probabilities_array:[0.         0.09269207 0.         0.         0.08381563 0.04505236
 0.         0.15369865 0.1849009  0.15360272 0.2862377 ]

rule24: fine_aggregate < 720.079
probabilities_array:[0.         0.         0.01773102 0.11970501 0.         0.05554204
 0.1292305  0.11642953 0.19774899 0.13607687 0.22753602]

rule8: fly_ash < 12.400
probabilities_array:[0.00222394 0.         0.00122242 0.         0.         0.
 0.17484292 0.09928531 0.         0.21345107 0.5089743 ]

rule86: Positive fine_aggregate - 774.889, age - 44.881
probabilities_array:[0.         0.00382712 0.         0.02468821 0.12032306 0.22193824
 0.10424188 0.1846328  0.         0.13176507 0.20858365]

rule80: Positive superplasticizer - 6.183, age - 44.881
probabilities_array:[0.17082864 0.1034117  0.12936127 0.04637191 0.         0.
 0.         0.00551208 0.10013623 0.1474825  0.29689574]

rule37: Negative cement - 282.295, water - 181.310
probabilities_array:[0.19887652 0.         0.22684804 0.         0.         0.
 0.         0.01138373 0.         0.16785653 0.39503518]

rule43: Negative cement - 282.295, fine_aggregate - 774.889
probabilities_array:[0.11734653 0.         0.         0.16049616 0.04376973 0.
 0.00201056 0.         0.18541244 0.15247165 0.338493  ]

rule54: Positive blast_furnace_slag - 70.233, fine_aggregate - 774.889
probabilities_array:[0.         0.         0.10859223 0.04314985 0.04012742 0.
 0.16643788 0.06298367 0.19473857 0.13199121 0.2519792 ]

rule85: Negative coarse_aggregate - 974.334, age - 44.881
probabilities_array:[0.10426019 0.1387852  0.02231196 0.10967274 0.16464014 0.01119972
 0.         0.         0.         0.13654597 0.31258404]

rule12: water < 166.594
probabilities_array:[0.         0.01327293 0.         0.         0.         0.07586603
 0.         0.06623275 0.22889169 0.16949497 0.4462417 ]

rule7: blast_furnace_slag > 126.668
probabilities_array:[0.         0.01241753 0.         0.16770852 0.09256823 0.
 0.07730164 0.0349903  0.17413983 0.12866469 0.31220928]

rule67: Negative fly_ash - 55.770, age - 44.881
probabilities_array:[0.         0.01787777 0.         0.13096693 0.09676331 0.13456537
 0.         0.         0.06800362 0.14529125 0.4065318 ]

rule6: 70.233 < blast_furnace_slag < 126.668
probabilities_array:[1.42627545e-02 0.00000000e+00 0.00000000e+00 0.00000000e+00
 9.32667479e-02 0.00000000e+00 0.00000000e+00 2.62837023e-01
 2.16395172e-04 1.57920837e-01 4.71496254e-01]

rule18: 6.183 < superplasticizer < 10.153
probabilities_array:[0.01217189 0.         0.12494554 0.15883751 0.         0.02766587
 0.17150064 0.10918319 0.17842753 0.09407531 0.12319243]

rule61: Negative fly_ash - 55.770, superplasticizer - 6.183
probabilities_array:[0.         0.         0.20661336 0.         0.         0.03766851
 0.05116664 0.         0.21008673 0.12843345 0.3660313 ]

rule50: Positive blast_furnace_slag - 70.233, superplasticizer - 6.183
probabilities_array:[0.         0.00754423 0.204118   0.15267758 0.00607547 0.07156219
 0.         0.         0.         0.13324106 0.4247815 ]

rule77: Negative superplasticizer - 6.183, coarse_aggregate - 974.334
probabilities_array:[0.         0.0842532  0.         0.02561412 0.         0.13868518
 0.         0.         0.         0.17386085 0.57758665]

rule70: Positive water - 181.310, coarse_aggregate - 974.334
probabilities_array:[0.03190193 0.16291979 0.         0.         0.         0.
 0.12437203 0.18635076 0.         0.11589915 0.3785563 ]

rule78: Positive superplasticizer - 6.183, fine_aggregate - 774.889
probabilities_array:[0.01487814 0.         0.17661108 0.         0.10036918 0.00885
 0.13847448 0.16109307 0.         0.09992169 0.29980233]

rule38: Positive cement - 282.295, superplasticizer - 6.183
probabilities_array:[0.07132257 0.         0.00553229 0.11280409 0.09215736 0.
 0.08059075 0.         0.         0.13455182 0.50304115]

rule35: Negative cement - 282.295, fly_ash - 55.770
probabilities_array:[0.         0.08604588 0.01724229 0.01814014 0.02875538 0.
 0.12877573 0.03346543 0.05957125 0.12788402 0.50011986]

rule58: Positive fly_ash - 55.770, water - 181.310
probabilities_array:[0.156986   0.         0.         0.         0.00138085 0.02418012
 0.         0.         0.         0.17214903 0.645304  ]

rule57: Negative blast_furnace_slag - 70.233, age - 44.881
probabilities_array:[0.         0.         0.         0.11931289 0.09260558 0.18911667
 0.07604178 0.08653954 0.18487725 0.07041658 0.18108964]

rule48: Positive blast_furnace_slag - 70.233, water - 181.310
probabilities_array:[0.         0.19400878 0.18759325 0.         0.         0.
 0.12129614 0.         0.06354073 0.08591367 0.34764752]

rule33: Negative cement - 282.295, blast_furnace_slag - 70.233
probabilities_array:[0.         0.         0.05393073 0.1274222  0.19500089 0.14976853
 0.07222769 0.09148302 0.         0.07238978 0.23777717]

rule68: Positive water - 181.310, superplasticizer - 6.183
probabilities_array:[0.18608136 0.00383963 0.00216671 0.04509934 0.20860578 0.
 0.         0.         0.         0.09918673 0.45502043]

rule26: 774.889 < fine_aggregate < 829.699
probabilities_array:[0.02259122 0.09054443 0.12432005 0.06459543 0.19025968 0.00915258
 0.12432353 0.09189444 0.         0.06633211 0.21598656]

rule47: Negative blast_furnace_slag - 70.233, fly_ash - 55.770
probabilities_array:[0.18127242 0.02973044 0.         0.02890274 0.00987685 0.15313333
 0.         0.03883898 0.         0.09509062 0.46315455]

rule83: Negative coarse_aggregate - 974.334, fine_aggregate - 774.889
probabilities_array:[0.02332992 0.1399762  0.05415872 0.09923077 0.         0.13622028
 0.         0.         0.07483011 0.07856649 0.39368746]

rule53: Negative blast_furnace_slag - 70.233, coarse_aggregate - 974.334
probabilities_array:[0.01539234 0.01420358 0.05688435 0.         0.08482359 0.10656366
 0.06084659 0.01996421 0.         0.1010213  0.5403005 ]

rule9: 12.400 < fly_ash < 55.770
probabilities_array:[0.15413201 0.23386487 0.         0.         0.21106547 0.
 0.         0.12468951 0.         0.05774784 0.21850021]

rule56: Positive blast_furnace_slag - 70.233, age - 44.881
probabilities_array:[0.21309048 0.18584561 0.17291844 0.         0.         0.
 0.00439963 0.00459428 0.         0.06926135 0.34989014]

rule41: Negative cement - 282.295, coarse_aggregate - 974.334
probabilities_array:[0.00228179 0.09402306 0.00109427 0.01518391 0.         0.19783966
 0.01569325 0.00364998 0.17427702 0.07702327 0.41893378]

rule63: Negative fly_ash - 55.770, coarse_aggregate - 974.334
probabilities_array:[0.05806475 0.         0.08541222 0.19064587 0.         0.01529623
 0.         0.03430859 0.03739575 0.08592702 0.4929496 ]

