MSE: 2393739355.496742

Accuracy: 0.2634658864210666

F1: 0.1610753985696481

Average Similarity: 0.16079265859821784

Confusion Matrix: [[733, 0, 180, 0, 10, 0, 0, 37, 0, 120], [199, 1, 197, 0, 14, 0, 0, 27, 0, 57], [232, 0, 303, 1, 37, 0, 0, 37, 1, 114], [165, 0, 298, 1, 75, 0, 0, 74, 1, 151], [126, 0, 229, 0, 107, 0, 0, 106, 1, 157], [104, 0, 190, 0, 115, 0, 2, 149, 0, 198], [90, 0, 77, 0, 75, 0, 3, 221, 2, 264], [71, 0, 42, 0, 31, 0, 4, 252, 10, 337], [61, 0, 26, 0, 18, 0, 2, 201, 11, 435], [52, 0, 13, 0, 16, 0, 0, 79, 7, 570]]

Similarity Matrix: [[0.0, 0.0, 0.0, 0.0, 0.0, 0.0, 0.0, 0.0, 0.0, 0.0], [0.0, 1.0, 0.0, 0.0, 0.0, 0.0, 0.0, 0.0, 0.0, 0.0], [0.0, 0.0, 0.1265684669939989, 0.0, 0.0, 0.0, 0.0, 0.0, 0.0, 0.0], [0.0, 0.0, 0.0, 0.1920359666024406, 0.0, 0.0, 0.0, 0.0, 0.0, 0.0], [0.0, 0.0, 0.0, 0.0, 0.21485943775100402, 0.0, 0.0, 0.0, 0.0, 0.0], [0.0, 0.0, 0.0, 0.0, 0.0, 0.18181818181818182, 0.0, 0.0, 0.0, 0.0], [0.0, 0.0, 0.0, 0.0, 0.0, 0.0, 0.18681318681318682, 0.0, 0.0, 0.0], [0.0, 0.0, 0.0, 0.0, 0.0, 0.0, 0.0, 0.14244663382594416, 0.0, 0.0], [0.0, 0.0, 0.0, 0.0, 0.0, 0.0, 0.0, 0.0, 0.0, 0.0], [0.0, 0.0, 0.0, 0.0, 0.0, 0.0, 0.0, 0.0, 0.0, 0.0]]

Uncertainties: {'class0': [], 'class1': [], 'class2': [], 'class3': [], 'class4': [0.5888257622718811], 'class5': [], 'class6': [], 'class7': [0.612297534942627], 'class8': [], 'class9': []}

Most important rules
-----------------------------

---0---

---1---

---2---

---3---

---4---
rule51: H8p2 > 0.150
probabilities_array:[0.         0.04656797 0.04561909 0.07692342 0.09850185 0.0870607
 0.05650121 0.         0.         0.         0.58882576]


---5---

---6---

---7---
rule65: 0.267 < H40p4 < 0.491
probabilities_array:[0.         0.         0.         0.         0.         0.03167106
 0.07657918 0.10862151 0.08062066 0.09021001 0.61229753]


---8---

---9---
