MSE: 2345476868.7564836

Accuracy: 0.27969144833089504

F1: 0.23568020856620567

Average Similarity: 0.18792341503774634

Confusion Matrix: [[574, 20, 156, 71, 66, 2, 47, 39, 105], [183, 7, 148, 104, 81, 3, 33, 19, 58], [139, 11, 147, 172, 136, 5, 51, 26, 109], [88, 4, 129, 172, 263, 4, 96, 34, 104], [49, 7, 62, 150, 280, 13, 111, 53, 96], [58, 3, 31, 69, 238, 12, 182, 75, 149], [41, 2, 20, 32, 125, 8, 237, 165, 195], [33, 0, 7, 14, 79, 6, 178, 225, 286], [29, 1, 6, 12, 46, 1, 84, 194, 449]]

Similarity Matrix: [[0.0, 0.001497980091083513, 0.0006265760117348439, 0.0001984965985018262, 8.806602269908987e-05, 7.782952327711117e-05, 0.00015511701773706965, 7.003365494366324e-05, 0.0], [0.0, 0.1521216973578863, 0.0006010364482805046, 0.0002982020697209826, 0.00010874754059995367, 5.3925614099466065e-05, 9.827417497495328e-05, 3.680119465157392e-05, 0.0], [0.0, 0.0003277454365094014, 0.20821529745042494, 0.0003306561379162523, 0.00015733144398377943, 5.1508160227301325e-05, 0.0001521932484545869, 3.836073387633344e-05, 0.0], [0.0, 0.00018416784298164778, 0.0004921692344304607, 0.21608040201005024, 0.0002390415585578093, 7.643333926698293e-05, 0.00010624142375477976, 3.565587453001713e-05, 0.0], [0.0, 0.00011797777132710078, 0.00021617638486109327, 0.00026320010221219135, 0.2141812865497076, 9.505163107987268e-05, 7.085494317830267e-05, 4.335988119409659e-05, 0.0], [0.0, 0.00011030832022185088, 8.27473509271606e-05, 0.00011608609517425208, 0.00017569406032679386, 0.1786064769381747, 7.091796755271935e-05, 6.988896184090017e-05, 0.0], [0.0, 5.209979510891446e-05, 4.819920465152028e-05, 5.1486900626304554e-05, 6.821625817195884e-05, 0.00011654508956414794, 0.12572533849129594, 5.504232391007128e-05, 0.0], [0.0, 5.342955990918158e-05, 8.343698618240275e-06, 2.7621989885971835e-05, 4.299612916903425e-05, 5.474845011450492e-05, 8.356574755485555e-05, 0.2710843373493976, 0.0], [0.0, 2.6173252027067433e-05, 2.0046907593008043e-05, 7.2789598458868876e-06, 1.6951144488445914e-05, 3.696114389738747e-05, 0.0001372397941291424, 9.73489950328544e-05, 0.0]]

Uncertainties: {'class0': [0.6165914535522461, 0.6633577346801758], 'class1': [0.6478483080863953], 'class2': [0.6165914535522461], 'class3': [0.6057233810424805, 0.6183792948722839, 0.6382433176040649], 'class4': [], 'class5': [0.5599184036254883], 'class6': [0.5599184036254883, 0.6022838354110718, 0.6036583781242371, 0.6096674799919128, 0.6468320488929749], 'class7': [0.5599184036254883, 0.5961631536483765, 0.6022838354110718, 0.6036583781242371, 0.6337520480155945], 'class8': [0.5599184036254883, 0.5961631536483765, 0.6022838354110718, 0.6096674799919128, 0.6259047985076904]}

Most important rules
-----------------------------

---0---
rule40: P27p4 < 0.013
probabilities_array:[0.14899504 0.08962546 0.09802179 0.         0.         0.
 0.         0.         0.         0.66335773]

rule67: H40p4 > 0.714
probabilities_array:[0.10670939 0.10071555 0.10642315 0.06956036 0.         0.
 0.         0.         0.         0.61659145]


---1---
rule46: 0.110 < H2p2 < 0.180
probabilities_array:[0.08430762 0.12107305 0.10981838 0.03695267 0.         0.
 0.         0.         0.         0.6478483 ]


---2---
rule67: H40p4 > 0.714
probabilities_array:[0.10670939 0.10071555 0.10642315 0.06956036 0.         0.
 0.         0.         0.         0.61659145]


---3---
rule30: 0.020 < P15p3 < 0.058
probabilities_array:[0.         0.01457016 0.04789978 0.11623993 0.09835288 0.0823509
 0.00190154 0.01510404 0.00520143 0.6183793 ]

rule51: H8p2 > 0.150
probabilities_array:[0.         0.05565813 0.04846941 0.1044746  0.10014591 0.08428142
 0.00124713 0.         0.         0.6057234 ]

rule18: 0.163 < P11p4 < 0.218
probabilities_array:[0.         0.04659683 0.08527491 0.11214627 0.10023305 0.01750563
 0.         0.         0.         0.6382433 ]


---4---

---5---
rule65: 0.267 < H40p4 < 0.491
probabilities_array:[0.         0.         0.         0.         0.0092487  0.10601562
 0.11232478 0.11421972 0.0982728  0.5599184 ]


---6---
rule65: 0.267 < H40p4 < 0.491
probabilities_array:[0.         0.         0.         0.         0.0092487  0.10601562
 0.11232478 0.11421972 0.0982728  0.5599184 ]

rule44: H2p2 < 0.040
probabilities_array:[0.         0.         0.         0.         0.         0.05511312
 0.1157501  0.11096929 0.11588364 0.60228384]

rule122: Positive P1 - 8044.398, H10p1 - 0.966
probabilities_array:[0.         0.         0.         0.         0.01290976 0.07858666
 0.10904949 0.12227834 0.07351741 0.6036584 ]

rule6: 8044.398 < P1 < 57749.311
probabilities_array:[0.         0.         0.         0.         0.         0.07104765
 0.10992454 0.09817038 0.11119001 0.6096675 ]

rule16: P11p4 < 0.109
probabilities_array:[0.         0.         0.         0.         0.         0.05912631
 0.11968531 0.1146783  0.05967799 0.64683205]

rule7: P1 > 57749.311
probabilities_array:[0.         0.         0.         0.         0.         0.04525865
 0.11916063 0.06566705 0.11885639 0.65105736]


---7---
rule65: 0.267 < H40p4 < 0.491
probabilities_array:[0.         0.         0.         0.         0.0092487  0.10601562
 0.11232478 0.11421972 0.0982728  0.5599184 ]

rule122: Positive P1 - 8044.398, H10p1 - 0.966
probabilities_array:[0.         0.         0.         0.         0.01290976 0.07858666
 0.10904949 0.12227834 0.07351741 0.6036584 ]

rule43: P27p4 > 0.054
probabilities_array:[0.         0.         0.         0.         0.         0.
 0.08414818 0.13423012 0.11859111 0.6630306 ]

rule37: 0.000 < P18p2 < 0.004
probabilities_array:[0.0000000e+00 0.0000000e+00 3.9669886e-04 4.7556084e-02 3.7458807e-02
 3.0765686e-02 5.9896361e-02 1.1158201e-01 1.1618127e-01 5.9616315e-01]

rule44: H2p2 < 0.040
probabilities_array:[0.         0.         0.         0.         0.         0.05511312
 0.1157501  0.11096929 0.11588364 0.60228384]

rule16: P11p4 < 0.109
probabilities_array:[0.         0.         0.         0.         0.         0.05912631
 0.11968531 0.1146783  0.05967799 0.64683205]

rule117: Negative P1 - 8044.398, P27p4 - 0.034
probabilities_array:[0.         0.         0.         0.         0.02796717 0.06468773
 0.08977768 0.11009668 0.07371876 0.63375205]


---8---
rule37: 0.000 < P18p2 < 0.004
probabilities_array:[0.0000000e+00 0.0000000e+00 3.9669886e-04 4.7556084e-02 3.7458807e-02
 3.0765686e-02 5.9896361e-02 1.1158201e-01 1.1618127e-01 5.9616315e-01]

rule44: H2p2 < 0.040
probabilities_array:[0.         0.         0.         0.         0.         0.05511312
 0.1157501  0.11096929 0.11588364 0.60228384]

rule6: 8044.398 < P1 < 57749.311
probabilities_array:[0.         0.         0.         0.         0.         0.07104765
 0.10992454 0.09817038 0.11119001 0.6096675 ]

rule65: 0.267 < H40p4 < 0.491
probabilities_array:[0.         0.         0.         0.         0.0092487  0.10601562
 0.11232478 0.11421972 0.0982728  0.5599184 ]

rule111: Negative P1 - 8044.398, P15p3 - 0.020
probabilities_array:[0.         0.         0.00845384 0.03076445 0.03593495 0.02200388
 0.08044152 0.0848325  0.11166397 0.6259048 ]

rule7: P1 > 57749.311
probabilities_array:[0.         0.         0.         0.         0.         0.04525865
 0.11916063 0.06566705 0.11885639 0.65105736]

rule175: Negative P6p2 - 0.064, H8p2 - 0.057
probabilities_array:[0.         0.         0.         0.         0.05581278 0.05112138
 0.07847867 0.05291776 0.1155725  0.64609694]

