MSE: 2316040855.337146

Accuracy: 0.30708870860486764

F1: 0.27799133330648107

Average Similarity: 0.20661641077532805

Confusion Matrix: [[672, 154, 50, 40, 22, 16, 44, 82], [266, 194, 136, 92, 30, 32, 36, 55], [163, 148, 142, 210, 67, 55, 59, 97], [128, 107, 113, 217, 89, 90, 81, 104], [89, 70, 101, 197, 95, 97, 142, 145], [78, 43, 50, 108, 96, 119, 231, 223], [52, 19, 22, 28, 48, 93, 303, 341], [43, 22, 12, 32, 37, 41, 184, 567]]

Similarity Matrix: [[0.0, 0.0019380694622977699, 0.0006170311520471177, 0.00016309757502742903, 0.00013333347851191856, 0.00015651528322468852, 0.00018847016315305825, 0.0], [0.0, 0.1784037558685446, 0.0009201530965147908, 0.0003050542797000874, 0.00019032615791395415, 0.00013001630890658675, 0.0001267380426173889, 0.0], [0.0, 0.0003899768479783291, 0.2096890817064353, 0.0006144685032379792, 0.0003255600447796696, 0.00016426811909619178, 0.00017287702200596703, 0.0], [0.0, 0.0003054478363237823, 0.0005565882030201945, 0.23484848484848486, 0.00032418716793685895, 0.00015963637465390857, 0.00016974820963675644, 0.0], [0.0, 0.00020235621191686345, 0.00037105555702701427, 0.0004205290172123622, 0.186952288218111, 0.00025176705736893416, 0.00019147689344287382, 0.0], [0.0, 0.00016504931620040406, 0.00017399581235063875, 0.00023458518980610748, 0.00029033370301216203, 0.21388888888888888, 0.00023432817430998407, 0.0], [0.0, 0.00012383087595945678, 6.23550686114565e-05, 5.722733943754481e-05, 0.00024151635302861805, 0.0005293986613108687, 0.21127633209417596, 0.0], [0.0, 8.614960803413222e-05, 5.993163424869444e-05, 8.57547210918017e-05, 0.0001494809186334394, 0.00032184759863039276, 0.0005613622297349154, 0.0]]

Uncertainties: {'class0': [0.5681946873664856, 0.6086156964302063, 0.637317419052124, 0.6441965699195862, 0.7090279459953308], 'class1': [0.6515593528747559], 'class2': [0.6515593528747559], 'class3': [0.604357123374939, 0.6422153115272522, 0.6466551423072815, 0.6555655002593994, 0.6605347394943237], 'class4': [0.604357123374939], 'class5': [0.5981714129447937, 0.6175323128700256, 0.6449116468429565], 'class6': [0.5981714129447937, 0.6048601269721985, 0.6175323128700256, 0.6337006092071533, 0.635204553604126], 'class7': [0.5981714129447937, 0.6048601269721985, 0.6175323128700256, 0.6308592557907104, 0.6470739841461182]}

Most important rules
-----------------------------

---0---
rule39: P18p2 > 0.007
probabilities_array:[0.13509452 0.04772417 0.06131022 0.06227328 0.06378665 0.06161645
 0.         0.         0.5681947 ]

rule60: H18pA < 0.048
probabilities_array:[0.14520805 0.         0.         0.         0.         0.
 0.10860277 0.10887175 0.6373174 ]

rule67: H40p4 > 0.714
probabilities_array:[0.14477898 0.10204717 0.09643384 0.01254355 0.         0.
 0.         0.         0.64419657]

rule8: P5p1 < 0.461
probabilities_array:[0.10801928 0.08446412 0.08171373 0.09652981 0.02065737 0.
 0.         0.         0.6086157 ]

rule63: H18pA > 0.167
probabilities_array:[0.13774502 0.11222185 0.04100517 0.         0.         0.
 0.         0.         0.70902795]


---1---
rule46: 0.110 < H2p2 < 0.180
probabilities_array:[0.09795807 0.12023852 0.11749448 0.01274955 0.         0.
 0.         0.         0.65155935]


---2---
rule46: 0.110 < H2p2 < 0.180
probabilities_array:[0.09795807 0.12023852 0.11749448 0.01274955 0.         0.
 0.         0.         0.65155935]


---3---
rule51: H8p2 > 0.150
probabilities_array:[0.00204325 0.03771066 0.06649464 0.13850133 0.08304415 0.02999068
 0.         0.         0.6422153 ]

rule15: P6p2 > 0.164
probabilities_array:[0.00309719 0.03301112 0.07193252 0.11847135 0.11250021 0.05663047
 0.         0.         0.6043571 ]

rule18: 0.163 < P11p4 < 0.218
probabilities_array:[0.         0.05337916 0.11279205 0.12379351 0.06338014 0.
 0.         0.         0.64665514]

rule66: 0.491 < H40p4 < 0.714
probabilities_array:[0.0000000e+00 2.8572039e-04 7.2610989e-02 1.2320169e-01 9.0366691e-02
 5.4237023e-02 5.5002916e-04 3.1822580e-03 6.5556550e-01]

rule62: 0.107 < H18pA < 0.167
probabilities_array:[0.         0.04945964 0.08191168 0.11909224 0.03888683 0.04895429
 0.00116068 0.         0.66053474]


---4---
rule15: P6p2 > 0.164
probabilities_array:[0.00309719 0.03301112 0.07193252 0.11847135 0.11250021 0.05663047
 0.         0.         0.6043571 ]


---5---
rule44: H2p2 < 0.040
probabilities_array:[0.         0.         0.         0.         0.         0.12033892
 0.13345553 0.12867323 0.6175323 ]

rule65: 0.267 < H40p4 < 0.491
probabilities_array:[0.         0.         0.         0.         0.05250844 0.10416555
 0.13747352 0.10768121 0.5981714 ]

rule42: 0.034 < P27p4 < 0.054
probabilities_array:[0.         0.         0.         0.02099149 0.09725326 0.11341277
 0.08069529 0.04273557 0.64491165]


---6---
rule175: Negative P6p2 - 0.064, H8p2 - 0.057
probabilities_array:[0.00094943 0.         0.         0.00085292 0.05141526 0.06186816
 0.15279135 0.0969184  0.63520455]

rule65: 0.267 < H40p4 < 0.491
probabilities_array:[0.         0.         0.         0.         0.05250844 0.10416555
 0.13747352 0.10768121 0.5981714 ]

rule44: H2p2 < 0.040
probabilities_array:[0.         0.         0.         0.         0.         0.12033892
 0.13345553 0.12867323 0.6175323 ]

rule6: 8044.398 < P1 < 57749.311
probabilities_array:[0.         0.         0.         0.         0.02131375 0.09637906
 0.12364966 0.1537974  0.6048601 ]

rule38: 0.004 < P18p2 < 0.007
probabilities_array:[0.         0.         0.         0.02031213 0.08874979 0.1078664
 0.1216167  0.02775436 0.6337006 ]

rule16: P11p4 < 0.109
probabilities_array:[0.         0.         0.         0.         0.04134842 0.11217657
 0.12542015 0.06622939 0.65482557]

rule20: P14p9 < 0.083
probabilities_array:[0.         0.         0.         0.         0.         0.11010048
 0.12604047 0.10710131 0.65675765]


---7---
rule6: 8044.398 < P1 < 57749.311
probabilities_array:[0.         0.         0.         0.         0.02131375 0.09637906
 0.12364966 0.1537974  0.6048601 ]

rule7: P1 > 57749.311
probabilities_array:[0.         0.         0.         0.         0.01024825 0.08356293
 0.10346456 0.15552805 0.6471961 ]

rule44: H2p2 < 0.040
probabilities_array:[0.         0.         0.         0.         0.         0.12033892
 0.13345553 0.12867323 0.6175323 ]

rule37: 0.000 < P18p2 < 0.004
probabilities_array:[0.         0.         0.00675576 0.03272827 0.05174973 0.05059138
 0.10809167 0.1192238  0.63085926]

rule65: 0.267 < H40p4 < 0.491
probabilities_array:[0.         0.         0.         0.         0.05250844 0.10416555
 0.13747352 0.10768121 0.5981714 ]

rule117: Negative P1 - 8044.398, P27p4 - 0.034
probabilities_array:[0.         0.         0.         0.00119783 0.04205419 0.11138412
 0.08408551 0.11420432 0.647074  ]

