MSE: 2.7940146450175102e-06

Accuracy: 0.5447309773957338

F1: 0.5158659013292594

Confusion Matrix: [[723, 149, 27, 11], [321, 173, 92, 44], [96, 115, 371, 274], [23, 14, 264, 444]]

Uncertainties: {'class0': [0.06160878390073776, 0.07606691867113113, 0.1761191338300705, 0.33143875002861023, 0.38530343770980835], 'class1': [0.013598097488284111, 0.06160878390073776, 0.07606691867113113, 0.1411629617214203, 0.1440587043762207], 'class2': [0.013598097488284111, 0.06160878390073776, 0.07606691867113113, 0.1411629617214203, 0.1440587043762207], 'class3': [0.013598097488284111, 0.1411629617214203, 0.1440587043762207, 0.23080018162727356, 0.2674456536769867]}

y_test: [0.002, -0.004, 0.001, 0.001, -0.001, -0.002, -0.004, 0.001, 0.001, 0.001, -0.001, -0.001, -0.005, -0.003, 0.001, 0.002, 0.001, 0.001, -0.001, 0.002, 0.004, 0.001, -0.004, 0.002, 0.001, -0.002, 0.001, -0.001, 0.002, 0.001, 0.001, 0.002, 0.001, -0.001, 0.003, 0.001, -0.002, -0.001, 0.002, -0.001, 0.003, -0.003, -0.001, -0.001, 0.001, 0.001, -0.001, 0.004, -0.003, 0.001, -0.001, -0.002, -0.002, 0.001, -0.002, 0.002, -0.002, -0.002, 0.001, 0.001, -0.002, -0.002, -0.002, -0.002, 0.001, 0.002, -0.002, 0.002, 0.001, 0.002, -0.002, 0.002, 0.002, -0.003, 0.001, 0.001, 0.001, 0.001, 0.003, 0.001, -0.004, -0.004, -0.002, -0.003, -0.006, 0.003, 0.001, -0.001, 0.003, 0.001, -0.003, 0.003, -0.001, -0.001, -0.003, 0.001, -0.001, 0.001, 0.001, -0.001, 0.001, 0.001, 0.001, -0.005, 0.002, 0.001, -0.004, -0.003, -0.001, 0.001, -0.002, -0.001, 0.001, 0.002, -0.002, 0.001, 0.003, 0.001, 0.002, 0.006, 0.001, 0.001, -0.003, 0.002, 0.002, 0.002, -0.001, 0.001, -0.002, 0.001, 0.001, 0.002, 0.003, 0.003, 0.003, 0.001, 0.001, 0.001, 0.001, 0.003, -0.003, 0.003, -0.002, 0.003, -0.002, -0.001, -0.001, 0.004, 0.001, 0.001, -0.005, 0.001, 0.004, 0.001, 0.002, -0.003, -0.002, 0.001, -0.002, -0.003, 0.001, 0.003, -0.001, 0.01, 0.002, -0.001, -0.001, -0.003, -0.002, -0.003, 0.002, 0.004, 0.002, -0.002, -0.002, -0.001, -0.002, 0.001, 0.001, -0.001, -0.002, -0.003, 0.003, 0.008, -0.001, -0.006, 0.001, -0.002, 0.001, 0.002, 0.001, -0.001, -0.001, 0.001, -0.001, 0.004, -0.001, -0.003, 0.001, 0.001, -0.002, 0.002, 0.001, -0.001, -0.003, 0.002, -0.003, -0.001, -0.003, -0.002, -0.002, -0.002, -0.006, -0.002, -0.002, -0.005, -0.001, -0.002, -0.003, -0.002, -0.001, 0.001, -0.003, -0.001, -0.001, 0.003, 0.001, -0.003, 0.001, 0.003, 0.001, 0.001, 0.001, 0.003, -0.003, -0.001, -0.003, 0.002, -0.001, -0.003, 0.001, 0.003, 0.001, 0.003, -0.001, 0.003, 0.001, -0.005, 0.005, -0.001, -0.001, -0.004, -0.004, -0.002, 0.004, -0.001, 0.001, -0.002, 0.001, 0.003, -0.001, 0.001, 0.001, -0.001, 0.001, 0.001, -0.001, 0.001, 0.001, -0.001, 0.001, 0.002, -0.002, 0.001, -0.001, 0.001, 0.003, -0.003, -0.005, 0.001, -0.003, 0.001, -0.001, 0.004, 0.002, -0.002, 0.006, -0.003, -0.001, -0.001, 0.005, 0.002, -0.005, 0.002, -0.001, -0.003, 0.001, -0.003, 0.003, -0.001, -0.002, -0.002, -0.001, 0.002, -0.001, -0.003, -0.001, 0.002, 0.003, -0.003, 0.001, 0.002, 0.002, 0.002, -0.002, 0.001, 0.002, 0.002, -0.001, 0.002, 0.002, -0.001, 0.006, -0.002, -0.002, 0.003, 0.002, 0.001, 0.003, -0.002, -0.002, -0.001, -0.001, 0.001, 0.002, -0.001, -0.004, -0.003, -0.004, 0.002, -0.004, -0.001, -0.002, 0.004, 0.003, -0.001, 0.002, 0.001, 0.003, -0.002, 0.002, 0.001, 0.002, 0.005, 0.008, 0.001, -0.001, 0.001, 0.001, 0.001, 0.002, 0.002, 0.002, 0.007, -0.003, -0.001, 0.001, -0.001, 0.002, 0.002, -0.008, -0.004, -0.001, 0.002, -0.003, -0.001, -0.002, -0.001, 0.001, 0.001, 0.002, 0.001, 0.001, -0.001, -0.001, 0.003, -0.004, 0.002, 0.002, 0.002, -0.003, 0.001, -0.001, 0.003, 0.009, -0.006, 0.004, 0.002, 0.001, -0.001, 0.002, -0.001, -0.002, 0.001, -0.001, -0.002, 0.001, -0.001, 0.001, -0.004, -0.001, 0.001, -0.001, 0.001, -0.001, 0.002, -0.002, 0.001, -0.001, 0.001, -0.005, 0.001, 0.001, 0.001, 0.001, -0.001, -0.006, -0.002, 0.001, -0.001, 0.001, 0.002, 0.001, -0.004, 0.001, -0.003, 0.001, -0.001, 0.002, 0.001, -0.002, 0.003, -0.002, -0.004, -0.002, 0.001, -0.001, 0.001, 0.002, -0.003, -0.001, 0.001, -0.001, -0.001, 0.003, -0.002, -0.001, 0.003, 0.001, -0.001, -0.001, -0.001, -0.001, 0.002, -0.003, -0.002, 0.001, -0.001, 0.002, 0.003, -0.002, -0.001, 0.008, 0.005, -0.001, 0.004, 0.002, -0.001, -0.002, 0.001, 0.001, -0.002, -0.002, -0.001, 0.001, -0.001, -0.002, 0.001, 0.001, 0.001, -0.001, -0.003, 0.002, -0.004, -0.003, -0.003, -0.001, -0.002, 0.001, -0.002, 0.004, 0.001, 0.001, -0.002, -0.001, -0.002, 0.001, -0.003, 0.003, -0.003, 0.001, 0.002, -0.001, 0.001, -0.001, 0.002, -0.003, -0.003, 0.001, 0.001, 0.001, -0.001, 0.004, -0.002, -0.001, -0.002, -0.002, 0.003, -0.003, -0.003, 0.001, 0.004, 0.003, -0.001, 0.001, 0.001, 0.001, -0.001, -0.001, 0.001, 0.001, 0.001, -0.003, 0.001, 0.001, -0.001, 0.001, 0.002, 0.001, -0.003, 0.001, 0.001, 0.001, -0.003, 0.002, 0.004, 0.001, 0.002, -0.003, -0.004, 0.001, -0.001, 0.002, -0.001, 0.001, 0.002, 0.002, 0.003, 0.002, -0.004, 0.001, 0.002, 0.001, -0.002, -0.003, 0.004, -0.001, 0.001, 0.001, -0.003, -0.002, 0.001, 0.001, -0.001, 0.001, 0.001, 0.001, -0.003, 0.001, 0.001, -0.005, 0.001, -0.001, -0.006, -0.002, -0.001, -0.003, -0.001, -0.001, -0.002, 0.003, -0.004, -0.004, 0.002, -0.003, -0.004, 0.001, -0.001, -0.002, 0.001, -0.001, 0.002, 0.002, 0.001, 0.002, 0.001, -0.001, -0.001, -0.001, 0.001, 0.001, -0.002, -0.002, -0.001, -0.002, -0.002, 0.002, -0.004, 0.001, 0.001, 0.003, -0.001, 0.001, 0.001, -0.002, 0.001, 0.002, 0.006, -0.001, -0.002, 0.002, -0.003, -0.004, -0.002, 0.004, 0.001, -0.001, 0.001, 0.001, -0.003, 0.001, -0.003, 0.001, 0.001, -0.002, 0.003, 0.003, 0.002, 0.001, -0.004, 0.001, 0.001, -0.001, 0.001, 0.002, 0.002, -0.001, 0.003, 0.001, 0.003, -0.001, 0.001, 0.002, -0.004, 0.003, 0.001, -0.002, -0.003, -0.002, 0.008, 0.001, -0.001, -0.003, 0.001, -0.001, 0.003, 0.002, -0.001, -0.001, -0.001, -0.001, -0.001, -0.001, 0.002, -0.004, 0.005, -0.001, -0.001, 0.001, 0.001, -0.001, -0.001, -0.002, -0.003, -0.001, -0.001, 0.002, -0.002, 0.002, 0.001, 0.007, 0.004, -0.001, -0.001, -0.004, 0.002, -0.002, -0.003, 0.003, 0.002, 0.001, -0.001, 0.001, 0.002, 0.001, 0.001, -0.001, -0.002, 0.001, -0.001, -0.001, 0.002, -0.001, 0.002, -0.002, -0.002, -0.002, -0.001, 0.001, -0.001, 0.001, -0.001, -0.002, 0.001, -0.002, -0.001, 0.001, 0.003, 0.001, -0.002, 0.001, -0.001, -0.004, 0.001, 0.001, -0.003, -0.002, -0.001, 0.002, 0.001, 0.001, 0.002, 0.001, 0.002, -0.002, -0.003, 0.001, 0.004, 0.001, -0.002, -0.004, 0.002, -0.005, 0.002, 0.002, 0.001, 0.001, 0.002, -0.001, -0.005, 0.001, -0.001, -0.003, 0.001, 0.003, -0.003, 0.002, 0.002, 0.001, -0.006, 0.001, -0.002, -0.002, 0.001, -0.001, 0.002, -0.001, -0.004, -0.001, 0.001, 0.006, -0.001, -0.003, 0.001, 0.001, 0.001, -0.001, -0.001, -0.002, 0.004, -0.001, 0.002, 0.002, -0.003, 0.001, 0.001, -0.001, 0.001, 0.001, -0.001, 0.001, -0.002, -0.004, 0.001, 0.001, 0.001, 0.001, 0.001, -0.001, 0.003, -0.001, -0.002, -0.001, -0.001, -0.002, -0.003, 0.001, 0.002, -0.001, 0.002, 0.001, 0.001, 0.001, -0.001, 0.002, 0.001, -0.002, 0.001, -0.003, -0.001, 0.001, -0.001, 0.001, 0.002, -0.004, -0.001, 0.001, 0.001, 0.003, 0.001, -0.001, -0.001, -0.003, -0.001, -0.002, -0.001, 0.003, 0.005, 0.002, 0.002, -0.002, 0.003, 0.002, 0.001, 0.001, 0.001, -0.001, 0.002, 0.001, 0.002, -0.005, 0.001, -0.002, -0.001, 0.002, 0.003, 0.001, -0.002, 0.001, 0.002, -0.001, 0.003, 0.002, 0.001, -0.001, 0.003, -0.002, -0.001, 0.001, -0.001, 0.001, 0.003, 0.001, 0.001, 0.001, -0.001, 0.003, 0.003, 0.004, -0.003, 0.002, 0.002, -0.002, -0.006, -0.004, 0.001, -0.002, 0.001, 0.001, 0.001, -0.001, -0.001, -0.002, -0.001, 0.001, 0.003, 0.001, -0.001, -0.002, -0.003, -0.001, -0.001, -0.001, 0.001, -0.001, -0.001, -0.001, 0.003, 0.001, -0.006, 0.003, 0.002, 0.003, 0.001, -0.003, 0.002, 0.002, 0.002, -0.002, -0.003, 0.001, 0.002, 0.004, -0.002, -0.002, 0.002, 0.001, -0.001, 0.004, 0.003, -0.002, 0.003, 0.002, 0.002, -0.002, -0.002, -0.002, 0.002, 0.001, -0.005, 0.002, -0.003, 0.001, -0.004, -0.001, 0.001, 0.003, -0.002, 0.006, 0.001, -0.001, -0.001, -0.002, 0.002, -0.001, 0.002, -0.003, 0.003, 0.001, -0.003, -0.002, 0.001, 0.002, -0.001, 0.003, -0.003, 0.001, 0.002, -0.001, -0.002, 0.001, -0.002, -0.001, 0.002, -0.002, 0.002, -0.002, 0.001, 0.001, -0.001, -0.003, 0.001, -0.001, -0.001, -0.002, 0.001, -0.002, 0.001, 0.002, -0.001, -0.002, 0.001, -0.002, -0.007, 0.002, 0.004, 0.002, 0.001, -0.003, 0.002, -0.002, 0.001, -0.001, -0.002, -0.001, 0.001, 0.002, 0.001, 0.002, -0.004, -0.003, -0.002, 0.001, 0.001, 0.002, 0.001, -0.007, 0.001, -0.005, -0.001, 0.003, 0.001, 0.003, -0.008, 0.004, 0.001, -0.002, 0.001, 0.001, -0.002, -0.001, -0.001, 0.001, -0.002, 0.002, 0.001, -0.002, 0.001, 0.001, 0.002, 0.002, 0.001, 0.001, 0.001, -0.002, -0.001, -0.001, -0.002, -0.003, -0.002, 0.001, -0.002, -0.003, 0.003, -0.007, 0.002, 0.001, 0.001, 0.002, 0.005, -0.001, 0.001, -0.004, 0.003, -0.002, 0.001, -0.001, 0.003, -0.003, 0.002, -0.003, -0.001, -0.003, 0.003, 0.002, 0.001, -0.002, 0.002, 0.001, -0.002, -0.002, -0.002, 0.001, -0.011, 0.001, -0.002, 0.002, -0.002, 0.001, 0.002, -0.002, 0.003, -0.002, -0.001, 0.002, 0.001, 0.001, -0.001, -0.001, -0.004, 0.004, 0.001, 0.001, 0.001, 0.001, 0.001, -0.001, 0.005, 0.001, -0.001, -0.004, -0.001, -0.002, -0.003, -0.005, 0.002, -0.003, 0.001, -0.002, 0.002, -0.002, -0.001, 0.001, 0.001, -0.003, -0.001, -0.003, -0.001, -0.001, -0.001, -0.006, -0.002, 0.002, 0.003, 0.001, -0.003, -0.002, 0.001, 0.002, 0.002, -0.002, -0.006, -0.004, -0.002, -0.001, -0.001, -0.002, -0.002, 0.001, -0.001, -0.001, 0.004, 0.002, -0.002, 0.002, 0.001, -0.001, -0.004, 0.003, -0.003, 0.001, -0.002, -0.003, 0.001, 0.004, -0.001, 0.001, 0.002, 0.001, 0.005, -0.002, -0.002, -0.003, -0.003, -0.001, -0.003, 0.004, 0.001, 0.002, -0.005, -0.001, 0.003, 0.001, 0.001, -0.003, -0.002, -0.001, -0.007, -0.002, 0.001, -0.003, -0.002, -0.001, -0.001, 0.001, 0.001, 0.001, 0.001, 0.001, -0.002, 0.002, -0.004, 0.001, -0.003, 0.001, -0.001, 0.001, 0.002, 0.001, 0.002, -0.001, -0.002, 0.001, 0.002, 0.001, 0.002, 0.004, 0.002, -0.005, 0.001, -0.003, 0.003, -0.004, -0.001, 0.001, 0.001, -0.001, 0.002, 0.001, 0.002, -0.001, -0.001, -0.005, 0.003, -0.003, 0.001, 0.002, 0.001, -0.001, 0.003, 0.001, 0.005, -0.002, -0.002, 0.001, -0.001, 0.001, -0.001, -0.001, -0.001, -0.001, -0.003, 0.001, -0.002, 0.001, 0.001, 0.002, -0.002, -0.002, 0.001, -0.003, -0.001, -0.001, 0.001, -0.002, -0.002, 0.001, 0.003, 0.001, 0.001, 0.002, -0.002, 0.002, -0.003, 0.003, 0.002, -0.001, -0.001, -0.002, 0.003, 0.001, -0.003, -0.003, 0.001, -0.001, -0.003, 0.002, 0.001, 0.002, -0.002, -0.002, 0.001, -0.003, -0.002, -0.003, 0.001, 0.002, 0.001, 0.002, 0.001, 0.001, -0.002, -0.004, 0.001, 0.001, -0.001, 0.001, -0.001, -0.002, 0.002, 0.001, 0.001, -0.007, 0.002, -0.003, 0.001, 0.001, -0.002, -0.001, -0.001, -0.003, -0.001, -0.001, -0.002, -0.003, -0.004, 0.002, -0.003, 0.001, -0.002, 0.003, -0.001, 0.001, 0.002, -0.004, -0.004, 0.001, -0.003, -0.002, -0.002, -0.001, 0.001, 0.002, 0.002, -0.004, 0.003, -0.002, 0.001, -0.001, 0.001, -0.003, -0.002, -0.001, 0.001, 0.001, 0.002, 0.002, -0.001, 0.003, 0.001, -0.003, 0.001, -0.001, -0.001, -0.002, 0.002, -0.002, -0.002, -0.003, 0.001, -0.001, -0.002, 0.001, -0.004, -0.001, 0.004, -0.003, -0.001, 0.001, 0.002, -0.011, -0.002, -0.003, -0.001, 0.001, -0.001, 0.001, 0.002, -0.009, 0.001, 0.003, 0.001, 0.002, 0.001, 0.001, 0.002, 0.002, -0.002, 0.002, -0.003, -0.004, 0.003, -0.002, 0.002, 0.001, 0.001, 0.003, -0.005, -0.005, -0.003, 0.001, -0.002, -0.002, -0.002, -0.001, -0.004, 0.002, -0.003, -0.003, 0.002, 0.002, -0.001, 0.003, -0.003, 0.004, 0.001, 0.001, -0.002, -0.002, 0.001, 0.001, -0.002, 0.001, -0.005, 0.003, -0.002, 0.002, 0.001, 0.001, 0.002, -0.002, -0.001, 0.002, -0.002, -0.001, -0.002, -0.001, 0.001, -0.001, -0.001, 0.001, 0.001, -0.002, 0.001, -0.001, 0.001, -0.002, -0.001, -0.001, -0.001, -0.002, -0.005, -0.001, 0.002, 0.002, -0.003, 0.007, -0.001, -0.002, 0.004, -0.003, -0.003, -0.003, 0.001, 0.001, -0.005, 0.002, 0.001, -0.002, 0.005, 0.002, -0.002, -0.003, 0.001, -0.002, 0.003, -0.002, -0.006, 0.001, 0.001, -0.002, 0.002, 0.002, 0.002, -0.001, -0.002, 0.001, -0.001, 0.001, -0.002, -0.001, -0.001, -0.001, -0.002, 0.001, -0.003, -0.001, 0.002, -0.002, -0.002, 0.001, -0.003, -0.002, -0.002, -0.001, -0.001, 0.002, -0.002, 0.001, 0.002, -0.001, -0.001, -0.002, 0.002, 0.004, -0.001, -0.002, -0.005, -0.001, -0.001, -0.003, 0.001, 0.001, -0.001, -0.001, 0.004, 0.003, 0.002, -0.002, 0.001, -0.002, 0.003, 0.005, 0.001, -0.002, -0.005, -0.001, -0.004, -0.005, 0.003, -0.003, -0.002, -0.002, 0.004, -0.001, -0.001, -0.004, -0.001, 0.004, 0.002, 0.001, 0.001, 0.001, -0.002, -0.001, 0.001, -0.002, -0.001, -0.001, -0.002, -0.003, -0.002, -0.001, -0.002, -0.001, -0.001, 0.001, -0.003, 0.003, 0.001, 0.001, 0.001, 0.001, 0.005, 0.001, 0.001, 0.001, 0.004, -0.001, 0.002, -0.001, 0.004, 0.002, 0.002, -0.002, 0.004, 0.002, -0.001, 0.002, 0.003, -0.003, 0.003, 0.001, 0.001, -0.002, -0.002, 0.001, -0.003, -0.003, 0.004, 0.003, -0.004, 0.001, -0.001, 0.002, -0.003, 0.001, 0.001, -0.002, -0.002, -0.002, -0.001, 0.002, 0.001, 0.001, -0.002, -0.001, 0.009, -0.002, -0.001, -0.001, 0.004, 0.004, 0.002, -0.002, 0.001, 0.003, -0.005, 0.004, 0.002, 0.001, 0.001, 0.001, -0.001, -0.003, 0.001, 0.001, 0.001, -0.002, -0.002, -0.001, -0.001, 0.001, -0.004, 0.001, 0.001, -0.004, -0.004, 0.001, 0.001, -0.002, -0.001, 0.002, -0.001, -0.001, -0.003, -0.005, 0.002, -0.001, 0.001, -0.001, -0.001, -0.002, 0.002, -0.001, -0.004, -0.007, 0.002, -0.001, 0.001, 0.002, -0.001, 0.001, -0.001, -0.001, -0.003, 0.001, -0.001, -0.003, 0.001, -0.005, 0.001, -0.003, 0.001, -0.004, -0.001, -0.003, 0.002, -0.006, -0.001, 0.001, 0.003, 0.001, -0.002, 0.002, 0.001, 0.002, -0.002, 0.006, 0.002, -0.003, -0.002, -0.002, 0.002, 0.002, 0.003, -0.002, -0.002, 0.001, -0.002, -0.001, 0.001, 0.001, -0.001, -0.002, -0.001, -0.001, -0.001, -0.001, -0.001, -0.001, -0.001, 0.003, -0.001, 0.004, -0.002, 0.001, 0.001, -0.003, -0.009, 0.002, 0.003, 0.001, 0.001, 0.002, -0.001, -0.001, -0.002, -0.002, -0.001, -0.001, -0.005, 0.004, 0.001, 0.001, 0.001, 0.001, 0.002, 0.001, -0.001, 0.004, 0.001, 0.003, 0.001, -0.003, -0.001, -0.001, -0.002, 0.001, 0.001, -0.001, 0.002, 0.001, -0.002, 0.004, -0.002, -0.001, -0.003, 0.001, -0.004, -0.001, -0.001, -0.001, 0.002, -0.002, -0.004, 0.002, -0.002, 0.001, -0.005, 0.002, -0.001, -0.001, 0.001, 0.003, -0.001, -0.002, 0.002, 0.001, 0.006, -0.002, 0.002, -0.002, -0.001, -0.001, 0.001, 0.001, 0.003, 0.001, -0.001, 0.001, -0.001, -0.002, 0.001, 0.002, -0.003, -0.004, 0.003, -0.004, -0.003, -0.001, 0.001, 0.001, 0.003, -0.003, 0.001, 0.002, -0.001, 0.001, 0.001, -0.001, -0.002, 0.003, -0.002, 0.008, 0.001, 0.001, -0.001, 0.001, 0.002, -0.004, -0.002, -0.002, 0.001, -0.001, 0.002, 0.001, 0.009, -0.002, 0.002, -0.002, 0.001, 0.002, 0.002, 0.001, -0.003, -0.002, 0.002, -0.001, 0.002, 0.001, -0.001, 0.002, 0.001, 0.002, 0.003, 0.001, 0.001, -0.003, -0.001, -0.002, -0.002, 0.002, -0.003, 0.001, 0.001, -0.004, -0.001, 0.001, -0.001, -0.005, 0.001, -0.003, 0.004, -0.005, 0.002, 0.003, 0.002, -0.002, 0.001, -0.001, 0.001, -0.003, -0.002, -0.004, -0.005, 0.002, 0.003, 0.003, 0.004, -0.001, -0.003, -0.002, -0.001, 0.002, 0.001, -0.002, 0.001, 0.003, 0.002, -0.003, -0.003, 0.001, 0.001, -0.001, -0.001, 0.001, 0.001, -0.001, 0.001, 0.002, -0.001, -0.005, 0.003, -0.002, -0.002, -0.002, -0.008, -0.001, -0.003, -0.001, 0.001, 0.001, -0.002, 0.005, 0.003, 0.003, -0.002, -0.003, 0.001, 0.001, 0.002, 0.001, -0.003, 0.005, 0.002, 0.002, 0.005, -0.002, 0.001, 0.002, 0.004, 0.001, 0.001, -0.007, -0.008, 0.001, 0.001, 0.001, -0.001, -0.001, 0.002, -0.001, 0.003, 0.001, 0.002, 0.002, 0.002, 0.003, -0.002, -0.002, -0.002, 0.001, 0.001, 0.002, -0.004, 0.005, -0.003, -0.001, -0.005, -0.001, 0.002, -0.001, -0.001, -0.001, 0.004, -0.001, 0.001, -0.002, 0.001, 0.003, 0.001, 0.001, -0.005, 0.001, -0.002, 0.001, 0.001, 0.001, -0.001, -0.001, -0.001, 0.004, 0.002, 0.002, 0.001, 0.001, 0.001, 0.002, 0.002, -0.001, 0.001, -0.001, -0.006, -0.001, 0.002, 0.006, -0.002, -0.001, 0.001, 0.001, 0.002, -0.002, 0.005, 0.001, -0.001, 0.001, 0.001, -0.005, -0.004, -0.002, -0.001, -0.002, -0.001, -0.001, 0.001, -0.001, -0.001, 0.001, 0.001, -0.001, 0.001, -0.003, -0.002, -0.002, -0.002, 0.001, -0.001, 0.001, -0.002, 0.003, -0.004, -0.002, 0.002, 0.001, 0.001, 0.002, 0.003, -0.002, 0.002, 0.002, 0.002, -0.002, -0.002, -0.001, 0.001, 0.002, -0.003, 0.002, -0.001, -0.002, 0.001, 0.002, -0.002, -0.003, 0.003, 0.001, -0.001, -0.001, -0.001, -0.002, -0.002, -0.001, -0.002, 0.001, -0.005, -0.001, -0.006, -0.002, 0.004, 0.002, 0.005, -0.001, 0.001, -0.001, 0.001, -0.001, 0.002, 0.003, -0.001, 0.002, -0.001, -0.001, -0.001, -0.003, 0.002, -0.004, 0.003, -0.001, 0.001, 0.004, -0.002, -0.003, -0.001, -0.002, 0.001, 0.001, -0.001, -0.002, 0.005, -0.001, 0.002, -0.001, 0.004, 0.001, -0.001, 0.002, -0.002, 0.002, 0.006, -0.001, -0.001, -0.002, 0.004, -0.002, -0.002, 0.001, 0.001, -0.001, 0.006, -0.001, -0.001, 0.001, -0.001, 0.001, 0.003, 0.003, 0.001, -0.002, -0.003, -0.001, -0.002, 0.001, -0.002, 0.002, -0.001, 0.001, 0.002, -0.001, -0.002, -0.004, 0.001, -0.001, 0.004, -0.002, 0.001, -0.001, -0.002, 0.003, 0.001, 0.001, 0.002, 0.001, 0.001, -0.001, 0.001, -0.001, -0.002, 0.003, 0.001, 0.001, 0.001, 0.001, -0.009, 0.002, 0.001, -0.003, -0.002, 0.001, -0.004, 0.001, 0.001, 0.001, 0.001, 0.002, 0.001, -0.001, 0.001, -0.003, 0.001, -0.001, 0.003, 0.003, 0.001, -0.001, -0.001, -0.001, 0.001, -0.001, 0.001, -0.001, -0.008, -0.002, 0.002, -0.001, -0.004, 0.001, 0.001, 0.003, -0.001, -0.002, 0.001, -0.003, -0.001, -0.003, -0.001, 0.001, 0.001, -0.001, -0.002, 0.002, -0.004, 0.003, 0.001, -0.006, 0.002, 0.001, 0.002, 0.004, 0.001, 0.001, -0.002, 0.001, -0.001, 0.002, -0.004, -0.003, 0.001, -0.003, -0.001, -0.005, 0.001, -0.004, 0.002, -0.002, -0.004, 0.001, -0.001, 0.001, -0.004, -0.002, -0.004, 0.002, -0.003, -0.002, -0.004, 0.002, 0.002, -0.001, -0.001, 0.001, -0.001, -0.002, -0.002, -0.002, 0.004, -0.001, 0.001, 0.003, -0.004, 0.001, 0.001, 0.001, 0.001, -0.002, -0.001, 0.002, -0.002, -0.002, 0.002, 0.002, -0.002, -0.001, -0.001, 0.002, -0.002, 0.001, -0.004, 0.001, -0.005, 0.005, -0.003, 0.002, -0.001, 0.001, 0.001, 0.001, 0.003, -0.004, -0.001, 0.001, -0.002, -0.001, -0.001, 0.002, 0.005, 0.002, 0.001, 0.001, 0.003, 0.002, -0.003, 0.002, 0.001, -0.002, -0.001, -0.003, 0.003, -0.001, -0.001, 0.001, 0.001, 0.001, -0.001, 0.001, -0.001, 0.001, 0.002, -0.001, -0.003, 0.001, -0.003, -0.002, -0.001, 0.001, -0.004, -0.003, 0.002, -0.002, -0.001, 0.001, -0.001, 0.002, 0.001, 0.001, 0.003, -0.003, -0.001, 0.002, 0.002, -0.003, 0.001, 0.004, 0.003, -0.001, -0.001, 0.001, -0.001, -0.002, -0.003, -0.005, 0.001, -0.002, -0.006, -0.001, -0.002, -0.001, -0.003, -0.001, 0.003, 0.002, -0.003, -0.001, 0.002, 0.001, 0.001, 0.001, 0.001, 0.001, -0.006, 0.002, -0.001, 0.002, -0.004, 0.002, 0.001, 0.001, -0.001, -0.001, 0.001, 0.001, -0.001, -0.002, -0.001, -0.002, 0.001, 0.003, 0.001, -0.001, -0.001, -0.001, 0.002, -0.002, 0.002, -0.003, 0.001, 0.003, -0.006, -0.002, 0.001, -0.001, -0.001, 0.001, -0.001, 0.001, -0.002, -0.001, 0.009, -0.001, -0.001, 0.001, 0.001, 0.002, -0.001, -0.004, 0.002, -0.005, -0.001, 0.001, 0.001, -0.006, 0.001, 0.002, -0.001, -0.003, 0.004, -0.001, -0.001, 0.001, 0.001, -0.001, 0.001, -0.002, -0.001, -0.001, 0.001, 0.001, 0.003, 0.003, 0.001, -0.001, 0.001, -0.002, 0.001, -0.003, -0.001, 0.001, 0.001, 0.001, 0.001, 0.002, -0.001, -0.002, 0.001, -0.002, 0.001, -0.002, -0.002, -0.001, 0.001, 0.001, 0.002, -0.003, 0.002, 0.002, -0.003, 0.002, -0.001, -0.002, -0.002, -0.004, -0.004, 0.001, 0.001, -0.002, -0.002, 0.002, 0.001, -0.004, -0.001, -0.002, -0.001, -0.002, 0.002, 0.003, -0.004, 0.001, 0.002, -0.002, 0.001, 0.004, -0.001, -0.001, -0.001, -0.003, -0.003, 0.001, 0.002, 0.001, 0.001, -0.002, -0.004, 0.003, 0.001, 0.001, -0.004, 0.001, -0.001, -0.001, -0.001, -0.001, 0.004, 0.001, 0.001, 0.001, 0.002, -0.002, 0.001, -0.005, 0.004, -0.002, -0.004, 0.001, -0.001, 0.002, -0.003, -0.004, 0.009, 0.002, 0.002, 0.001, 0.001, -0.005, -0.002, 0.001, -0.001, 0.002, 0.001, 0.001, 0.001, 0.002, 0.001, 0.002, -0.002, 0.002, -0.001, 0.001, -0.001, -0.003, 0.003, 0.001, 0.002, 0.001, 0.001, 0.002, 0.006, 0.001, -0.001, -0.005, -0.003, 0.007, 0.001, 0.001, 0.001, -0.002, -0.001, -0.001, 0.001, 0.004, -0.004, 0.002, -0.001, -0.001, 0.003, 0.001, 0.002, -0.006, -0.002, -0.006, 0.001, -0.001, -0.003, -0.003, -0.001, 0.001, -0.001, -0.004, 0.001, -0.001, 0.003, -0.002, -0.002, -0.001, -0.002, 0.001, 0.003, 0.001, -0.004, 0.002, -0.002, -0.003, -0.001, 0.001, 0.003, -0.001, -0.001, -0.002, 0.003, 0.001, -0.001, 0.001, -0.003, 0.002, -0.005, 0.001, 0.001, 0.002, -0.003, -0.004, -0.003, -0.003, 0.001, -0.002, 0.001, 0.001, 0.002, -0.002, 0.004, 0.001, -0.002, 0.001, 0.001, -0.001, 0.002, -0.001, -0.001, 0.002, 0.001, -0.001, -0.002, 0.004, -0.002, 0.003, -0.001, -0.003, -0.001, 0.001, 0.001, -0.004, -0.003, 0.001, -0.002, -0.001, 0.001, 0.002, 0.001, 0.004, 0.002, -0.004, 0.001, 0.001, -0.001, -0.001, -0.001, 0.002, -0.004, -0.003, -0.001, -0.002, 0.002, -0.002, -0.001, -0.006, -0.002, -0.001, -0.004, 0.001, 0.002, 0.001, -0.001, 0.003, 0.001, -0.001, -0.001, 0.001, -0.001, -0.001, 0.001, 0.001, 0.003, 0.001, 0.002, -0.003, -0.001, 0.004, -0.003, -0.001, -0.001, 0.003, -0.001, 0.001, -0.003, 0.001, 0.002, -0.001, -0.001, 0.001, 0.001, -0.004, -0.003, -0.003, -0.002, 0.001, -0.002, 0.002, 0.005, 0.001, 0.001, 0.005, 0.002, 0.001, 0.001, -0.001, -0.002, -0.004, 0.001, -0.002, -0.003, -0.001, -0.003, 0.003, 0.002, -0.004, -0.001, 0.001, 0.002, 0.003, -0.003, 0.003, 0.001, 0.001, 0.001, -0.005, -0.003, 0.001, -0.002, 0.002, 0.005, -0.004, 0.001, 0.003, -0.003, 0.004, 0.004, -0.003, 0.001, 0.003, 0.002, -0.003, -0.003, 0.003, -0.002, -0.002, 0.002, -0.001, 0.001, 0.001, -0.002, 0.001, -0.001, -0.002, 0.002, 0.001, 0.006, 0.001, -0.002, 0.001, -0.002, -0.001, -0.002, 0.002, 0.003, -0.006, 0.003, -0.001, -0.002, 0.001, -0.001, 0.002, -0.003, -0.001, -0.002, -0.002, -0.001, 0.001, 0.005, -0.002, -0.002, -0.004, -0.002, 0.001, -0.003, 0.002, -0.001, -0.001, 0.002, 0.002, 0.001, -0.002, 0.002, 0.001, 0.001, -0.001, -0.002, -0.003, 0.003, -0.002, -0.004, -0.003, -0.003, 0.002, -0.001, -0.002, -0.002, 0.001, -0.001, 0.002, -0.001, -0.001, 0.002, 0.001, 0.001, -0.001, -0.006, 0.006, -0.001, -0.005, -0.001, 0.001, 0.001, 0.002, 0.001, 0.003, 0.001, 0.001, -0.003, 0.004, -0.001, -0.003, 0.002, 0.001, 0.001, 0.001, 0.002, -0.001, 0.001, -0.001, -0.004, -0.001, 0.001, 0.004, 0.001, -0.001, 0.001, 0.002, -0.002, 0.002, -0.002, 0.001, 0.001, 0.001, 0.002, -0.003, 0.004, 0.001, 0.002, -0.001, -0.002, 0.001, -0.001, 0.001, 0.001, -0.005, -0.001, 0.003, -0.002, -0.001, -0.001, -0.003, -0.001, 0.001, 0.001, 0.001, 0.001, 0.002, 0.004, 0.003, -0.001, -0.001, -0.002, -0.004, 0.001, -0.003, 0.005, -0.002, 0.003, 0.002, 0.002, -0.001, -0.001, 0.001, 0.001, 0.004, -0.001, 0.003, 0.003, -0.003, -0.001, -0.002, -0.002, -0.001, 0.002, -0.005, 0.001, 0.001, 0.001, 0.002, -0.002, 0.002, -0.001, -0.002, -0.004, 0.001, 0.001, 0.004, 0.003, 0.001, 0.003, -0.002, 0.001, -0.007, -0.006, 0.001, 0.002, 0.001, 0.002, 0.002, -0.003, 0.006, 0.001, 0.001, 0.001, 0.001, 0.001, -0.003, 0.001, 0.001, -0.002, -0.006, 0.001, 0.002, -0.004, -0.002, -0.001, -0.002, -0.002, 0.001, 0.003, 0.001, -0.001, 0.001, -0.001, 0.001, -0.003, 0.001, 0.002, -0.004, 0.001, -0.001, 0.002, -0.001, 0.001, 0.001, 0.001, 0.001, 0.004, -0.003, -0.001, 0.001, -0.004, 0.002, -0.001, 0.001, -0.001, -0.003, 0.001, 0.002, -0.001, 0.004, -0.003, 0.006, -0.002, 0.002, 0.003, 0.001, -0.003, -0.002, -0.003, -0.002, 0.002, 0.002, 0.004, 0.003, 0.002, -0.001, -0.003, -0.001, 0.002, 0.001, 0.002, -0.006, -0.003, -0.001, -0.001, -0.001, 0.002, -0.004, -0.003, 0.001, -0.006, -0.003, 0.012, -0.001, -0.001, -0.001, -0.001, 0.002, 0.001, 0.002, 0.003, 0.001, -0.004, -0.002, -0.001, -0.003, -0.002, -0.003, -0.003, -0.004, 0.001, 0.002, 0.001, 0.001, 0.001, 0.002, -0.002, -0.005, 0.001, 0.002, -0.002, 0.001, 0.002, -0.005, -0.002, -0.003, 0.002, 0.003, -0.004, -0.001, 0.001, -0.003, 0.001, -0.002, -0.001, -0.002, 0.001, -0.001, -0.001, -0.003, -0.002, 0.001, 0.002, 0.002, -0.001, -0.007, 0.002, 0.001, 0.002, 0.001, -0.001, 0.001]

buck_pred: [3, 0, 2, 2, 0, 0, 0, 2, 2, 2, 0, 2, 0, 1, 3, 2, 2, 3, 1, 2, 3, 3, 0, 3, 2, 0, 2, 0, 2, 2, 2, 2, 3, 1, 2, 2, 1, 0, 2, 3, 3, 0, 0, 0, 2, 0, 0, 3, 0, 2, 0, 1, 0, 3, 0, 2, 0, 0, 3, 1, 0, 0, 0, 0, 0, 2, 1, 0, 3, 3, 0, 3, 3, 0, 1, 3, 2, 2, 3, 2, 0, 0, 0, 0, 0, 2, 2, 1, 2, 0, 1, 3, 1, 3, 0, 1, 0, 3, 0, 0, 1, 2, 3, 0, 3, 0, 0, 0, 1, 2, 0, 2, 3, 3, 0, 3, 3, 2, 2, 3, 2, 1, 0, 1, 2, 3, 0, 2, 2, 2, 3, 3, 2, 2, 2, 3, 3, 1, 2, 2, 0, 3, 2, 3, 1, 0, 3, 3, 3, 2, 0, 2, 3, 0, 2, 1, 1, 0, 1, 0, 0, 2, 0, 3, 3, 0, 0, 0, 0, 0, 2, 3, 2, 0, 0, 1, 0, 2, 1, 2, 0, 0, 2, 3, 1, 0, 2, 0, 3, 2, 1, 1, 0, 1, 0, 3, 0, 1, 3, 2, 0, 3, 3, 0, 0, 2, 0, 2, 0, 0, 1, 0, 0, 0, 0, 1, 0, 0, 1, 0, 1, 2, 0, 1, 0, 2, 2, 0, 0, 0, 3, 2, 2, 3, 0, 0, 0, 3, 0, 0, 1, 3, 2, 3, 1, 3, 1, 0, 3, 0, 0, 0, 0, 0, 3, 0, 3, 0, 2, 3, 1, 1, 0, 2, 2, 2, 0, 3, 1, 2, 2, 2, 0, 2, 0, 3, 3, 0, 0, 3, 0, 3, 0, 3, 3, 0, 3, 0, 0, 0, 3, 3, 0, 2, 1, 0, 0, 0, 2, 2, 0, 0, 0, 3, 0, 0, 1, 3, 3, 0, 2, 3, 3, 3, 0, 0, 3, 3, 0, 3, 3, 0, 3, 0, 1, 3, 2, 3, 3, 1, 0, 1, 1, 2, 3, 0, 0, 1, 0, 3, 0, 2, 0, 2, 3, 1, 2, 3, 3, 0, 3, 2, 3, 2, 3, 3, 1, 0, 3, 1, 2, 3, 3, 3, 1, 0, 2, 3, 2, 2, 3, 0, 0, 3, 1, 1, 0, 2, 0, 2, 2, 2, 3, 1, 3, 3, 0, 3, 3, 3, 0, 2, 0, 3, 3, 0, 3, 3, 2, 0, 2, 0, 1, 3, 2, 1, 3, 1, 2, 0, 0, 3, 0, 3, 0, 2, 0, 2, 0, 2, 0, 2, 1, 2, 2, 0, 0, 1, 3, 0, 1, 3, 1, 0, 2, 0, 2, 3, 2, 2, 0, 3, 0, 0, 0, 2, 3, 0, 3, 1, 0, 2, 1, 0, 2, 0, 0, 3, 3, 0, 2, 0, 2, 2, 0, 3, 3, 1, 3, 2, 0, 2, 3, 3, 1, 3, 2, 0, 0, 2, 0, 1, 0, 0, 3, 0, 0, 3, 2, 3, 1, 0, 3, 0, 0, 1, 2, 0, 2, 0, 2, 3, 2, 0, 1, 0, 2, 0, 3, 0, 2, 3, 1, 3, 0, 2, 1, 0, 0, 2, 2, 0, 3, 0, 2, 1, 3, 2, 0, 0, 2, 2, 2, 1, 3, 3, 3, 0, 0, 3, 1, 2, 0, 3, 2, 1, 2, 2, 3, 0, 2, 3, 3, 1, 1, 2, 3, 2, 1, 0, 3, 0, 3, 1, 2, 3, 3, 2, 2, 1, 3, 2, 2, 0, 0, 2, 2, 3, 2, 0, 0, 1, 2, 3, 2, 2, 2, 1, 3, 3, 0, 3, 0, 1, 0, 0, 0, 2, 1, 0, 3, 0, 0, 2, 0, 0, 2, 2, 1, 2, 0, 2, 3, 0, 3, 2, 0, 1, 0, 0, 2, 0, 0, 0, 2, 0, 3, 0, 2, 3, 2, 0, 3, 1, 1, 2, 2, 3, 3, 0, 3, 1, 0, 0, 3, 2, 0, 3, 3, 0, 3, 0, 1, 2, 0, 2, 2, 3, 1, 0, 3, 3, 3, 2, 2, 3, 0, 3, 3, 3, 1, 0, 2, 0, 2, 1, 0, 0, 0, 3, 2, 2, 0, 2, 1, 3, 2, 1, 0, 2, 0, 1, 0, 2, 0, 2, 0, 0, 0, 3, 0, 0, 0, 0, 0, 2, 2, 0, 3, 2, 2, 2, 0, 3, 0, 3, 2, 2, 2, 0, 2, 0, 2, 3, 1, 0, 1, 0, 1, 0, 1, 3, 0, 3, 0, 0, 0, 1, 2, 1, 3, 1, 0, 1, 2, 0, 2, 3, 2, 0, 3, 0, 0, 3, 2, 0, 1, 0, 3, 0, 2, 3, 1, 2, 0, 0, 2, 2, 3, 0, 0, 2, 0, 3, 3, 2, 2, 2, 1, 0, 0, 0, 1, 2, 2, 0, 2, 0, 1, 0, 1, 0, 2, 3, 2, 3, 1, 2, 0, 2, 2, 2, 0, 3, 0, 2, 0, 0, 0, 3, 0, 3, 3, 0, 3, 2, 0, 1, 3, 0, 2, 0, 0, 3, 2, 2, 2, 2, 3, 2, 0, 1, 1, 0, 1, 0, 2, 3, 0, 3, 1, 1, 1, 3, 2, 0, 0, 2, 0, 1, 3, 0, 3, 2, 0, 0, 2, 2, 2, 3, 0, 0, 0, 2, 0, 0, 3, 3, 2, 3, 0, 3, 3, 3, 2, 2, 0, 3, 3, 2, 1, 3, 0, 2, 3, 3, 0, 0, 3, 3, 0, 2, 3, 0, 0, 3, 0, 1, 2, 0, 2, 3, 3, 1, 2, 1, 3, 2, 3, 0, 2, 3, 0, 0, 0, 2, 0, 3, 2, 1, 0, 2, 0, 0, 3, 3, 2, 0, 0, 0, 0, 0, 3, 1, 3, 1, 1, 2, 3, 0, 0, 0, 3, 3, 0, 3, 3, 3, 0, 0, 1, 2, 3, 0, 0, 2, 2, 1, 3, 3, 1, 3, 2, 1, 0, 0, 0, 3, 3, 0, 3, 1, 0, 0, 2, 3, 3, 0, 2, 2, 0, 0, 0, 2, 0, 2, 1, 3, 2, 0, 0, 2, 2, 1, 2, 0, 2, 3, 0, 0, 2, 1, 2, 3, 0, 2, 0, 2, 2, 1, 0, 3, 0, 1, 0, 1, 1, 3, 3, 0, 0, 0, 0, 0, 3, 3, 3, 2, 0, 2, 0, 2, 1, 1, 0, 2, 3, 3, 2, 0, 1, 0, 3, 2, 3, 1, 0, 1, 0, 1, 2, 0, 3, 0, 3, 3, 1, 2, 2, 0, 2, 0, 3, 1, 1, 1, 1, 3, 0, 3, 2, 3, 3, 0, 1, 1, 1, 0, 0, 0, 2, 0, 1, 3, 0, 3, 2, 1, 2, 3, 0, 0, 0, 3, 0, 1, 0, 3, 0, 3, 1, 2, 0, 3, 2, 1, 1, 2, 0, 2, 0, 1, 3, 0, 0, 0, 2, 0, 3, 2, 1, 3, 0, 0, 3, 1, 2, 0, 1, 1, 3, 2, 2, 2, 2, 2, 1, 3, 3, 0, 0, 0, 0, 0, 0, 0, 2, 3, 0, 3, 3, 0, 1, 0, 0, 0, 0, 0, 0, 1, 0, 1, 2, 2, 1, 0, 0, 2, 2, 3, 0, 0, 0, 0, 1, 3, 0, 0, 2, 0, 0, 2, 3, 0, 2, 2, 0, 0, 3, 0, 1, 0, 0, 3, 2, 2, 0, 2, 2, 3, 1, 0, 0, 0, 0, 0, 2, 2, 3, 0, 1, 3, 0, 3, 0, 3, 0, 0, 0, 2, 1, 0, 0, 0, 3, 2, 2, 3, 3, 0, 2, 0, 1, 1, 3, 2, 0, 2, 2, 3, 0, 0, 1, 2, 3, 3, 2, 2, 0, 1, 1, 2, 0, 1, 2, 2, 0, 2, 3, 2, 0, 1, 1, 3, 0, 2, 2, 2, 1, 2, 2, 3, 0, 1, 2, 0, 0, 2, 2, 3, 1, 0, 3, 0, 2, 3, 2, 0, 1, 2, 0, 0, 2, 2, 0, 0, 3, 3, 2, 3, 2, 0, 2, 0, 3, 2, 2, 1, 0, 3, 0, 0, 0, 2, 2, 0, 3, 2, 3, 1, 0, 2, 0, 0, 0, 0, 3, 2, 3, 3, 2, 0, 0, 2, 2, 0, 1, 1, 0, 0, 0, 3, 0, 2, 1, 2, 3, 0, 0, 0, 0, 0, 2, 0, 0, 0, 3, 0, 0, 0, 2, 2, 2, 3, 0, 0, 3, 0, 0, 2, 2, 2, 2, 3, 3, 3, 2, 3, 0, 2, 1, 0, 1, 2, 2, 1, 0, 0, 1, 2, 0, 2, 0, 0, 0, 2, 0, 0, 0, 3, 0, 0, 3, 0, 2, 3, 0, 1, 2, 1, 0, 0, 1, 1, 0, 1, 3, 2, 0, 2, 3, 2, 3, 2, 3, 2, 2, 0, 2, 0, 0, 3, 0, 3, 1, 0, 2, 0, 0, 0, 1, 0, 0, 0, 0, 0, 3, 1, 1, 3, 2, 0, 2, 0, 3, 0, 3, 2, 0, 2, 2, 0, 1, 0, 3, 0, 3, 3, 2, 2, 0, 0, 2, 0, 1, 0, 0, 3, 0, 2, 2, 3, 0, 3, 3, 2, 1, 0, 0, 1, 0, 0, 0, 2, 0, 0, 3, 1, 1, 2, 0, 0, 0, 3, 0, 1, 2, 3, 0, 3, 2, 2, 1, 2, 0, 3, 0, 0, 3, 2, 0, 2, 3, 3, 2, 0, 3, 3, 2, 0, 2, 1, 0, 0, 3, 0, 1, 3, 1, 0, 2, 0, 0, 0, 0, 0, 2, 0, 3, 3, 0, 1, 0, 3, 3, 0, 0, 0, 1, 0, 0, 1, 0, 0, 0, 3, 3, 0, 1, 0, 1, 3, 3, 1, 0, 0, 1, 0, 0, 3, 0, 0, 0, 2, 1, 2, 0, 1, 3, 0, 0, 2, 0, 0, 0, 3, 0, 0, 0, 0, 0, 0, 1, 0, 0, 1, 2, 0, 3, 3, 3, 2, 3, 3, 0, 2, 2, 3, 0, 2, 0, 3, 0, 3, 1, 2, 3, 0, 3, 3, 0, 3, 3, 2, 1, 0, 0, 1, 0, 3, 3, 0, 2, 0, 3, 0, 3, 3, 0, 0, 0, 0, 2, 2, 2, 0, 1, 3, 1, 1, 2, 3, 3, 3, 0, 0, 2, 0, 2, 3, 1, 2, 1, 0, 0, 2, 2, 3, 0, 0, 0, 0, 2, 0, 2, 0, 0, 0, 3, 3, 0, 1, 2, 0, 1, 0, 0, 2, 0, 2, 0, 2, 0, 2, 0, 0, 0, 3, 0, 1, 3, 0, 0, 0, 1, 1, 3, 0, 2, 2, 0, 2, 0, 2, 0, 0, 1, 2, 0, 1, 2, 2, 2, 0, 3, 0, 2, 0, 3, 1, 2, 0, 1, 2, 3, 3, 0, 1, 3, 0, 0, 2, 0, 0, 0, 2, 1, 0, 3, 0, 2, 0, 3, 0, 3, 0, 2, 1, 0, 0, 3, 3, 1, 3, 2, 2, 0, 0, 0, 1, 1, 0, 3, 1, 1, 1, 3, 3, 2, 2, 2, 3, 3, 3, 0, 2, 2, 1, 2, 1, 1, 3, 1, 0, 3, 0, 1, 0, 3, 0, 0, 2, 0, 0, 0, 0, 3, 0, 2, 0, 3, 0, 0, 2, 3, 3, 0, 3, 2, 3, 0, 2, 0, 1, 0, 0, 3, 2, 0, 1, 3, 1, 0, 2, 2, 0, 0, 3, 0, 2, 0, 3, 3, 3, 0, 2, 3, 0, 1, 3, 0, 1, 0, 0, 3, 2, 3, 1, 0, 3, 0, 0, 0, 3, 0, 3, 0, 2, 0, 3, 0, 3, 3, 2, 0, 0, 0, 3, 0, 3, 2, 0, 2, 3, 3, 3, 2, 2, 3, 3, 0, 1, 2, 0, 2, 1, 0, 0, 3, 1, 0, 2, 0, 3, 0, 3, 3, 3, 0, 3, 0, 1, 0, 0, 1, 0, 2, 3, 3, 2, 0, 0, 0, 0, 3, 2, 1, 2, 3, 3, 0, 0, 3, 0, 1, 0, 0, 0, 2, 2, 3, 1, 0, 3, 1, 0, 0, 0, 0, 0, 0, 2, 2, 0, 3, 3, 3, 1, 0, 2, 3, 3, 2, 0, 2, 3, 2, 2, 0, 3, 2, 3, 2, 2, 0, 0, 2, 2, 3, 0, 0, 3, 0, 2, 3, 3, 2, 3, 2, 0, 0, 1, 1, 3, 3, 0, 3, 0, 0, 0, 0, 2, 1, 1, 0, 0, 1, 2, 0, 1, 2, 3, 3, 0, 2, 2, 3, 2, 3, 3, 3, 0, 3, 3, 2, 0, 0, 3, 2, 2, 0, 3, 1, 0, 0, 2, 3, 0, 0, 2, 3, 0, 0, 2, 3, 0, 2, 2, 0, 1, 2, 1, 0, 1, 2, 3, 0, 0, 2, 2, 3, 2, 0, 0, 0, 0, 3, 1, 3, 2, 3, 0, 2, 2, 2, 3, 2, 3, 0, 3, 3, 3, 1, 0, 2, 3, 2, 0, 0, 2, 3, 3, 3, 0, 0, 3, 0, 2, 0, 2, 0, 0, 2, 0, 2, 0, 1, 0, 3, 2, 0, 3, 0, 2, 1, 3, 1, 3, 3, 2, 3, 0, 0, 0, 0, 2, 0, 3, 1, 0, 3, 0, 0, 1, 1, 3, 1, 0, 0, 3, 1, 2, 0, 3, 3, 1, 2, 0, 3, 3, 0, 0, 1, 3, 0, 0, 0, 0, 1, 3, 3, 2, 1, 3, 3, 3, 3, 2, 0, 0, 2, 0, 1, 0, 2, 2, 2, 3, 0, 1, 0, 3, 1, 3, 0, 2, 1, 0, 2, 2, 1, 2, 2, 2, 3, 3, 1, 1, 3, 1, 2, 2, 3, 0, 3, 2, 0, 0, 2, 0, 2, 3, 2, 2, 3, 3, 0, 1, 1, 2, 1, 3, 3, 2, 3, 2, 0, 2, 1, 1, 2, 0, 0, 3, 1, 0, 2, 3, 3, 2, 0, 2, 0, 2, 1, 1, 2, 1, 1, 0, 3, 0, 3, 1, 0, 3, 2, 3, 3, 2, 1, 1, 3, 0, 3, 0, 0, 2, 0, 0, 0, 2, 0, 2, 0, 0, 1, 2, 2, 0, 1, 0, 1, 0, 1, 0, 2, 2, 1, 1, 1, 0, 1, 0, 0, 3, 3, 3, 3, 0, 0, 3, 1, 2, 2, 0, 3, 0, 0, 3, 2, 0, 1, 1, 3, 0, 3, 0, 3, 2, 2, 0, 3, 0, 2, 0, 3, 2, 0, 2, 1, 0, 3, 0, 3, 3, 3, 2, 2, 3, 2, 1, 2, 0, 2, 0, 0, 3, 1, 0, 3, 2, 2, 0, 3, 0, 3, 3, 0, 0, 0, 0, 0, 2, 2, 0, 0, 2, 0, 2, 2, 0, 3, 0, 1, 3, 1, 0, 3, 2, 1, 3, 2, 2, 0, 1, 3, 1, 0, 0, 0, 3, 0, 0, 3, 0, 3, 0, 0, 1, 3, 0, 0, 3, 0, 1, 1, 2, 2, 0, 3, 0, 2, 1, 2, 2, 2, 2, 1, 2, 3, 0, 0, 0, 1, 1, 2, 3, 0, 0, 1, 3, 0, 2, 0, 3, 2, 0, 1, 3, 1, 2, 3, 0, 3, 0, 0, 3, 0, 0, 2, 2, 3, 3, 0, 2, 0, 0, 2, 3, 0, 3, 3, 0, 0, 2, 0, 0, 3, 3, 1, 2, 0, 1, 0, 2, 2, 3, 3, 2, 2, 1, 0, 2, 0, 0, 2, 2, 2, 2, 3, 0, 0, 1, 0, 2, 0, 0, 1, 2, 2, 3, 0, 3, 3, 0, 3, 1, 0, 0, 0, 0, 0, 1, 0, 0, 2, 0, 0, 1, 0, 0, 0, 2, 3, 0, 2, 3, 0, 2, 3, 0, 0, 3, 0, 0, 1, 2, 2, 2, 0, 0, 3, 3, 3, 0, 2, 2, 3, 1, 0, 3, 3, 0, 3, 3, 1, 2, 0, 3, 0, 3, 1, 2, 3, 0, 0, 3, 3, 0, 2, 2, 0, 0, 1, 0, 2, 0, 2, 3, 3, 3, 2, 0, 1, 1, 3, 0, 0, 3, 2, 2, 3, 2, 3, 3, 2, 1, 0, 0, 3, 2, 3, 2, 1, 0, 3, 3, 2, 1, 3, 1, 1, 3, 2, 2, 0, 0, 0, 1, 0, 0, 0, 2, 3, 1, 1, 2, 3, 2, 0, 0, 2, 1, 2, 3, 2, 0, 3, 0, 1, 0, 3, 2, 1, 0, 0, 2, 2, 3, 3, 0, 2, 0, 0, 2, 3, 0, 0, 0, 0, 3, 1, 2, 1, 3, 0, 2, 2, 0, 3, 3, 2, 3, 1, 2, 3, 3, 1, 0, 2, 1, 3, 2, 0, 0, 3, 0, 0, 0, 1, 2, 0, 0, 2, 1, 3, 2, 1, 0, 3, 3, 0, 1, 0, 1, 1, 1, 1, 3, 0, 0, 0, 1, 2, 0, 2, 3, 3, 0, 3, 3, 1, 0, 3, 1, 2, 3, 2, 2, 3, 0, 1, 1, 3, 0, 2, 1, 3, 0, 2, 0, 2, 3, 0, 1, 1, 1, 0, 0, 3, 0, 3, 0, 2, 3, 3, 3, 3, 3, 1, 2, 0, 0, 1, 3, 0, 0, 1, 1, 2, 2, 0, 1, 2, 2, 3, 0, 3, 2, 2, 1, 0, 0, 1, 0, 3, 3, 0, 2, 3, 0, 3, 3, 0, 2, 2, 3, 0, 0, 3, 0, 0, 3, 1, 2, 1, 0, 2, 0, 0, 3, 3, 3, 1, 0, 3, 1, 0, 0, 2, 3, 0, 3, 2, 0, 3, 1, 2, 0, 2, 1, 1, 1, 0, 3, 0, 0, 0, 0, 2, 0, 3, 0, 0, 2, 2, 3, 0, 3, 2, 0, 0, 0, 0, 2, 1, 0, 0, 0, 2, 0, 0, 1, 3, 3, 2, 0, 0, 2, 2, 2, 1, 0, 3, 0, 0, 0, 3, 2, 3, 2, 3, 1, 3, 0, 3, 0, 1, 3, 3, 2, 2, 3, 0, 2, 0, 0, 3, 3, 3, 3, 0, 2, 2, 0, 2, 0, 2, 2, 2, 2, 0, 3, 3, 2, 0, 0, 2, 1, 3, 1, 1, 0, 3, 1, 0, 0, 0, 0, 2, 2, 3, 1, 3, 2, 1, 1, 0, 0, 0, 3, 0, 3, 0, 3, 3, 2, 1, 0, 2, 3, 3, 0, 3, 3, 0, 0, 0, 1, 1, 3, 0, 3, 2, 2, 2, 1, 2, 0, 0, 0, 2, 2, 3, 3, 0, 3, 0, 2, 0, 0, 3, 2, 3, 3, 3, 0, 3, 0, 3, 2, 3, 2, 1, 0, 2, 1, 0, 3, 3, 0, 1, 1, 1, 0, 3, 3, 3, 0, 1, 1, 2, 0, 1, 3, 0, 3, 1, 0, 0, 1, 3, 1, 2, 2, 0, 0, 3, 0, 2, 1, 3, 0, 0, 0, 2, 0, 3, 1, 3, 0, 1, 3, 1, 0, 0, 0, 0, 3, 3, 2, 3, 2, 3, 2, 0, 2, 2, 2, 0, 0, 0, 2, 1, 2, 1, 1, 3, 0, 1, 3, 0, 1, 0, 2, 3, 2, 2, 2, 2, 0, 2, 0, 0, 0, 0, 0, 0, 0, 3, 3, 2, 3, 3, 0, 0, 3, 2, 1, 2, 3, 0, 0, 0, 3, 1, 1, 2, 2, 0, 2, 1, 3, 1, 2, 1, 2, 0, 0, 3, 3, 3, 0, 0, 2, 2, 3, 2, 0, 0]

bins: [-0.014, -0.002, -0.001, 0.001, 0.013]

Most important rules
-----------------------------

---0---
rule0: climbRate < -3.600
probabilities_array:[0.47648463 0.4165892  0.0453174  0.         0.06160878]

rule16: diffClb < -0.119
probabilities_array:[0.5903645  0.02433207 0.         0.         0.38530344]

rule1: -3.600 < climbRate < -0.296
probabilities_array:[0.367284   0.3502748  0.10632206 0.         0.17611913]

rule17: -0.119 < diffClb < -0.000
probabilities_array:[2.9163051e-01 4.5518562e-01 1.7690182e-01 2.1510359e-04 7.6066919e-02]

rule9: -0.004 < RollRate < 0.000
probabilities_array:[0.39665177 0.03974028 0.         0.07275679 0.49085122]

rule8: RollRate < -0.004
probabilities_array:[0.24126008 0.37755868 0.04974244 0.         0.33143875]

rule10: 0.000 < RollRate < 0.004
probabilities_array:[0.24723355 0.03158083 0.08190451 0.18222566 0.45705545]

rule23: diffDiffClb = 0.0
probabilities_array:[0.24376372 0.013348   0.01297783 0.15555371 0.5743568 ]

rule15: curRoll > 0.012
probabilities_array:[0.20881453 0.12105193 0.13946036 0.         0.53067327]

rule7: Altitude > 4.819
probabilities_array:[0.13149898 0.21633348 0.20115529 0.02628849 0.42472374]

rule5: -29.572 < Altitude < -12.376
probabilities_array:[0.19880518 0.01966894 0.06520524 0.07161831 0.6447023 ]

rule4: Altitude < -29.572
probabilities_array:[0.15365174 0.03141252 0.17911616 0.         0.63581955]

rule12: curRoll < -0.009
probabilities_array:[0.15997566 0.04034047 0.04260753 0.09713194 0.65994436]

rule6: -12.376 < Altitude < 4.819
probabilities_array:[0.17431055 0.03947019 0.04872672 0.0033378  0.7341548 ]


---1---
rule17: -0.119 < diffClb < -0.000
probabilities_array:[2.9163051e-01 4.5518562e-01 1.7690182e-01 2.1510359e-04 7.6066919e-02]

rule0: climbRate < -3.600
probabilities_array:[0.47648463 0.4165892  0.0453174  0.         0.06160878]

rule1: -3.600 < climbRate < -0.296
probabilities_array:[0.367284   0.3502748  0.10632206 0.         0.17611913]

rule8: RollRate < -0.004
probabilities_array:[0.24126008 0.37755868 0.04974244 0.         0.33143875]

rule18: -0.000 < diffClb < 0.119
probabilities_array:[0.         0.19411778 0.4100687  0.16501333 0.23080018]

rule7: Altitude > 4.819
probabilities_array:[0.13149898 0.21633348 0.20115529 0.02628849 0.42472374]

rule2: -0.296 < climbRate < 3.007
probabilities_array:[0.00801153 0.1422495  0.34327373 0.36240655 0.1440587 ]

rule3: climbRate > 3.007
probabilities_array:[0.         0.05780457 0.3752377  0.5533596  0.0135981 ]

rule15: curRoll > 0.012
probabilities_array:[0.20881453 0.12105193 0.13946036 0.         0.53067327]

rule19: diffClb > 0.119
probabilities_array:[0.         0.06128538 0.29081193 0.50673974 0.14116296]

rule14: 0.002 < curRoll < 0.012
probabilities_array:[0.02345863 0.17941472 0.01582056 0.03084492 0.7504611 ]


---2---
rule3: climbRate > 3.007
probabilities_array:[0.         0.05780457 0.3752377  0.5533596  0.0135981 ]

rule18: -0.000 < diffClb < 0.119
probabilities_array:[0.         0.19411778 0.4100687  0.16501333 0.23080018]

rule2: -0.296 < climbRate < 3.007
probabilities_array:[0.00801153 0.1422495  0.34327373 0.36240655 0.1440587 ]

rule19: diffClb > 0.119
probabilities_array:[0.         0.06128538 0.29081193 0.50673974 0.14116296]

rule11: RollRate > 0.004
probabilities_array:[0.01004148 0.         0.31454048 0.40797243 0.26744565]

rule17: -0.119 < diffClb < -0.000
probabilities_array:[2.9163051e-01 4.5518562e-01 1.7690182e-01 2.1510359e-04 7.6066919e-02]

rule7: Altitude > 4.819
probabilities_array:[0.13149898 0.21633348 0.20115529 0.02628849 0.42472374]

rule1: -3.600 < climbRate < -0.296
probabilities_array:[0.367284   0.3502748  0.10632206 0.         0.17611913]

rule13: -0.009 < curRoll < 0.002
probabilities_array:[0.04109129 0.00704164 0.21297118 0.11799423 0.62090164]

rule15: curRoll > 0.012
probabilities_array:[0.20881453 0.12105193 0.13946036 0.         0.53067327]

rule4: Altitude < -29.572
probabilities_array:[0.15365174 0.03141252 0.17911616 0.         0.63581955]

rule10: 0.000 < RollRate < 0.004
probabilities_array:[0.24723355 0.03158083 0.08190451 0.18222566 0.45705545]

rule0: climbRate < -3.600
probabilities_array:[0.47648463 0.4165892  0.0453174  0.         0.06160878]


---3---
rule3: climbRate > 3.007
probabilities_array:[0.         0.05780457 0.3752377  0.5533596  0.0135981 ]

rule19: diffClb > 0.119
probabilities_array:[0.         0.06128538 0.29081193 0.50673974 0.14116296]

rule2: -0.296 < climbRate < 3.007
probabilities_array:[0.00801153 0.1422495  0.34327373 0.36240655 0.1440587 ]

rule11: RollRate > 0.004
probabilities_array:[0.01004148 0.         0.31454048 0.40797243 0.26744565]

rule18: -0.000 < diffClb < 0.119
probabilities_array:[0.         0.19411778 0.4100687  0.16501333 0.23080018]

rule10: 0.000 < RollRate < 0.004
probabilities_array:[0.24723355 0.03158083 0.08190451 0.18222566 0.45705545]

rule23: diffDiffClb = 0.0
probabilities_array:[0.24376372 0.013348   0.01297783 0.15555371 0.5743568 ]

rule13: -0.009 < curRoll < 0.002
probabilities_array:[0.04109129 0.00704164 0.21297118 0.11799423 0.62090164]

