R2: 0.7986784739423971


MAE: 33776.82307933151


MSE: 2707909424.9098387


Accuracy: 0.2238111829940869


F1: 0.2450088079859072


Most important rules
-----------------------------

---0---
rule33: ocean_proximity_INLAND = 1.0
probabilities_array:[2.3739311e-01 2.0821004e-01 1.7474632e-01 1.6055328e-01 9.0945140e-02
 1.8451051e-03 8.2853250e-03 9.1647863e-04 1.3111684e-03 8.8493107e-03
 4.4985525e-05 0.0000000e+00 0.0000000e+00 0.0000000e+00 1.0689972e-01]

rule22: 1421.045 < population < 2176.238
probabilities_array:[0.2253265  0.06432983 0.11742716 0.1017583  0.10781723 0.15419823
 0.051564   0.01346548 0.00710619 0.02377013 0.03637667 0.
 0.00669772 0.         0.09016259]

rule6: 35.628 < latitude < 37.066
probabilities_array:[3.0100608e-01 2.4172831e-01 0.0000000e+00 0.0000000e+00 0.0000000e+00
 0.0000000e+00 0.0000000e+00 0.0000000e+00 6.7284585e-05 4.5767233e-02
 0.0000000e+00 0.0000000e+00 4.6239927e-02 0.0000000e+00 3.6519119e-01]

rule12: total_rooms < 1197.772
probabilities_array:[0.18731946 0.08700871 0.04884914 0.07109024 0.10892016 0.20355424
 0.06072904 0.05177892 0.02077376 0.04659064 0.05095322 0.01383937
 0.02117124 0.         0.02742185]

rule28: median_income < 2.587
probabilities_array:[0.18139192 0.1896383  0.15398236 0.1255498  0.09418366 0.06970609
 0.04689975 0.02958708 0.03425441 0.02699965 0.0290429  0.01381299
 0.00318096 0.         0.00177015]

rule23: population > 2176.238
probabilities_array:[0.18116446 0.05196995 0.06391097 0.07967978 0.11206235 0.20132743
 0.1086686  0.05910265 0.02666957 0.03382382 0.04933733 0.01892396
 0.00313977 0.         0.01021937]

rule1: -120.923 < longitude < -119.570
probabilities_array:[0.20559397 0.14530182 0.09930179 0.18217054 0.0459544  0.
 0.         0.         0.         0.         0.         0.
 0.00582012 0.04708009 0.26877725]

rule36: ocean_proximity_NEAR BAY = 0.0
probabilities_array:[0.20797265 0.14098579 0.08969717 0.06617352 0.06144578 0.00070901
 0.0048966  0.00240905 0.01084717 0.07389657 0.0282439  0.01985364
 0.00680145 0.         0.2860677 ]

rule2: -119.570 < longitude < -118.217
probabilities_array:[0.16311777 0.1029386  0.13896811 0.0477611  0.         0.
 0.         0.02897198 0.03202574 0.05281898 0.00103713 0.03444029
 0.11258143 0.19137898 0.09395995]

rule11: housing_median_age > 37.088
probabilities_array:[0.2077934  0.06244853 0.01202017 0.00316247 0.00063164 0.
 0.         0.         0.         0.         0.         0.03338061
 0.06642102 0.29702163 0.31712064]

rule38: ocean_proximity_NEAR OCEAN = 0.0
probabilities_array:[0.19873509 0.11560172 0.09321813 0.03203184 0.04356672 0.01746394
 0.0694418  0.08645166 0.00303784 0.01118071 0.00830233 0.01381344
 0.00163291 0.         0.30552185]

rule10: 28.617 < housing_median_age < 37.088
probabilities_array:[0.16449863 0.07646049 0.04579346 0.03183166 0.00498678 0.11601409
 0.06549542 0.10087374 0.11358892 0.01007343 0.0009674  0.
 0.00345892 0.07015419 0.19580276]

rule13: 1197.772 < total_rooms < 2626.009
probabilities_array:[0.1633597  0.11884134 0.06252553 0.04320706 0.0413868  0.16436884
 0.05002208 0.03075711 0.00415843 0.00726757 0.03650886 0.
 0.01040333 0.         0.2671933 ]

rule17: 256.264 < total_bedrooms < 534.635
probabilities_array:[0.1943578  0.09035213 0.01077686 0.0544733  0.03001106 0.1160167
 0.00825124 0.         0.00089291 0.03583308 0.04967161 0.0152544
 0.00484399 0.         0.38926482]

rule5: 34.190 < latitude < 35.628
probabilities_array:[0.12218204 0.04791199 0.05032366 0.05874262 0.08928441 0.07690748
 0.10283127 0.10264965 0.10910625 0.07616859 0.07278445 0.03667785
 0.         0.         0.05442978]

rule25: 245.114 < households < 497.449
probabilities_array:[0.1826482  0.05318265 0.07782578 0.10227096 0.08089437 0.04351002
 0.01575378 0.         0.00098837 0.02099469 0.         0.04270656
 0.         0.         0.37922463]

rule24: households < 245.114
probabilities_array:[0.15353514 0.08966236 0.107542   0.08019859 0.02632397 0.01717294
 0.         0.         0.03863248 0.04097428 0.         0.
 0.         0.06626997 0.37968823]

rule9: 20.146 < housing_median_age < 28.617
probabilities_array:[0.11815353 0.05366208 0.02016892 0.03945163 0.01024914 0.
 0.02522016 0.1495621  0.08186237 0.0799532  0.09366064 0.03808925
 0.04418    0.         0.24578698]

rule21: 665.852 < population < 1421.045
probabilities_array:[0.11276688 0.13330455 0.149704   0.02026075 0.03012132 0.00029411
 0.02609541 0.         0.         0.02299172 0.02028006 0.05808161
 0.07946519 0.09154572 0.25508863]

rule3: longitude > -118.217
probabilities_array:[0.04907537 0.08071245 0.03224613 0.07887039 0.12317304 0.15453538
 0.11690203 0.13018368 0.10936054 0.05486359 0.02565462 0.00880929
 0.         0.         0.03561354]

rule34: ocean_proximity_ISLAND = 0.0
probabilities_array:[1.18268907e-01 1.11929104e-01 4.93803211e-02 4.80787791e-02
 3.12770680e-02 0.00000000e+00 1.61196600e-04 8.75576749e-04
 2.12847791e-03 1.44023867e-02 1.41776679e-02 3.53756390e-04
 4.20415308e-03 0.00000000e+00 6.04762495e-01]

rule16: total_bedrooms < 256.264
probabilities_array:[0.06057559 0.02150699 0.16104157 0.04303901 0.04906717 0.00102717
 0.0810871  0.0735974  0.05515014 0.00513897 0.04027814 0.01333336
 0.         0.09275993 0.30239755]


---1---
rule28: median_income < 2.587
probabilities_array:[0.18139192 0.1896383  0.15398236 0.1255498  0.09418366 0.06970609
 0.04689975 0.02958708 0.03425441 0.02699965 0.0290429  0.01381299
 0.00318096 0.         0.00177015]

rule33: ocean_proximity_INLAND = 1.0
probabilities_array:[2.3739311e-01 2.0821004e-01 1.7474632e-01 1.6055328e-01 9.0945140e-02
 1.8451051e-03 8.2853250e-03 9.1647863e-04 1.3111684e-03 8.8493107e-03
 4.4985525e-05 0.0000000e+00 0.0000000e+00 0.0000000e+00 1.0689972e-01]

rule39: ocean_proximity_NEAR OCEAN = 1.0
probabilities_array:[0.00419135 0.19627602 0.07801926 0.08127615 0.03947223 0.00512789
 0.         0.         0.01554608 0.0362067  0.06309183 0.09244531
 0.11147937 0.22234249 0.05452524]

rule6: 35.628 < latitude < 37.066
probabilities_array:[3.0100608e-01 2.4172831e-01 0.0000000e+00 0.0000000e+00 0.0000000e+00
 0.0000000e+00 0.0000000e+00 0.0000000e+00 6.7284585e-05 4.5767233e-02
 0.0000000e+00 0.0000000e+00 4.6239927e-02 0.0000000e+00 3.6519119e-01]

rule37: ocean_proximity_NEAR BAY = 1.0
probabilities_array:[0.         0.16052522 0.08003315 0.09666651 0.00036977 0.03068882
 0.         0.02710219 0.01471613 0.         0.         0.
 0.12740724 0.23084617 0.23164484]

rule1: -120.923 < longitude < -119.570
probabilities_array:[0.20559397 0.14530182 0.09930179 0.18217054 0.0459544  0.
 0.         0.         0.         0.         0.         0.
 0.00582012 0.04708009 0.26877725]

rule36: ocean_proximity_NEAR BAY = 0.0
probabilities_array:[0.20797265 0.14098579 0.08969717 0.06617352 0.06144578 0.00070901
 0.0048966  0.00240905 0.01084717 0.07389657 0.0282439  0.01985364
 0.00680145 0.         0.2860677 ]

rule21: 665.852 < population < 1421.045
probabilities_array:[0.11276688 0.13330455 0.149704   0.02026075 0.03012132 0.00029411
 0.02609541 0.         0.         0.02299172 0.02028006 0.05808161
 0.07946519 0.09154572 0.25508863]

rule2: -119.570 < longitude < -118.217
probabilities_array:[0.16311777 0.1029386  0.13896811 0.0477611  0.         0.
 0.         0.02897198 0.03202574 0.05281898 0.00103713 0.03444029
 0.11258143 0.19137898 0.09395995]

rule7: latitude > 37.066
probabilities_array:[0.         0.10040244 0.18459268 0.19112237 0.16321012 0.02376929
 0.02972194 0.01153791 0.02045401 0.01636082 0.04072291 0.01896705
 0.02665139 0.06486309 0.10762412]

rule13: 1197.772 < total_rooms < 2626.009
probabilities_array:[0.1633597  0.11884134 0.06252553 0.04320706 0.0413868  0.16436884
 0.05002208 0.03075711 0.00415843 0.00726757 0.03650886 0.
 0.01040333 0.         0.2671933 ]

rule12: total_rooms < 1197.772
probabilities_array:[0.18731946 0.08700871 0.04884914 0.07109024 0.10892016 0.20355424
 0.06072904 0.05177892 0.02077376 0.04659064 0.05095322 0.01383937
 0.02117124 0.         0.02742185]

rule38: ocean_proximity_NEAR OCEAN = 0.0
probabilities_array:[0.19873509 0.11560172 0.09321813 0.03203184 0.04356672 0.01746394
 0.0694418  0.08645166 0.00303784 0.01118071 0.00830233 0.01381344
 0.00163291 0.         0.30552185]

rule3: longitude > -118.217
probabilities_array:[0.04907537 0.08071245 0.03224613 0.07887039 0.12317304 0.15453538
 0.11690203 0.13018368 0.10936054 0.05486359 0.02565462 0.00880929
 0.         0.         0.03561354]

rule20: population < 665.852
probabilities_array:[0.         0.08509126 0.00342698 0.01559878 0.         0.
 0.         0.0462883  0.06866778 0.04037913 0.018594   0.13593884
 0.19069548 0.2788882  0.11643115]

rule27: households > 749.784
probabilities_array:[0.         0.09638114 0.         0.         0.         0.
 0.004968   0.04828346 0.13545637 0.00751113 0.11347993 0.0956699
 0.16156037 0.11031109 0.22637866]

rule18: 534.635 < total_bedrooms < 813.005
probabilities_array:[5.2765593e-02 1.2732984e-01 5.7215299e-02 0.0000000e+00 1.8963830e-03
 1.8035955e-04 0.0000000e+00 3.5042055e-02 4.7773562e-02 6.7707531e-02
 0.0000000e+00 7.4628316e-02 8.7798476e-02 1.9906119e-02 4.2775640e-01]

rule10: 28.617 < housing_median_age < 37.088
probabilities_array:[0.16449863 0.07646049 0.04579346 0.03183166 0.00498678 0.11601409
 0.06549542 0.10087374 0.11358892 0.01007343 0.0009674  0.
 0.00345892 0.07015419 0.19580276]

rule26: 497.449 < households < 749.784
probabilities_array:[0.02989011 0.10442158 0.02121908 0.         0.         0.02358414
 0.04916991 0.06285629 0.04388976 0.06012243 0.14906584 0.01322643
 0.00532177 0.         0.43723267]

rule22: 1421.045 < population < 2176.238
probabilities_array:[0.2253265  0.06432983 0.11742716 0.1017583  0.10781723 0.15419823
 0.051564   0.01346548 0.00710619 0.02377013 0.03637667 0.
 0.00669772 0.         0.09016259]

rule24: households < 245.114
probabilities_array:[0.15353514 0.08966236 0.107542   0.08019859 0.02632397 0.01717294
 0.         0.         0.03863248 0.04097428 0.         0.
 0.         0.06626997 0.37968823]

rule17: 256.264 < total_bedrooms < 534.635
probabilities_array:[0.1943578  0.09035213 0.01077686 0.0544733  0.03001106 0.1160167
 0.00825124 0.         0.00089291 0.03583308 0.04967161 0.0152544
 0.00484399 0.         0.38926482]

rule23: population > 2176.238
probabilities_array:[0.18116446 0.05196995 0.06391097 0.07967978 0.11206235 0.20132743
 0.1086686  0.05910265 0.02666957 0.03382382 0.04933733 0.01892396
 0.00313977 0.         0.01021937]

rule14: 2626.009 < total_rooms < 4054.247
probabilities_array:[0.00599842 0.06004138 0.03320495 0.0500962  0.04413726 0.
 0.01730812 0.01167233 0.0756343  0.0442277  0.01915886 0.09588506
 0.16104975 0.22133274 0.16025291]

rule8: housing_median_age < 20.146
probabilities_array:[0.02169722 0.04862611 0.04288456 0.09562466 0.1014733  0.13118535
 0.11211678 0.09378603 0.07163352 0.05328117 0.07751703 0.05993431
 0.03250999 0.         0.05773003]

rule5: 34.190 < latitude < 35.628
probabilities_array:[0.12218204 0.04791199 0.05032366 0.05874262 0.08928441 0.07690748
 0.10283127 0.10264965 0.10910625 0.07616859 0.07278445 0.03667785
 0.         0.         0.05442978]

rule19: total_bedrooms > 813.005
probabilities_array:[0.         0.05957935 0.         0.03781187 0.04300644 0.
 0.00091645 0.07170778 0.1157367  0.04300711 0.11911771 0.03942893
 0.04379484 0.17563497 0.25025782]

rule34: ocean_proximity_ISLAND = 0.0
probabilities_array:[1.18268907e-01 1.11929104e-01 4.93803211e-02 4.80787791e-02
 3.12770680e-02 0.00000000e+00 1.61196600e-04 8.75576749e-04
 2.12847791e-03 1.44023867e-02 1.41776679e-02 3.53756390e-04
 4.20415308e-03 0.00000000e+00 6.04762495e-01]

rule11: housing_median_age > 37.088
probabilities_array:[0.2077934  0.06244853 0.01202017 0.00316247 0.00063164 0.
 0.         0.         0.         0.         0.         0.03338061
 0.06642102 0.29702163 0.31712064]

rule29: 2.587 < median_income < 3.881
probabilities_array:[0.0011147  0.04302622 0.08181064 0.11538037 0.11171436 0.13576765
 0.13008222 0.10351579 0.07649002 0.0605576  0.05145835 0.04968487
 0.02328658 0.         0.01611055]

rule9: 20.146 < housing_median_age < 28.617
probabilities_array:[0.11815353 0.05366208 0.02016892 0.03945163 0.01024914 0.
 0.02522016 0.1495621  0.08186237 0.0799532  0.09366064 0.03808925
 0.04418    0.         0.24578698]


---2---
rule7: latitude > 37.066
probabilities_array:[0.         0.10040244 0.18459268 0.19112237 0.16321012 0.02376929
 0.02972194 0.01153791 0.02045401 0.01636082 0.04072291 0.01896705
 0.02665139 0.06486309 0.10762412]

rule33: ocean_proximity_INLAND = 1.0
probabilities_array:[2.3739311e-01 2.0821004e-01 1.7474632e-01 1.6055328e-01 9.0945140e-02
 1.8451051e-03 8.2853250e-03 9.1647863e-04 1.3111684e-03 8.8493107e-03
 4.4985525e-05 0.0000000e+00 0.0000000e+00 0.0000000e+00 1.0689972e-01]

rule28: median_income < 2.587
probabilities_array:[0.18139192 0.1896383  0.15398236 0.1255498  0.09418366 0.06970609
 0.04689975 0.02958708 0.03425441 0.02699965 0.0290429  0.01381299
 0.00318096 0.         0.00177015]

rule4: latitude < 34.190
probabilities_array:[0.         0.03771808 0.15355714 0.13097243 0.06533928 0.03104411
 0.04350105 0.02037994 0.03032626 0.04076469 0.04712945 0.08201741
 0.08689065 0.17921409 0.05114534]

rule2: -119.570 < longitude < -118.217
probabilities_array:[0.16311777 0.1029386  0.13896811 0.0477611  0.         0.
 0.         0.02897198 0.03202574 0.05281898 0.00103713 0.03444029
 0.11258143 0.19137898 0.09395995]

rule16: total_bedrooms < 256.264
probabilities_array:[0.06057559 0.02150699 0.16104157 0.04303901 0.04906717 0.00102717
 0.0810871  0.0735974  0.05515014 0.00513897 0.04027814 0.01333336
 0.         0.09275993 0.30239755]

rule21: 665.852 < population < 1421.045
probabilities_array:[0.11276688 0.13330455 0.149704   0.02026075 0.03012132 0.00029411
 0.02609541 0.         0.         0.02299172 0.02028006 0.05808161
 0.07946519 0.09154572 0.25508863]

rule22: 1421.045 < population < 2176.238
probabilities_array:[0.2253265  0.06432983 0.11742716 0.1017583  0.10781723 0.15419823
 0.051564   0.01346548 0.00710619 0.02377013 0.03637667 0.
 0.00669772 0.         0.09016259]

rule29: 2.587 < median_income < 3.881
probabilities_array:[0.0011147  0.04302622 0.08181064 0.11538037 0.11171436 0.13576765
 0.13008222 0.10351579 0.07649002 0.0605576  0.05145835 0.04968487
 0.02328658 0.         0.01611055]

rule39: ocean_proximity_NEAR OCEAN = 1.0
probabilities_array:[0.00419135 0.19627602 0.07801926 0.08127615 0.03947223 0.00512789
 0.         0.         0.01554608 0.0362067  0.06309183 0.09244531
 0.11147937 0.22234249 0.05452524]

rule1: -120.923 < longitude < -119.570
probabilities_array:[0.20559397 0.14530182 0.09930179 0.18217054 0.0459544  0.
 0.         0.         0.         0.         0.         0.
 0.00582012 0.04708009 0.26877725]

rule24: households < 245.114
probabilities_array:[0.15353514 0.08966236 0.107542   0.08019859 0.02632397 0.01717294
 0.         0.         0.03863248 0.04097428 0.         0.
 0.         0.06626997 0.37968823]

rule38: ocean_proximity_NEAR OCEAN = 0.0
probabilities_array:[0.19873509 0.11560172 0.09321813 0.03203184 0.04356672 0.01746394
 0.0694418  0.08645166 0.00303784 0.01118071 0.00830233 0.01381344
 0.00163291 0.         0.30552185]

rule36: ocean_proximity_NEAR BAY = 0.0
probabilities_array:[0.20797265 0.14098579 0.08969717 0.06617352 0.06144578 0.00070901
 0.0048966  0.00240905 0.01084717 0.07389657 0.0282439  0.01985364
 0.00680145 0.         0.2860677 ]

rule23: population > 2176.238
probabilities_array:[0.18116446 0.05196995 0.06391097 0.07967978 0.11206235 0.20132743
 0.1086686  0.05910265 0.02666957 0.03382382 0.04933733 0.01892396
 0.00313977 0.         0.01021937]

rule37: ocean_proximity_NEAR BAY = 1.0
probabilities_array:[0.         0.16052522 0.08003315 0.09666651 0.00036977 0.03068882
 0.         0.02710219 0.01471613 0.         0.         0.
 0.12740724 0.23084617 0.23164484]

rule15: total_rooms > 4054.247
probabilities_array:[0.         0.03446943 0.06264289 0.01543127 0.00685778 0.
 0.         0.         0.02509112 0.06211822 0.00597067 0.18575719
 0.19109844 0.34259298 0.06796993]

rule25: 245.114 < households < 497.449
probabilities_array:[0.1826482  0.05318265 0.07782578 0.10227096 0.08089437 0.04351002
 0.01575378 0.         0.00098837 0.02099469 0.         0.04270656
 0.         0.         0.37922463]

rule5: 34.190 < latitude < 35.628
probabilities_array:[0.12218204 0.04791199 0.05032366 0.05874262 0.08928441 0.07690748
 0.10283127 0.10264965 0.10910625 0.07616859 0.07278445 0.03667785
 0.         0.         0.05442978]

rule12: total_rooms < 1197.772
probabilities_array:[0.18731946 0.08700871 0.04884914 0.07109024 0.10892016 0.20355424
 0.06072904 0.05177892 0.02077376 0.04659064 0.05095322 0.01383937
 0.02117124 0.         0.02742185]

rule13: 1197.772 < total_rooms < 2626.009
probabilities_array:[0.1633597  0.11884134 0.06252553 0.04320706 0.0413868  0.16436884
 0.05002208 0.03075711 0.00415843 0.00726757 0.03650886 0.
 0.01040333 0.         0.2671933 ]

rule8: housing_median_age < 20.146
probabilities_array:[0.02169722 0.04862611 0.04288456 0.09562466 0.1014733  0.13118535
 0.11211678 0.09378603 0.07163352 0.05328117 0.07751703 0.05993431
 0.03250999 0.         0.05773003]


---3---
rule7: latitude > 37.066
probabilities_array:[0.         0.10040244 0.18459268 0.19112237 0.16321012 0.02376929
 0.02972194 0.01153791 0.02045401 0.01636082 0.04072291 0.01896705
 0.02665139 0.06486309 0.10762412]

rule33: ocean_proximity_INLAND = 1.0
probabilities_array:[2.3739311e-01 2.0821004e-01 1.7474632e-01 1.6055328e-01 9.0945140e-02
 1.8451051e-03 8.2853250e-03 9.1647863e-04 1.3111684e-03 8.8493107e-03
 4.4985525e-05 0.0000000e+00 0.0000000e+00 0.0000000e+00 1.0689972e-01]

rule1: -120.923 < longitude < -119.570
probabilities_array:[0.20559397 0.14530182 0.09930179 0.18217054 0.0459544  0.
 0.         0.         0.         0.         0.         0.
 0.00582012 0.04708009 0.26877725]

rule28: median_income < 2.587
probabilities_array:[0.18139192 0.1896383  0.15398236 0.1255498  0.09418366 0.06970609
 0.04689975 0.02958708 0.03425441 0.02699965 0.0290429  0.01381299
 0.00318096 0.         0.00177015]

rule4: latitude < 34.190
probabilities_array:[0.         0.03771808 0.15355714 0.13097243 0.06533928 0.03104411
 0.04350105 0.02037994 0.03032626 0.04076469 0.04712945 0.08201741
 0.08689065 0.17921409 0.05114534]

rule29: 2.587 < median_income < 3.881
probabilities_array:[0.0011147  0.04302622 0.08181064 0.11538037 0.11171436 0.13576765
 0.13008222 0.10351579 0.07649002 0.0605576  0.05145835 0.04968487
 0.02328658 0.         0.01611055]

rule22: 1421.045 < population < 2176.238
probabilities_array:[0.2253265  0.06432983 0.11742716 0.1017583  0.10781723 0.15419823
 0.051564   0.01346548 0.00710619 0.02377013 0.03637667 0.
 0.00669772 0.         0.09016259]

rule8: housing_median_age < 20.146
probabilities_array:[0.02169722 0.04862611 0.04288456 0.09562466 0.1014733  0.13118535
 0.11211678 0.09378603 0.07163352 0.05328117 0.07751703 0.05993431
 0.03250999 0.         0.05773003]

rule23: population > 2176.238
probabilities_array:[0.18116446 0.05196995 0.06391097 0.07967978 0.11206235 0.20132743
 0.1086686  0.05910265 0.02666957 0.03382382 0.04933733 0.01892396
 0.00313977 0.         0.01021937]

rule39: ocean_proximity_NEAR OCEAN = 1.0
probabilities_array:[0.00419135 0.19627602 0.07801926 0.08127615 0.03947223 0.00512789
 0.         0.         0.01554608 0.0362067  0.06309183 0.09244531
 0.11147937 0.22234249 0.05452524]

rule3: longitude > -118.217
probabilities_array:[0.04907537 0.08071245 0.03224613 0.07887039 0.12317304 0.15453538
 0.11690203 0.13018368 0.10936054 0.05486359 0.02565462 0.00880929
 0.         0.         0.03561354]

rule37: ocean_proximity_NEAR BAY = 1.0
probabilities_array:[0.         0.16052522 0.08003315 0.09666651 0.00036977 0.03068882
 0.         0.02710219 0.01471613 0.         0.         0.
 0.12740724 0.23084617 0.23164484]

rule12: total_rooms < 1197.772
probabilities_array:[0.18731946 0.08700871 0.04884914 0.07109024 0.10892016 0.20355424
 0.06072904 0.05177892 0.02077376 0.04659064 0.05095322 0.01383937
 0.02117124 0.         0.02742185]

rule25: 245.114 < households < 497.449
probabilities_array:[0.1826482  0.05318265 0.07782578 0.10227096 0.08089437 0.04351002
 0.01575378 0.         0.00098837 0.02099469 0.         0.04270656
 0.         0.         0.37922463]

rule5: 34.190 < latitude < 35.628
probabilities_array:[0.12218204 0.04791199 0.05032366 0.05874262 0.08928441 0.07690748
 0.10283127 0.10264965 0.10910625 0.07616859 0.07278445 0.03667785
 0.         0.         0.05442978]

rule24: households < 245.114
probabilities_array:[0.15353514 0.08966236 0.107542   0.08019859 0.02632397 0.01717294
 0.         0.         0.03863248 0.04097428 0.         0.
 0.         0.06626997 0.37968823]

rule36: ocean_proximity_NEAR BAY = 0.0
probabilities_array:[0.20797265 0.14098579 0.08969717 0.06617352 0.06144578 0.00070901
 0.0048966  0.00240905 0.01084717 0.07389657 0.0282439  0.01985364
 0.00680145 0.         0.2860677 ]

rule2: -119.570 < longitude < -118.217
probabilities_array:[0.16311777 0.1029386  0.13896811 0.0477611  0.         0.
 0.         0.02897198 0.03202574 0.05281898 0.00103713 0.03444029
 0.11258143 0.19137898 0.09395995]

rule14: 2626.009 < total_rooms < 4054.247
probabilities_array:[0.00599842 0.06004138 0.03320495 0.0500962  0.04413726 0.
 0.01730812 0.01167233 0.0756343  0.0442277  0.01915886 0.09588506
 0.16104975 0.22133274 0.16025291]


---4---
rule7: latitude > 37.066
probabilities_array:[0.         0.10040244 0.18459268 0.19112237 0.16321012 0.02376929
 0.02972194 0.01153791 0.02045401 0.01636082 0.04072291 0.01896705
 0.02665139 0.06486309 0.10762412]

rule3: longitude > -118.217
probabilities_array:[0.04907537 0.08071245 0.03224613 0.07887039 0.12317304 0.15453538
 0.11690203 0.13018368 0.10936054 0.05486359 0.02565462 0.00880929
 0.         0.         0.03561354]

rule23: population > 2176.238
probabilities_array:[0.18116446 0.05196995 0.06391097 0.07967978 0.11206235 0.20132743
 0.1086686  0.05910265 0.02666957 0.03382382 0.04933733 0.01892396
 0.00313977 0.         0.01021937]

rule29: 2.587 < median_income < 3.881
probabilities_array:[0.0011147  0.04302622 0.08181064 0.11538037 0.11171436 0.13576765
 0.13008222 0.10351579 0.07649002 0.0605576  0.05145835 0.04968487
 0.02328658 0.         0.01611055]

rule12: total_rooms < 1197.772
probabilities_array:[0.18731946 0.08700871 0.04884914 0.07109024 0.10892016 0.20355424
 0.06072904 0.05177892 0.02077376 0.04659064 0.05095322 0.01383937
 0.02117124 0.         0.02742185]

rule22: 1421.045 < population < 2176.238
probabilities_array:[0.2253265  0.06432983 0.11742716 0.1017583  0.10781723 0.15419823
 0.051564   0.01346548 0.00710619 0.02377013 0.03637667 0.
 0.00669772 0.         0.09016259]

rule8: housing_median_age < 20.146
probabilities_array:[0.02169722 0.04862611 0.04288456 0.09562466 0.1014733  0.13118535
 0.11211678 0.09378603 0.07163352 0.05328117 0.07751703 0.05993431
 0.03250999 0.         0.05773003]

rule28: median_income < 2.587
probabilities_array:[0.18139192 0.1896383  0.15398236 0.1255498  0.09418366 0.06970609
 0.04689975 0.02958708 0.03425441 0.02699965 0.0290429  0.01381299
 0.00318096 0.         0.00177015]

rule5: 34.190 < latitude < 35.628
probabilities_array:[0.12218204 0.04791199 0.05032366 0.05874262 0.08928441 0.07690748
 0.10283127 0.10264965 0.10910625 0.07616859 0.07278445 0.03667785
 0.         0.         0.05442978]

rule33: ocean_proximity_INLAND = 1.0
probabilities_array:[2.3739311e-01 2.0821004e-01 1.7474632e-01 1.6055328e-01 9.0945140e-02
 1.8451051e-03 8.2853250e-03 9.1647863e-04 1.3111684e-03 8.8493107e-03
 4.4985525e-05 0.0000000e+00 0.0000000e+00 0.0000000e+00 1.0689972e-01]

rule30: 3.881 < median_income < 5.176
probabilities_array:[0.         0.00839376 0.01822285 0.03516031 0.06927611 0.10175039
 0.11452316 0.11898427 0.11330623 0.09882292 0.10059924 0.1090403
 0.07334358 0.03746075 0.00111617]

rule4: latitude < 34.190
probabilities_array:[0.         0.03771808 0.15355714 0.13097243 0.06533928 0.03104411
 0.04350105 0.02037994 0.03032626 0.04076469 0.04712945 0.08201741
 0.08689065 0.17921409 0.05114534]

rule25: 245.114 < households < 497.449
probabilities_array:[0.1826482  0.05318265 0.07782578 0.10227096 0.08089437 0.04351002
 0.01575378 0.         0.00098837 0.02099469 0.         0.04270656
 0.         0.         0.37922463]

rule36: ocean_proximity_NEAR BAY = 0.0
probabilities_array:[0.20797265 0.14098579 0.08969717 0.06617352 0.06144578 0.00070901
 0.0048966  0.00240905 0.01084717 0.07389657 0.0282439  0.01985364
 0.00680145 0.         0.2860677 ]


---5---
rule23: population > 2176.238
probabilities_array:[0.18116446 0.05196995 0.06391097 0.07967978 0.11206235 0.20132743
 0.1086686  0.05910265 0.02666957 0.03382382 0.04933733 0.01892396
 0.00313977 0.         0.01021937]

rule12: total_rooms < 1197.772
probabilities_array:[0.18731946 0.08700871 0.04884914 0.07109024 0.10892016 0.20355424
 0.06072904 0.05177892 0.02077376 0.04659064 0.05095322 0.01383937
 0.02117124 0.         0.02742185]

rule3: longitude > -118.217
probabilities_array:[0.04907537 0.08071245 0.03224613 0.07887039 0.12317304 0.15453538
 0.11690203 0.13018368 0.10936054 0.05486359 0.02565462 0.00880929
 0.         0.         0.03561354]

rule22: 1421.045 < population < 2176.238
probabilities_array:[0.2253265  0.06432983 0.11742716 0.1017583  0.10781723 0.15419823
 0.051564   0.01346548 0.00710619 0.02377013 0.03637667 0.
 0.00669772 0.         0.09016259]

rule29: 2.587 < median_income < 3.881
probabilities_array:[0.0011147  0.04302622 0.08181064 0.11538037 0.11171436 0.13576765
 0.13008222 0.10351579 0.07649002 0.0605576  0.05145835 0.04968487
 0.02328658 0.         0.01611055]

rule8: housing_median_age < 20.146
probabilities_array:[0.02169722 0.04862611 0.04288456 0.09562466 0.1014733  0.13118535
 0.11211678 0.09378603 0.07163352 0.05328117 0.07751703 0.05993431
 0.03250999 0.         0.05773003]

rule13: 1197.772 < total_rooms < 2626.009
probabilities_array:[0.1633597  0.11884134 0.06252553 0.04320706 0.0413868  0.16436884
 0.05002208 0.03075711 0.00415843 0.00726757 0.03650886 0.
 0.01040333 0.         0.2671933 ]

rule30: 3.881 < median_income < 5.176
probabilities_array:[0.         0.00839376 0.01822285 0.03516031 0.06927611 0.10175039
 0.11452316 0.11898427 0.11330623 0.09882292 0.10059924 0.1090403
 0.07334358 0.03746075 0.00111617]

rule10: 28.617 < housing_median_age < 37.088
probabilities_array:[0.16449863 0.07646049 0.04579346 0.03183166 0.00498678 0.11601409
 0.06549542 0.10087374 0.11358892 0.01007343 0.0009674  0.
 0.00345892 0.07015419 0.19580276]

rule5: 34.190 < latitude < 35.628
probabilities_array:[0.12218204 0.04791199 0.05032366 0.05874262 0.08928441 0.07690748
 0.10283127 0.10264965 0.10910625 0.07616859 0.07278445 0.03667785
 0.         0.         0.05442978]

rule17: 256.264 < total_bedrooms < 534.635
probabilities_array:[0.1943578  0.09035213 0.01077686 0.0544733  0.03001106 0.1160167
 0.00825124 0.         0.00089291 0.03583308 0.04967161 0.0152544
 0.00484399 0.         0.38926482]

rule28: median_income < 2.587
probabilities_array:[0.18139192 0.1896383  0.15398236 0.1255498  0.09418366 0.06970609
 0.04689975 0.02958708 0.03425441 0.02699965 0.0290429  0.01381299
 0.00318096 0.         0.00177015]

rule32: ocean_proximity_INLAND = 0.0
probabilities_array:[0.         0.0060958  0.00868667 0.01275326 0.02745427 0.0403413
 0.07427841 0.11099218 0.1367292  0.11663845 0.13502426 0.12293378
 0.12882313 0.07891579 0.0003334 ]


---6---
rule29: 2.587 < median_income < 3.881
probabilities_array:[0.0011147  0.04302622 0.08181064 0.11538037 0.11171436 0.13576765
 0.13008222 0.10351579 0.07649002 0.0605576  0.05145835 0.04968487
 0.02328658 0.         0.01611055]

rule30: 3.881 < median_income < 5.176
probabilities_array:[0.         0.00839376 0.01822285 0.03516031 0.06927611 0.10175039
 0.11452316 0.11898427 0.11330623 0.09882292 0.10059924 0.1090403
 0.07334358 0.03746075 0.00111617]

rule3: longitude > -118.217
probabilities_array:[0.04907537 0.08071245 0.03224613 0.07887039 0.12317304 0.15453538
 0.11690203 0.13018368 0.10936054 0.05486359 0.02565462 0.00880929
 0.         0.         0.03561354]

rule23: population > 2176.238
probabilities_array:[0.18116446 0.05196995 0.06391097 0.07967978 0.11206235 0.20132743
 0.1086686  0.05910265 0.02666957 0.03382382 0.04933733 0.01892396
 0.00313977 0.         0.01021937]

rule8: housing_median_age < 20.146
probabilities_array:[0.02169722 0.04862611 0.04288456 0.09562466 0.1014733  0.13118535
 0.11211678 0.09378603 0.07163352 0.05328117 0.07751703 0.05993431
 0.03250999 0.         0.05773003]

rule5: 34.190 < latitude < 35.628
probabilities_array:[0.12218204 0.04791199 0.05032366 0.05874262 0.08928441 0.07690748
 0.10283127 0.10264965 0.10910625 0.07616859 0.07278445 0.03667785
 0.         0.         0.05442978]

rule32: ocean_proximity_INLAND = 0.0
probabilities_array:[0.         0.0060958  0.00868667 0.01275326 0.02745427 0.0403413
 0.07427841 0.11099218 0.1367292  0.11663845 0.13502426 0.12293378
 0.12882313 0.07891579 0.0003334 ]

rule12: total_rooms < 1197.772
probabilities_array:[0.18731946 0.08700871 0.04884914 0.07109024 0.10892016 0.20355424
 0.06072904 0.05177892 0.02077376 0.04659064 0.05095322 0.01383937
 0.02117124 0.         0.02742185]

rule16: total_bedrooms < 256.264
probabilities_array:[0.06057559 0.02150699 0.16104157 0.04303901 0.04906717 0.00102717
 0.0810871  0.0735974  0.05515014 0.00513897 0.04027814 0.01333336
 0.         0.09275993 0.30239755]

rule10: 28.617 < housing_median_age < 37.088
probabilities_array:[0.16449863 0.07646049 0.04579346 0.03183166 0.00498678 0.11601409
 0.06549542 0.10087374 0.11358892 0.01007343 0.0009674  0.
 0.00345892 0.07015419 0.19580276]

rule38: ocean_proximity_NEAR OCEAN = 0.0
probabilities_array:[0.19873509 0.11560172 0.09321813 0.03203184 0.04356672 0.01746394
 0.0694418  0.08645166 0.00303784 0.01118071 0.00830233 0.01381344
 0.00163291 0.         0.30552185]

rule22: 1421.045 < population < 2176.238
probabilities_array:[0.2253265  0.06432983 0.11742716 0.1017583  0.10781723 0.15419823
 0.051564   0.01346548 0.00710619 0.02377013 0.03637667 0.
 0.00669772 0.         0.09016259]

rule28: median_income < 2.587
probabilities_array:[0.18139192 0.1896383  0.15398236 0.1255498  0.09418366 0.06970609
 0.04689975 0.02958708 0.03425441 0.02699965 0.0290429  0.01381299
 0.00318096 0.         0.00177015]

rule4: latitude < 34.190
probabilities_array:[0.         0.03771808 0.15355714 0.13097243 0.06533928 0.03104411
 0.04350105 0.02037994 0.03032626 0.04076469 0.04712945 0.08201741
 0.08689065 0.17921409 0.05114534]


---7---
rule3: longitude > -118.217
probabilities_array:[0.04907537 0.08071245 0.03224613 0.07887039 0.12317304 0.15453538
 0.11690203 0.13018368 0.10936054 0.05486359 0.02565462 0.00880929
 0.         0.         0.03561354]

rule30: 3.881 < median_income < 5.176
probabilities_array:[0.         0.00839376 0.01822285 0.03516031 0.06927611 0.10175039
 0.11452316 0.11898427 0.11330623 0.09882292 0.10059924 0.1090403
 0.07334358 0.03746075 0.00111617]

rule9: 20.146 < housing_median_age < 28.617
probabilities_array:[0.11815353 0.05366208 0.02016892 0.03945163 0.01024914 0.
 0.02522016 0.1495621  0.08186237 0.0799532  0.09366064 0.03808925
 0.04418    0.         0.24578698]

rule32: ocean_proximity_INLAND = 0.0
probabilities_array:[0.         0.0060958  0.00868667 0.01275326 0.02745427 0.0403413
 0.07427841 0.11099218 0.1367292  0.11663845 0.13502426 0.12293378
 0.12882313 0.07891579 0.0003334 ]

rule29: 2.587 < median_income < 3.881
probabilities_array:[0.0011147  0.04302622 0.08181064 0.11538037 0.11171436 0.13576765
 0.13008222 0.10351579 0.07649002 0.0605576  0.05145835 0.04968487
 0.02328658 0.         0.01611055]

rule5: 34.190 < latitude < 35.628
probabilities_array:[0.12218204 0.04791199 0.05032366 0.05874262 0.08928441 0.07690748
 0.10283127 0.10264965 0.10910625 0.07616859 0.07278445 0.03667785
 0.         0.         0.05442978]

rule8: housing_median_age < 20.146
probabilities_array:[0.02169722 0.04862611 0.04288456 0.09562466 0.1014733  0.13118535
 0.11211678 0.09378603 0.07163352 0.05328117 0.07751703 0.05993431
 0.03250999 0.         0.05773003]

rule10: 28.617 < housing_median_age < 37.088
probabilities_array:[0.16449863 0.07646049 0.04579346 0.03183166 0.00498678 0.11601409
 0.06549542 0.10087374 0.11358892 0.01007343 0.0009674  0.
 0.00345892 0.07015419 0.19580276]

rule38: ocean_proximity_NEAR OCEAN = 0.0
probabilities_array:[0.19873509 0.11560172 0.09321813 0.03203184 0.04356672 0.01746394
 0.0694418  0.08645166 0.00303784 0.01118071 0.00830233 0.01381344
 0.00163291 0.         0.30552185]

rule23: population > 2176.238
probabilities_array:[0.18116446 0.05196995 0.06391097 0.07967978 0.11206235 0.20132743
 0.1086686  0.05910265 0.02666957 0.03382382 0.04933733 0.01892396
 0.00313977 0.         0.01021937]

rule19: total_bedrooms > 813.005
probabilities_array:[0.         0.05957935 0.         0.03781187 0.04300644 0.
 0.00091645 0.07170778 0.1157367  0.04300711 0.11911771 0.03942893
 0.04379484 0.17563497 0.25025782]

rule16: total_bedrooms < 256.264
probabilities_array:[0.06057559 0.02150699 0.16104157 0.04303901 0.04906717 0.00102717
 0.0810871  0.0735974  0.05515014 0.00513897 0.04027814 0.01333336
 0.         0.09275993 0.30239755]

rule12: total_rooms < 1197.772
probabilities_array:[0.18731946 0.08700871 0.04884914 0.07109024 0.10892016 0.20355424
 0.06072904 0.05177892 0.02077376 0.04659064 0.05095322 0.01383937
 0.02117124 0.         0.02742185]

rule20: population < 665.852
probabilities_array:[0.         0.08509126 0.00342698 0.01559878 0.         0.
 0.         0.0462883  0.06866778 0.04037913 0.018594   0.13593884
 0.19069548 0.2788882  0.11643115]


---8---
rule32: ocean_proximity_INLAND = 0.0
probabilities_array:[0.         0.0060958  0.00868667 0.01275326 0.02745427 0.0403413
 0.07427841 0.11099218 0.1367292  0.11663845 0.13502426 0.12293378
 0.12882313 0.07891579 0.0003334 ]

rule30: 3.881 < median_income < 5.176
probabilities_array:[0.         0.00839376 0.01822285 0.03516031 0.06927611 0.10175039
 0.11452316 0.11898427 0.11330623 0.09882292 0.10059924 0.1090403
 0.07334358 0.03746075 0.00111617]

rule3: longitude > -118.217
probabilities_array:[0.04907537 0.08071245 0.03224613 0.07887039 0.12317304 0.15453538
 0.11690203 0.13018368 0.10936054 0.05486359 0.02565462 0.00880929
 0.         0.         0.03561354]

rule27: households > 749.784
probabilities_array:[0.         0.09638114 0.         0.         0.         0.
 0.004968   0.04828346 0.13545637 0.00751113 0.11347993 0.0956699
 0.16156037 0.11031109 0.22637866]

rule5: 34.190 < latitude < 35.628
probabilities_array:[0.12218204 0.04791199 0.05032366 0.05874262 0.08928441 0.07690748
 0.10283127 0.10264965 0.10910625 0.07616859 0.07278445 0.03667785
 0.         0.         0.05442978]

rule10: 28.617 < housing_median_age < 37.088
probabilities_array:[0.16449863 0.07646049 0.04579346 0.03183166 0.00498678 0.11601409
 0.06549542 0.10087374 0.11358892 0.01007343 0.0009674  0.
 0.00345892 0.07015419 0.19580276]

rule19: total_bedrooms > 813.005
probabilities_array:[0.         0.05957935 0.         0.03781187 0.04300644 0.
 0.00091645 0.07170778 0.1157367  0.04300711 0.11911771 0.03942893
 0.04379484 0.17563497 0.25025782]

rule29: 2.587 < median_income < 3.881
probabilities_array:[0.0011147  0.04302622 0.08181064 0.11538037 0.11171436 0.13576765
 0.13008222 0.10351579 0.07649002 0.0605576  0.05145835 0.04968487
 0.02328658 0.         0.01611055]

rule8: housing_median_age < 20.146
probabilities_array:[0.02169722 0.04862611 0.04288456 0.09562466 0.1014733  0.13118535
 0.11211678 0.09378603 0.07163352 0.05328117 0.07751703 0.05993431
 0.03250999 0.         0.05773003]

rule31: median_income > 5.176
probabilities_array:[0.         0.         0.         0.00251188 0.0139897  0.02250115
 0.02258917 0.03612339 0.0650913  0.08688599 0.12673472 0.1790043
 0.20960791 0.23496048 0.        ]

rule14: 2626.009 < total_rooms < 4054.247
probabilities_array:[0.00599842 0.06004138 0.03320495 0.0500962  0.04413726 0.
 0.01730812 0.01167233 0.0756343  0.0442277  0.01915886 0.09588506
 0.16104975 0.22133274 0.16025291]

rule9: 20.146 < housing_median_age < 28.617
probabilities_array:[0.11815353 0.05366208 0.02016892 0.03945163 0.01024914 0.
 0.02522016 0.1495621  0.08186237 0.0799532  0.09366064 0.03808925
 0.04418    0.         0.24578698]

rule20: population < 665.852
probabilities_array:[0.         0.08509126 0.00342698 0.01559878 0.         0.
 0.         0.0462883  0.06866778 0.04037913 0.018594   0.13593884
 0.19069548 0.2788882  0.11643115]


---9---
rule0: longitude < -120.923
probabilities_array:[0.00280605 0.01994752 0.04674251 0.00692306 0.02854322 0.0262024
 0.03101398 0.01137021 0.04268047 0.15250656 0.11709053 0.11929808
 0.11391237 0.04916267 0.23180044]

rule32: ocean_proximity_INLAND = 0.0
probabilities_array:[0.         0.0060958  0.00868667 0.01275326 0.02745427 0.0403413
 0.07427841 0.11099218 0.1367292  0.11663845 0.13502426 0.12293378
 0.12882313 0.07891579 0.0003334 ]

rule30: 3.881 < median_income < 5.176
probabilities_array:[0.         0.00839376 0.01822285 0.03516031 0.06927611 0.10175039
 0.11452316 0.11898427 0.11330623 0.09882292 0.10059924 0.1090403
 0.07334358 0.03746075 0.00111617]

rule31: median_income > 5.176
probabilities_array:[0.         0.         0.         0.00251188 0.0139897  0.02250115
 0.02258917 0.03612339 0.0650913  0.08688599 0.12673472 0.1790043
 0.20960791 0.23496048 0.        ]

rule5: 34.190 < latitude < 35.628
probabilities_array:[0.12218204 0.04791199 0.05032366 0.05874262 0.08928441 0.07690748
 0.10283127 0.10264965 0.10910625 0.07616859 0.07278445 0.03667785
 0.         0.         0.05442978]

rule9: 20.146 < housing_median_age < 28.617
probabilities_array:[0.11815353 0.05366208 0.02016892 0.03945163 0.01024914 0.
 0.02522016 0.1495621  0.08186237 0.0799532  0.09366064 0.03808925
 0.04418    0.         0.24578698]

rule29: 2.587 < median_income < 3.881
probabilities_array:[0.0011147  0.04302622 0.08181064 0.11538037 0.11171436 0.13576765
 0.13008222 0.10351579 0.07649002 0.0605576  0.05145835 0.04968487
 0.02328658 0.         0.01611055]

rule15: total_rooms > 4054.247
probabilities_array:[0.         0.03446943 0.06264289 0.01543127 0.00685778 0.
 0.         0.         0.02509112 0.06211822 0.00597067 0.18575719
 0.19109844 0.34259298 0.06796993]

rule3: longitude > -118.217
probabilities_array:[0.04907537 0.08071245 0.03224613 0.07887039 0.12317304 0.15453538
 0.11690203 0.13018368 0.10936054 0.05486359 0.02565462 0.00880929
 0.         0.         0.03561354]

rule36: ocean_proximity_NEAR BAY = 0.0
probabilities_array:[0.20797265 0.14098579 0.08969717 0.06617352 0.06144578 0.00070901
 0.0048966  0.00240905 0.01084717 0.07389657 0.0282439  0.01985364
 0.00680145 0.         0.2860677 ]

rule8: housing_median_age < 20.146
probabilities_array:[0.02169722 0.04862611 0.04288456 0.09562466 0.1014733  0.13118535
 0.11211678 0.09378603 0.07163352 0.05328117 0.07751703 0.05993431
 0.03250999 0.         0.05773003]

rule2: -119.570 < longitude < -118.217
probabilities_array:[0.16311777 0.1029386  0.13896811 0.0477611  0.         0.
 0.         0.02897198 0.03202574 0.05281898 0.00103713 0.03444029
 0.11258143 0.19137898 0.09395995]

rule12: total_rooms < 1197.772
probabilities_array:[0.18731946 0.08700871 0.04884914 0.07109024 0.10892016 0.20355424
 0.06072904 0.05177892 0.02077376 0.04659064 0.05095322 0.01383937
 0.02117124 0.         0.02742185]


---10---
rule32: ocean_proximity_INLAND = 0.0
probabilities_array:[0.         0.0060958  0.00868667 0.01275326 0.02745427 0.0403413
 0.07427841 0.11099218 0.1367292  0.11663845 0.13502426 0.12293378
 0.12882313 0.07891579 0.0003334 ]

rule31: median_income > 5.176
probabilities_array:[0.         0.         0.         0.00251188 0.0139897  0.02250115
 0.02258917 0.03612339 0.0650913  0.08688599 0.12673472 0.1790043
 0.20960791 0.23496048 0.        ]

rule30: 3.881 < median_income < 5.176
probabilities_array:[0.         0.00839376 0.01822285 0.03516031 0.06927611 0.10175039
 0.11452316 0.11898427 0.11330623 0.09882292 0.10059924 0.1090403
 0.07334358 0.03746075 0.00111617]

rule0: longitude < -120.923
probabilities_array:[0.00280605 0.01994752 0.04674251 0.00692306 0.02854322 0.0262024
 0.03101398 0.01137021 0.04268047 0.15250656 0.11709053 0.11929808
 0.11391237 0.04916267 0.23180044]

rule19: total_bedrooms > 813.005
probabilities_array:[0.         0.05957935 0.         0.03781187 0.04300644 0.
 0.00091645 0.07170778 0.1157367  0.04300711 0.11911771 0.03942893
 0.04379484 0.17563497 0.25025782]

rule27: households > 749.784
probabilities_array:[0.         0.09638114 0.         0.         0.         0.
 0.004968   0.04828346 0.13545637 0.00751113 0.11347993 0.0956699
 0.16156037 0.11031109 0.22637866]

rule26: 497.449 < households < 749.784
probabilities_array:[0.02989011 0.10442158 0.02121908 0.         0.         0.02358414
 0.04916991 0.06285629 0.04388976 0.06012243 0.14906584 0.01322643
 0.00532177 0.         0.43723267]

rule8: housing_median_age < 20.146
probabilities_array:[0.02169722 0.04862611 0.04288456 0.09562466 0.1014733  0.13118535
 0.11211678 0.09378603 0.07163352 0.05328117 0.07751703 0.05993431
 0.03250999 0.         0.05773003]

rule9: 20.146 < housing_median_age < 28.617
probabilities_array:[0.11815353 0.05366208 0.02016892 0.03945163 0.01024914 0.
 0.02522016 0.1495621  0.08186237 0.0799532  0.09366064 0.03808925
 0.04418    0.         0.24578698]

rule5: 34.190 < latitude < 35.628
probabilities_array:[0.12218204 0.04791199 0.05032366 0.05874262 0.08928441 0.07690748
 0.10283127 0.10264965 0.10910625 0.07616859 0.07278445 0.03667785
 0.         0.         0.05442978]

rule39: ocean_proximity_NEAR OCEAN = 1.0
probabilities_array:[0.00419135 0.19627602 0.07801926 0.08127615 0.03947223 0.00512789
 0.         0.         0.01554608 0.0362067  0.06309183 0.09244531
 0.11147937 0.22234249 0.05452524]

rule29: 2.587 < median_income < 3.881
probabilities_array:[0.0011147  0.04302622 0.08181064 0.11538037 0.11171436 0.13576765
 0.13008222 0.10351579 0.07649002 0.0605576  0.05145835 0.04968487
 0.02328658 0.         0.01611055]

rule12: total_rooms < 1197.772
probabilities_array:[0.18731946 0.08700871 0.04884914 0.07109024 0.10892016 0.20355424
 0.06072904 0.05177892 0.02077376 0.04659064 0.05095322 0.01383937
 0.02117124 0.         0.02742185]

rule23: population > 2176.238
probabilities_array:[0.18116446 0.05196995 0.06391097 0.07967978 0.11206235 0.20132743
 0.1086686  0.05910265 0.02666957 0.03382382 0.04933733 0.01892396
 0.00313977 0.         0.01021937]

rule4: latitude < 34.190
probabilities_array:[0.         0.03771808 0.15355714 0.13097243 0.06533928 0.03104411
 0.04350105 0.02037994 0.03032626 0.04076469 0.04712945 0.08201741
 0.08689065 0.17921409 0.05114534]


---11---
rule31: median_income > 5.176
probabilities_array:[0.         0.         0.         0.00251188 0.0139897  0.02250115
 0.02258917 0.03612339 0.0650913  0.08688599 0.12673472 0.1790043
 0.20960791 0.23496048 0.        ]

rule15: total_rooms > 4054.247
probabilities_array:[0.         0.03446943 0.06264289 0.01543127 0.00685778 0.
 0.         0.         0.02509112 0.06211822 0.00597067 0.18575719
 0.19109844 0.34259298 0.06796993]

rule32: ocean_proximity_INLAND = 0.0
probabilities_array:[0.         0.0060958  0.00868667 0.01275326 0.02745427 0.0403413
 0.07427841 0.11099218 0.1367292  0.11663845 0.13502426 0.12293378
 0.12882313 0.07891579 0.0003334 ]

rule20: population < 665.852
probabilities_array:[0.         0.08509126 0.00342698 0.01559878 0.         0.
 0.         0.0462883  0.06866778 0.04037913 0.018594   0.13593884
 0.19069548 0.2788882  0.11643115]

rule30: 3.881 < median_income < 5.176
probabilities_array:[0.         0.00839376 0.01822285 0.03516031 0.06927611 0.10175039
 0.11452316 0.11898427 0.11330623 0.09882292 0.10059924 0.1090403
 0.07334358 0.03746075 0.00111617]

rule0: longitude < -120.923
probabilities_array:[0.00280605 0.01994752 0.04674251 0.00692306 0.02854322 0.0262024
 0.03101398 0.01137021 0.04268047 0.15250656 0.11709053 0.11929808
 0.11391237 0.04916267 0.23180044]

rule39: ocean_proximity_NEAR OCEAN = 1.0
probabilities_array:[0.00419135 0.19627602 0.07801926 0.08127615 0.03947223 0.00512789
 0.         0.         0.01554608 0.0362067  0.06309183 0.09244531
 0.11147937 0.22234249 0.05452524]

rule14: 2626.009 < total_rooms < 4054.247
probabilities_array:[0.00599842 0.06004138 0.03320495 0.0500962  0.04413726 0.
 0.01730812 0.01167233 0.0756343  0.0442277  0.01915886 0.09588506
 0.16104975 0.22133274 0.16025291]

rule4: latitude < 34.190
probabilities_array:[0.         0.03771808 0.15355714 0.13097243 0.06533928 0.03104411
 0.04350105 0.02037994 0.03032626 0.04076469 0.04712945 0.08201741
 0.08689065 0.17921409 0.05114534]

rule27: households > 749.784
probabilities_array:[0.         0.09638114 0.         0.         0.         0.
 0.004968   0.04828346 0.13545637 0.00751113 0.11347993 0.0956699
 0.16156037 0.11031109 0.22637866]

rule35: ocean_proximity_ISLAND = 1.0
probabilities_array:[0.         0.         0.         0.         0.         0.
 0.         0.         0.         0.         0.         0.17441645
 0.         0.19544268 0.63014084]

rule8: housing_median_age < 20.146
probabilities_array:[0.02169722 0.04862611 0.04288456 0.09562466 0.1014733  0.13118535
 0.11211678 0.09378603 0.07163352 0.05328117 0.07751703 0.05993431
 0.03250999 0.         0.05773003]

rule29: 2.587 < median_income < 3.881
probabilities_array:[0.0011147  0.04302622 0.08181064 0.11538037 0.11171436 0.13576765
 0.13008222 0.10351579 0.07649002 0.0605576  0.05145835 0.04968487
 0.02328658 0.         0.01611055]

rule21: 665.852 < population < 1421.045
probabilities_array:[0.11276688 0.13330455 0.149704   0.02026075 0.03012132 0.00029411
 0.02609541 0.         0.         0.02299172 0.02028006 0.05808161
 0.07946519 0.09154572 0.25508863]

rule18: 534.635 < total_bedrooms < 813.005
probabilities_array:[5.2765593e-02 1.2732984e-01 5.7215299e-02 0.0000000e+00 1.8963830e-03
 1.8035955e-04 0.0000000e+00 3.5042055e-02 4.7773562e-02 6.7707531e-02
 0.0000000e+00 7.4628316e-02 8.7798476e-02 1.9906119e-02 4.2775640e-01]


---12---
rule31: median_income > 5.176
probabilities_array:[0.         0.         0.         0.00251188 0.0139897  0.02250115
 0.02258917 0.03612339 0.0650913  0.08688599 0.12673472 0.1790043
 0.20960791 0.23496048 0.        ]

rule15: total_rooms > 4054.247
probabilities_array:[0.         0.03446943 0.06264289 0.01543127 0.00685778 0.
 0.         0.         0.02509112 0.06211822 0.00597067 0.18575719
 0.19109844 0.34259298 0.06796993]

rule20: population < 665.852
probabilities_array:[0.         0.08509126 0.00342698 0.01559878 0.         0.
 0.         0.0462883  0.06866778 0.04037913 0.018594   0.13593884
 0.19069548 0.2788882  0.11643115]

rule14: 2626.009 < total_rooms < 4054.247
probabilities_array:[0.00599842 0.06004138 0.03320495 0.0500962  0.04413726 0.
 0.01730812 0.01167233 0.0756343  0.0442277  0.01915886 0.09588506
 0.16104975 0.22133274 0.16025291]

rule32: ocean_proximity_INLAND = 0.0
probabilities_array:[0.         0.0060958  0.00868667 0.01275326 0.02745427 0.0403413
 0.07427841 0.11099218 0.1367292  0.11663845 0.13502426 0.12293378
 0.12882313 0.07891579 0.0003334 ]

rule27: households > 749.784
probabilities_array:[0.         0.09638114 0.         0.         0.         0.
 0.004968   0.04828346 0.13545637 0.00751113 0.11347993 0.0956699
 0.16156037 0.11031109 0.22637866]

rule39: ocean_proximity_NEAR OCEAN = 1.0
probabilities_array:[0.00419135 0.19627602 0.07801926 0.08127615 0.03947223 0.00512789
 0.         0.         0.01554608 0.0362067  0.06309183 0.09244531
 0.11147937 0.22234249 0.05452524]

rule2: -119.570 < longitude < -118.217
probabilities_array:[0.16311777 0.1029386  0.13896811 0.0477611  0.         0.
 0.         0.02897198 0.03202574 0.05281898 0.00103713 0.03444029
 0.11258143 0.19137898 0.09395995]

rule37: ocean_proximity_NEAR BAY = 1.0
probabilities_array:[0.         0.16052522 0.08003315 0.09666651 0.00036977 0.03068882
 0.         0.02710219 0.01471613 0.         0.         0.
 0.12740724 0.23084617 0.23164484]

rule0: longitude < -120.923
probabilities_array:[0.00280605 0.01994752 0.04674251 0.00692306 0.02854322 0.0262024
 0.03101398 0.01137021 0.04268047 0.15250656 0.11709053 0.11929808
 0.11391237 0.04916267 0.23180044]

rule4: latitude < 34.190
probabilities_array:[0.         0.03771808 0.15355714 0.13097243 0.06533928 0.03104411
 0.04350105 0.02037994 0.03032626 0.04076469 0.04712945 0.08201741
 0.08689065 0.17921409 0.05114534]

rule30: 3.881 < median_income < 5.176
probabilities_array:[0.         0.00839376 0.01822285 0.03516031 0.06927611 0.10175039
 0.11452316 0.11898427 0.11330623 0.09882292 0.10059924 0.1090403
 0.07334358 0.03746075 0.00111617]

rule21: 665.852 < population < 1421.045
probabilities_array:[0.11276688 0.13330455 0.149704   0.02026075 0.03012132 0.00029411
 0.02609541 0.         0.         0.02299172 0.02028006 0.05808161
 0.07946519 0.09154572 0.25508863]

rule18: 534.635 < total_bedrooms < 813.005
probabilities_array:[5.2765593e-02 1.2732984e-01 5.7215299e-02 0.0000000e+00 1.8963830e-03
 1.8035955e-04 0.0000000e+00 3.5042055e-02 4.7773562e-02 6.7707531e-02
 0.0000000e+00 7.4628316e-02 8.7798476e-02 1.9906119e-02 4.2775640e-01]

rule11: housing_median_age > 37.088
probabilities_array:[0.2077934  0.06244853 0.01202017 0.00316247 0.00063164 0.
 0.         0.         0.         0.         0.         0.03338061
 0.06642102 0.29702163 0.31712064]


---13---
rule15: total_rooms > 4054.247
probabilities_array:[0.         0.03446943 0.06264289 0.01543127 0.00685778 0.
 0.         0.         0.02509112 0.06211822 0.00597067 0.18575719
 0.19109844 0.34259298 0.06796993]

rule20: population < 665.852
probabilities_array:[0.         0.08509126 0.00342698 0.01559878 0.         0.
 0.         0.0462883  0.06866778 0.04037913 0.018594   0.13593884
 0.19069548 0.2788882  0.11643115]

rule31: median_income > 5.176
probabilities_array:[0.         0.         0.         0.00251188 0.0139897  0.02250115
 0.02258917 0.03612339 0.0650913  0.08688599 0.12673472 0.1790043
 0.20960791 0.23496048 0.        ]

rule39: ocean_proximity_NEAR OCEAN = 1.0
probabilities_array:[0.00419135 0.19627602 0.07801926 0.08127615 0.03947223 0.00512789
 0.         0.         0.01554608 0.0362067  0.06309183 0.09244531
 0.11147937 0.22234249 0.05452524]

rule11: housing_median_age > 37.088
probabilities_array:[0.2077934  0.06244853 0.01202017 0.00316247 0.00063164 0.
 0.         0.         0.         0.         0.         0.03338061
 0.06642102 0.29702163 0.31712064]

rule14: 2626.009 < total_rooms < 4054.247
probabilities_array:[0.00599842 0.06004138 0.03320495 0.0500962  0.04413726 0.
 0.01730812 0.01167233 0.0756343  0.0442277  0.01915886 0.09588506
 0.16104975 0.22133274 0.16025291]

rule37: ocean_proximity_NEAR BAY = 1.0
probabilities_array:[0.         0.16052522 0.08003315 0.09666651 0.00036977 0.03068882
 0.         0.02710219 0.01471613 0.         0.         0.
 0.12740724 0.23084617 0.23164484]

rule2: -119.570 < longitude < -118.217
probabilities_array:[0.16311777 0.1029386  0.13896811 0.0477611  0.         0.
 0.         0.02897198 0.03202574 0.05281898 0.00103713 0.03444029
 0.11258143 0.19137898 0.09395995]

rule4: latitude < 34.190
probabilities_array:[0.         0.03771808 0.15355714 0.13097243 0.06533928 0.03104411
 0.04350105 0.02037994 0.03032626 0.04076469 0.04712945 0.08201741
 0.08689065 0.17921409 0.05114534]

rule19: total_bedrooms > 813.005
probabilities_array:[0.         0.05957935 0.         0.03781187 0.04300644 0.
 0.00091645 0.07170778 0.1157367  0.04300711 0.11911771 0.03942893
 0.04379484 0.17563497 0.25025782]

rule27: households > 749.784
probabilities_array:[0.         0.09638114 0.         0.         0.         0.
 0.004968   0.04828346 0.13545637 0.00751113 0.11347993 0.0956699
 0.16156037 0.11031109 0.22637866]

rule32: ocean_proximity_INLAND = 0.0
probabilities_array:[0.         0.0060958  0.00868667 0.01275326 0.02745427 0.0403413
 0.07427841 0.11099218 0.1367292  0.11663845 0.13502426 0.12293378
 0.12882313 0.07891579 0.0003334 ]

rule35: ocean_proximity_ISLAND = 1.0
probabilities_array:[0.         0.         0.         0.         0.         0.
 0.         0.         0.         0.         0.         0.17441645
 0.         0.19544268 0.63014084]

rule21: 665.852 < population < 1421.045
probabilities_array:[0.11276688 0.13330455 0.149704   0.02026075 0.03012132 0.00029411
 0.02609541 0.         0.         0.02299172 0.02028006 0.05808161
 0.07946519 0.09154572 0.25508863]

rule16: total_bedrooms < 256.264
probabilities_array:[0.06057559 0.02150699 0.16104157 0.04303901 0.04906717 0.00102717
 0.0810871  0.0735974  0.05515014 0.00513897 0.04027814 0.01333336
 0.         0.09275993 0.30239755]

rule7: latitude > 37.066
probabilities_array:[0.         0.10040244 0.18459268 0.19112237 0.16321012 0.02376929
 0.02972194 0.01153791 0.02045401 0.01636082 0.04072291 0.01896705
 0.02665139 0.06486309 0.10762412]

rule10: 28.617 < housing_median_age < 37.088
probabilities_array:[0.16449863 0.07646049 0.04579346 0.03183166 0.00498678 0.11601409
 0.06549542 0.10087374 0.11358892 0.01007343 0.0009674  0.
 0.00345892 0.07015419 0.19580276]

rule24: households < 245.114
probabilities_array:[0.15353514 0.08966236 0.107542   0.08019859 0.02632397 0.01717294
 0.         0.         0.03863248 0.04097428 0.         0.
 0.         0.06626997 0.37968823]

