R2: 0.799225618606586


MAE: 33936.527106920694


MSE: 2721529562.347347


Accuracy: 0.2993394508757733


F1: 0.31987668819729886


Most important rules
-----------------------------

---0---
rule28: median_income < 2.599
probabilities_array:[0.26503995 0.24506098 0.17567043 0.11955957 0.06764576 0.05405561
 0.01223676 0.02577638 0.00341991 0.         0.03153456]

rule12: total_rooms < 1156.411
probabilities_array:[0.24767976 0.10665372 0.12524399 0.18993045 0.13387224 0.05647662
 0.04222019 0.04289908 0.02992861 0.         0.02509539]

rule33: ocean_proximity_INLAND = 1.0
probabilities_array:[0.29534456 0.24586883 0.20986582 0.00164162 0.         0.
 0.00545871 0.         0.         0.         0.24182041]

rule23: population > 2213.804
probabilities_array:[0.21056929 0.08079138 0.12233274 0.19047546 0.1820014  0.05641753
 0.06307881 0.05394688 0.02076499 0.         0.01962143]

rule2: -119.590 < longitude < -118.242
probabilities_array:[0.227602   0.13690239 0.04478017 0.         0.         0.00992623
 0.11409447 0.01213421 0.12525976 0.2208794  0.10842132]

rule38: ocean_proximity_NEAR OCEAN = 0.0
probabilities_array:[0.27671263 0.1504779  0.05601035 0.02161795 0.13000384 0.07244061
 0.         0.01759565 0.         0.         0.27514097]

rule22: 1436.770 < population < 2213.804
probabilities_array:[0.2361906  0.12228995 0.10747825 0.20066746 0.10167363 0.01389659
 0.02019613 0.03866514 0.00441448 0.         0.15452781]

rule36: ocean_proximity_NEAR BAY = 0.0
probabilities_array:[0.26125273 0.13043123 0.10570544 0.05219776 0.00143919 0.00230576
 0.0702472  0.06583466 0.0084081  0.         0.3021779 ]

rule1: -120.938 < longitude < -119.590
probabilities_array:[0.22098856 0.12293389 0.18940486 0.06302254 0.         0.
 0.         0.         0.06121627 0.07557236 0.26686162]

rule5: 34.210 < latitude < 35.644
probabilities_array:[0.1741066  0.08203714 0.07734597 0.11960309 0.08353472 0.15841618
 0.09252443 0.09271505 0.01349497 0.         0.10622188]

rule10: 28.747 < housing_median_age < 37.245
probabilities_array:[0.21027498 0.12242223 0.02544572 0.0069555  0.09055313 0.18480006
 0.08020047 0.01046017 0.         0.         0.2688877 ]

rule11: housing_median_age > 37.245
probabilities_array:[0.2041784  0.08914834 0.06394775 0.0016278  0.         0.
 0.         0.01881841 0.09295084 0.24518102 0.28414738]

rule6: 35.644 < latitude < 37.078
probabilities_array:[3.4487981e-01 7.7508770e-02 0.0000000e+00 0.0000000e+00 0.0000000e+00
 0.0000000e+00 2.9693212e-04 0.0000000e+00 2.8102202e-04 0.0000000e+00
 5.7703340e-01]

rule13: 1156.411 < total_rooms < 2661.463
probabilities_array:[0.19260097 0.06333685 0.05774757 0.16491586 0.13284777 0.02681307
 0.04005253 0.06477923 0.         0.         0.2569062 ]

rule21: 659.737 < population < 1436.770
probabilities_array:[0.13175952 0.13194878 0.02792139 0.04398727 0.         0.
 0.         0.         0.17298278 0.20265856 0.2887417 ]

rule25: 240.494 < households < 505.025
probabilities_array:[0.18906054 0.08273581 0.07421481 0.0142672  0.05261925 0.0018245
 0.         0.         0.         0.         0.5852778 ]

rule24: households < 240.494
probabilities_array:[0.11922109 0.15200493 0.07901002 0.14169334 0.01149979 0.
 0.01538528 0.01736947 0.         0.06739927 0.39641675]

rule17: 251.911 < total_bedrooms < 543.057
probabilities_array:[0.15103486 0.07013837 0.083441   0.08615679 0.01688087 0.
 0.00985161 0.         0.02205712 0.         0.5604394 ]

rule9: 20.249 < housing_median_age < 28.747
probabilities_array:[0.07558378 0.08701817 0.06195262 0.04380209 0.0116526  0.1649269
 0.20386302 0.08409555 0.04471238 0.         0.22239289]

rule16: total_bedrooms < 251.911
probabilities_array:[0.10652569 0.09274356 0.0086956  0.02824979 0.06046176 0.00344234
 0.02010461 0.09264135 0.         0.06108283 0.52605253]

rule34: ocean_proximity_ISLAND = 0.0
probabilities_array:[1.2967601e-01 9.1799781e-02 6.8638712e-02 4.0311467e-02 0.0000000e+00
 0.0000000e+00 8.6093147e-04 3.6348615e-02 8.7739783e-05 2.0735016e-02
 6.1154163e-01]

rule3: longitude > -118.242
probabilities_array:[0.04671161 0.10335142 0.14903706 0.19721049 0.19687004 0.10489236
 0.11131041 0.01505234 0.         0.         0.07556426]


---1---
rule28: median_income < 2.599
probabilities_array:[0.26503995 0.24506098 0.17567043 0.11955957 0.06764576 0.05405561
 0.01223676 0.02577638 0.00341991 0.         0.03153456]

rule33: ocean_proximity_INLAND = 1.0
probabilities_array:[0.29534456 0.24586883 0.20986582 0.00164162 0.         0.
 0.00545871 0.         0.         0.         0.24182041]

rule37: ocean_proximity_NEAR BAY = 1.0
probabilities_array:[0.00267541 0.21285547 0.175647   0.01634099 0.         0.03592017
 0.         0.         0.11692985 0.20507327 0.23455782]

rule7: latitude > 37.078
probabilities_array:[0.         0.19310908 0.25473195 0.17789279 0.02877042 0.04168101
 0.03043877 0.0247681  0.         0.07387636 0.17473148]

rule39: ocean_proximity_NEAR OCEAN = 1.0
probabilities_array:[0.01397877 0.17022704 0.11771207 0.03846324 0.         0.
 0.01617921 0.08766881 0.14241827 0.3052457  0.10810687]

rule2: -119.590 < longitude < -118.242
probabilities_array:[0.227602   0.13690239 0.04478017 0.         0.         0.00992623
 0.11409447 0.01213421 0.12525976 0.2208794  0.10842132]

rule29: 2.599 < median_income < 3.866
probabilities_array:[0.01228858 0.1170715  0.17229646 0.19147271 0.18905759 0.12527648
 0.06808293 0.06956631 0.02927037 0.         0.02561708]

rule38: ocean_proximity_NEAR OCEAN = 0.0
probabilities_array:[0.27671263 0.1504779  0.05601035 0.02161795 0.13000384 0.07244061
 0.         0.01759565 0.         0.         0.27514097]

rule12: total_rooms < 1156.411
probabilities_array:[0.24767976 0.10665372 0.12524399 0.18993045 0.13387224 0.05647662
 0.04222019 0.04289908 0.02992861 0.         0.02509539]

rule22: 1436.770 < population < 2213.804
probabilities_array:[0.2361906  0.12228995 0.10747825 0.20066746 0.10167363 0.01389659
 0.02019613 0.03866514 0.00441448 0.         0.15452781]

rule3: longitude > -118.242
probabilities_array:[0.04671161 0.10335142 0.14903706 0.19721049 0.19687004 0.10489236
 0.11131041 0.01505234 0.         0.         0.07556426]

rule21: 659.737 < population < 1436.770
probabilities_array:[0.13175952 0.13194878 0.02792139 0.04398727 0.         0.
 0.         0.         0.17298278 0.20265856 0.2887417 ]

rule24: households < 240.494
probabilities_array:[0.11922109 0.15200493 0.07901002 0.14169334 0.01149979 0.
 0.01538528 0.01736947 0.         0.06739927 0.39641675]

rule36: ocean_proximity_NEAR BAY = 0.0
probabilities_array:[0.26125273 0.13043123 0.10570544 0.05219776 0.00143919 0.00230576
 0.0702472  0.06583466 0.0084081  0.         0.3021779 ]

rule1: -120.938 < longitude < -119.590
probabilities_array:[0.22098856 0.12293389 0.18940486 0.06302254 0.         0.
 0.         0.         0.06121627 0.07557236 0.26686162]

rule10: 28.747 < housing_median_age < 37.245
probabilities_array:[0.21027498 0.12242223 0.02544572 0.0069555  0.09055313 0.18480006
 0.08020047 0.01046017 0.         0.         0.2688877 ]

rule23: population > 2213.804
probabilities_array:[0.21056929 0.08079138 0.12233274 0.19047546 0.1820014  0.05641753
 0.06307881 0.05394688 0.02076499 0.         0.01962143]

rule5: 34.210 < latitude < 35.644
probabilities_array:[0.1741066  0.08203714 0.07734597 0.11960309 0.08353472 0.15841618
 0.09252443 0.09271505 0.01349497 0.         0.10622188]

rule9: 20.249 < housing_median_age < 28.747
probabilities_array:[0.07558378 0.08701817 0.06195262 0.04380209 0.0116526  0.1649269
 0.20386302 0.08409555 0.04471238 0.         0.22239289]

rule11: housing_median_age > 37.245
probabilities_array:[0.2041784  0.08914834 0.06394775 0.0016278  0.         0.
 0.         0.01881841 0.09295084 0.24518102 0.28414738]

rule8: housing_median_age < 20.249
probabilities_array:[0.04124129 0.06452628 0.11785609 0.14468387 0.12662233 0.15648456
 0.11595638 0.08407249 0.0762154  0.         0.07234138]

rule15: total_rooms > 4166.516
probabilities_array:[6.1380283e-06 5.9038550e-02 1.0640515e-02 0.0000000e+00 0.0000000e+00
 0.0000000e+00 0.0000000e+00 5.0543327e-02 2.4801214e-01 4.7782877e-01
 1.5393062e-01]

rule13: 1156.411 < total_rooms < 2661.463
probabilities_array:[0.19260097 0.06333685 0.05774757 0.16491586 0.13284777 0.02681307
 0.04005253 0.06477923 0.         0.         0.2569062 ]

rule4: latitude < 34.210
probabilities_array:[0.01650841 0.05104002 0.1145279  0.10185073 0.03801161 0.09553505
 0.05207719 0.10599358 0.09168053 0.20364083 0.12913418]

rule16: total_bedrooms < 251.911
probabilities_array:[0.10652569 0.09274356 0.0086956  0.02824979 0.06046176 0.00344234
 0.02010461 0.09264135 0.         0.06108283 0.52605253]

rule14: 2661.463 < total_rooms < 4166.516
probabilities_array:[0.         0.05539952 0.04919079 0.03931898 0.00262261 0.01309162
 0.09650154 0.07831489 0.16529873 0.2737347  0.2265266 ]


---2---
rule7: latitude > 37.078
probabilities_array:[0.         0.19310908 0.25473195 0.17789279 0.02877042 0.04168101
 0.03043877 0.0247681  0.         0.07387636 0.17473148]

rule28: median_income < 2.599
probabilities_array:[0.26503995 0.24506098 0.17567043 0.11955957 0.06764576 0.05405561
 0.01223676 0.02577638 0.00341991 0.         0.03153456]

rule29: 2.599 < median_income < 3.866
probabilities_array:[0.01228858 0.1170715  0.17229646 0.19147271 0.18905759 0.12527648
 0.06808293 0.06956631 0.02927037 0.         0.02561708]

rule33: ocean_proximity_INLAND = 1.0
probabilities_array:[0.29534456 0.24586883 0.20986582 0.00164162 0.         0.
 0.00545871 0.         0.         0.         0.24182041]

rule1: -120.938 < longitude < -119.590
probabilities_array:[0.22098856 0.12293389 0.18940486 0.06302254 0.         0.
 0.         0.         0.06121627 0.07557236 0.26686162]

rule3: longitude > -118.242
probabilities_array:[0.04671161 0.10335142 0.14903706 0.19721049 0.19687004 0.10489236
 0.11131041 0.01505234 0.         0.         0.07556426]

rule37: ocean_proximity_NEAR BAY = 1.0
probabilities_array:[0.00267541 0.21285547 0.175647   0.01634099 0.         0.03592017
 0.         0.         0.11692985 0.20507327 0.23455782]

rule12: total_rooms < 1156.411
probabilities_array:[0.24767976 0.10665372 0.12524399 0.18993045 0.13387224 0.05647662
 0.04222019 0.04289908 0.02992861 0.         0.02509539]

rule23: population > 2213.804
probabilities_array:[0.21056929 0.08079138 0.12233274 0.19047546 0.1820014  0.05641753
 0.06307881 0.05394688 0.02076499 0.         0.01962143]

rule8: housing_median_age < 20.249
probabilities_array:[0.04124129 0.06452628 0.11785609 0.14468387 0.12662233 0.15648456
 0.11595638 0.08407249 0.0762154  0.         0.07234138]

rule39: ocean_proximity_NEAR OCEAN = 1.0
probabilities_array:[0.01397877 0.17022704 0.11771207 0.03846324 0.         0.
 0.01617921 0.08766881 0.14241827 0.3052457  0.10810687]

rule4: latitude < 34.210
probabilities_array:[0.01650841 0.05104002 0.1145279  0.10185073 0.03801161 0.09553505
 0.05207719 0.10599358 0.09168053 0.20364083 0.12913418]

rule22: 1436.770 < population < 2213.804
probabilities_array:[0.2361906  0.12228995 0.10747825 0.20066746 0.10167363 0.01389659
 0.02019613 0.03866514 0.00441448 0.         0.15452781]

rule30: 3.866 < median_income < 5.133
probabilities_array:[0.         0.03868314 0.08438075 0.12873237 0.17141339 0.15997846
 0.1282875  0.13272303 0.10762931 0.04524348 0.00292844]

rule36: ocean_proximity_NEAR BAY = 0.0
probabilities_array:[0.26125273 0.13043123 0.10570544 0.05219776 0.00143919 0.00230576
 0.0702472  0.06583466 0.0084081  0.         0.3021779 ]

rule5: 34.210 < latitude < 35.644
probabilities_array:[0.1741066  0.08203714 0.07734597 0.11960309 0.08353472 0.15841618
 0.09252443 0.09271505 0.01349497 0.         0.10622188]

rule19: total_bedrooms > 834.203
probabilities_array:[0.00701624 0.04574786 0.06774303 0.02924822 0.         0.13540493
 0.06379598 0.09542616 0.12620442 0.21816799 0.21124515]

rule9: 20.249 < housing_median_age < 28.747
probabilities_array:[0.07558378 0.08701817 0.06195262 0.04380209 0.0116526  0.1649269
 0.20386302 0.08409555 0.04471238 0.         0.22239289]

rule24: households < 240.494
probabilities_array:[0.11922109 0.15200493 0.07901002 0.14169334 0.01149979 0.
 0.01538528 0.01736947 0.         0.06739927 0.39641675]

rule11: housing_median_age > 37.245
probabilities_array:[0.2041784  0.08914834 0.06394775 0.0016278  0.         0.
 0.         0.01881841 0.09295084 0.24518102 0.28414738]

rule13: 1156.411 < total_rooms < 2661.463
probabilities_array:[0.19260097 0.06333685 0.05774757 0.16491586 0.13284777 0.02681307
 0.04005253 0.06477923 0.         0.         0.2569062 ]

rule38: ocean_proximity_NEAR OCEAN = 0.0
probabilities_array:[0.27671263 0.1504779  0.05601035 0.02161795 0.13000384 0.07244061
 0.         0.01759565 0.         0.         0.27514097]


---3---
rule23: population > 2213.804
probabilities_array:[0.21056929 0.08079138 0.12233274 0.19047546 0.1820014  0.05641753
 0.06307881 0.05394688 0.02076499 0.         0.01962143]

rule29: 2.599 < median_income < 3.866
probabilities_array:[0.01228858 0.1170715  0.17229646 0.19147271 0.18905759 0.12527648
 0.06808293 0.06956631 0.02927037 0.         0.02561708]

rule12: total_rooms < 1156.411
probabilities_array:[0.24767976 0.10665372 0.12524399 0.18993045 0.13387224 0.05647662
 0.04222019 0.04289908 0.02992861 0.         0.02509539]

rule3: longitude > -118.242
probabilities_array:[0.04671161 0.10335142 0.14903706 0.19721049 0.19687004 0.10489236
 0.11131041 0.01505234 0.         0.         0.07556426]

rule22: 1436.770 < population < 2213.804
probabilities_array:[0.2361906  0.12228995 0.10747825 0.20066746 0.10167363 0.01389659
 0.02019613 0.03866514 0.00441448 0.         0.15452781]

rule7: latitude > 37.078
probabilities_array:[0.         0.19310908 0.25473195 0.17789279 0.02877042 0.04168101
 0.03043877 0.0247681  0.         0.07387636 0.17473148]

rule8: housing_median_age < 20.249
probabilities_array:[0.04124129 0.06452628 0.11785609 0.14468387 0.12662233 0.15648456
 0.11595638 0.08407249 0.0762154  0.         0.07234138]

rule30: 3.866 < median_income < 5.133
probabilities_array:[0.         0.03868314 0.08438075 0.12873237 0.17141339 0.15997846
 0.1282875  0.13272303 0.10762931 0.04524348 0.00292844]

rule13: 1156.411 < total_rooms < 2661.463
probabilities_array:[0.19260097 0.06333685 0.05774757 0.16491586 0.13284777 0.02681307
 0.04005253 0.06477923 0.         0.         0.2569062 ]

rule28: median_income < 2.599
probabilities_array:[0.26503995 0.24506098 0.17567043 0.11955957 0.06764576 0.05405561
 0.01223676 0.02577638 0.00341991 0.         0.03153456]

rule5: 34.210 < latitude < 35.644
probabilities_array:[0.1741066  0.08203714 0.07734597 0.11960309 0.08353472 0.15841618
 0.09252443 0.09271505 0.01349497 0.         0.10622188]

rule4: latitude < 34.210
probabilities_array:[0.01650841 0.05104002 0.1145279  0.10185073 0.03801161 0.09553505
 0.05207719 0.10599358 0.09168053 0.20364083 0.12913418]

rule24: households < 240.494
probabilities_array:[0.11922109 0.15200493 0.07901002 0.14169334 0.01149979 0.
 0.01538528 0.01736947 0.         0.06739927 0.39641675]

rule1: -120.938 < longitude < -119.590
probabilities_array:[0.22098856 0.12293389 0.18940486 0.06302254 0.         0.
 0.         0.         0.06121627 0.07557236 0.26686162]

rule0: longitude < -120.938
probabilities_array:[0.00120304 0.00296767 0.00730425 0.05722022 0.04291225 0.04111787
 0.16969965 0.1996238  0.17310026 0.10999299 0.19485801]


---4---
rule29: 2.599 < median_income < 3.866
probabilities_array:[0.01228858 0.1170715  0.17229646 0.19147271 0.18905759 0.12527648
 0.06808293 0.06956631 0.02927037 0.         0.02561708]

rule3: longitude > -118.242
probabilities_array:[0.04671161 0.10335142 0.14903706 0.19721049 0.19687004 0.10489236
 0.11131041 0.01505234 0.         0.         0.07556426]

rule23: population > 2213.804
probabilities_array:[0.21056929 0.08079138 0.12233274 0.19047546 0.1820014  0.05641753
 0.06307881 0.05394688 0.02076499 0.         0.01962143]

rule30: 3.866 < median_income < 5.133
probabilities_array:[0.         0.03868314 0.08438075 0.12873237 0.17141339 0.15997846
 0.1282875  0.13272303 0.10762931 0.04524348 0.00292844]

rule12: total_rooms < 1156.411
probabilities_array:[0.24767976 0.10665372 0.12524399 0.18993045 0.13387224 0.05647662
 0.04222019 0.04289908 0.02992861 0.         0.02509539]

rule8: housing_median_age < 20.249
probabilities_array:[0.04124129 0.06452628 0.11785609 0.14468387 0.12662233 0.15648456
 0.11595638 0.08407249 0.0762154  0.         0.07234138]

rule13: 1156.411 < total_rooms < 2661.463
probabilities_array:[0.19260097 0.06333685 0.05774757 0.16491586 0.13284777 0.02681307
 0.04005253 0.06477923 0.         0.         0.2569062 ]

rule38: ocean_proximity_NEAR OCEAN = 0.0
probabilities_array:[0.27671263 0.1504779  0.05601035 0.02161795 0.13000384 0.07244061
 0.         0.01759565 0.         0.         0.27514097]

rule32: ocean_proximity_INLAND = 0.0
probabilities_array:[6.9882401e-05 1.6040079e-02 2.3821719e-02 3.9744109e-02 8.9572631e-02
 1.4069194e-01 1.8229277e-01 1.8154632e-01 1.8913485e-01 1.3678487e-01
 3.0094004e-04]

rule22: 1436.770 < population < 2213.804
probabilities_array:[0.2361906  0.12228995 0.10747825 0.20066746 0.10167363 0.01389659
 0.02019613 0.03866514 0.00441448 0.         0.15452781]

rule5: 34.210 < latitude < 35.644
probabilities_array:[0.1741066  0.08203714 0.07734597 0.11960309 0.08353472 0.15841618
 0.09252443 0.09271505 0.01349497 0.         0.10622188]

rule10: 28.747 < housing_median_age < 37.245
probabilities_array:[0.21027498 0.12242223 0.02544572 0.0069555  0.09055313 0.18480006
 0.08020047 0.01046017 0.         0.         0.2688877 ]

rule28: median_income < 2.599
probabilities_array:[0.26503995 0.24506098 0.17567043 0.11955957 0.06764576 0.05405561
 0.01223676 0.02577638 0.00341991 0.         0.03153456]


---5---
rule30: 3.866 < median_income < 5.133
probabilities_array:[0.         0.03868314 0.08438075 0.12873237 0.17141339 0.15997846
 0.1282875  0.13272303 0.10762931 0.04524348 0.00292844]

rule8: housing_median_age < 20.249
probabilities_array:[0.04124129 0.06452628 0.11785609 0.14468387 0.12662233 0.15648456
 0.11595638 0.08407249 0.0762154  0.         0.07234138]

rule5: 34.210 < latitude < 35.644
probabilities_array:[0.1741066  0.08203714 0.07734597 0.11960309 0.08353472 0.15841618
 0.09252443 0.09271505 0.01349497 0.         0.10622188]

rule32: ocean_proximity_INLAND = 0.0
probabilities_array:[6.9882401e-05 1.6040079e-02 2.3821719e-02 3.9744109e-02 8.9572631e-02
 1.4069194e-01 1.8229277e-01 1.8154632e-01 1.8913485e-01 1.3678487e-01
 3.0094004e-04]

rule10: 28.747 < housing_median_age < 37.245
probabilities_array:[0.21027498 0.12242223 0.02544572 0.0069555  0.09055313 0.18480006
 0.08020047 0.01046017 0.         0.         0.2688877 ]

rule9: 20.249 < housing_median_age < 28.747
probabilities_array:[0.07558378 0.08701817 0.06195262 0.04380209 0.0116526  0.1649269
 0.20386302 0.08409555 0.04471238 0.         0.22239289]

rule29: 2.599 < median_income < 3.866
probabilities_array:[0.01228858 0.1170715  0.17229646 0.19147271 0.18905759 0.12527648
 0.06808293 0.06956631 0.02927037 0.         0.02561708]

rule19: total_bedrooms > 834.203
probabilities_array:[0.00701624 0.04574786 0.06774303 0.02924822 0.         0.13540493
 0.06379598 0.09542616 0.12620442 0.21816799 0.21124515]

rule3: longitude > -118.242
probabilities_array:[0.04671161 0.10335142 0.14903706 0.19721049 0.19687004 0.10489236
 0.11131041 0.01505234 0.         0.         0.07556426]

rule4: latitude < 34.210
probabilities_array:[0.01650841 0.05104002 0.1145279  0.10185073 0.03801161 0.09553505
 0.05207719 0.10599358 0.09168053 0.20364083 0.12913418]

rule20: population < 659.737
probabilities_array:[0.         0.02338048 0.01233688 0.         0.00043346 0.08960685
 0.08015023 0.07187766 0.22831325 0.41102913 0.08287192]

rule23: population > 2213.804
probabilities_array:[0.21056929 0.08079138 0.12233274 0.19047546 0.1820014  0.05641753
 0.06307881 0.05394688 0.02076499 0.         0.01962143]

rule12: total_rooms < 1156.411
probabilities_array:[0.24767976 0.10665372 0.12524399 0.18993045 0.13387224 0.05647662
 0.04222019 0.04289908 0.02992861 0.         0.02509539]

rule38: ocean_proximity_NEAR OCEAN = 0.0
probabilities_array:[0.27671263 0.1504779  0.05601035 0.02161795 0.13000384 0.07244061
 0.         0.01759565 0.         0.         0.27514097]

rule28: median_income < 2.599
probabilities_array:[0.26503995 0.24506098 0.17567043 0.11955957 0.06764576 0.05405561
 0.01223676 0.02577638 0.00341991 0.         0.03153456]

rule26: 505.025 < households < 769.555
probabilities_array:[0.0690174  0.03844515 0.01755845 0.         0.         0.10714525
 0.04326364 0.08113075 0.07846574 0.00349489 0.5614787 ]

rule31: median_income > 5.133
probabilities_array:[0.         0.00268378 0.01290997 0.02496075 0.018885   0.04588973
 0.10709614 0.21643321 0.251744   0.31267813 0.00671938]


---6---
rule32: ocean_proximity_INLAND = 0.0
probabilities_array:[6.9882401e-05 1.6040079e-02 2.3821719e-02 3.9744109e-02 8.9572631e-02
 1.4069194e-01 1.8229277e-01 1.8154632e-01 1.8913485e-01 1.3678487e-01
 3.0094004e-04]

rule9: 20.249 < housing_median_age < 28.747
probabilities_array:[0.07558378 0.08701817 0.06195262 0.04380209 0.0116526  0.1649269
 0.20386302 0.08409555 0.04471238 0.         0.22239289]

rule0: longitude < -120.938
probabilities_array:[0.00120304 0.00296767 0.00730425 0.05722022 0.04291225 0.04111787
 0.16969965 0.1996238  0.17310026 0.10999299 0.19485801]

rule30: 3.866 < median_income < 5.133
probabilities_array:[0.         0.03868314 0.08438075 0.12873237 0.17141339 0.15997846
 0.1282875  0.13272303 0.10762931 0.04524348 0.00292844]

rule8: housing_median_age < 20.249
probabilities_array:[0.04124129 0.06452628 0.11785609 0.14468387 0.12662233 0.15648456
 0.11595638 0.08407249 0.0762154  0.         0.07234138]

rule31: median_income > 5.133
probabilities_array:[0.         0.00268378 0.01290997 0.02496075 0.018885   0.04588973
 0.10709614 0.21643321 0.251744   0.31267813 0.00671938]

rule3: longitude > -118.242
probabilities_array:[0.04671161 0.10335142 0.14903706 0.19721049 0.19687004 0.10489236
 0.11131041 0.01505234 0.         0.         0.07556426]

rule2: -119.590 < longitude < -118.242
probabilities_array:[0.227602   0.13690239 0.04478017 0.         0.         0.00992623
 0.11409447 0.01213421 0.12525976 0.2208794  0.10842132]

rule5: 34.210 < latitude < 35.644
probabilities_array:[0.1741066  0.08203714 0.07734597 0.11960309 0.08353472 0.15841618
 0.09252443 0.09271505 0.01349497 0.         0.10622188]

rule27: households > 769.555
probabilities_array:[0.         0.05023818 0.         0.         0.         0.04562804
 0.12012914 0.07995719 0.16194677 0.22831795 0.3137827 ]

rule14: 2661.463 < total_rooms < 4166.516
probabilities_array:[0.         0.05539952 0.04919079 0.03931898 0.00262261 0.01309162
 0.09650154 0.07831489 0.16529873 0.2737347  0.2265266 ]

rule20: population < 659.737
probabilities_array:[0.         0.02338048 0.01233688 0.         0.00043346 0.08960685
 0.08015023 0.07187766 0.22831325 0.41102913 0.08287192]

rule29: 2.599 < median_income < 3.866
probabilities_array:[0.01228858 0.1170715  0.17229646 0.19147271 0.18905759 0.12527648
 0.06808293 0.06956631 0.02927037 0.         0.02561708]

rule23: population > 2213.804
probabilities_array:[0.21056929 0.08079138 0.12233274 0.19047546 0.1820014  0.05641753
 0.06307881 0.05394688 0.02076499 0.         0.01962143]

rule10: 28.747 < housing_median_age < 37.245
probabilities_array:[0.21027498 0.12242223 0.02544572 0.0069555  0.09055313 0.18480006
 0.08020047 0.01046017 0.         0.         0.2688877 ]

rule19: total_bedrooms > 834.203
probabilities_array:[0.00701624 0.04574786 0.06774303 0.02924822 0.         0.13540493
 0.06379598 0.09542616 0.12620442 0.21816799 0.21124515]

rule36: ocean_proximity_NEAR BAY = 0.0
probabilities_array:[0.26125273 0.13043123 0.10570544 0.05219776 0.00143919 0.00230576
 0.0702472  0.06583466 0.0084081  0.         0.3021779 ]

rule4: latitude < 34.210
probabilities_array:[0.01650841 0.05104002 0.1145279  0.10185073 0.03801161 0.09553505
 0.05207719 0.10599358 0.09168053 0.20364083 0.12913418]

rule12: total_rooms < 1156.411
probabilities_array:[0.24767976 0.10665372 0.12524399 0.18993045 0.13387224 0.05647662
 0.04222019 0.04289908 0.02992861 0.         0.02509539]


---7---
rule31: median_income > 5.133
probabilities_array:[0.         0.00268378 0.01290997 0.02496075 0.018885   0.04588973
 0.10709614 0.21643321 0.251744   0.31267813 0.00671938]

rule32: ocean_proximity_INLAND = 0.0
probabilities_array:[6.9882401e-05 1.6040079e-02 2.3821719e-02 3.9744109e-02 8.9572631e-02
 1.4069194e-01 1.8229277e-01 1.8154632e-01 1.8913485e-01 1.3678487e-01
 3.0094004e-04]

rule0: longitude < -120.938
probabilities_array:[0.00120304 0.00296767 0.00730425 0.05722022 0.04291225 0.04111787
 0.16969965 0.1996238  0.17310026 0.10999299 0.19485801]

rule30: 3.866 < median_income < 5.133
probabilities_array:[0.         0.03868314 0.08438075 0.12873237 0.17141339 0.15997846
 0.1282875  0.13272303 0.10762931 0.04524348 0.00292844]

rule35: ocean_proximity_ISLAND = 1.0
probabilities_array:[0.         0.         0.         0.         0.         0.
 0.         0.20094088 0.         0.35525048 0.44380867]

rule4: latitude < 34.210
probabilities_array:[0.01650841 0.05104002 0.1145279  0.10185073 0.03801161 0.09553505
 0.05207719 0.10599358 0.09168053 0.20364083 0.12913418]

rule5: 34.210 < latitude < 35.644
probabilities_array:[0.1741066  0.08203714 0.07734597 0.11960309 0.08353472 0.15841618
 0.09252443 0.09271505 0.01349497 0.         0.10622188]

rule39: ocean_proximity_NEAR OCEAN = 1.0
probabilities_array:[0.01397877 0.17022704 0.11771207 0.03846324 0.         0.
 0.01617921 0.08766881 0.14241827 0.3052457  0.10810687]

rule8: housing_median_age < 20.249
probabilities_array:[0.04124129 0.06452628 0.11785609 0.14468387 0.12662233 0.15648456
 0.11595638 0.08407249 0.0762154  0.         0.07234138]

rule19: total_bedrooms > 834.203
probabilities_array:[0.00701624 0.04574786 0.06774303 0.02924822 0.         0.13540493
 0.06379598 0.09542616 0.12620442 0.21816799 0.21124515]

rule29: 2.599 < median_income < 3.866
probabilities_array:[0.01228858 0.1170715  0.17229646 0.19147271 0.18905759 0.12527648
 0.06808293 0.06956631 0.02927037 0.         0.02561708]

rule20: population < 659.737
probabilities_array:[0.         0.02338048 0.01233688 0.         0.00043346 0.08960685
 0.08015023 0.07187766 0.22831325 0.41102913 0.08287192]

rule9: 20.249 < housing_median_age < 28.747
probabilities_array:[0.07558378 0.08701817 0.06195262 0.04380209 0.0116526  0.1649269
 0.20386302 0.08409555 0.04471238 0.         0.22239289]

rule14: 2661.463 < total_rooms < 4166.516
probabilities_array:[0.         0.05539952 0.04919079 0.03931898 0.00262261 0.01309162
 0.09650154 0.07831489 0.16529873 0.2737347  0.2265266 ]

rule27: households > 769.555
probabilities_array:[0.         0.05023818 0.         0.         0.         0.04562804
 0.12012914 0.07995719 0.16194677 0.22831795 0.3137827 ]

rule23: population > 2213.804
probabilities_array:[0.21056929 0.08079138 0.12233274 0.19047546 0.1820014  0.05641753
 0.06307881 0.05394688 0.02076499 0.         0.01962143]

rule13: 1156.411 < total_rooms < 2661.463
probabilities_array:[0.19260097 0.06333685 0.05774757 0.16491586 0.13284777 0.02681307
 0.04005253 0.06477923 0.         0.         0.2569062 ]

rule36: ocean_proximity_NEAR BAY = 0.0
probabilities_array:[0.26125273 0.13043123 0.10570544 0.05219776 0.00143919 0.00230576
 0.0702472  0.06583466 0.0084081  0.         0.3021779 ]

rule16: total_bedrooms < 251.911
probabilities_array:[0.10652569 0.09274356 0.0086956  0.02824979 0.06046176 0.00344234
 0.02010461 0.09264135 0.         0.06108283 0.52605253]

rule15: total_rooms > 4166.516
probabilities_array:[6.1380283e-06 5.9038550e-02 1.0640515e-02 0.0000000e+00 0.0000000e+00
 0.0000000e+00 0.0000000e+00 5.0543327e-02 2.4801214e-01 4.7782877e-01
 1.5393062e-01]

rule12: total_rooms < 1156.411
probabilities_array:[0.24767976 0.10665372 0.12524399 0.18993045 0.13387224 0.05647662
 0.04222019 0.04289908 0.02992861 0.         0.02509539]


---8---
rule31: median_income > 5.133
probabilities_array:[0.         0.00268378 0.01290997 0.02496075 0.018885   0.04588973
 0.10709614 0.21643321 0.251744   0.31267813 0.00671938]

rule15: total_rooms > 4166.516
probabilities_array:[6.1380283e-06 5.9038550e-02 1.0640515e-02 0.0000000e+00 0.0000000e+00
 0.0000000e+00 0.0000000e+00 5.0543327e-02 2.4801214e-01 4.7782877e-01
 1.5393062e-01]

rule20: population < 659.737
probabilities_array:[0.         0.02338048 0.01233688 0.         0.00043346 0.08960685
 0.08015023 0.07187766 0.22831325 0.41102913 0.08287192]

rule32: ocean_proximity_INLAND = 0.0
probabilities_array:[6.9882401e-05 1.6040079e-02 2.3821719e-02 3.9744109e-02 8.9572631e-02
 1.4069194e-01 1.8229277e-01 1.8154632e-01 1.8913485e-01 1.3678487e-01
 3.0094004e-04]

rule0: longitude < -120.938
probabilities_array:[0.00120304 0.00296767 0.00730425 0.05722022 0.04291225 0.04111787
 0.16969965 0.1996238  0.17310026 0.10999299 0.19485801]

rule14: 2661.463 < total_rooms < 4166.516
probabilities_array:[0.         0.05539952 0.04919079 0.03931898 0.00262261 0.01309162
 0.09650154 0.07831489 0.16529873 0.2737347  0.2265266 ]

rule39: ocean_proximity_NEAR OCEAN = 1.0
probabilities_array:[0.01397877 0.17022704 0.11771207 0.03846324 0.         0.
 0.01617921 0.08766881 0.14241827 0.3052457  0.10810687]

rule21: 659.737 < population < 1436.770
probabilities_array:[0.13175952 0.13194878 0.02792139 0.04398727 0.         0.
 0.         0.         0.17298278 0.20265856 0.2887417 ]

rule2: -119.590 < longitude < -118.242
probabilities_array:[0.227602   0.13690239 0.04478017 0.         0.         0.00992623
 0.11409447 0.01213421 0.12525976 0.2208794  0.10842132]

rule27: households > 769.555
probabilities_array:[0.         0.05023818 0.         0.         0.         0.04562804
 0.12012914 0.07995719 0.16194677 0.22831795 0.3137827 ]

rule30: 3.866 < median_income < 5.133
probabilities_array:[0.         0.03868314 0.08438075 0.12873237 0.17141339 0.15997846
 0.1282875  0.13272303 0.10762931 0.04524348 0.00292844]

rule19: total_bedrooms > 834.203
probabilities_array:[0.00701624 0.04574786 0.06774303 0.02924822 0.         0.13540493
 0.06379598 0.09542616 0.12620442 0.21816799 0.21124515]

rule37: ocean_proximity_NEAR BAY = 1.0
probabilities_array:[0.00267541 0.21285547 0.175647   0.01634099 0.         0.03592017
 0.         0.         0.11692985 0.20507327 0.23455782]

rule4: latitude < 34.210
probabilities_array:[0.01650841 0.05104002 0.1145279  0.10185073 0.03801161 0.09553505
 0.05207719 0.10599358 0.09168053 0.20364083 0.12913418]

rule8: housing_median_age < 20.249
probabilities_array:[0.04124129 0.06452628 0.11785609 0.14468387 0.12662233 0.15648456
 0.11595638 0.08407249 0.0762154  0.         0.07234138]

rule11: housing_median_age > 37.245
probabilities_array:[0.2041784  0.08914834 0.06394775 0.0016278  0.         0.
 0.         0.01881841 0.09295084 0.24518102 0.28414738]

rule1: -120.938 < longitude < -119.590
probabilities_array:[0.22098856 0.12293389 0.18940486 0.06302254 0.         0.
 0.         0.         0.06121627 0.07557236 0.26686162]


---9---
rule15: total_rooms > 4166.516
probabilities_array:[6.1380283e-06 5.9038550e-02 1.0640515e-02 0.0000000e+00 0.0000000e+00
 0.0000000e+00 0.0000000e+00 5.0543327e-02 2.4801214e-01 4.7782877e-01
 1.5393062e-01]

rule20: population < 659.737
probabilities_array:[0.         0.02338048 0.01233688 0.         0.00043346 0.08960685
 0.08015023 0.07187766 0.22831325 0.41102913 0.08287192]

rule31: median_income > 5.133
probabilities_array:[0.         0.00268378 0.01290997 0.02496075 0.018885   0.04588973
 0.10709614 0.21643321 0.251744   0.31267813 0.00671938]

rule39: ocean_proximity_NEAR OCEAN = 1.0
probabilities_array:[0.01397877 0.17022704 0.11771207 0.03846324 0.         0.
 0.01617921 0.08766881 0.14241827 0.3052457  0.10810687]

rule14: 2661.463 < total_rooms < 4166.516
probabilities_array:[0.         0.05539952 0.04919079 0.03931898 0.00262261 0.01309162
 0.09650154 0.07831489 0.16529873 0.2737347  0.2265266 ]

rule35: ocean_proximity_ISLAND = 1.0
probabilities_array:[0.         0.         0.         0.         0.         0.
 0.         0.20094088 0.         0.35525048 0.44380867]

rule2: -119.590 < longitude < -118.242
probabilities_array:[0.227602   0.13690239 0.04478017 0.         0.         0.00992623
 0.11409447 0.01213421 0.12525976 0.2208794  0.10842132]

rule4: latitude < 34.210
probabilities_array:[0.01650841 0.05104002 0.1145279  0.10185073 0.03801161 0.09553505
 0.05207719 0.10599358 0.09168053 0.20364083 0.12913418]

rule11: housing_median_age > 37.245
probabilities_array:[0.2041784  0.08914834 0.06394775 0.0016278  0.         0.
 0.         0.01881841 0.09295084 0.24518102 0.28414738]

rule19: total_bedrooms > 834.203
probabilities_array:[0.00701624 0.04574786 0.06774303 0.02924822 0.         0.13540493
 0.06379598 0.09542616 0.12620442 0.21816799 0.21124515]

rule37: ocean_proximity_NEAR BAY = 1.0
probabilities_array:[0.00267541 0.21285547 0.175647   0.01634099 0.         0.03592017
 0.         0.         0.11692985 0.20507327 0.23455782]

rule27: households > 769.555
probabilities_array:[0.         0.05023818 0.         0.         0.         0.04562804
 0.12012914 0.07995719 0.16194677 0.22831795 0.3137827 ]

rule21: 659.737 < population < 1436.770
probabilities_array:[0.13175952 0.13194878 0.02792139 0.04398727 0.         0.
 0.         0.         0.17298278 0.20265856 0.2887417 ]

rule32: ocean_proximity_INLAND = 0.0
probabilities_array:[6.9882401e-05 1.6040079e-02 2.3821719e-02 3.9744109e-02 8.9572631e-02
 1.4069194e-01 1.8229277e-01 1.8154632e-01 1.8913485e-01 1.3678487e-01
 3.0094004e-04]

rule0: longitude < -120.938
probabilities_array:[0.00120304 0.00296767 0.00730425 0.05722022 0.04291225 0.04111787
 0.16969965 0.1996238  0.17310026 0.10999299 0.19485801]

rule7: latitude > 37.078
probabilities_array:[0.         0.19310908 0.25473195 0.17789279 0.02877042 0.04168101
 0.03043877 0.0247681  0.         0.07387636 0.17473148]

rule1: -120.938 < longitude < -119.590
probabilities_array:[0.22098856 0.12293389 0.18940486 0.06302254 0.         0.
 0.         0.         0.06121627 0.07557236 0.26686162]

rule30: 3.866 < median_income < 5.133
probabilities_array:[0.         0.03868314 0.08438075 0.12873237 0.17141339 0.15997846
 0.1282875  0.13272303 0.10762931 0.04524348 0.00292844]

rule24: households < 240.494
probabilities_array:[0.11922109 0.15200493 0.07901002 0.14169334 0.01149979 0.
 0.01538528 0.01736947 0.         0.06739927 0.39641675]

