R2: 0.803418538301152


MAE: 34028.28152869018


MSE: 2608394795.271901


Accuracy: 0.24180070109168322


F1: 0.2608631826189078


Most important rules
-----------------------------

---0---
rule33: ocean_proximity_INLAND = 1.0
probabilities_array:[0.24617575 0.21090621 0.19941396 0.16475134 0.0625773  0.00289901
 0.         0.         0.00903385 0.         0.         0.
 0.         0.10424262]

rule12: total_rooms < 1149.459
probabilities_array:[0.20094311 0.10172991 0.10002711 0.06281678 0.15710478 0.12724786
 0.08158471 0.01970294 0.04308762 0.05633772 0.00743984 0.02109638
 0.         0.02088118]

rule6: 35.640 < latitude < 37.089
probabilities_array:[3.2306543e-01 2.3618227e-01 1.9074188e-04 0.0000000e+00 0.0000000e+00
 0.0000000e+00 0.0000000e+00 0.0000000e+00 4.0728740e-02 2.9621306e-03
 0.0000000e+00 0.0000000e+00 0.0000000e+00 3.9687073e-01]

rule28: median_income < 2.593
probabilities_array:[0.18996873 0.18563943 0.15909338 0.1318523  0.08781423 0.05960458
 0.04718309 0.04237061 0.03167475 0.0267643  0.02636469 0.00664335
 0.         0.00502659]

rule38: ocean_proximity_NEAR OCEAN = 0.0
probabilities_array:[2.4572489e-01 9.8030195e-02 9.8754168e-02 1.9222766e-02 3.9520159e-02
 4.0514708e-02 5.3051997e-02 9.7238682e-02 3.2207579e-03 1.0857437e-02
 1.9312682e-02 4.2172847e-05 0.0000000e+00 2.7450940e-01]

rule36: ocean_proximity_NEAR BAY = 0.0
probabilities_array:[0.2396675  0.12016872 0.08215155 0.08663951 0.04826665 0.00569399
 0.00155778 0.00289226 0.04208185 0.04595599 0.0326378  0.01647306
 0.         0.2758133 ]

rule23: population > 2207.213
probabilities_array:[0.16975066 0.05514383 0.08131226 0.09014039 0.13951863 0.13963214
 0.11474014 0.04528504 0.0565967  0.05134639 0.02605725 0.01521988
 0.         0.01525662]

rule22: 1426.385 < population < 2207.213
probabilities_array:[0.19050325 0.05127389 0.08920768 0.07821332 0.14679565 0.11453742
 0.07562702 0.03013157 0.01408866 0.04461709 0.         0.
 0.         0.16500442]

rule10: 28.714 < housing_median_age < 37.188
probabilities_array:[0.20197517 0.09559214 0.04709609 0.01879233 0.00487605 0.10120328
 0.08758758 0.15041526 0.0228278  0.         0.         0.
 0.03121465 0.23841977]

rule25: 241.360 < households < 501.105
probabilities_array:[0.21235608 0.07688539 0.1090052  0.07237358 0.06433988 0.05854596
 0.00089837 0.00768771 0.         0.0176131  0.03936256 0.00506098
 0.         0.33587125]

rule5: 34.191 < latitude < 35.640
probabilities_array:[0.14956197 0.06671448 0.02468396 0.06662574 0.08663727 0.0382469
 0.10115015 0.08197598 0.12206163 0.08909678 0.0604233  0.
 0.         0.11282189]

rule11: housing_median_age > 37.188
probabilities_array:[0.17501754 0.11655452 0.05905868 0.         0.008728   0.0120504
 0.         0.         0.         0.00847705 0.07862777 0.08586145
 0.21200757 0.24361709]

rule17: 253.495 < total_bedrooms < 539.602
probabilities_array:[0.20889065 0.07056489 0.07553475 0.05495757 0.05705567 0.01196763
 0.00971542 0.         0.05458546 0.03778308 0.         0.04442769
 0.         0.3745173 ]

rule2: -119.572 < longitude < -118.217
probabilities_array:[0.14623943 0.12111965 0.13206922 0.03862334 0.         0.
 0.01872286 0.00450465 0.1039684  0.01638532 0.017025   0.0936264
 0.198846   0.10886974]

rule13: 1149.459 < total_rooms < 2649.670
probabilities_array:[0.16087803 0.11045226 0.04251207 0.03276579 0.07455283 0.11131968
 0.08997933 0.02796298 0.06272294 0.06780308 0.00388845 0.01251726
 0.         0.20264526]

rule1: -120.927 < longitude < -119.572
probabilities_array:[0.13901041 0.13965394 0.08532247 0.17516027 0.10465149 0.00559176
 0.         0.         0.         0.         0.         0.12601104
 0.0516847  0.17291392]

rule24: households < 241.360
probabilities_array:[0.15579209 0.08449148 0.01670737 0.11834303 0.03305086 0.01392238
 0.03724707 0.00170643 0.08916336 0.         0.         0.
 0.09538295 0.3541929 ]

rule21: 645.558 < population < 1426.385
probabilities_array:[9.5958643e-02 1.3474758e-01 5.2209962e-02 7.9834840e-04 1.7782297e-02
 2.4448043e-02 0.0000000e+00 0.0000000e+00 0.0000000e+00 1.3636809e-04
 9.6086837e-02 9.4044380e-02 1.9728987e-01 2.8649768e-01]

rule9: 20.240 < housing_median_age < 28.714
probabilities_array:[0.07312273 0.0792696  0.03329865 0.09438764 0.02647366 0.
 0.08843324 0.11505006 0.12091266 0.05840424 0.08115938 0.05850502
 0.         0.17098314]

rule34: ocean_proximity_ISLAND = 0.0
probabilities_array:[1.3538757e-01 1.0405456e-01 7.7938728e-02 2.2913698e-02 5.0066113e-02
 9.1045722e-04 5.0564372e-04 1.0675711e-03 1.9529108e-02 3.0658571e-02
 2.5187901e-03 1.7547355e-03 0.0000000e+00 5.5269444e-01]

rule18: 539.602 < total_bedrooms < 825.709
probabilities_array:[0.09032642 0.08915301 0.07775293 0.         0.00922505 0.02636091
 0.0042678  0.08987089 0.         0.06610903 0.05154046 0.0386758
 0.00939702 0.44732064]

rule16: total_bedrooms < 253.495
probabilities_array:[0.07645652 0.05319877 0.07088325 0.00947058 0.01730693 0.00461027
 0.10481059 0.11565682 0.06627983 0.         0.04861645 0.
 0.06684446 0.3658656 ]

rule3: longitude > -118.217
probabilities_array:[4.3186646e-02 6.8731017e-02 5.7723973e-02 1.1041973e-01 1.3330361e-01
 1.7918737e-01 1.1251147e-01 1.0803901e-01 8.5941412e-02 4.7062859e-02
 9.7478768e-03 2.5775120e-05 0.0000000e+00 4.4119269e-02]


---1---
rule39: ocean_proximity_NEAR OCEAN = 1.0
probabilities_array:[0.00405811 0.20164455 0.10519703 0.10531361 0.03015556 0.00258702
 0.         0.         0.02243365 0.06266689 0.09063324 0.1047756
 0.212133   0.05840182]

rule33: ocean_proximity_INLAND = 1.0
probabilities_array:[0.24617575 0.21090621 0.19941396 0.16475134 0.0625773  0.00289901
 0.         0.         0.00903385 0.         0.         0.
 0.         0.10424262]

rule28: median_income < 2.593
probabilities_array:[0.18996873 0.18563943 0.15909338 0.1318523  0.08781423 0.05960458
 0.04718309 0.04237061 0.03167475 0.0267643  0.02636469 0.00664335
 0.         0.00502659]

rule6: 35.640 < latitude < 37.089
probabilities_array:[3.2306543e-01 2.3618227e-01 1.9074188e-04 0.0000000e+00 0.0000000e+00
 0.0000000e+00 0.0000000e+00 0.0000000e+00 4.0728740e-02 2.9621306e-03
 0.0000000e+00 0.0000000e+00 0.0000000e+00 3.9687073e-01]

rule37: ocean_proximity_NEAR BAY = 1.0
probabilities_array:[0.         0.15493235 0.15850379 0.04456062 0.         0.
 0.01586488 0.04611449 0.         0.         0.         0.11343715
 0.22381735 0.2427694 ]

rule1: -120.927 < longitude < -119.572
probabilities_array:[0.13901041 0.13965394 0.08532247 0.17516027 0.10465149 0.00559176
 0.         0.         0.         0.         0.         0.12601104
 0.0516847  0.17291392]

rule2: -119.572 < longitude < -118.217
probabilities_array:[0.14623943 0.12111965 0.13206922 0.03862334 0.         0.
 0.01872286 0.00450465 0.1039684  0.01638532 0.017025   0.0936264
 0.198846   0.10886974]

rule7: latitude > 37.089
probabilities_array:[0.         0.11062216 0.18156098 0.22741047 0.14917873 0.05055929
 0.04444488 0.01549767 0.00948815 0.03873444 0.00378683 0.03937844
 0.05848748 0.07085047]

rule12: total_rooms < 1149.459
probabilities_array:[0.20094311 0.10172991 0.10002711 0.06281678 0.15710478 0.12724786
 0.08158471 0.01970294 0.04308762 0.05633772 0.00743984 0.02109638
 0.         0.02088118]

rule21: 645.558 < population < 1426.385
probabilities_array:[9.5958643e-02 1.3474758e-01 5.2209962e-02 7.9834840e-04 1.7782297e-02
 2.4448043e-02 0.0000000e+00 0.0000000e+00 0.0000000e+00 1.3636809e-04
 9.6086837e-02 9.4044380e-02 1.9728987e-01 2.8649768e-01]

rule19: total_bedrooms > 825.709
probabilities_array:[0.         0.1278889  0.02669125 0.03522601 0.01675287 0.00171188
 0.         0.09013073 0.0485458  0.09383947 0.02803616 0.00157083
 0.28045052 0.2491555 ]

rule11: housing_median_age > 37.188
probabilities_array:[0.17501754 0.11655452 0.05905868 0.         0.008728   0.0120504
 0.         0.         0.         0.00847705 0.07862777 0.08586145
 0.21200757 0.24361709]

rule13: 1149.459 < total_rooms < 2649.670
probabilities_array:[0.16087803 0.11045226 0.04251207 0.03276579 0.07455283 0.11131968
 0.08997933 0.02796298 0.06272294 0.06780308 0.00388845 0.01251726
 0.         0.20264526]

rule36: ocean_proximity_NEAR BAY = 0.0
probabilities_array:[0.2396675  0.12016872 0.08215155 0.08663951 0.04826665 0.00569399
 0.00155778 0.00289226 0.04208185 0.04595599 0.0326378  0.01647306
 0.         0.2758133 ]

rule10: 28.714 < housing_median_age < 37.188
probabilities_array:[0.20197517 0.09559214 0.04709609 0.01879233 0.00487605 0.10120328
 0.08758758 0.15041526 0.0228278  0.         0.         0.
 0.03121465 0.23841977]

rule38: ocean_proximity_NEAR OCEAN = 0.0
probabilities_array:[2.4572489e-01 9.8030195e-02 9.8754168e-02 1.9222766e-02 3.9520159e-02
 4.0514708e-02 5.3051997e-02 9.7238682e-02 3.2207579e-03 1.0857437e-02
 1.9312682e-02 4.2172847e-05 0.0000000e+00 2.7450940e-01]

rule27: households > 760.850
probabilities_array:[0.         0.08356084 0.02594041 0.         0.         0.00074215
 0.01096522 0.049951   0.06900682 0.09097025 0.12952231 0.22234496
 0.14491113 0.17208494]

rule9: 20.240 < housing_median_age < 28.714
probabilities_array:[0.07312273 0.0792696  0.03329865 0.09438764 0.02647366 0.
 0.08843324 0.11505006 0.12091266 0.05840424 0.08115938 0.05850502
 0.         0.17098314]

rule3: longitude > -118.217
probabilities_array:[4.3186646e-02 6.8731017e-02 5.7723973e-02 1.1041973e-01 1.3330361e-01
 1.7918737e-01 1.1251147e-01 1.0803901e-01 8.5941412e-02 4.7062859e-02
 9.7478768e-03 2.5775120e-05 0.0000000e+00 4.4119269e-02]

rule8: housing_median_age < 20.240
probabilities_array:[0.02037506 0.06276634 0.05823593 0.09926119 0.11794908 0.1390677
 0.12584153 0.09108029 0.08177894 0.05307668 0.06718154 0.0323713
 0.         0.05101437]

rule5: 34.191 < latitude < 35.640
probabilities_array:[0.14956197 0.06671448 0.02468396 0.06662574 0.08663727 0.0382469
 0.10115015 0.08197598 0.12206163 0.08909678 0.0604233  0.
 0.         0.11282189]

rule26: 501.105 < households < 760.850
probabilities_array:[0.07291745 0.10610751 0.06381661 0.         0.01124138 0.
 0.02794491 0.03513118 0.02439726 0.10740439 0.06941534 0.00159297
 0.02397635 0.45605457]

rule20: population < 645.558
probabilities_array:[0.         0.06182057 0.01248347 0.00280535 0.00189103 0.
 0.02508447 0.07040659 0.03739377 0.05042804 0.14525343 0.20370734
 0.2907325  0.09799345]

rule24: households < 241.360
probabilities_array:[0.15579209 0.08449148 0.01670737 0.11834303 0.03305086 0.01392238
 0.03724707 0.00170643 0.08916336 0.         0.         0.
 0.09538295 0.3541929 ]

rule23: population > 2207.213
probabilities_array:[0.16975066 0.05514383 0.08131226 0.09014039 0.13951863 0.13963214
 0.11474014 0.04528504 0.0565967  0.05134639 0.02605725 0.01521988
 0.         0.01525662]

rule25: 241.360 < households < 501.105
probabilities_array:[0.21235608 0.07688539 0.1090052  0.07237358 0.06433988 0.05854596
 0.00089837 0.00768771 0.         0.0176131  0.03936256 0.00506098
 0.         0.33587125]

rule29: 2.593 < median_income < 3.865
probabilities_array:[0.0012557  0.05049356 0.09433351 0.11641365 0.12650043 0.16048744
 0.12171278 0.10098867 0.06381714 0.05954483 0.05737253 0.03054426
 0.         0.01653549]

rule18: 539.602 < total_bedrooms < 825.709
probabilities_array:[0.09032642 0.08915301 0.07775293 0.         0.00922505 0.02636091
 0.0042678  0.08987089 0.         0.06610903 0.05154046 0.0386758
 0.00939702 0.44732064]

rule34: ocean_proximity_ISLAND = 0.0
probabilities_array:[1.3538757e-01 1.0405456e-01 7.7938728e-02 2.2913698e-02 5.0066113e-02
 9.1045722e-04 5.0564372e-04 1.0675711e-03 1.9529108e-02 3.0658571e-02
 2.5187901e-03 1.7547355e-03 0.0000000e+00 5.5269444e-01]

rule17: 253.495 < total_bedrooms < 539.602
probabilities_array:[0.20889065 0.07056489 0.07553475 0.05495757 0.05705567 0.01196763
 0.00971542 0.         0.05458546 0.03778308 0.         0.04442769
 0.         0.3745173 ]

rule22: 1426.385 < population < 2207.213
probabilities_array:[0.19050325 0.05127389 0.08920768 0.07821332 0.14679565 0.11453742
 0.07562702 0.03013157 0.01408866 0.04461709 0.         0.
 0.         0.16500442]

rule14: 2649.670 < total_rooms < 4149.882
probabilities_array:[0.00807544 0.05405053 0.004059   0.0220219  0.0102574  0.
 0.         0.00738066 0.11305205 0.07103147 0.06381795 0.16472335
 0.24532816 0.23620212]

rule4: latitude < 34.191
probabilities_array:[0.0002736  0.04273288 0.12728718 0.13142914 0.07875012 0.0443142
 0.04803978 0.03625466 0.03445607 0.04009983 0.08402877 0.11856078
 0.17356429 0.04020875]


---2---
rule33: ocean_proximity_INLAND = 1.0
probabilities_array:[0.24617575 0.21090621 0.19941396 0.16475134 0.0625773  0.00289901
 0.         0.         0.00903385 0.         0.         0.
 0.         0.10424262]

rule7: latitude > 37.089
probabilities_array:[0.         0.11062216 0.18156098 0.22741047 0.14917873 0.05055929
 0.04444488 0.01549767 0.00948815 0.03873444 0.00378683 0.03937844
 0.05848748 0.07085047]

rule28: median_income < 2.593
probabilities_array:[0.18996873 0.18563943 0.15909338 0.1318523  0.08781423 0.05960458
 0.04718309 0.04237061 0.03167475 0.0267643  0.02636469 0.00664335
 0.         0.00502659]

rule4: latitude < 34.191
probabilities_array:[0.0002736  0.04273288 0.12728718 0.13142914 0.07875012 0.0443142
 0.04803978 0.03625466 0.03445607 0.04009983 0.08402877 0.11856078
 0.17356429 0.04020875]

rule37: ocean_proximity_NEAR BAY = 1.0
probabilities_array:[0.         0.15493235 0.15850379 0.04456062 0.         0.
 0.01586488 0.04611449 0.         0.         0.         0.11343715
 0.22381735 0.2427694 ]

rule2: -119.572 < longitude < -118.217
probabilities_array:[0.14623943 0.12111965 0.13206922 0.03862334 0.         0.
 0.01872286 0.00450465 0.1039684  0.01638532 0.017025   0.0936264
 0.198846   0.10886974]

rule39: ocean_proximity_NEAR OCEAN = 1.0
probabilities_array:[0.00405811 0.20164455 0.10519703 0.10531361 0.03015556 0.00258702
 0.         0.         0.02243365 0.06266689 0.09063324 0.1047756
 0.212133   0.05840182]

rule12: total_rooms < 1149.459
probabilities_array:[0.20094311 0.10172991 0.10002711 0.06281678 0.15710478 0.12724786
 0.08158471 0.01970294 0.04308762 0.05633772 0.00743984 0.02109638
 0.         0.02088118]

rule29: 2.593 < median_income < 3.865
probabilities_array:[0.0012557  0.05049356 0.09433351 0.11641365 0.12650043 0.16048744
 0.12171278 0.10098867 0.06381714 0.05954483 0.05737253 0.03054426
 0.         0.01653549]

rule23: population > 2207.213
probabilities_array:[0.16975066 0.05514383 0.08131226 0.09014039 0.13951863 0.13963214
 0.11474014 0.04528504 0.0565967  0.05134639 0.02605725 0.01521988
 0.         0.01525662]

rule22: 1426.385 < population < 2207.213
probabilities_array:[0.19050325 0.05127389 0.08920768 0.07821332 0.14679565 0.11453742
 0.07562702 0.03013157 0.01408866 0.04461709 0.         0.
 0.         0.16500442]

rule25: 241.360 < households < 501.105
probabilities_array:[0.21235608 0.07688539 0.1090052  0.07237358 0.06433988 0.05854596
 0.00089837 0.00768771 0.         0.0176131  0.03936256 0.00506098
 0.         0.33587125]

rule38: ocean_proximity_NEAR OCEAN = 0.0
probabilities_array:[2.4572489e-01 9.8030195e-02 9.8754168e-02 1.9222766e-02 3.9520159e-02
 4.0514708e-02 5.3051997e-02 9.7238682e-02 3.2207579e-03 1.0857437e-02
 1.9312682e-02 4.2172847e-05 0.0000000e+00 2.7450940e-01]

rule1: -120.927 < longitude < -119.572
probabilities_array:[0.13901041 0.13965394 0.08532247 0.17516027 0.10465149 0.00559176
 0.         0.         0.         0.         0.         0.12601104
 0.0516847  0.17291392]

rule36: ocean_proximity_NEAR BAY = 0.0
probabilities_array:[0.2396675  0.12016872 0.08215155 0.08663951 0.04826665 0.00569399
 0.00155778 0.00289226 0.04208185 0.04595599 0.0326378  0.01647306
 0.         0.2758133 ]

rule8: housing_median_age < 20.240
probabilities_array:[0.02037506 0.06276634 0.05823593 0.09926119 0.11794908 0.1390677
 0.12584153 0.09108029 0.08177894 0.05307668 0.06718154 0.0323713
 0.         0.05101437]

rule3: longitude > -118.217
probabilities_array:[4.3186646e-02 6.8731017e-02 5.7723973e-02 1.1041973e-01 1.3330361e-01
 1.7918737e-01 1.1251147e-01 1.0803901e-01 8.5941412e-02 4.7062859e-02
 9.7478768e-03 2.5775120e-05 0.0000000e+00 4.4119269e-02]

rule17: 253.495 < total_bedrooms < 539.602
probabilities_array:[0.20889065 0.07056489 0.07553475 0.05495757 0.05705567 0.01196763
 0.00971542 0.         0.05458546 0.03778308 0.         0.04442769
 0.         0.3745173 ]

rule16: total_bedrooms < 253.495
probabilities_array:[0.07645652 0.05319877 0.07088325 0.00947058 0.01730693 0.00461027
 0.10481059 0.11565682 0.06627983 0.         0.04861645 0.
 0.06684446 0.3658656 ]

rule11: housing_median_age > 37.188
probabilities_array:[0.17501754 0.11655452 0.05905868 0.         0.008728   0.0120504
 0.         0.         0.         0.00847705 0.07862777 0.08586145
 0.21200757 0.24361709]

rule18: 539.602 < total_bedrooms < 825.709
probabilities_array:[0.09032642 0.08915301 0.07775293 0.         0.00922505 0.02636091
 0.0042678  0.08987089 0.         0.06610903 0.05154046 0.0386758
 0.00939702 0.44732064]


---3---
rule7: latitude > 37.089
probabilities_array:[0.         0.11062216 0.18156098 0.22741047 0.14917873 0.05055929
 0.04444488 0.01549767 0.00948815 0.03873444 0.00378683 0.03937844
 0.05848748 0.07085047]

rule33: ocean_proximity_INLAND = 1.0
probabilities_array:[0.24617575 0.21090621 0.19941396 0.16475134 0.0625773  0.00289901
 0.         0.         0.00903385 0.         0.         0.
 0.         0.10424262]

rule1: -120.927 < longitude < -119.572
probabilities_array:[0.13901041 0.13965394 0.08532247 0.17516027 0.10465149 0.00559176
 0.         0.         0.         0.         0.         0.12601104
 0.0516847  0.17291392]

rule28: median_income < 2.593
probabilities_array:[0.18996873 0.18563943 0.15909338 0.1318523  0.08781423 0.05960458
 0.04718309 0.04237061 0.03167475 0.0267643  0.02636469 0.00664335
 0.         0.00502659]

rule4: latitude < 34.191
probabilities_array:[0.0002736  0.04273288 0.12728718 0.13142914 0.07875012 0.0443142
 0.04803978 0.03625466 0.03445607 0.04009983 0.08402877 0.11856078
 0.17356429 0.04020875]

rule29: 2.593 < median_income < 3.865
probabilities_array:[0.0012557  0.05049356 0.09433351 0.11641365 0.12650043 0.16048744
 0.12171278 0.10098867 0.06381714 0.05954483 0.05737253 0.03054426
 0.         0.01653549]

rule3: longitude > -118.217
probabilities_array:[4.3186646e-02 6.8731017e-02 5.7723973e-02 1.1041973e-01 1.3330361e-01
 1.7918737e-01 1.1251147e-01 1.0803901e-01 8.5941412e-02 4.7062859e-02
 9.7478768e-03 2.5775120e-05 0.0000000e+00 4.4119269e-02]

rule39: ocean_proximity_NEAR OCEAN = 1.0
probabilities_array:[0.00405811 0.20164455 0.10519703 0.10531361 0.03015556 0.00258702
 0.         0.         0.02243365 0.06266689 0.09063324 0.1047756
 0.212133   0.05840182]

rule8: housing_median_age < 20.240
probabilities_array:[0.02037506 0.06276634 0.05823593 0.09926119 0.11794908 0.1390677
 0.12584153 0.09108029 0.08177894 0.05307668 0.06718154 0.0323713
 0.         0.05101437]

rule23: population > 2207.213
probabilities_array:[0.16975066 0.05514383 0.08131226 0.09014039 0.13951863 0.13963214
 0.11474014 0.04528504 0.0565967  0.05134639 0.02605725 0.01521988
 0.         0.01525662]

rule9: 20.240 < housing_median_age < 28.714
probabilities_array:[0.07312273 0.0792696  0.03329865 0.09438764 0.02647366 0.
 0.08843324 0.11505006 0.12091266 0.05840424 0.08115938 0.05850502
 0.         0.17098314]

rule24: households < 241.360
probabilities_array:[0.15579209 0.08449148 0.01670737 0.11834303 0.03305086 0.01392238
 0.03724707 0.00170643 0.08916336 0.         0.         0.
 0.09538295 0.3541929 ]

rule30: 3.865 < median_income < 5.138
probabilities_array:[0.00031269 0.01179825 0.01950509 0.06729005 0.08547711 0.11380404
 0.11850275 0.12945451 0.09374482 0.12039959 0.11463111 0.08309368
 0.04030844 0.0016779 ]

rule22: 1426.385 < population < 2207.213
probabilities_array:[0.19050325 0.05127389 0.08920768 0.07821332 0.14679565 0.11453742
 0.07562702 0.03013157 0.01408866 0.04461709 0.         0.
 0.         0.16500442]

rule36: ocean_proximity_NEAR BAY = 0.0
probabilities_array:[0.2396675  0.12016872 0.08215155 0.08663951 0.04826665 0.00569399
 0.00155778 0.00289226 0.04208185 0.04595599 0.0326378  0.01647306
 0.         0.2758133 ]

rule12: total_rooms < 1149.459
probabilities_array:[0.20094311 0.10172991 0.10002711 0.06281678 0.15710478 0.12724786
 0.08158471 0.01970294 0.04308762 0.05633772 0.00743984 0.02109638
 0.         0.02088118]

rule5: 34.191 < latitude < 35.640
probabilities_array:[0.14956197 0.06671448 0.02468396 0.06662574 0.08663727 0.0382469
 0.10115015 0.08197598 0.12206163 0.08909678 0.0604233  0.
 0.         0.11282189]

rule25: 241.360 < households < 501.105
probabilities_array:[0.21235608 0.07688539 0.1090052  0.07237358 0.06433988 0.05854596
 0.00089837 0.00768771 0.         0.0176131  0.03936256 0.00506098
 0.         0.33587125]


---4---
rule12: total_rooms < 1149.459
probabilities_array:[0.20094311 0.10172991 0.10002711 0.06281678 0.15710478 0.12724786
 0.08158471 0.01970294 0.04308762 0.05633772 0.00743984 0.02109638
 0.         0.02088118]

rule7: latitude > 37.089
probabilities_array:[0.         0.11062216 0.18156098 0.22741047 0.14917873 0.05055929
 0.04444488 0.01549767 0.00948815 0.03873444 0.00378683 0.03937844
 0.05848748 0.07085047]

rule23: population > 2207.213
probabilities_array:[0.16975066 0.05514383 0.08131226 0.09014039 0.13951863 0.13963214
 0.11474014 0.04528504 0.0565967  0.05134639 0.02605725 0.01521988
 0.         0.01525662]

rule3: longitude > -118.217
probabilities_array:[4.3186646e-02 6.8731017e-02 5.7723973e-02 1.1041973e-01 1.3330361e-01
 1.7918737e-01 1.1251147e-01 1.0803901e-01 8.5941412e-02 4.7062859e-02
 9.7478768e-03 2.5775120e-05 0.0000000e+00 4.4119269e-02]

rule29: 2.593 < median_income < 3.865
probabilities_array:[0.0012557  0.05049356 0.09433351 0.11641365 0.12650043 0.16048744
 0.12171278 0.10098867 0.06381714 0.05954483 0.05737253 0.03054426
 0.         0.01653549]

rule22: 1426.385 < population < 2207.213
probabilities_array:[0.19050325 0.05127389 0.08920768 0.07821332 0.14679565 0.11453742
 0.07562702 0.03013157 0.01408866 0.04461709 0.         0.
 0.         0.16500442]

rule8: housing_median_age < 20.240
probabilities_array:[0.02037506 0.06276634 0.05823593 0.09926119 0.11794908 0.1390677
 0.12584153 0.09108029 0.08177894 0.05307668 0.06718154 0.0323713
 0.         0.05101437]

rule28: median_income < 2.593
probabilities_array:[0.18996873 0.18563943 0.15909338 0.1318523  0.08781423 0.05960458
 0.04718309 0.04237061 0.03167475 0.0267643  0.02636469 0.00664335
 0.         0.00502659]

rule1: -120.927 < longitude < -119.572
probabilities_array:[0.13901041 0.13965394 0.08532247 0.17516027 0.10465149 0.00559176
 0.         0.         0.         0.         0.         0.12601104
 0.0516847  0.17291392]

rule30: 3.865 < median_income < 5.138
probabilities_array:[0.00031269 0.01179825 0.01950509 0.06729005 0.08547711 0.11380404
 0.11850275 0.12945451 0.09374482 0.12039959 0.11463111 0.08309368
 0.04030844 0.0016779 ]

rule5: 34.191 < latitude < 35.640
probabilities_array:[0.14956197 0.06671448 0.02468396 0.06662574 0.08663727 0.0382469
 0.10115015 0.08197598 0.12206163 0.08909678 0.0604233  0.
 0.         0.11282189]

rule4: latitude < 34.191
probabilities_array:[0.0002736  0.04273288 0.12728718 0.13142914 0.07875012 0.0443142
 0.04803978 0.03625466 0.03445607 0.04009983 0.08402877 0.11856078
 0.17356429 0.04020875]

rule13: 1149.459 < total_rooms < 2649.670
probabilities_array:[0.16087803 0.11045226 0.04251207 0.03276579 0.07455283 0.11131968
 0.08997933 0.02796298 0.06272294 0.06780308 0.00388845 0.01251726
 0.         0.20264526]

rule33: ocean_proximity_INLAND = 1.0
probabilities_array:[0.24617575 0.21090621 0.19941396 0.16475134 0.0625773  0.00289901
 0.         0.         0.00903385 0.         0.         0.
 0.         0.10424262]

rule25: 241.360 < households < 501.105
probabilities_array:[0.21235608 0.07688539 0.1090052  0.07237358 0.06433988 0.05854596
 0.00089837 0.00768771 0.         0.0176131  0.03936256 0.00506098
 0.         0.33587125]


---5---
rule3: longitude > -118.217
probabilities_array:[4.3186646e-02 6.8731017e-02 5.7723973e-02 1.1041973e-01 1.3330361e-01
 1.7918737e-01 1.1251147e-01 1.0803901e-01 8.5941412e-02 4.7062859e-02
 9.7478768e-03 2.5775120e-05 0.0000000e+00 4.4119269e-02]

rule29: 2.593 < median_income < 3.865
probabilities_array:[0.0012557  0.05049356 0.09433351 0.11641365 0.12650043 0.16048744
 0.12171278 0.10098867 0.06381714 0.05954483 0.05737253 0.03054426
 0.         0.01653549]

rule23: population > 2207.213
probabilities_array:[0.16975066 0.05514383 0.08131226 0.09014039 0.13951863 0.13963214
 0.11474014 0.04528504 0.0565967  0.05134639 0.02605725 0.01521988
 0.         0.01525662]

rule8: housing_median_age < 20.240
probabilities_array:[0.02037506 0.06276634 0.05823593 0.09926119 0.11794908 0.1390677
 0.12584153 0.09108029 0.08177894 0.05307668 0.06718154 0.0323713
 0.         0.05101437]

rule12: total_rooms < 1149.459
probabilities_array:[0.20094311 0.10172991 0.10002711 0.06281678 0.15710478 0.12724786
 0.08158471 0.01970294 0.04308762 0.05633772 0.00743984 0.02109638
 0.         0.02088118]

rule30: 3.865 < median_income < 5.138
probabilities_array:[0.00031269 0.01179825 0.01950509 0.06729005 0.08547711 0.11380404
 0.11850275 0.12945451 0.09374482 0.12039959 0.11463111 0.08309368
 0.04030844 0.0016779 ]

rule22: 1426.385 < population < 2207.213
probabilities_array:[0.19050325 0.05127389 0.08920768 0.07821332 0.14679565 0.11453742
 0.07562702 0.03013157 0.01408866 0.04461709 0.         0.
 0.         0.16500442]

rule13: 1149.459 < total_rooms < 2649.670
probabilities_array:[0.16087803 0.11045226 0.04251207 0.03276579 0.07455283 0.11131968
 0.08997933 0.02796298 0.06272294 0.06780308 0.00388845 0.01251726
 0.         0.20264526]

rule10: 28.714 < housing_median_age < 37.188
probabilities_array:[0.20197517 0.09559214 0.04709609 0.01879233 0.00487605 0.10120328
 0.08758758 0.15041526 0.0228278  0.         0.         0.
 0.03121465 0.23841977]

rule28: median_income < 2.593
probabilities_array:[0.18996873 0.18563943 0.15909338 0.1318523  0.08781423 0.05960458
 0.04718309 0.04237061 0.03167475 0.0267643  0.02636469 0.00664335
 0.         0.00502659]

rule32: ocean_proximity_INLAND = 0.0
probabilities_array:[0.0000000e+00 5.5705556e-03 1.1607308e-02 2.0992434e-02 3.3955675e-02
 5.7912726e-02 1.0323226e-01 1.3794303e-01 1.4799017e-01 1.3897717e-01
 1.2899910e-01 1.2238489e-01 9.0371482e-02 6.3207248e-05]

rule7: latitude > 37.089
probabilities_array:[0.         0.11062216 0.18156098 0.22741047 0.14917873 0.05055929
 0.04444488 0.01549767 0.00948815 0.03873444 0.00378683 0.03937844
 0.05848748 0.07085047]

rule4: latitude < 34.191
probabilities_array:[0.0002736  0.04273288 0.12728718 0.13142914 0.07875012 0.0443142
 0.04803978 0.03625466 0.03445607 0.04009983 0.08402877 0.11856078
 0.17356429 0.04020875]

rule0: longitude < -120.927
probabilities_array:[0.03773873 0.         0.         0.         0.00954615 0.05071957
 0.00097408 0.0374391  0.16882598 0.14098656 0.15323327 0.11958303
 0.09607371 0.18487976]


---6---
rule29: 2.593 < median_income < 3.865
probabilities_array:[0.0012557  0.05049356 0.09433351 0.11641365 0.12650043 0.16048744
 0.12171278 0.10098867 0.06381714 0.05954483 0.05737253 0.03054426
 0.         0.01653549]

rule8: housing_median_age < 20.240
probabilities_array:[0.02037506 0.06276634 0.05823593 0.09926119 0.11794908 0.1390677
 0.12584153 0.09108029 0.08177894 0.05307668 0.06718154 0.0323713
 0.         0.05101437]

rule30: 3.865 < median_income < 5.138
probabilities_array:[0.00031269 0.01179825 0.01950509 0.06729005 0.08547711 0.11380404
 0.11850275 0.12945451 0.09374482 0.12039959 0.11463111 0.08309368
 0.04030844 0.0016779 ]

rule23: population > 2207.213
probabilities_array:[0.16975066 0.05514383 0.08131226 0.09014039 0.13951863 0.13963214
 0.11474014 0.04528504 0.0565967  0.05134639 0.02605725 0.01521988
 0.         0.01525662]

rule3: longitude > -118.217
probabilities_array:[4.3186646e-02 6.8731017e-02 5.7723973e-02 1.1041973e-01 1.3330361e-01
 1.7918737e-01 1.1251147e-01 1.0803901e-01 8.5941412e-02 4.7062859e-02
 9.7478768e-03 2.5775120e-05 0.0000000e+00 4.4119269e-02]

rule32: ocean_proximity_INLAND = 0.0
probabilities_array:[0.0000000e+00 5.5705556e-03 1.1607308e-02 2.0992434e-02 3.3955675e-02
 5.7912726e-02 1.0323226e-01 1.3794303e-01 1.4799017e-01 1.3897717e-01
 1.2899910e-01 1.2238489e-01 9.0371482e-02 6.3207248e-05]

rule5: 34.191 < latitude < 35.640
probabilities_array:[0.14956197 0.06671448 0.02468396 0.06662574 0.08663727 0.0382469
 0.10115015 0.08197598 0.12206163 0.08909678 0.0604233  0.
 0.         0.11282189]

rule12: total_rooms < 1149.459
probabilities_array:[0.20094311 0.10172991 0.10002711 0.06281678 0.15710478 0.12724786
 0.08158471 0.01970294 0.04308762 0.05633772 0.00743984 0.02109638
 0.         0.02088118]

rule9: 20.240 < housing_median_age < 28.714
probabilities_array:[0.07312273 0.0792696  0.03329865 0.09438764 0.02647366 0.
 0.08843324 0.11505006 0.12091266 0.05840424 0.08115938 0.05850502
 0.         0.17098314]

rule13: 1149.459 < total_rooms < 2649.670
probabilities_array:[0.16087803 0.11045226 0.04251207 0.03276579 0.07455283 0.11131968
 0.08997933 0.02796298 0.06272294 0.06780308 0.00388845 0.01251726
 0.         0.20264526]

rule10: 28.714 < housing_median_age < 37.188
probabilities_array:[0.20197517 0.09559214 0.04709609 0.01879233 0.00487605 0.10120328
 0.08758758 0.15041526 0.0228278  0.         0.         0.
 0.03121465 0.23841977]

rule16: total_bedrooms < 253.495
probabilities_array:[0.07645652 0.05319877 0.07088325 0.00947058 0.01730693 0.00461027
 0.10481059 0.11565682 0.06627983 0.         0.04861645 0.
 0.06684446 0.3658656 ]

rule22: 1426.385 < population < 2207.213
probabilities_array:[0.19050325 0.05127389 0.08920768 0.07821332 0.14679565 0.11453742
 0.07562702 0.03013157 0.01408866 0.04461709 0.         0.
 0.         0.16500442]

rule28: median_income < 2.593
probabilities_array:[0.18996873 0.18563943 0.15909338 0.1318523  0.08781423 0.05960458
 0.04718309 0.04237061 0.03167475 0.0267643  0.02636469 0.00664335
 0.         0.00502659]

rule4: latitude < 34.191
probabilities_array:[0.0002736  0.04273288 0.12728718 0.13142914 0.07875012 0.0443142
 0.04803978 0.03625466 0.03445607 0.04009983 0.08402877 0.11856078
 0.17356429 0.04020875]

rule7: latitude > 37.089
probabilities_array:[0.         0.11062216 0.18156098 0.22741047 0.14917873 0.05055929
 0.04444488 0.01549767 0.00948815 0.03873444 0.00378683 0.03937844
 0.05848748 0.07085047]


---7---
rule32: ocean_proximity_INLAND = 0.0
probabilities_array:[0.0000000e+00 5.5705556e-03 1.1607308e-02 2.0992434e-02 3.3955675e-02
 5.7912726e-02 1.0323226e-01 1.3794303e-01 1.4799017e-01 1.3897717e-01
 1.2899910e-01 1.2238489e-01 9.0371482e-02 6.3207248e-05]

rule30: 3.865 < median_income < 5.138
probabilities_array:[0.00031269 0.01179825 0.01950509 0.06729005 0.08547711 0.11380404
 0.11850275 0.12945451 0.09374482 0.12039959 0.11463111 0.08309368
 0.04030844 0.0016779 ]

rule10: 28.714 < housing_median_age < 37.188
probabilities_array:[0.20197517 0.09559214 0.04709609 0.01879233 0.00487605 0.10120328
 0.08758758 0.15041526 0.0228278  0.         0.         0.
 0.03121465 0.23841977]

rule3: longitude > -118.217
probabilities_array:[4.3186646e-02 6.8731017e-02 5.7723973e-02 1.1041973e-01 1.3330361e-01
 1.7918737e-01 1.1251147e-01 1.0803901e-01 8.5941412e-02 4.7062859e-02
 9.7478768e-03 2.5775120e-05 0.0000000e+00 4.4119269e-02]

rule29: 2.593 < median_income < 3.865
probabilities_array:[0.0012557  0.05049356 0.09433351 0.11641365 0.12650043 0.16048744
 0.12171278 0.10098867 0.06381714 0.05954483 0.05737253 0.03054426
 0.         0.01653549]

rule9: 20.240 < housing_median_age < 28.714
probabilities_array:[0.07312273 0.0792696  0.03329865 0.09438764 0.02647366 0.
 0.08843324 0.11505006 0.12091266 0.05840424 0.08115938 0.05850502
 0.         0.17098314]

rule8: housing_median_age < 20.240
probabilities_array:[0.02037506 0.06276634 0.05823593 0.09926119 0.11794908 0.1390677
 0.12584153 0.09108029 0.08177894 0.05307668 0.06718154 0.0323713
 0.         0.05101437]

rule16: total_bedrooms < 253.495
probabilities_array:[0.07645652 0.05319877 0.07088325 0.00947058 0.01730693 0.00461027
 0.10481059 0.11565682 0.06627983 0.         0.04861645 0.
 0.06684446 0.3658656 ]

rule5: 34.191 < latitude < 35.640
probabilities_array:[0.14956197 0.06671448 0.02468396 0.06662574 0.08663727 0.0382469
 0.10115015 0.08197598 0.12206163 0.08909678 0.0604233  0.
 0.         0.11282189]

rule38: ocean_proximity_NEAR OCEAN = 0.0
probabilities_array:[2.4572489e-01 9.8030195e-02 9.8754168e-02 1.9222766e-02 3.9520159e-02
 4.0514708e-02 5.3051997e-02 9.7238682e-02 3.2207579e-03 1.0857437e-02
 1.9312682e-02 4.2172847e-05 0.0000000e+00 2.7450940e-01]

rule19: total_bedrooms > 825.709
probabilities_array:[0.         0.1278889  0.02669125 0.03522601 0.01675287 0.00171188
 0.         0.09013073 0.0485458  0.09383947 0.02803616 0.00157083
 0.28045052 0.2491555 ]

rule20: population < 645.558
probabilities_array:[0.         0.06182057 0.01248347 0.00280535 0.00189103 0.
 0.02508447 0.07040659 0.03739377 0.05042804 0.14525343 0.20370734
 0.2907325  0.09799345]

rule18: 539.602 < total_bedrooms < 825.709
probabilities_array:[0.09032642 0.08915301 0.07775293 0.         0.00922505 0.02636091
 0.0042678  0.08987089 0.         0.06610903 0.05154046 0.0386758
 0.00939702 0.44732064]

rule23: population > 2207.213
probabilities_array:[0.16975066 0.05514383 0.08131226 0.09014039 0.13951863 0.13963214
 0.11474014 0.04528504 0.0565967  0.05134639 0.02605725 0.01521988
 0.         0.01525662]

rule28: median_income < 2.593
probabilities_array:[0.18996873 0.18563943 0.15909338 0.1318523  0.08781423 0.05960458
 0.04718309 0.04237061 0.03167475 0.0267643  0.02636469 0.00664335
 0.         0.00502659]

rule31: median_income > 5.138
probabilities_array:[0.         0.         0.00216338 0.00273651 0.01845138 0.01735929
 0.03468738 0.04207071 0.07077403 0.14655758 0.18939035 0.22189015
 0.2539192  0.        ]

rule27: households > 760.850
probabilities_array:[0.         0.08356084 0.02594041 0.         0.         0.00074215
 0.01096522 0.049951   0.06900682 0.09097025 0.12952231 0.22234496
 0.14491113 0.17208494]


---8---
rule32: ocean_proximity_INLAND = 0.0
probabilities_array:[0.0000000e+00 5.5705556e-03 1.1607308e-02 2.0992434e-02 3.3955675e-02
 5.7912726e-02 1.0323226e-01 1.3794303e-01 1.4799017e-01 1.3897717e-01
 1.2899910e-01 1.2238489e-01 9.0371482e-02 6.3207248e-05]

rule0: longitude < -120.927
probabilities_array:[0.03773873 0.         0.         0.         0.00954615 0.05071957
 0.00097408 0.0374391  0.16882598 0.14098656 0.15323327 0.11958303
 0.09607371 0.18487976]

rule5: 34.191 < latitude < 35.640
probabilities_array:[0.14956197 0.06671448 0.02468396 0.06662574 0.08663727 0.0382469
 0.10115015 0.08197598 0.12206163 0.08909678 0.0604233  0.
 0.         0.11282189]

rule9: 20.240 < housing_median_age < 28.714
probabilities_array:[0.07312273 0.0792696  0.03329865 0.09438764 0.02647366 0.
 0.08843324 0.11505006 0.12091266 0.05840424 0.08115938 0.05850502
 0.         0.17098314]

rule30: 3.865 < median_income < 5.138
probabilities_array:[0.00031269 0.01179825 0.01950509 0.06729005 0.08547711 0.11380404
 0.11850275 0.12945451 0.09374482 0.12039959 0.11463111 0.08309368
 0.04030844 0.0016779 ]

rule2: -119.572 < longitude < -118.217
probabilities_array:[0.14623943 0.12111965 0.13206922 0.03862334 0.         0.
 0.01872286 0.00450465 0.1039684  0.01638532 0.017025   0.0936264
 0.198846   0.10886974]

rule14: 2649.670 < total_rooms < 4149.882
probabilities_array:[0.00807544 0.05405053 0.004059   0.0220219  0.0102574  0.
 0.         0.00738066 0.11305205 0.07103147 0.06381795 0.16472335
 0.24532816 0.23620212]

rule3: longitude > -118.217
probabilities_array:[4.3186646e-02 6.8731017e-02 5.7723973e-02 1.1041973e-01 1.3330361e-01
 1.7918737e-01 1.1251147e-01 1.0803901e-01 8.5941412e-02 4.7062859e-02
 9.7478768e-03 2.5775120e-05 0.0000000e+00 4.4119269e-02]

rule8: housing_median_age < 20.240
probabilities_array:[0.02037506 0.06276634 0.05823593 0.09926119 0.11794908 0.1390677
 0.12584153 0.09108029 0.08177894 0.05307668 0.06718154 0.0323713
 0.         0.05101437]

rule31: median_income > 5.138
probabilities_array:[0.         0.         0.00216338 0.00273651 0.01845138 0.01735929
 0.03468738 0.04207071 0.07077403 0.14655758 0.18939035 0.22189015
 0.2539192  0.        ]

rule29: 2.593 < median_income < 3.865
probabilities_array:[0.0012557  0.05049356 0.09433351 0.11641365 0.12650043 0.16048744
 0.12171278 0.10098867 0.06381714 0.05954483 0.05737253 0.03054426
 0.         0.01653549]

rule24: households < 241.360
probabilities_array:[0.15579209 0.08449148 0.01670737 0.11834303 0.03305086 0.01392238
 0.03724707 0.00170643 0.08916336 0.         0.         0.
 0.09538295 0.3541929 ]

rule27: households > 760.850
probabilities_array:[0.         0.08356084 0.02594041 0.         0.         0.00074215
 0.01096522 0.049951   0.06900682 0.09097025 0.12952231 0.22234496
 0.14491113 0.17208494]

rule23: population > 2207.213
probabilities_array:[0.16975066 0.05514383 0.08131226 0.09014039 0.13951863 0.13963214
 0.11474014 0.04528504 0.0565967  0.05134639 0.02605725 0.01521988
 0.         0.01525662]

rule13: 1149.459 < total_rooms < 2649.670
probabilities_array:[0.16087803 0.11045226 0.04251207 0.03276579 0.07455283 0.11131968
 0.08997933 0.02796298 0.06272294 0.06780308 0.00388845 0.01251726
 0.         0.20264526]

rule12: total_rooms < 1149.459
probabilities_array:[0.20094311 0.10172991 0.10002711 0.06281678 0.15710478 0.12724786
 0.08158471 0.01970294 0.04308762 0.05633772 0.00743984 0.02109638
 0.         0.02088118]

rule16: total_bedrooms < 253.495
probabilities_array:[0.07645652 0.05319877 0.07088325 0.00947058 0.01730693 0.00461027
 0.10481059 0.11565682 0.06627983 0.         0.04861645 0.
 0.06684446 0.3658656 ]


---9---
rule31: median_income > 5.138
probabilities_array:[0.         0.         0.00216338 0.00273651 0.01845138 0.01735929
 0.03468738 0.04207071 0.07077403 0.14655758 0.18939035 0.22189015
 0.2539192  0.        ]

rule32: ocean_proximity_INLAND = 0.0
probabilities_array:[0.0000000e+00 5.5705556e-03 1.1607308e-02 2.0992434e-02 3.3955675e-02
 5.7912726e-02 1.0323226e-01 1.3794303e-01 1.4799017e-01 1.3897717e-01
 1.2899910e-01 1.2238489e-01 9.0371482e-02 6.3207248e-05]

rule30: 3.865 < median_income < 5.138
probabilities_array:[0.00031269 0.01179825 0.01950509 0.06729005 0.08547711 0.11380404
 0.11850275 0.12945451 0.09374482 0.12039959 0.11463111 0.08309368
 0.04030844 0.0016779 ]

rule0: longitude < -120.927
probabilities_array:[0.03773873 0.         0.         0.         0.00954615 0.05071957
 0.00097408 0.0374391  0.16882598 0.14098656 0.15323327 0.11958303
 0.09607371 0.18487976]

rule5: 34.191 < latitude < 35.640
probabilities_array:[0.14956197 0.06671448 0.02468396 0.06662574 0.08663727 0.0382469
 0.10115015 0.08197598 0.12206163 0.08909678 0.0604233  0.
 0.         0.11282189]

rule27: households > 760.850
probabilities_array:[0.         0.08356084 0.02594041 0.         0.         0.00074215
 0.01096522 0.049951   0.06900682 0.09097025 0.12952231 0.22234496
 0.14491113 0.17208494]

rule19: total_bedrooms > 825.709
probabilities_array:[0.         0.1278889  0.02669125 0.03522601 0.01675287 0.00171188
 0.         0.09013073 0.0485458  0.09383947 0.02803616 0.00157083
 0.28045052 0.2491555 ]

rule39: ocean_proximity_NEAR OCEAN = 1.0
probabilities_array:[0.00405811 0.20164455 0.10519703 0.10531361 0.03015556 0.00258702
 0.         0.         0.02243365 0.06266689 0.09063324 0.1047756
 0.212133   0.05840182]

rule29: 2.593 < median_income < 3.865
probabilities_array:[0.0012557  0.05049356 0.09433351 0.11641365 0.12650043 0.16048744
 0.12171278 0.10098867 0.06381714 0.05954483 0.05737253 0.03054426
 0.         0.01653549]

rule26: 501.105 < households < 760.850
probabilities_array:[0.07291745 0.10610751 0.06381661 0.         0.01124138 0.
 0.02794491 0.03513118 0.02439726 0.10740439 0.06941534 0.00159297
 0.02397635 0.45605457]

rule12: total_rooms < 1149.459
probabilities_array:[0.20094311 0.10172991 0.10002711 0.06281678 0.15710478 0.12724786
 0.08158471 0.01970294 0.04308762 0.05633772 0.00743984 0.02109638
 0.         0.02088118]

rule14: 2649.670 < total_rooms < 4149.882
probabilities_array:[0.00807544 0.05405053 0.004059   0.0220219  0.0102574  0.
 0.         0.00738066 0.11305205 0.07103147 0.06381795 0.16472335
 0.24532816 0.23620212]

rule13: 1149.459 < total_rooms < 2649.670
probabilities_array:[0.16087803 0.11045226 0.04251207 0.03276579 0.07455283 0.11131968
 0.08997933 0.02796298 0.06272294 0.06780308 0.00388845 0.01251726
 0.         0.20264526]

rule23: population > 2207.213
probabilities_array:[0.16975066 0.05514383 0.08131226 0.09014039 0.13951863 0.13963214
 0.11474014 0.04528504 0.0565967  0.05134639 0.02605725 0.01521988
 0.         0.01525662]

rule8: housing_median_age < 20.240
probabilities_array:[0.02037506 0.06276634 0.05823593 0.09926119 0.11794908 0.1390677
 0.12584153 0.09108029 0.08177894 0.05307668 0.06718154 0.0323713
 0.         0.05101437]

rule9: 20.240 < housing_median_age < 28.714
probabilities_array:[0.07312273 0.0792696  0.03329865 0.09438764 0.02647366 0.
 0.08843324 0.11505006 0.12091266 0.05840424 0.08115938 0.05850502
 0.         0.17098314]

rule20: population < 645.558
probabilities_array:[0.         0.06182057 0.01248347 0.00280535 0.00189103 0.
 0.02508447 0.07040659 0.03739377 0.05042804 0.14525343 0.20370734
 0.2907325  0.09799345]

rule3: longitude > -118.217
probabilities_array:[4.3186646e-02 6.8731017e-02 5.7723973e-02 1.1041973e-01 1.3330361e-01
 1.7918737e-01 1.1251147e-01 1.0803901e-01 8.5941412e-02 4.7062859e-02
 9.7478768e-03 2.5775120e-05 0.0000000e+00 4.4119269e-02]


---10---
rule31: median_income > 5.138
probabilities_array:[0.         0.         0.00216338 0.00273651 0.01845138 0.01735929
 0.03468738 0.04207071 0.07077403 0.14655758 0.18939035 0.22189015
 0.2539192  0.        ]

rule15: total_rooms > 4149.882
probabilities_array:[0.         0.00042161 0.04656009 0.00756223 0.         0.
 0.         0.         0.         0.00108379 0.18747953 0.19648318
 0.40644717 0.15396245]

rule20: population < 645.558
probabilities_array:[0.         0.06182057 0.01248347 0.00280535 0.00189103 0.
 0.02508447 0.07040659 0.03739377 0.05042804 0.14525343 0.20370734
 0.2907325  0.09799345]

rule32: ocean_proximity_INLAND = 0.0
probabilities_array:[0.0000000e+00 5.5705556e-03 1.1607308e-02 2.0992434e-02 3.3955675e-02
 5.7912726e-02 1.0323226e-01 1.3794303e-01 1.4799017e-01 1.3897717e-01
 1.2899910e-01 1.2238489e-01 9.0371482e-02 6.3207248e-05]

rule0: longitude < -120.927
probabilities_array:[0.03773873 0.         0.         0.         0.00954615 0.05071957
 0.00097408 0.0374391  0.16882598 0.14098656 0.15323327 0.11958303
 0.09607371 0.18487976]

rule30: 3.865 < median_income < 5.138
probabilities_array:[0.00031269 0.01179825 0.01950509 0.06729005 0.08547711 0.11380404
 0.11850275 0.12945451 0.09374482 0.12039959 0.11463111 0.08309368
 0.04030844 0.0016779 ]

rule27: households > 760.850
probabilities_array:[0.         0.08356084 0.02594041 0.         0.         0.00074215
 0.01096522 0.049951   0.06900682 0.09097025 0.12952231 0.22234496
 0.14491113 0.17208494]

rule39: ocean_proximity_NEAR OCEAN = 1.0
probabilities_array:[0.00405811 0.20164455 0.10519703 0.10531361 0.03015556 0.00258702
 0.         0.         0.02243365 0.06266689 0.09063324 0.1047756
 0.212133   0.05840182]

rule4: latitude < 34.191
probabilities_array:[0.0002736  0.04273288 0.12728718 0.13142914 0.07875012 0.0443142
 0.04803978 0.03625466 0.03445607 0.04009983 0.08402877 0.11856078
 0.17356429 0.04020875]

rule21: 645.558 < population < 1426.385
probabilities_array:[9.5958643e-02 1.3474758e-01 5.2209962e-02 7.9834840e-04 1.7782297e-02
 2.4448043e-02 0.0000000e+00 0.0000000e+00 0.0000000e+00 1.3636809e-04
 9.6086837e-02 9.4044380e-02 1.9728987e-01 2.8649768e-01]

rule9: 20.240 < housing_median_age < 28.714
probabilities_array:[0.07312273 0.0792696  0.03329865 0.09438764 0.02647366 0.
 0.08843324 0.11505006 0.12091266 0.05840424 0.08115938 0.05850502
 0.         0.17098314]

rule8: housing_median_age < 20.240
probabilities_array:[0.02037506 0.06276634 0.05823593 0.09926119 0.11794908 0.1390677
 0.12584153 0.09108029 0.08177894 0.05307668 0.06718154 0.0323713
 0.         0.05101437]

rule11: housing_median_age > 37.188
probabilities_array:[0.17501754 0.11655452 0.05905868 0.         0.008728   0.0120504
 0.         0.         0.         0.00847705 0.07862777 0.08586145
 0.21200757 0.24361709]

rule29: 2.593 < median_income < 3.865
probabilities_array:[0.0012557  0.05049356 0.09433351 0.11641365 0.12650043 0.16048744
 0.12171278 0.10098867 0.06381714 0.05954483 0.05737253 0.03054426
 0.         0.01653549]

rule35: ocean_proximity_ISLAND = 1.0
probabilities_array:[0.         0.         0.         0.         0.         0.
 0.         0.         0.         0.         0.10479898 0.14567964
 0.28658277 0.46293852]

rule5: 34.191 < latitude < 35.640
probabilities_array:[0.14956197 0.06671448 0.02468396 0.06662574 0.08663727 0.0382469
 0.10115015 0.08197598 0.12206163 0.08909678 0.0604233  0.
 0.         0.11282189]

rule14: 2649.670 < total_rooms < 4149.882
probabilities_array:[0.00807544 0.05405053 0.004059   0.0220219  0.0102574  0.
 0.         0.00738066 0.11305205 0.07103147 0.06381795 0.16472335
 0.24532816 0.23620212]


---11---
rule31: median_income > 5.138
probabilities_array:[0.         0.         0.00216338 0.00273651 0.01845138 0.01735929
 0.03468738 0.04207071 0.07077403 0.14655758 0.18939035 0.22189015
 0.2539192  0.        ]

rule27: households > 760.850
probabilities_array:[0.         0.08356084 0.02594041 0.         0.         0.00074215
 0.01096522 0.049951   0.06900682 0.09097025 0.12952231 0.22234496
 0.14491113 0.17208494]

rule20: population < 645.558
probabilities_array:[0.         0.06182057 0.01248347 0.00280535 0.00189103 0.
 0.02508447 0.07040659 0.03739377 0.05042804 0.14525343 0.20370734
 0.2907325  0.09799345]

rule15: total_rooms > 4149.882
probabilities_array:[0.         0.00042161 0.04656009 0.00756223 0.         0.
 0.         0.         0.         0.00108379 0.18747953 0.19648318
 0.40644717 0.15396245]

rule14: 2649.670 < total_rooms < 4149.882
probabilities_array:[0.00807544 0.05405053 0.004059   0.0220219  0.0102574  0.
 0.         0.00738066 0.11305205 0.07103147 0.06381795 0.16472335
 0.24532816 0.23620212]

rule32: ocean_proximity_INLAND = 0.0
probabilities_array:[0.0000000e+00 5.5705556e-03 1.1607308e-02 2.0992434e-02 3.3955675e-02
 5.7912726e-02 1.0323226e-01 1.3794303e-01 1.4799017e-01 1.3897717e-01
 1.2899910e-01 1.2238489e-01 9.0371482e-02 6.3207248e-05]

rule4: latitude < 34.191
probabilities_array:[0.0002736  0.04273288 0.12728718 0.13142914 0.07875012 0.0443142
 0.04803978 0.03625466 0.03445607 0.04009983 0.08402877 0.11856078
 0.17356429 0.04020875]

rule1: -120.927 < longitude < -119.572
probabilities_array:[0.13901041 0.13965394 0.08532247 0.17516027 0.10465149 0.00559176
 0.         0.         0.         0.         0.         0.12601104
 0.0516847  0.17291392]

rule39: ocean_proximity_NEAR OCEAN = 1.0
probabilities_array:[0.00405811 0.20164455 0.10519703 0.10531361 0.03015556 0.00258702
 0.         0.         0.02243365 0.06266689 0.09063324 0.1047756
 0.212133   0.05840182]

rule0: longitude < -120.927
probabilities_array:[0.03773873 0.         0.         0.         0.00954615 0.05071957
 0.00097408 0.0374391  0.16882598 0.14098656 0.15323327 0.11958303
 0.09607371 0.18487976]

rule37: ocean_proximity_NEAR BAY = 1.0
probabilities_array:[0.         0.15493235 0.15850379 0.04456062 0.         0.
 0.01586488 0.04611449 0.         0.         0.         0.11343715
 0.22381735 0.2427694 ]

rule2: -119.572 < longitude < -118.217
probabilities_array:[0.14623943 0.12111965 0.13206922 0.03862334 0.         0.
 0.01872286 0.00450465 0.1039684  0.01638532 0.017025   0.0936264
 0.198846   0.10886974]

rule30: 3.865 < median_income < 5.138
probabilities_array:[0.00031269 0.01179825 0.01950509 0.06729005 0.08547711 0.11380404
 0.11850275 0.12945451 0.09374482 0.12039959 0.11463111 0.08309368
 0.04030844 0.0016779 ]

rule35: ocean_proximity_ISLAND = 1.0
probabilities_array:[0.         0.         0.         0.         0.         0.
 0.         0.         0.         0.         0.10479898 0.14567964
 0.28658277 0.46293852]

rule21: 645.558 < population < 1426.385
probabilities_array:[9.5958643e-02 1.3474758e-01 5.2209962e-02 7.9834840e-04 1.7782297e-02
 2.4448043e-02 0.0000000e+00 0.0000000e+00 0.0000000e+00 1.3636809e-04
 9.6086837e-02 9.4044380e-02 1.9728987e-01 2.8649768e-01]

rule11: housing_median_age > 37.188
probabilities_array:[0.17501754 0.11655452 0.05905868 0.         0.008728   0.0120504
 0.         0.         0.         0.00847705 0.07862777 0.08586145
 0.21200757 0.24361709]

rule9: 20.240 < housing_median_age < 28.714
probabilities_array:[0.07312273 0.0792696  0.03329865 0.09438764 0.02647366 0.
 0.08843324 0.11505006 0.12091266 0.05840424 0.08115938 0.05850502
 0.         0.17098314]


---12---
rule15: total_rooms > 4149.882
probabilities_array:[0.         0.00042161 0.04656009 0.00756223 0.         0.
 0.         0.         0.         0.00108379 0.18747953 0.19648318
 0.40644717 0.15396245]

rule20: population < 645.558
probabilities_array:[0.         0.06182057 0.01248347 0.00280535 0.00189103 0.
 0.02508447 0.07040659 0.03739377 0.05042804 0.14525343 0.20370734
 0.2907325  0.09799345]

rule31: median_income > 5.138
probabilities_array:[0.         0.         0.00216338 0.00273651 0.01845138 0.01735929
 0.03468738 0.04207071 0.07077403 0.14655758 0.18939035 0.22189015
 0.2539192  0.        ]

rule19: total_bedrooms > 825.709
probabilities_array:[0.         0.1278889  0.02669125 0.03522601 0.01675287 0.00171188
 0.         0.09013073 0.0485458  0.09383947 0.02803616 0.00157083
 0.28045052 0.2491555 ]

rule39: ocean_proximity_NEAR OCEAN = 1.0
probabilities_array:[0.00405811 0.20164455 0.10519703 0.10531361 0.03015556 0.00258702
 0.         0.         0.02243365 0.06266689 0.09063324 0.1047756
 0.212133   0.05840182]

rule14: 2649.670 < total_rooms < 4149.882
probabilities_array:[0.00807544 0.05405053 0.004059   0.0220219  0.0102574  0.
 0.         0.00738066 0.11305205 0.07103147 0.06381795 0.16472335
 0.24532816 0.23620212]

rule2: -119.572 < longitude < -118.217
probabilities_array:[0.14623943 0.12111965 0.13206922 0.03862334 0.         0.
 0.01872286 0.00450465 0.1039684  0.01638532 0.017025   0.0936264
 0.198846   0.10886974]

rule37: ocean_proximity_NEAR BAY = 1.0
probabilities_array:[0.         0.15493235 0.15850379 0.04456062 0.         0.
 0.01586488 0.04611449 0.         0.         0.         0.11343715
 0.22381735 0.2427694 ]

rule4: latitude < 34.191
probabilities_array:[0.0002736  0.04273288 0.12728718 0.13142914 0.07875012 0.0443142
 0.04803978 0.03625466 0.03445607 0.04009983 0.08402877 0.11856078
 0.17356429 0.04020875]

rule11: housing_median_age > 37.188
probabilities_array:[0.17501754 0.11655452 0.05905868 0.         0.008728   0.0120504
 0.         0.         0.         0.00847705 0.07862777 0.08586145
 0.21200757 0.24361709]

rule35: ocean_proximity_ISLAND = 1.0
probabilities_array:[0.         0.         0.         0.         0.         0.
 0.         0.         0.         0.         0.10479898 0.14567964
 0.28658277 0.46293852]

rule21: 645.558 < population < 1426.385
probabilities_array:[9.5958643e-02 1.3474758e-01 5.2209962e-02 7.9834840e-04 1.7782297e-02
 2.4448043e-02 0.0000000e+00 0.0000000e+00 0.0000000e+00 1.3636809e-04
 9.6086837e-02 9.4044380e-02 1.9728987e-01 2.8649768e-01]

rule27: households > 760.850
probabilities_array:[0.         0.08356084 0.02594041 0.         0.         0.00074215
 0.01096522 0.049951   0.06900682 0.09097025 0.12952231 0.22234496
 0.14491113 0.17208494]

rule32: ocean_proximity_INLAND = 0.0
probabilities_array:[0.0000000e+00 5.5705556e-03 1.1607308e-02 2.0992434e-02 3.3955675e-02
 5.7912726e-02 1.0323226e-01 1.3794303e-01 1.4799017e-01 1.3897717e-01
 1.2899910e-01 1.2238489e-01 9.0371482e-02 6.3207248e-05]

rule0: longitude < -120.927
probabilities_array:[0.03773873 0.         0.         0.         0.00954615 0.05071957
 0.00097408 0.0374391  0.16882598 0.14098656 0.15323327 0.11958303
 0.09607371 0.18487976]

rule24: households < 241.360
probabilities_array:[0.15579209 0.08449148 0.01670737 0.11834303 0.03305086 0.01392238
 0.03724707 0.00170643 0.08916336 0.         0.         0.
 0.09538295 0.3541929 ]

rule7: latitude > 37.089
probabilities_array:[0.         0.11062216 0.18156098 0.22741047 0.14917873 0.05055929
 0.04444488 0.01549767 0.00948815 0.03873444 0.00378683 0.03937844
 0.05848748 0.07085047]

rule1: -120.927 < longitude < -119.572
probabilities_array:[0.13901041 0.13965394 0.08532247 0.17516027 0.10465149 0.00559176
 0.         0.         0.         0.         0.         0.12601104
 0.0516847  0.17291392]

rule16: total_bedrooms < 253.495
probabilities_array:[0.07645652 0.05319877 0.07088325 0.00947058 0.01730693 0.00461027
 0.10481059 0.11565682 0.06627983 0.         0.04861645 0.
 0.06684446 0.3658656 ]

rule30: 3.865 < median_income < 5.138
probabilities_array:[0.00031269 0.01179825 0.01950509 0.06729005 0.08547711 0.11380404
 0.11850275 0.12945451 0.09374482 0.12039959 0.11463111 0.08309368
 0.04030844 0.0016779 ]

