R2: 0.8004490166274938


MAE: 34310.5976860687


MSE: 2712367256.1941495


Accuracy: 0.21369661795289815


F1: 0.23091603053435114


Most important rules
-----------------------------

---0---
rule33: ocean_proximity_INLAND = 1.0
probabilities_array:[0.21951899 0.18768546 0.16611364 0.14350525 0.13269554 0.00519294
 0.         0.         0.         0.         0.         0.
 0.         0.00076511 0.00522948 0.13929355]

rule6: 35.634 < latitude < 37.077
probabilities_array:[0.2917503  0.26034746 0.         0.         0.         0.
 0.         0.         0.00192172 0.02164983 0.00120642 0.
 0.         0.01605541 0.         0.4070688 ]

rule2: -119.570 < longitude < -118.218
probabilities_array:[0.182162   0.06869865 0.1603058  0.0575622  0.03028005 0.
 0.         0.01596134 0.01504144 0.02703753 0.03267087 0.
 0.04279462 0.09742504 0.17505589 0.09500452]

rule28: median_income < 2.587
probabilities_array:[0.15770838 0.16043863 0.14735283 0.14229314 0.09721787 0.07271546
 0.06010117 0.04861943 0.04073203 0.02496975 0.02177304 0.01568878
 0.00420874 0.         0.         0.00618073]

rule12: total_rooms < 1161.626
probabilities_array:[0.14607562 0.08874126 0.06738448 0.06733297 0.09830105 0.14760496
 0.11274689 0.06193291 0.03532121 0.01750737 0.05041227 0.04463885
 0.02761561 0.01832918 0.         0.01605533]

rule36: ocean_proximity_NEAR BAY = 0.0
probabilities_array:[1.9533822e-01 1.3524894e-01 9.9938124e-02 7.2897941e-02 7.0417441e-02
 5.0745118e-02 0.0000000e+00 0.0000000e+00 5.9523742e-04 9.1955848e-03
 5.0264880e-02 1.6769936e-02 7.8907106e-03 7.4079391e-03 8.4332518e-05
 2.8320560e-01]

rule38: ocean_proximity_NEAR OCEAN = 0.0
probabilities_array:[1.84742287e-01 1.09972239e-01 1.10379368e-01 7.97366053e-02
 2.99269203e-02 1.62839377e-03 3.82356718e-02 4.87029068e-02
 4.90492545e-02 4.26196568e-02 1.71604492e-02 8.21835641e-03
 1.02527170e-02 1.10139195e-02 5.68353098e-05 2.58304328e-01]

rule13: 1161.626 < total_rooms < 2632.077
probabilities_array:[0.15832819 0.09935937 0.04449053 0.03281181 0.01658029 0.17297351
 0.11912278 0.0676896  0.0120882  0.01083604 0.02388758 0.03239505
 0.00469982 0.01788253 0.         0.18685475]

rule10: 28.552 < housing_median_age < 37.062
probabilities_array:[0.16052343 0.09832694 0.05517251 0.05493066 0.00053689 0.05139127
 0.11329217 0.07854903 0.10637189 0.00595763 0.00075662 0.
 0.00080275 0.00152267 0.06481092 0.20705457]

rule23: population > 2194.291
probabilities_array:[1.2245350e-01 5.7212573e-02 4.1469298e-02 7.1263298e-02 8.1305213e-02
 1.9183742e-01 1.3721913e-01 1.1819150e-01 3.5812110e-02 3.3994395e-02
 5.4072820e-02 2.9788515e-02 6.4712646e-03 2.4477069e-03 7.4369374e-05
 1.6386906e-02]

rule22: 1423.056 < population < 2194.291
probabilities_array:[0.13859057 0.07582764 0.06255613 0.05034087 0.12513286 0.12285007
 0.13179666 0.05106403 0.00662345 0.02743874 0.03491102 0.0342411
 0.         0.         0.         0.13862689]

rule1: -120.921 < longitude < -119.570
probabilities_array:[0.15182832 0.1674299  0.08164942 0.14252831 0.02732319 0.01099483
 0.         0.         0.         0.         0.         0.06009657
 0.08680668 0.01948274 0.00359404 0.24826603]

rule25: 241.654 < households < 498.776
probabilities_array:[0.1748784  0.05793899 0.04982504 0.10078791 0.07507496 0.01342635
 0.07665905 0.00965255 0.00576032 0.         0.01709639 0.
 0.03537897 0.         0.         0.38352105]

rule5: 34.190 < latitude < 35.634
probabilities_array:[0.1118116  0.06006659 0.02102794 0.02122651 0.08046255 0.04932362
 0.06049319 0.07493704 0.11207266 0.09048753 0.10056394 0.09244008
 0.05202562 0.00054159 0.         0.07251938]

rule17: 253.889 < total_bedrooms < 537.043
probabilities_array:[1.8191224e-01 6.3119374e-02 5.8255490e-02 2.5726672e-02 4.5587130e-02
 8.6575948e-02 0.0000000e+00 0.0000000e+00 1.8942954e-04 2.4946008e-03
 7.5649018e-03 4.3093864e-02 1.7460300e-02 0.0000000e+00 0.0000000e+00
 4.6801999e-01]

rule9: 20.042 < housing_median_age < 28.552
probabilities_array:[0.12598479 0.05895305 0.03264134 0.         0.08091068 0.
 0.         0.04039518 0.09702123 0.11491074 0.05286664 0.07886258
 0.05867598 0.0097046  0.01459497 0.23447831]

rule24: households < 241.654
probabilities_array:[0.13195376 0.05859029 0.01513201 0.09065142 0.00678566 0.04803426
 0.00091089 0.05685699 0.         0.07814293 0.02703592 0.00571856
 0.         0.         0.15028442 0.3299029 ]

rule11: housing_median_age > 37.062
probabilities_array:[0.11179243 0.03966183 0.01886664 0.11118136 0.04926514 0.05609858
 0.02517357 0.         0.         0.         0.00761544 0.01241563
 0.0616487  0.09779727 0.1910836  0.2173998 ]

rule21: 651.822 < population < 1423.056
probabilities_array:[0.103998   0.13521127 0.08818913 0.0279701  0.02723102 0.00994608
 0.         0.         0.         0.         0.00099937 0.0217051
 0.07522231 0.12094747 0.13054065 0.25803956]

rule18: 537.043 < total_bedrooms < 820.197
probabilities_array:[1.1442769e-01 1.0450138e-01 0.0000000e+00 2.9490825e-02 8.6102813e-02
 0.0000000e+00 7.5950548e-03 1.1964174e-02 0.0000000e+00 6.8930355e-03
 5.8321513e-02 1.5465149e-02 2.2205480e-04 1.0935790e-01 1.9171624e-03
 4.5374119e-01]

rule34: ocean_proximity_ISLAND = 0.0
probabilities_array:[9.6990228e-02 9.8748036e-02 7.3439874e-02 4.4656638e-02 1.3223169e-02
 1.3546794e-02 0.0000000e+00 0.0000000e+00 1.6611246e-05 1.9156161e-03
 3.5437778e-02 2.1625882e-02 1.0291796e-02 3.5557393e-03 4.2452455e-02
 5.4409939e-01]

rule26: 498.776 < households < 755.897
probabilities_array:[6.1996244e-02 7.1756087e-02 1.0246992e-01 0.0000000e+00 0.0000000e+00
 7.2794802e-02 1.2590871e-04 9.8552726e-02 7.2867595e-02 1.9521274e-02
 5.8552805e-02 1.0210762e-01 2.5338843e-02 1.2789379e-02 8.6507620e-03
 2.9247597e-01]


---1---
rule33: ocean_proximity_INLAND = 1.0
probabilities_array:[0.21951899 0.18768546 0.16611364 0.14350525 0.13269554 0.00519294
 0.         0.         0.         0.         0.         0.
 0.         0.00076511 0.00522948 0.13929355]

rule28: median_income < 2.587
probabilities_array:[0.15770838 0.16043863 0.14735283 0.14229314 0.09721787 0.07271546
 0.06010117 0.04861943 0.04073203 0.02496975 0.02177304 0.01568878
 0.00420874 0.         0.         0.00618073]

rule39: ocean_proximity_NEAR OCEAN = 1.0
probabilities_array:[0.00388241 0.16689071 0.14323589 0.0624662  0.06104495 0.00978758
 0.         0.         0.         0.         0.04723475 0.06090387
 0.07312834 0.1192774  0.19568926 0.05645872]

rule6: 35.634 < latitude < 37.077
probabilities_array:[0.2917503  0.26034746 0.         0.         0.         0.
 0.         0.         0.00192172 0.02164983 0.00120642 0.
 0.         0.01605541 0.         0.4070688 ]

rule1: -120.921 < longitude < -119.570
probabilities_array:[0.15182832 0.1674299  0.08164942 0.14252831 0.02732319 0.01099483
 0.         0.         0.         0.         0.         0.06009657
 0.08680668 0.01948274 0.00359404 0.24826603]

rule21: 651.822 < population < 1423.056
probabilities_array:[0.103998   0.13521127 0.08818913 0.0279701  0.02723102 0.00994608
 0.         0.         0.         0.         0.00099937 0.0217051
 0.07522231 0.12094747 0.13054065 0.25803956]

rule36: ocean_proximity_NEAR BAY = 0.0
probabilities_array:[1.9533822e-01 1.3524894e-01 9.9938124e-02 7.2897941e-02 7.0417441e-02
 5.0745118e-02 0.0000000e+00 0.0000000e+00 5.9523742e-04 9.1955848e-03
 5.0264880e-02 1.6769936e-02 7.8907106e-03 7.4079391e-03 8.4332518e-05
 2.8320560e-01]

rule12: total_rooms < 1161.626
probabilities_array:[0.14607562 0.08874126 0.06738448 0.06733297 0.09830105 0.14760496
 0.11274689 0.06193291 0.03532121 0.01750737 0.05041227 0.04463885
 0.02761561 0.01832918 0.         0.01605533]

rule20: population < 651.822
probabilities_array:[0.0000000e+00 9.9870704e-02 4.4613979e-03 1.0769591e-02 1.0748947e-03
 0.0000000e+00 0.0000000e+00 6.0817751e-05 8.3347606e-03 2.8946728e-02
 2.5895020e-02 3.5314042e-02 1.6103338e-01 2.0690617e-01 2.7395743e-01
 1.4337505e-01]

rule19: total_bedrooms > 820.197
probabilities_array:[0.         0.10841411 0.         0.10933659 0.03844696 0.00348565
 0.         0.         0.1145607  0.06149698 0.04427822 0.05597172
 0.0035649  0.07132731 0.14903975 0.24007714]

rule38: ocean_proximity_NEAR OCEAN = 0.0
probabilities_array:[1.84742287e-01 1.09972239e-01 1.10379368e-01 7.97366053e-02
 2.99269203e-02 1.62839377e-03 3.82356718e-02 4.87029068e-02
 4.90492545e-02 4.26196568e-02 1.71604492e-02 8.21835641e-03
 1.02527170e-02 1.10139195e-02 5.68353098e-05 2.58304328e-01]

rule13: 1161.626 < total_rooms < 2632.077
probabilities_array:[0.15832819 0.09935937 0.04449053 0.03281181 0.01658029 0.17297351
 0.11912278 0.0676896  0.0120882  0.01083604 0.02388758 0.03239505
 0.00469982 0.01788253 0.         0.18685475]

rule10: 28.552 < housing_median_age < 37.062
probabilities_array:[0.16052343 0.09832694 0.05517251 0.05493066 0.00053689 0.05139127
 0.11329217 0.07854903 0.10637189 0.00595763 0.00075662 0.
 0.00080275 0.00152267 0.06481092 0.20705457]

rule27: households > 755.897
probabilities_array:[0.         0.09927525 0.04122321 0.00350765 0.02508475 0.00075409
 0.         0.         0.02292225 0.12304305 0.00904482 0.10060991
 0.11752707 0.1681877  0.0712593  0.21756093]

rule37: ocean_proximity_NEAR BAY = 1.0
probabilities_array:[0.         0.09390607 0.11968125 0.0781552  0.06371422 0.
 0.         0.03075223 0.07470974 0.00841077 0.         0.
 0.06166058 0.12041295 0.14098406 0.20761296]

rule22: 1423.056 < population < 2194.291
probabilities_array:[0.13859057 0.07582764 0.06255613 0.05034087 0.12513286 0.12285007
 0.13179666 0.05106403 0.00662345 0.02743874 0.03491102 0.0342411
 0.         0.         0.         0.13862689]

rule7: latitude > 37.077
probabilities_array:[0.         0.07258784 0.17651007 0.12740187 0.15187222 0.07869539
 0.03322171 0.0295199  0.01168972 0.00556283 0.03301152 0.0567737
 0.00743322 0.04809901 0.05957764 0.10804337]

rule2: -119.570 < longitude < -118.218
probabilities_array:[0.182162   0.06869865 0.1603058  0.0575622  0.03028005 0.
 0.         0.01596134 0.01504144 0.02703753 0.03267087 0.
 0.04279462 0.09742504 0.17505589 0.09500452]

rule14: 2632.077 < total_rooms < 4102.527
probabilities_array:[0.         0.07187653 0.01495939 0.06144254 0.         0.00135112
 0.02740524 0.01469266 0.00059549 0.07611626 0.03600252 0.02792519
 0.0950968  0.1661859  0.24062519 0.16572522]

rule18: 537.043 < total_bedrooms < 820.197
probabilities_array:[1.1442769e-01 1.0450138e-01 0.0000000e+00 2.9490825e-02 8.6102813e-02
 0.0000000e+00 7.5950548e-03 1.1964174e-02 0.0000000e+00 6.8930355e-03
 5.8321513e-02 1.5465149e-02 2.2205480e-04 1.0935790e-01 1.9171624e-03
 4.5374119e-01]

rule23: population > 2194.291
probabilities_array:[1.2245350e-01 5.7212573e-02 4.1469298e-02 7.1263298e-02 8.1305213e-02
 1.9183742e-01 1.3721913e-01 1.1819150e-01 3.5812110e-02 3.3994395e-02
 5.4072820e-02 2.9788515e-02 6.4712646e-03 2.4477069e-03 7.4369374e-05
 1.6386906e-02]

rule5: 34.190 < latitude < 35.634
probabilities_array:[0.1118116  0.06006659 0.02102794 0.02122651 0.08046255 0.04932362
 0.06049319 0.07493704 0.11207266 0.09048753 0.10056394 0.09244008
 0.05202562 0.00054159 0.         0.07251938]

rule26: 498.776 < households < 755.897
probabilities_array:[6.1996244e-02 7.1756087e-02 1.0246992e-01 0.0000000e+00 0.0000000e+00
 7.2794802e-02 1.2590871e-04 9.8552726e-02 7.2867595e-02 1.9521274e-02
 5.8552805e-02 1.0210762e-01 2.5338843e-02 1.2789379e-02 8.6507620e-03
 2.9247597e-01]

rule29: 2.587 < median_income < 3.866
probabilities_array:[0.00139719 0.04732694 0.0804502  0.09678543 0.08614097 0.12637495
 0.12815239 0.11143611 0.09287964 0.07056616 0.04914603 0.04046489
 0.03809849 0.01718002 0.         0.01360057]

rule3: longitude > -118.218
probabilities_array:[0.01530385 0.04807936 0.03232051 0.05511991 0.1195953  0.13129199
 0.1707678  0.10516714 0.0937246  0.09455368 0.05536772 0.02614933
 0.         0.         0.         0.05255881]

rule9: 20.042 < housing_median_age < 28.552
probabilities_array:[0.12598479 0.05895305 0.03264134 0.         0.08091068 0.
 0.         0.04039518 0.09702123 0.11491074 0.05286664 0.07886258
 0.05867598 0.0097046  0.01459497 0.23447831]

rule34: ocean_proximity_ISLAND = 0.0
probabilities_array:[9.6990228e-02 9.8748036e-02 7.3439874e-02 4.4656638e-02 1.3223169e-02
 1.3546794e-02 0.0000000e+00 0.0000000e+00 1.6611246e-05 1.9156161e-03
 3.5437778e-02 2.1625882e-02 1.0291796e-02 3.5557393e-03 4.2452455e-02
 5.4409939e-01]


---2---
rule7: latitude > 37.077
probabilities_array:[0.         0.07258784 0.17651007 0.12740187 0.15187222 0.07869539
 0.03322171 0.0295199  0.01168972 0.00556283 0.03301152 0.0567737
 0.00743322 0.04809901 0.05957764 0.10804337]

rule28: median_income < 2.587
probabilities_array:[0.15770838 0.16043863 0.14735283 0.14229314 0.09721787 0.07271546
 0.06010117 0.04861943 0.04073203 0.02496975 0.02177304 0.01568878
 0.00420874 0.         0.         0.00618073]

rule2: -119.570 < longitude < -118.218
probabilities_array:[0.182162   0.06869865 0.1603058  0.0575622  0.03028005 0.
 0.         0.01596134 0.01504144 0.02703753 0.03267087 0.
 0.04279462 0.09742504 0.17505589 0.09500452]

rule33: ocean_proximity_INLAND = 1.0
probabilities_array:[0.21951899 0.18768546 0.16611364 0.14350525 0.13269554 0.00519294
 0.         0.         0.         0.         0.         0.
 0.         0.00076511 0.00522948 0.13929355]

rule39: ocean_proximity_NEAR OCEAN = 1.0
probabilities_array:[0.00388241 0.16689071 0.14323589 0.0624662  0.06104495 0.00978758
 0.         0.         0.         0.         0.04723475 0.06090387
 0.07312834 0.1192774  0.19568926 0.05645872]

rule4: latitude < 34.190
probabilities_array:[0.         0.03508998 0.12074574 0.11210389 0.08754774 0.06718145
 0.02183875 0.0340015  0.0358316  0.02937194 0.03020407 0.05939693
 0.08338358 0.08287209 0.13565277 0.06477794]

rule37: ocean_proximity_NEAR BAY = 1.0
probabilities_array:[0.         0.09390607 0.11968125 0.0781552  0.06371422 0.
 0.         0.03075223 0.07470974 0.00841077 0.         0.
 0.06166058 0.12041295 0.14098406 0.20761296]

rule38: ocean_proximity_NEAR OCEAN = 0.0
probabilities_array:[1.84742287e-01 1.09972239e-01 1.10379368e-01 7.97366053e-02
 2.99269203e-02 1.62839377e-03 3.82356718e-02 4.87029068e-02
 4.90492545e-02 4.26196568e-02 1.71604492e-02 8.21835641e-03
 1.02527170e-02 1.10139195e-02 5.68353098e-05 2.58304328e-01]

rule29: 2.587 < median_income < 3.866
probabilities_array:[0.00139719 0.04732694 0.0804502  0.09678543 0.08614097 0.12637495
 0.12815239 0.11143611 0.09287964 0.07056616 0.04914603 0.04046489
 0.03809849 0.01718002 0.         0.01360057]

rule26: 498.776 < households < 755.897
probabilities_array:[6.1996244e-02 7.1756087e-02 1.0246992e-01 0.0000000e+00 0.0000000e+00
 7.2794802e-02 1.2590871e-04 9.8552726e-02 7.2867595e-02 1.9521274e-02
 5.8552805e-02 1.0210762e-01 2.5338843e-02 1.2789379e-02 8.6507620e-03
 2.9247597e-01]

rule36: ocean_proximity_NEAR BAY = 0.0
probabilities_array:[1.9533822e-01 1.3524894e-01 9.9938124e-02 7.2897941e-02 7.0417441e-02
 5.0745118e-02 0.0000000e+00 0.0000000e+00 5.9523742e-04 9.1955848e-03
 5.0264880e-02 1.6769936e-02 7.8907106e-03 7.4079391e-03 8.4332518e-05
 2.8320560e-01]

rule12: total_rooms < 1161.626
probabilities_array:[0.14607562 0.08874126 0.06738448 0.06733297 0.09830105 0.14760496
 0.11274689 0.06193291 0.03532121 0.01750737 0.05041227 0.04463885
 0.02761561 0.01832918 0.         0.01605533]

rule21: 651.822 < population < 1423.056
probabilities_array:[0.103998   0.13521127 0.08818913 0.0279701  0.02723102 0.00994608
 0.         0.         0.         0.         0.00099937 0.0217051
 0.07522231 0.12094747 0.13054065 0.25803956]

rule1: -120.921 < longitude < -119.570
probabilities_array:[0.15182832 0.1674299  0.08164942 0.14252831 0.02732319 0.01099483
 0.         0.         0.         0.         0.         0.06009657
 0.08680668 0.01948274 0.00359404 0.24826603]

rule22: 1423.056 < population < 2194.291
probabilities_array:[0.13859057 0.07582764 0.06255613 0.05034087 0.12513286 0.12285007
 0.13179666 0.05106403 0.00662345 0.02743874 0.03491102 0.0342411
 0.         0.         0.         0.13862689]

rule16: total_bedrooms < 253.889
probabilities_array:[0.0069695  0.         0.07356258 0.02666636 0.0024636  0.
 0.0015711  0.17030351 0.04669156 0.08181871 0.04034958 0.02499099
 0.05182478 0.         0.12806936 0.34471837]

rule15: total_rooms > 4102.527
probabilities_array:[0.         0.00488716 0.05044778 0.01708509 0.00975424 0.
 0.         0.         0.         0.00038644 0.02034407 0.05301354
 0.21115492 0.19265416 0.3288234  0.11144921]

rule10: 28.552 < housing_median_age < 37.062
probabilities_array:[0.16052343 0.09832694 0.05517251 0.05493066 0.00053689 0.05139127
 0.11329217 0.07854903 0.10637189 0.00595763 0.00075662 0.
 0.00080275 0.00152267 0.06481092 0.20705457]

rule23: population > 2194.291
probabilities_array:[1.2245350e-01 5.7212573e-02 4.1469298e-02 7.1263298e-02 8.1305213e-02
 1.9183742e-01 1.3721913e-01 1.1819150e-01 3.5812110e-02 3.3994395e-02
 5.4072820e-02 2.9788515e-02 6.4712646e-03 2.4477069e-03 7.4369374e-05
 1.6386906e-02]


---3---
rule28: median_income < 2.587
probabilities_array:[0.15770838 0.16043863 0.14735283 0.14229314 0.09721787 0.07271546
 0.06010117 0.04861943 0.04073203 0.02496975 0.02177304 0.01568878
 0.00420874 0.         0.         0.00618073]

rule33: ocean_proximity_INLAND = 1.0
probabilities_array:[0.21951899 0.18768546 0.16611364 0.14350525 0.13269554 0.00519294
 0.         0.         0.         0.         0.         0.
 0.         0.00076511 0.00522948 0.13929355]

rule7: latitude > 37.077
probabilities_array:[0.         0.07258784 0.17651007 0.12740187 0.15187222 0.07869539
 0.03322171 0.0295199  0.01168972 0.00556283 0.03301152 0.0567737
 0.00743322 0.04809901 0.05957764 0.10804337]

rule1: -120.921 < longitude < -119.570
probabilities_array:[0.15182832 0.1674299  0.08164942 0.14252831 0.02732319 0.01099483
 0.         0.         0.         0.         0.         0.06009657
 0.08680668 0.01948274 0.00359404 0.24826603]

rule4: latitude < 34.190
probabilities_array:[0.         0.03508998 0.12074574 0.11210389 0.08754774 0.06718145
 0.02183875 0.0340015  0.0358316  0.02937194 0.03020407 0.05939693
 0.08338358 0.08287209 0.13565277 0.06477794]

rule29: 2.587 < median_income < 3.866
probabilities_array:[0.00139719 0.04732694 0.0804502  0.09678543 0.08614097 0.12637495
 0.12815239 0.11143611 0.09287964 0.07056616 0.04914603 0.04046489
 0.03809849 0.01718002 0.         0.01360057]

rule11: housing_median_age > 37.062
probabilities_array:[0.11179243 0.03966183 0.01886664 0.11118136 0.04926514 0.05609858
 0.02517357 0.         0.         0.         0.00761544 0.01241563
 0.0616487  0.09779727 0.1910836  0.2173998 ]

rule19: total_bedrooms > 820.197
probabilities_array:[0.         0.10841411 0.         0.10933659 0.03844696 0.00348565
 0.         0.         0.1145607  0.06149698 0.04427822 0.05597172
 0.0035649  0.07132731 0.14903975 0.24007714]

rule8: housing_median_age < 20.042
probabilities_array:[0.00084215 0.0314438  0.03052316 0.08754646 0.1088669  0.10154048
 0.11421765 0.07330035 0.10133808 0.05749692 0.04369969 0.06650624
 0.07730886 0.02585286 0.         0.07951644]

rule23: population > 2194.291
probabilities_array:[1.2245350e-01 5.7212573e-02 4.1469298e-02 7.1263298e-02 8.1305213e-02
 1.9183742e-01 1.3721913e-01 1.1819150e-01 3.5812110e-02 3.3994395e-02
 5.4072820e-02 2.9788515e-02 6.4712646e-03 2.4477069e-03 7.4369374e-05
 1.6386906e-02]

rule12: total_rooms < 1161.626
probabilities_array:[0.14607562 0.08874126 0.06738448 0.06733297 0.09830105 0.14760496
 0.11274689 0.06193291 0.03532121 0.01750737 0.05041227 0.04463885
 0.02761561 0.01832918 0.         0.01605533]

rule25: 241.654 < households < 498.776
probabilities_array:[0.1748784  0.05793899 0.04982504 0.10078791 0.07507496 0.01342635
 0.07665905 0.00965255 0.00576032 0.         0.01709639 0.
 0.03537897 0.         0.         0.38352105]

rule37: ocean_proximity_NEAR BAY = 1.0
probabilities_array:[0.         0.09390607 0.11968125 0.0781552  0.06371422 0.
 0.         0.03075223 0.07470974 0.00841077 0.         0.
 0.06166058 0.12041295 0.14098406 0.20761296]

rule24: households < 241.654
probabilities_array:[0.13195376 0.05859029 0.01513201 0.09065142 0.00678566 0.04803426
 0.00091089 0.05685699 0.         0.07814293 0.02703592 0.00571856
 0.         0.         0.15028442 0.3299029 ]

rule38: ocean_proximity_NEAR OCEAN = 0.0
probabilities_array:[1.84742287e-01 1.09972239e-01 1.10379368e-01 7.97366053e-02
 2.99269203e-02 1.62839377e-03 3.82356718e-02 4.87029068e-02
 4.90492545e-02 4.26196568e-02 1.71604492e-02 8.21835641e-03
 1.02527170e-02 1.10139195e-02 5.68353098e-05 2.58304328e-01]

rule39: ocean_proximity_NEAR OCEAN = 1.0
probabilities_array:[0.00388241 0.16689071 0.14323589 0.0624662  0.06104495 0.00978758
 0.         0.         0.         0.         0.04723475 0.06090387
 0.07312834 0.1192774  0.19568926 0.05645872]

rule36: ocean_proximity_NEAR BAY = 0.0
probabilities_array:[1.9533822e-01 1.3524894e-01 9.9938124e-02 7.2897941e-02 7.0417441e-02
 5.0745118e-02 0.0000000e+00 0.0000000e+00 5.9523742e-04 9.1955848e-03
 5.0264880e-02 1.6769936e-02 7.8907106e-03 7.4079391e-03 8.4332518e-05
 2.8320560e-01]

rule3: longitude > -118.218
probabilities_array:[0.01530385 0.04807936 0.03232051 0.05511991 0.1195953  0.13129199
 0.1707678  0.10516714 0.0937246  0.09455368 0.05536772 0.02614933
 0.         0.         0.         0.05255881]

rule2: -119.570 < longitude < -118.218
probabilities_array:[0.182162   0.06869865 0.1603058  0.0575622  0.03028005 0.
 0.         0.01596134 0.01504144 0.02703753 0.03267087 0.
 0.04279462 0.09742504 0.17505589 0.09500452]

rule14: 2632.077 < total_rooms < 4102.527
probabilities_array:[0.         0.07187653 0.01495939 0.06144254 0.         0.00135112
 0.02740524 0.01469266 0.00059549 0.07611626 0.03600252 0.02792519
 0.0950968  0.1661859  0.24062519 0.16572522]

rule10: 28.552 < housing_median_age < 37.062
probabilities_array:[0.16052343 0.09832694 0.05517251 0.05493066 0.00053689 0.05139127
 0.11329217 0.07854903 0.10637189 0.00595763 0.00075662 0.
 0.00080275 0.00152267 0.06481092 0.20705457]

rule22: 1423.056 < population < 2194.291
probabilities_array:[0.13859057 0.07582764 0.06255613 0.05034087 0.12513286 0.12285007
 0.13179666 0.05106403 0.00662345 0.02743874 0.03491102 0.0342411
 0.         0.         0.         0.13862689]


---4---
rule7: latitude > 37.077
probabilities_array:[0.         0.07258784 0.17651007 0.12740187 0.15187222 0.07869539
 0.03322171 0.0295199  0.01168972 0.00556283 0.03301152 0.0567737
 0.00743322 0.04809901 0.05957764 0.10804337]

rule33: ocean_proximity_INLAND = 1.0
probabilities_array:[0.21951899 0.18768546 0.16611364 0.14350525 0.13269554 0.00519294
 0.         0.         0.         0.         0.         0.
 0.         0.00076511 0.00522948 0.13929355]

rule3: longitude > -118.218
probabilities_array:[0.01530385 0.04807936 0.03232051 0.05511991 0.1195953  0.13129199
 0.1707678  0.10516714 0.0937246  0.09455368 0.05536772 0.02614933
 0.         0.         0.         0.05255881]

rule22: 1423.056 < population < 2194.291
probabilities_array:[0.13859057 0.07582764 0.06255613 0.05034087 0.12513286 0.12285007
 0.13179666 0.05106403 0.00662345 0.02743874 0.03491102 0.0342411
 0.         0.         0.         0.13862689]

rule8: housing_median_age < 20.042
probabilities_array:[0.00084215 0.0314438  0.03052316 0.08754646 0.1088669  0.10154048
 0.11421765 0.07330035 0.10133808 0.05749692 0.04369969 0.06650624
 0.07730886 0.02585286 0.         0.07951644]

rule12: total_rooms < 1161.626
probabilities_array:[0.14607562 0.08874126 0.06738448 0.06733297 0.09830105 0.14760496
 0.11274689 0.06193291 0.03532121 0.01750737 0.05041227 0.04463885
 0.02761561 0.01832918 0.         0.01605533]

rule28: median_income < 2.587
probabilities_array:[0.15770838 0.16043863 0.14735283 0.14229314 0.09721787 0.07271546
 0.06010117 0.04861943 0.04073203 0.02496975 0.02177304 0.01568878
 0.00420874 0.         0.         0.00618073]

rule29: 2.587 < median_income < 3.866
probabilities_array:[0.00139719 0.04732694 0.0804502  0.09678543 0.08614097 0.12637495
 0.12815239 0.11143611 0.09287964 0.07056616 0.04914603 0.04046489
 0.03809849 0.01718002 0.         0.01360057]

rule4: latitude < 34.190
probabilities_array:[0.         0.03508998 0.12074574 0.11210389 0.08754774 0.06718145
 0.02183875 0.0340015  0.0358316  0.02937194 0.03020407 0.05939693
 0.08338358 0.08287209 0.13565277 0.06477794]

rule23: population > 2194.291
probabilities_array:[1.2245350e-01 5.7212573e-02 4.1469298e-02 7.1263298e-02 8.1305213e-02
 1.9183742e-01 1.3721913e-01 1.1819150e-01 3.5812110e-02 3.3994395e-02
 5.4072820e-02 2.9788515e-02 6.4712646e-03 2.4477069e-03 7.4369374e-05
 1.6386906e-02]

rule5: 34.190 < latitude < 35.634
probabilities_array:[0.1118116  0.06006659 0.02102794 0.02122651 0.08046255 0.04932362
 0.06049319 0.07493704 0.11207266 0.09048753 0.10056394 0.09244008
 0.05202562 0.00054159 0.         0.07251938]

rule30: 3.866 < median_income < 5.144
probabilities_array:[0.         0.01123154 0.01602376 0.03507436 0.06939884 0.08283283
 0.08683223 0.12583156 0.11943243 0.11913043 0.08707883 0.0825293
 0.09001818 0.05281971 0.01978215 0.00198379]

rule9: 20.042 < housing_median_age < 28.552
probabilities_array:[0.12598479 0.05895305 0.03264134 0.         0.08091068 0.
 0.         0.04039518 0.09702123 0.11491074 0.05286664 0.07886258
 0.05867598 0.0097046  0.01459497 0.23447831]

rule39: ocean_proximity_NEAR OCEAN = 1.0
probabilities_array:[0.00388241 0.16689071 0.14323589 0.0624662  0.06104495 0.00978758
 0.         0.         0.         0.         0.04723475 0.06090387
 0.07312834 0.1192774  0.19568926 0.05645872]

rule37: ocean_proximity_NEAR BAY = 1.0
probabilities_array:[0.         0.09390607 0.11968125 0.0781552  0.06371422 0.
 0.         0.03075223 0.07470974 0.00841077 0.         0.
 0.06166058 0.12041295 0.14098406 0.20761296]

rule36: ocean_proximity_NEAR BAY = 0.0
probabilities_array:[1.9533822e-01 1.3524894e-01 9.9938124e-02 7.2897941e-02 7.0417441e-02
 5.0745118e-02 0.0000000e+00 0.0000000e+00 5.9523742e-04 9.1955848e-03
 5.0264880e-02 1.6769936e-02 7.8907106e-03 7.4079391e-03 8.4332518e-05
 2.8320560e-01]

rule18: 537.043 < total_bedrooms < 820.197
probabilities_array:[1.1442769e-01 1.0450138e-01 0.0000000e+00 2.9490825e-02 8.6102813e-02
 0.0000000e+00 7.5950548e-03 1.1964174e-02 0.0000000e+00 6.8930355e-03
 5.8321513e-02 1.5465149e-02 2.2205480e-04 1.0935790e-01 1.9171624e-03
 4.5374119e-01]

rule25: 241.654 < households < 498.776
probabilities_array:[0.1748784  0.05793899 0.04982504 0.10078791 0.07507496 0.01342635
 0.07665905 0.00965255 0.00576032 0.         0.01709639 0.
 0.03537897 0.         0.         0.38352105]


---5---
rule23: population > 2194.291
probabilities_array:[1.2245350e-01 5.7212573e-02 4.1469298e-02 7.1263298e-02 8.1305213e-02
 1.9183742e-01 1.3721913e-01 1.1819150e-01 3.5812110e-02 3.3994395e-02
 5.4072820e-02 2.9788515e-02 6.4712646e-03 2.4477069e-03 7.4369374e-05
 1.6386906e-02]

rule12: total_rooms < 1161.626
probabilities_array:[0.14607562 0.08874126 0.06738448 0.06733297 0.09830105 0.14760496
 0.11274689 0.06193291 0.03532121 0.01750737 0.05041227 0.04463885
 0.02761561 0.01832918 0.         0.01605533]

rule13: 1161.626 < total_rooms < 2632.077
probabilities_array:[0.15832819 0.09935937 0.04449053 0.03281181 0.01658029 0.17297351
 0.11912278 0.0676896  0.0120882  0.01083604 0.02388758 0.03239505
 0.00469982 0.01788253 0.         0.18685475]

rule29: 2.587 < median_income < 3.866
probabilities_array:[0.00139719 0.04732694 0.0804502  0.09678543 0.08614097 0.12637495
 0.12815239 0.11143611 0.09287964 0.07056616 0.04914603 0.04046489
 0.03809849 0.01718002 0.         0.01360057]

rule3: longitude > -118.218
probabilities_array:[0.01530385 0.04807936 0.03232051 0.05511991 0.1195953  0.13129199
 0.1707678  0.10516714 0.0937246  0.09455368 0.05536772 0.02614933
 0.         0.         0.         0.05255881]

rule22: 1423.056 < population < 2194.291
probabilities_array:[0.13859057 0.07582764 0.06255613 0.05034087 0.12513286 0.12285007
 0.13179666 0.05106403 0.00662345 0.02743874 0.03491102 0.0342411
 0.         0.         0.         0.13862689]

rule8: housing_median_age < 20.042
probabilities_array:[0.00084215 0.0314438  0.03052316 0.08754646 0.1088669  0.10154048
 0.11421765 0.07330035 0.10133808 0.05749692 0.04369969 0.06650624
 0.07730886 0.02585286 0.         0.07951644]

rule30: 3.866 < median_income < 5.144
probabilities_array:[0.         0.01123154 0.01602376 0.03507436 0.06939884 0.08283283
 0.08683223 0.12583156 0.11943243 0.11913043 0.08707883 0.0825293
 0.09001818 0.05281971 0.01978215 0.00198379]

rule28: median_income < 2.587
probabilities_array:[0.15770838 0.16043863 0.14735283 0.14229314 0.09721787 0.07271546
 0.06010117 0.04861943 0.04073203 0.02496975 0.02177304 0.01568878
 0.00420874 0.         0.         0.00618073]

rule7: latitude > 37.077
probabilities_array:[0.         0.07258784 0.17651007 0.12740187 0.15187222 0.07869539
 0.03322171 0.0295199  0.01168972 0.00556283 0.03301152 0.0567737
 0.00743322 0.04809901 0.05957764 0.10804337]

rule4: latitude < 34.190
probabilities_array:[0.         0.03508998 0.12074574 0.11210389 0.08754774 0.06718145
 0.02183875 0.0340015  0.0358316  0.02937194 0.03020407 0.05939693
 0.08338358 0.08287209 0.13565277 0.06477794]

rule26: 498.776 < households < 755.897
probabilities_array:[6.1996244e-02 7.1756087e-02 1.0246992e-01 0.0000000e+00 0.0000000e+00
 7.2794802e-02 1.2590871e-04 9.8552726e-02 7.2867595e-02 1.9521274e-02
 5.8552805e-02 1.0210762e-01 2.5338843e-02 1.2789379e-02 8.6507620e-03
 2.9247597e-01]

rule17: 253.889 < total_bedrooms < 537.043
probabilities_array:[1.8191224e-01 6.3119374e-02 5.8255490e-02 2.5726672e-02 4.5587130e-02
 8.6575948e-02 0.0000000e+00 0.0000000e+00 1.8942954e-04 2.4946008e-03
 7.5649018e-03 4.3093864e-02 1.7460300e-02 0.0000000e+00 0.0000000e+00
 4.6801999e-01]

rule5: 34.190 < latitude < 35.634
probabilities_array:[0.1118116  0.06006659 0.02102794 0.02122651 0.08046255 0.04932362
 0.06049319 0.07493704 0.11207266 0.09048753 0.10056394 0.09244008
 0.05202562 0.00054159 0.         0.07251938]

rule11: housing_median_age > 37.062
probabilities_array:[0.11179243 0.03966183 0.01886664 0.11118136 0.04926514 0.05609858
 0.02517357 0.         0.         0.         0.00761544 0.01241563
 0.0616487  0.09779727 0.1910836  0.2173998 ]

rule10: 28.552 < housing_median_age < 37.062
probabilities_array:[0.16052343 0.09832694 0.05517251 0.05493066 0.00053689 0.05139127
 0.11329217 0.07854903 0.10637189 0.00595763 0.00075662 0.
 0.00080275 0.00152267 0.06481092 0.20705457]


---6---
rule3: longitude > -118.218
probabilities_array:[0.01530385 0.04807936 0.03232051 0.05511991 0.1195953  0.13129199
 0.1707678  0.10516714 0.0937246  0.09455368 0.05536772 0.02614933
 0.         0.         0.         0.05255881]

rule23: population > 2194.291
probabilities_array:[1.2245350e-01 5.7212573e-02 4.1469298e-02 7.1263298e-02 8.1305213e-02
 1.9183742e-01 1.3721913e-01 1.1819150e-01 3.5812110e-02 3.3994395e-02
 5.4072820e-02 2.9788515e-02 6.4712646e-03 2.4477069e-03 7.4369374e-05
 1.6386906e-02]

rule29: 2.587 < median_income < 3.866
probabilities_array:[0.00139719 0.04732694 0.0804502  0.09678543 0.08614097 0.12637495
 0.12815239 0.11143611 0.09287964 0.07056616 0.04914603 0.04046489
 0.03809849 0.01718002 0.         0.01360057]

rule22: 1423.056 < population < 2194.291
probabilities_array:[0.13859057 0.07582764 0.06255613 0.05034087 0.12513286 0.12285007
 0.13179666 0.05106403 0.00662345 0.02743874 0.03491102 0.0342411
 0.         0.         0.         0.13862689]

rule12: total_rooms < 1161.626
probabilities_array:[0.14607562 0.08874126 0.06738448 0.06733297 0.09830105 0.14760496
 0.11274689 0.06193291 0.03532121 0.01750737 0.05041227 0.04463885
 0.02761561 0.01832918 0.         0.01605533]

rule8: housing_median_age < 20.042
probabilities_array:[0.00084215 0.0314438  0.03052316 0.08754646 0.1088669  0.10154048
 0.11421765 0.07330035 0.10133808 0.05749692 0.04369969 0.06650624
 0.07730886 0.02585286 0.         0.07951644]

rule13: 1161.626 < total_rooms < 2632.077
probabilities_array:[0.15832819 0.09935937 0.04449053 0.03281181 0.01658029 0.17297351
 0.11912278 0.0676896  0.0120882  0.01083604 0.02388758 0.03239505
 0.00469982 0.01788253 0.         0.18685475]

rule10: 28.552 < housing_median_age < 37.062
probabilities_array:[0.16052343 0.09832694 0.05517251 0.05493066 0.00053689 0.05139127
 0.11329217 0.07854903 0.10637189 0.00595763 0.00075662 0.
 0.00080275 0.00152267 0.06481092 0.20705457]

rule30: 3.866 < median_income < 5.144
probabilities_array:[0.         0.01123154 0.01602376 0.03507436 0.06939884 0.08283283
 0.08683223 0.12583156 0.11943243 0.11913043 0.08707883 0.0825293
 0.09001818 0.05281971 0.01978215 0.00198379]

rule28: median_income < 2.587
probabilities_array:[0.15770838 0.16043863 0.14735283 0.14229314 0.09721787 0.07271546
 0.06010117 0.04861943 0.04073203 0.02496975 0.02177304 0.01568878
 0.00420874 0.         0.         0.00618073]

rule5: 34.190 < latitude < 35.634
probabilities_array:[0.1118116  0.06006659 0.02102794 0.02122651 0.08046255 0.04932362
 0.06049319 0.07493704 0.11207266 0.09048753 0.10056394 0.09244008
 0.05202562 0.00054159 0.         0.07251938]

rule25: 241.654 < households < 498.776
probabilities_array:[0.1748784  0.05793899 0.04982504 0.10078791 0.07507496 0.01342635
 0.07665905 0.00965255 0.00576032 0.         0.01709639 0.
 0.03537897 0.         0.         0.38352105]

rule32: ocean_proximity_INLAND = 0.0
probabilities_array:[0.         0.00674763 0.01164083 0.01383565 0.01860627 0.02609632
 0.04548816 0.07722107 0.1136959  0.14467542 0.12735821 0.11807121
 0.12023615 0.09931771 0.0770096  0.        ]


---7---
rule30: 3.866 < median_income < 5.144
probabilities_array:[0.         0.01123154 0.01602376 0.03507436 0.06939884 0.08283283
 0.08683223 0.12583156 0.11943243 0.11913043 0.08707883 0.0825293
 0.09001818 0.05281971 0.01978215 0.00198379]

rule23: population > 2194.291
probabilities_array:[1.2245350e-01 5.7212573e-02 4.1469298e-02 7.1263298e-02 8.1305213e-02
 1.9183742e-01 1.3721913e-01 1.1819150e-01 3.5812110e-02 3.3994395e-02
 5.4072820e-02 2.9788515e-02 6.4712646e-03 2.4477069e-03 7.4369374e-05
 1.6386906e-02]

rule16: total_bedrooms < 253.889
probabilities_array:[0.0069695  0.         0.07356258 0.02666636 0.0024636  0.
 0.0015711  0.17030351 0.04669156 0.08181871 0.04034958 0.02499099
 0.05182478 0.         0.12806936 0.34471837]

rule29: 2.587 < median_income < 3.866
probabilities_array:[0.00139719 0.04732694 0.0804502  0.09678543 0.08614097 0.12637495
 0.12815239 0.11143611 0.09287964 0.07056616 0.04914603 0.04046489
 0.03809849 0.01718002 0.         0.01360057]

rule3: longitude > -118.218
probabilities_array:[0.01530385 0.04807936 0.03232051 0.05511991 0.1195953  0.13129199
 0.1707678  0.10516714 0.0937246  0.09455368 0.05536772 0.02614933
 0.         0.         0.         0.05255881]

rule32: ocean_proximity_INLAND = 0.0
probabilities_array:[0.         0.00674763 0.01164083 0.01383565 0.01860627 0.02609632
 0.04548816 0.07722107 0.1136959  0.14467542 0.12735821 0.11807121
 0.12023615 0.09931771 0.0770096  0.        ]

rule26: 498.776 < households < 755.897
probabilities_array:[6.1996244e-02 7.1756087e-02 1.0246992e-01 0.0000000e+00 0.0000000e+00
 7.2794802e-02 1.2590871e-04 9.8552726e-02 7.2867595e-02 1.9521274e-02
 5.8552805e-02 1.0210762e-01 2.5338843e-02 1.2789379e-02 8.6507620e-03
 2.9247597e-01]

rule5: 34.190 < latitude < 35.634
probabilities_array:[0.1118116  0.06006659 0.02102794 0.02122651 0.08046255 0.04932362
 0.06049319 0.07493704 0.11207266 0.09048753 0.10056394 0.09244008
 0.05202562 0.00054159 0.         0.07251938]

rule8: housing_median_age < 20.042
probabilities_array:[0.00084215 0.0314438  0.03052316 0.08754646 0.1088669  0.10154048
 0.11421765 0.07330035 0.10133808 0.05749692 0.04369969 0.06650624
 0.07730886 0.02585286 0.         0.07951644]

rule10: 28.552 < housing_median_age < 37.062
probabilities_array:[0.16052343 0.09832694 0.05517251 0.05493066 0.00053689 0.05139127
 0.11329217 0.07854903 0.10637189 0.00595763 0.00075662 0.
 0.00080275 0.00152267 0.06481092 0.20705457]

rule12: total_rooms < 1161.626
probabilities_array:[0.14607562 0.08874126 0.06738448 0.06733297 0.09830105 0.14760496
 0.11274689 0.06193291 0.03532121 0.01750737 0.05041227 0.04463885
 0.02761561 0.01832918 0.         0.01605533]

rule13: 1161.626 < total_rooms < 2632.077
probabilities_array:[0.15832819 0.09935937 0.04449053 0.03281181 0.01658029 0.17297351
 0.11912278 0.0676896  0.0120882  0.01083604 0.02388758 0.03239505
 0.00469982 0.01788253 0.         0.18685475]

rule28: median_income < 2.587
probabilities_array:[0.15770838 0.16043863 0.14735283 0.14229314 0.09721787 0.07271546
 0.06010117 0.04861943 0.04073203 0.02496975 0.02177304 0.01568878
 0.00420874 0.         0.         0.00618073]

rule22: 1423.056 < population < 2194.291
probabilities_array:[0.13859057 0.07582764 0.06255613 0.05034087 0.12513286 0.12285007
 0.13179666 0.05106403 0.00662345 0.02743874 0.03491102 0.0342411
 0.         0.         0.         0.13862689]


---8---
rule30: 3.866 < median_income < 5.144
probabilities_array:[0.         0.01123154 0.01602376 0.03507436 0.06939884 0.08283283
 0.08683223 0.12583156 0.11943243 0.11913043 0.08707883 0.0825293
 0.09001818 0.05281971 0.01978215 0.00198379]

rule32: ocean_proximity_INLAND = 0.0
probabilities_array:[0.         0.00674763 0.01164083 0.01383565 0.01860627 0.02609632
 0.04548816 0.07722107 0.1136959  0.14467542 0.12735821 0.11807121
 0.12023615 0.09931771 0.0770096  0.        ]

rule5: 34.190 < latitude < 35.634
probabilities_array:[0.1118116  0.06006659 0.02102794 0.02122651 0.08046255 0.04932362
 0.06049319 0.07493704 0.11207266 0.09048753 0.10056394 0.09244008
 0.05202562 0.00054159 0.         0.07251938]

rule8: housing_median_age < 20.042
probabilities_array:[0.00084215 0.0314438  0.03052316 0.08754646 0.1088669  0.10154048
 0.11421765 0.07330035 0.10133808 0.05749692 0.04369969 0.06650624
 0.07730886 0.02585286 0.         0.07951644]

rule29: 2.587 < median_income < 3.866
probabilities_array:[0.00139719 0.04732694 0.0804502  0.09678543 0.08614097 0.12637495
 0.12815239 0.11143611 0.09287964 0.07056616 0.04914603 0.04046489
 0.03809849 0.01718002 0.         0.01360057]

rule3: longitude > -118.218
probabilities_array:[0.01530385 0.04807936 0.03232051 0.05511991 0.1195953  0.13129199
 0.1707678  0.10516714 0.0937246  0.09455368 0.05536772 0.02614933
 0.         0.         0.         0.05255881]

rule19: total_bedrooms > 820.197
probabilities_array:[0.         0.10841411 0.         0.10933659 0.03844696 0.00348565
 0.         0.         0.1145607  0.06149698 0.04427822 0.05597172
 0.0035649  0.07132731 0.14903975 0.24007714]

rule10: 28.552 < housing_median_age < 37.062
probabilities_array:[0.16052343 0.09832694 0.05517251 0.05493066 0.00053689 0.05139127
 0.11329217 0.07854903 0.10637189 0.00595763 0.00075662 0.
 0.00080275 0.00152267 0.06481092 0.20705457]

rule9: 20.042 < housing_median_age < 28.552
probabilities_array:[0.12598479 0.05895305 0.03264134 0.         0.08091068 0.
 0.         0.04039518 0.09702123 0.11491074 0.05286664 0.07886258
 0.05867598 0.0097046  0.01459497 0.23447831]

rule37: ocean_proximity_NEAR BAY = 1.0
probabilities_array:[0.         0.09390607 0.11968125 0.0781552  0.06371422 0.
 0.         0.03075223 0.07470974 0.00841077 0.         0.
 0.06166058 0.12041295 0.14098406 0.20761296]

rule26: 498.776 < households < 755.897
probabilities_array:[6.1996244e-02 7.1756087e-02 1.0246992e-01 0.0000000e+00 0.0000000e+00
 7.2794802e-02 1.2590871e-04 9.8552726e-02 7.2867595e-02 1.9521274e-02
 5.8552805e-02 1.0210762e-01 2.5338843e-02 1.2789379e-02 8.6507620e-03
 2.9247597e-01]

rule28: median_income < 2.587
probabilities_array:[0.15770838 0.16043863 0.14735283 0.14229314 0.09721787 0.07271546
 0.06010117 0.04861943 0.04073203 0.02496975 0.02177304 0.01568878
 0.00420874 0.         0.         0.00618073]


---9---
rule32: ocean_proximity_INLAND = 0.0
probabilities_array:[0.         0.00674763 0.01164083 0.01383565 0.01860627 0.02609632
 0.04548816 0.07722107 0.1136959  0.14467542 0.12735821 0.11807121
 0.12023615 0.09931771 0.0770096  0.        ]

rule30: 3.866 < median_income < 5.144
probabilities_array:[0.         0.01123154 0.01602376 0.03507436 0.06939884 0.08283283
 0.08683223 0.12583156 0.11943243 0.11913043 0.08707883 0.0825293
 0.09001818 0.05281971 0.01978215 0.00198379]

rule27: households > 755.897
probabilities_array:[0.         0.09927525 0.04122321 0.00350765 0.02508475 0.00075409
 0.         0.         0.02292225 0.12304305 0.00904482 0.10060991
 0.11752707 0.1681877  0.0712593  0.21756093]

rule3: longitude > -118.218
probabilities_array:[0.01530385 0.04807936 0.03232051 0.05511991 0.1195953  0.13129199
 0.1707678  0.10516714 0.0937246  0.09455368 0.05536772 0.02614933
 0.         0.         0.         0.05255881]

rule9: 20.042 < housing_median_age < 28.552
probabilities_array:[0.12598479 0.05895305 0.03264134 0.         0.08091068 0.
 0.         0.04039518 0.09702123 0.11491074 0.05286664 0.07886258
 0.05867598 0.0097046  0.01459497 0.23447831]

rule5: 34.190 < latitude < 35.634
probabilities_array:[0.1118116  0.06006659 0.02102794 0.02122651 0.08046255 0.04932362
 0.06049319 0.07493704 0.11207266 0.09048753 0.10056394 0.09244008
 0.05202562 0.00054159 0.         0.07251938]

rule0: longitude < -120.921
probabilities_array:[0.01264666 0.00400842 0.         0.         0.02734499 0.04625843
 0.02648085 0.00144054 0.03502578 0.08862903 0.15188089 0.10177039
 0.12691255 0.12809622 0.07787889 0.1716264 ]

rule29: 2.587 < median_income < 3.866
probabilities_array:[0.00139719 0.04732694 0.0804502  0.09678543 0.08614097 0.12637495
 0.12815239 0.11143611 0.09287964 0.07056616 0.04914603 0.04046489
 0.03809849 0.01718002 0.         0.01360057]

rule14: 2632.077 < total_rooms < 4102.527
probabilities_array:[0.         0.07187653 0.01495939 0.06144254 0.         0.00135112
 0.02740524 0.01469266 0.00059549 0.07611626 0.03600252 0.02792519
 0.0950968  0.1661859  0.24062519 0.16572522]

rule16: total_bedrooms < 253.889
probabilities_array:[0.0069695  0.         0.07356258 0.02666636 0.0024636  0.
 0.0015711  0.17030351 0.04669156 0.08181871 0.04034958 0.02499099
 0.05182478 0.         0.12806936 0.34471837]

rule8: housing_median_age < 20.042
probabilities_array:[0.00084215 0.0314438  0.03052316 0.08754646 0.1088669  0.10154048
 0.11421765 0.07330035 0.10133808 0.05749692 0.04369969 0.06650624
 0.07730886 0.02585286 0.         0.07951644]

rule24: households < 241.654
probabilities_array:[0.13195376 0.05859029 0.01513201 0.09065142 0.00678566 0.04803426
 0.00091089 0.05685699 0.         0.07814293 0.02703592 0.00571856
 0.         0.         0.15028442 0.3299029 ]

rule19: total_bedrooms > 820.197
probabilities_array:[0.         0.10841411 0.         0.10933659 0.03844696 0.00348565
 0.         0.         0.1145607  0.06149698 0.04427822 0.05597172
 0.0035649  0.07132731 0.14903975 0.24007714]


---10---
rule32: ocean_proximity_INLAND = 0.0
probabilities_array:[0.         0.00674763 0.01164083 0.01383565 0.01860627 0.02609632
 0.04548816 0.07722107 0.1136959  0.14467542 0.12735821 0.11807121
 0.12023615 0.09931771 0.0770096  0.        ]

rule0: longitude < -120.921
probabilities_array:[0.01264666 0.00400842 0.         0.         0.02734499 0.04625843
 0.02648085 0.00144054 0.03502578 0.08862903 0.15188089 0.10177039
 0.12691255 0.12809622 0.07787889 0.1716264 ]

rule5: 34.190 < latitude < 35.634
probabilities_array:[0.1118116  0.06006659 0.02102794 0.02122651 0.08046255 0.04932362
 0.06049319 0.07493704 0.11207266 0.09048753 0.10056394 0.09244008
 0.05202562 0.00054159 0.         0.07251938]

rule31: median_income > 5.144
probabilities_array:[0.         0.         0.         0.         0.         0.00068172
 0.         0.         0.00595722 0.03336861 0.08787722 0.16787739
 0.1989572  0.2381776  0.25702947 0.01007361]

rule30: 3.866 < median_income < 5.144
probabilities_array:[0.         0.01123154 0.01602376 0.03507436 0.06939884 0.08283283
 0.08683223 0.12583156 0.11943243 0.11913043 0.08707883 0.0825293
 0.09001818 0.05281971 0.01978215 0.00198379]

rule23: population > 2194.291
probabilities_array:[1.2245350e-01 5.7212573e-02 4.1469298e-02 7.1263298e-02 8.1305213e-02
 1.9183742e-01 1.3721913e-01 1.1819150e-01 3.5812110e-02 3.3994395e-02
 5.4072820e-02 2.9788515e-02 6.4712646e-03 2.4477069e-03 7.4369374e-05
 1.6386906e-02]

rule3: longitude > -118.218
probabilities_array:[0.01530385 0.04807936 0.03232051 0.05511991 0.1195953  0.13129199
 0.1707678  0.10516714 0.0937246  0.09455368 0.05536772 0.02614933
 0.         0.         0.         0.05255881]

rule12: total_rooms < 1161.626
probabilities_array:[0.14607562 0.08874126 0.06738448 0.06733297 0.09830105 0.14760496
 0.11274689 0.06193291 0.03532121 0.01750737 0.05041227 0.04463885
 0.02761561 0.01832918 0.         0.01605533]

rule29: 2.587 < median_income < 3.866
probabilities_array:[0.00139719 0.04732694 0.0804502  0.09678543 0.08614097 0.12637495
 0.12815239 0.11143611 0.09287964 0.07056616 0.04914603 0.04046489
 0.03809849 0.01718002 0.         0.01360057]

rule39: ocean_proximity_NEAR OCEAN = 1.0
probabilities_array:[0.00388241 0.16689071 0.14323589 0.0624662  0.06104495 0.00978758
 0.         0.         0.         0.         0.04723475 0.06090387
 0.07312834 0.1192774  0.19568926 0.05645872]

rule26: 498.776 < households < 755.897
probabilities_array:[6.1996244e-02 7.1756087e-02 1.0246992e-01 0.0000000e+00 0.0000000e+00
 7.2794802e-02 1.2590871e-04 9.8552726e-02 7.2867595e-02 1.9521274e-02
 5.8552805e-02 1.0210762e-01 2.5338843e-02 1.2789379e-02 8.6507620e-03
 2.9247597e-01]

rule9: 20.042 < housing_median_age < 28.552
probabilities_array:[0.12598479 0.05895305 0.03264134 0.         0.08091068 0.
 0.         0.04039518 0.09702123 0.11491074 0.05286664 0.07886258
 0.05867598 0.0097046  0.01459497 0.23447831]

rule8: housing_median_age < 20.042
probabilities_array:[0.00084215 0.0314438  0.03052316 0.08754646 0.1088669  0.10154048
 0.11421765 0.07330035 0.10133808 0.05749692 0.04369969 0.06650624
 0.07730886 0.02585286 0.         0.07951644]


---11---
rule31: median_income > 5.144
probabilities_array:[0.         0.         0.         0.         0.         0.00068172
 0.         0.         0.00595722 0.03336861 0.08787722 0.16787739
 0.1989572  0.2381776  0.25702947 0.01007361]

rule32: ocean_proximity_INLAND = 0.0
probabilities_array:[0.         0.00674763 0.01164083 0.01383565 0.01860627 0.02609632
 0.04548816 0.07722107 0.1136959  0.14467542 0.12735821 0.11807121
 0.12023615 0.09931771 0.0770096  0.        ]

rule5: 34.190 < latitude < 35.634
probabilities_array:[0.1118116  0.06006659 0.02102794 0.02122651 0.08046255 0.04932362
 0.06049319 0.07493704 0.11207266 0.09048753 0.10056394 0.09244008
 0.05202562 0.00054159 0.         0.07251938]

rule0: longitude < -120.921
probabilities_array:[0.01264666 0.00400842 0.         0.         0.02734499 0.04625843
 0.02648085 0.00144054 0.03502578 0.08862903 0.15188089 0.10177039
 0.12691255 0.12809622 0.07787889 0.1716264 ]

rule30: 3.866 < median_income < 5.144
probabilities_array:[0.         0.01123154 0.01602376 0.03507436 0.06939884 0.08283283
 0.08683223 0.12583156 0.11943243 0.11913043 0.08707883 0.0825293
 0.09001818 0.05281971 0.01978215 0.00198379]

rule27: households > 755.897
probabilities_array:[0.         0.09927525 0.04122321 0.00350765 0.02508475 0.00075409
 0.         0.         0.02292225 0.12304305 0.00904482 0.10060991
 0.11752707 0.1681877  0.0712593  0.21756093]

rule26: 498.776 < households < 755.897
probabilities_array:[6.1996244e-02 7.1756087e-02 1.0246992e-01 0.0000000e+00 0.0000000e+00
 7.2794802e-02 1.2590871e-04 9.8552726e-02 7.2867595e-02 1.9521274e-02
 5.8552805e-02 1.0210762e-01 2.5338843e-02 1.2789379e-02 8.6507620e-03
 2.9247597e-01]

rule35: ocean_proximity_ISLAND = 1.0
probabilities_array:[0.         0.         0.         0.         0.         0.
 0.         0.         0.         0.         0.         0.14125377
 0.14934932 0.17110434 0.         0.5382925 ]

rule8: housing_median_age < 20.042
probabilities_array:[0.00084215 0.0314438  0.03052316 0.08754646 0.1088669  0.10154048
 0.11421765 0.07330035 0.10133808 0.05749692 0.04369969 0.06650624
 0.07730886 0.02585286 0.         0.07951644]

rule9: 20.042 < housing_median_age < 28.552
probabilities_array:[0.12598479 0.05895305 0.03264134 0.         0.08091068 0.
 0.         0.04039518 0.09702123 0.11491074 0.05286664 0.07886258
 0.05867598 0.0097046  0.01459497 0.23447831]

rule39: ocean_proximity_NEAR OCEAN = 1.0
probabilities_array:[0.00388241 0.16689071 0.14323589 0.0624662  0.06104495 0.00978758
 0.         0.         0.         0.         0.04723475 0.06090387
 0.07312834 0.1192774  0.19568926 0.05645872]

rule4: latitude < 34.190
probabilities_array:[0.         0.03508998 0.12074574 0.11210389 0.08754774 0.06718145
 0.02183875 0.0340015  0.0358316  0.02937194 0.03020407 0.05939693
 0.08338358 0.08287209 0.13565277 0.06477794]

rule7: latitude > 37.077
probabilities_array:[0.         0.07258784 0.17651007 0.12740187 0.15187222 0.07869539
 0.03322171 0.0295199  0.01168972 0.00556283 0.03301152 0.0567737
 0.00743322 0.04809901 0.05957764 0.10804337]

rule15: total_rooms > 4102.527
probabilities_array:[0.         0.00488716 0.05044778 0.01708509 0.00975424 0.
 0.         0.         0.         0.00038644 0.02034407 0.05301354
 0.21115492 0.19265416 0.3288234  0.11144921]

rule1: -120.921 < longitude < -119.570
probabilities_array:[0.15182832 0.1674299  0.08164942 0.14252831 0.02732319 0.01099483
 0.         0.         0.         0.         0.         0.06009657
 0.08680668 0.01948274 0.00359404 0.24826603]

rule12: total_rooms < 1161.626
probabilities_array:[0.14607562 0.08874126 0.06738448 0.06733297 0.09830105 0.14760496
 0.11274689 0.06193291 0.03532121 0.01750737 0.05041227 0.04463885
 0.02761561 0.01832918 0.         0.01605533]

rule19: total_bedrooms > 820.197
probabilities_array:[0.         0.10841411 0.         0.10933659 0.03844696 0.00348565
 0.         0.         0.1145607  0.06149698 0.04427822 0.05597172
 0.0035649  0.07132731 0.14903975 0.24007714]


---12---
rule31: median_income > 5.144
probabilities_array:[0.         0.         0.         0.         0.         0.00068172
 0.         0.         0.00595722 0.03336861 0.08787722 0.16787739
 0.1989572  0.2381776  0.25702947 0.01007361]

rule15: total_rooms > 4102.527
probabilities_array:[0.         0.00488716 0.05044778 0.01708509 0.00975424 0.
 0.         0.         0.         0.00038644 0.02034407 0.05301354
 0.21115492 0.19265416 0.3288234  0.11144921]

rule20: population < 651.822
probabilities_array:[0.0000000e+00 9.9870704e-02 4.4613979e-03 1.0769591e-02 1.0748947e-03
 0.0000000e+00 0.0000000e+00 6.0817751e-05 8.3347606e-03 2.8946728e-02
 2.5895020e-02 3.5314042e-02 1.6103338e-01 2.0690617e-01 2.7395743e-01
 1.4337505e-01]

rule32: ocean_proximity_INLAND = 0.0
probabilities_array:[0.         0.00674763 0.01164083 0.01383565 0.01860627 0.02609632
 0.04548816 0.07722107 0.1136959  0.14467542 0.12735821 0.11807121
 0.12023615 0.09931771 0.0770096  0.        ]

rule0: longitude < -120.921
probabilities_array:[0.01264666 0.00400842 0.         0.         0.02734499 0.04625843
 0.02648085 0.00144054 0.03502578 0.08862903 0.15188089 0.10177039
 0.12691255 0.12809622 0.07787889 0.1716264 ]

rule27: households > 755.897
probabilities_array:[0.         0.09927525 0.04122321 0.00350765 0.02508475 0.00075409
 0.         0.         0.02292225 0.12304305 0.00904482 0.10060991
 0.11752707 0.1681877  0.0712593  0.21756093]

rule30: 3.866 < median_income < 5.144
probabilities_array:[0.         0.01123154 0.01602376 0.03507436 0.06939884 0.08283283
 0.08683223 0.12583156 0.11943243 0.11913043 0.08707883 0.0825293
 0.09001818 0.05281971 0.01978215 0.00198379]

rule14: 2632.077 < total_rooms < 4102.527
probabilities_array:[0.         0.07187653 0.01495939 0.06144254 0.         0.00135112
 0.02740524 0.01469266 0.00059549 0.07611626 0.03600252 0.02792519
 0.0950968  0.1661859  0.24062519 0.16572522]

rule4: latitude < 34.190
probabilities_array:[0.         0.03508998 0.12074574 0.11210389 0.08754774 0.06718145
 0.02183875 0.0340015  0.0358316  0.02937194 0.03020407 0.05939693
 0.08338358 0.08287209 0.13565277 0.06477794]

rule8: housing_median_age < 20.042
probabilities_array:[0.00084215 0.0314438  0.03052316 0.08754646 0.1088669  0.10154048
 0.11421765 0.07330035 0.10133808 0.05749692 0.04369969 0.06650624
 0.07730886 0.02585286 0.         0.07951644]

rule39: ocean_proximity_NEAR OCEAN = 1.0
probabilities_array:[0.00388241 0.16689071 0.14323589 0.0624662  0.06104495 0.00978758
 0.         0.         0.         0.         0.04723475 0.06090387
 0.07312834 0.1192774  0.19568926 0.05645872]

rule35: ocean_proximity_ISLAND = 1.0
probabilities_array:[0.         0.         0.         0.         0.         0.
 0.         0.         0.         0.         0.         0.14125377
 0.14934932 0.17110434 0.         0.5382925 ]

rule1: -120.921 < longitude < -119.570
probabilities_array:[0.15182832 0.1674299  0.08164942 0.14252831 0.02732319 0.01099483
 0.         0.         0.         0.         0.         0.06009657
 0.08680668 0.01948274 0.00359404 0.24826603]

rule21: 651.822 < population < 1423.056
probabilities_array:[0.103998   0.13521127 0.08818913 0.0279701  0.02723102 0.00994608
 0.         0.         0.         0.         0.00099937 0.0217051
 0.07522231 0.12094747 0.13054065 0.25803956]

rule37: ocean_proximity_NEAR BAY = 1.0
probabilities_array:[0.         0.09390607 0.11968125 0.0781552  0.06371422 0.
 0.         0.03075223 0.07470974 0.00841077 0.         0.
 0.06166058 0.12041295 0.14098406 0.20761296]

rule5: 34.190 < latitude < 35.634
probabilities_array:[0.1118116  0.06006659 0.02102794 0.02122651 0.08046255 0.04932362
 0.06049319 0.07493704 0.11207266 0.09048753 0.10056394 0.09244008
 0.05202562 0.00054159 0.         0.07251938]

rule11: housing_median_age > 37.062
probabilities_array:[0.11179243 0.03966183 0.01886664 0.11118136 0.04926514 0.05609858
 0.02517357 0.         0.         0.         0.00761544 0.01241563
 0.0616487  0.09779727 0.1910836  0.2173998 ]

rule9: 20.042 < housing_median_age < 28.552
probabilities_array:[0.12598479 0.05895305 0.03264134 0.         0.08091068 0.
 0.         0.04039518 0.09702123 0.11491074 0.05286664 0.07886258
 0.05867598 0.0097046  0.01459497 0.23447831]


---13---
rule31: median_income > 5.144
probabilities_array:[0.         0.         0.         0.         0.         0.00068172
 0.         0.         0.00595722 0.03336861 0.08787722 0.16787739
 0.1989572  0.2381776  0.25702947 0.01007361]

rule20: population < 651.822
probabilities_array:[0.0000000e+00 9.9870704e-02 4.4613979e-03 1.0769591e-02 1.0748947e-03
 0.0000000e+00 0.0000000e+00 6.0817751e-05 8.3347606e-03 2.8946728e-02
 2.5895020e-02 3.5314042e-02 1.6103338e-01 2.0690617e-01 2.7395743e-01
 1.4337505e-01]

rule15: total_rooms > 4102.527
probabilities_array:[0.         0.00488716 0.05044778 0.01708509 0.00975424 0.
 0.         0.         0.         0.00038644 0.02034407 0.05301354
 0.21115492 0.19265416 0.3288234  0.11144921]

rule14: 2632.077 < total_rooms < 4102.527
probabilities_array:[0.         0.07187653 0.01495939 0.06144254 0.         0.00135112
 0.02740524 0.01469266 0.00059549 0.07611626 0.03600252 0.02792519
 0.0950968  0.1661859  0.24062519 0.16572522]

rule27: households > 755.897
probabilities_array:[0.         0.09927525 0.04122321 0.00350765 0.02508475 0.00075409
 0.         0.         0.02292225 0.12304305 0.00904482 0.10060991
 0.11752707 0.1681877  0.0712593  0.21756093]

rule39: ocean_proximity_NEAR OCEAN = 1.0
probabilities_array:[0.00388241 0.16689071 0.14323589 0.0624662  0.06104495 0.00978758
 0.         0.         0.         0.         0.04723475 0.06090387
 0.07312834 0.1192774  0.19568926 0.05645872]

rule0: longitude < -120.921
probabilities_array:[0.01264666 0.00400842 0.         0.         0.02734499 0.04625843
 0.02648085 0.00144054 0.03502578 0.08862903 0.15188089 0.10177039
 0.12691255 0.12809622 0.07787889 0.1716264 ]

rule32: ocean_proximity_INLAND = 0.0
probabilities_array:[0.         0.00674763 0.01164083 0.01383565 0.01860627 0.02609632
 0.04548816 0.07722107 0.1136959  0.14467542 0.12735821 0.11807121
 0.12023615 0.09931771 0.0770096  0.        ]

rule37: ocean_proximity_NEAR BAY = 1.0
probabilities_array:[0.         0.09390607 0.11968125 0.0781552  0.06371422 0.
 0.         0.03075223 0.07470974 0.00841077 0.         0.
 0.06166058 0.12041295 0.14098406 0.20761296]

rule21: 651.822 < population < 1423.056
probabilities_array:[0.103998   0.13521127 0.08818913 0.0279701  0.02723102 0.00994608
 0.         0.         0.         0.         0.00099937 0.0217051
 0.07522231 0.12094747 0.13054065 0.25803956]

rule2: -119.570 < longitude < -118.218
probabilities_array:[0.182162   0.06869865 0.1603058  0.0575622  0.03028005 0.
 0.         0.01596134 0.01504144 0.02703753 0.03267087 0.
 0.04279462 0.09742504 0.17505589 0.09500452]

rule35: ocean_proximity_ISLAND = 1.0
probabilities_array:[0.         0.         0.         0.         0.         0.
 0.         0.         0.         0.         0.         0.14125377
 0.14934932 0.17110434 0.         0.5382925 ]

rule4: latitude < 34.190
probabilities_array:[0.         0.03508998 0.12074574 0.11210389 0.08754774 0.06718145
 0.02183875 0.0340015  0.0358316  0.02937194 0.03020407 0.05939693
 0.08338358 0.08287209 0.13565277 0.06477794]

rule11: housing_median_age > 37.062
probabilities_array:[0.11179243 0.03966183 0.01886664 0.11118136 0.04926514 0.05609858
 0.02517357 0.         0.         0.         0.00761544 0.01241563
 0.0616487  0.09779727 0.1910836  0.2173998 ]

rule18: 537.043 < total_bedrooms < 820.197
probabilities_array:[1.1442769e-01 1.0450138e-01 0.0000000e+00 2.9490825e-02 8.6102813e-02
 0.0000000e+00 7.5950548e-03 1.1964174e-02 0.0000000e+00 6.8930355e-03
 5.8321513e-02 1.5465149e-02 2.2205480e-04 1.0935790e-01 1.9171624e-03
 4.5374119e-01]

rule19: total_bedrooms > 820.197
probabilities_array:[0.         0.10841411 0.         0.10933659 0.03844696 0.00348565
 0.         0.         0.1145607  0.06149698 0.04427822 0.05597172
 0.0035649  0.07132731 0.14903975 0.24007714]

rule30: 3.866 < median_income < 5.144
probabilities_array:[0.         0.01123154 0.01602376 0.03507436 0.06939884 0.08283283
 0.08683223 0.12583156 0.11943243 0.11913043 0.08707883 0.0825293
 0.09001818 0.05281971 0.01978215 0.00198379]

rule7: latitude > 37.077
probabilities_array:[0.         0.07258784 0.17651007 0.12740187 0.15187222 0.07869539
 0.03322171 0.0295199  0.01168972 0.00556283 0.03301152 0.0567737
 0.00743322 0.04809901 0.05957764 0.10804337]


---14---
rule15: total_rooms > 4102.527
probabilities_array:[0.         0.00488716 0.05044778 0.01708509 0.00975424 0.
 0.         0.         0.         0.00038644 0.02034407 0.05301354
 0.21115492 0.19265416 0.3288234  0.11144921]

rule31: median_income > 5.144
probabilities_array:[0.         0.         0.         0.         0.         0.00068172
 0.         0.         0.00595722 0.03336861 0.08787722 0.16787739
 0.1989572  0.2381776  0.25702947 0.01007361]

rule20: population < 651.822
probabilities_array:[0.0000000e+00 9.9870704e-02 4.4613979e-03 1.0769591e-02 1.0748947e-03
 0.0000000e+00 0.0000000e+00 6.0817751e-05 8.3347606e-03 2.8946728e-02
 2.5895020e-02 3.5314042e-02 1.6103338e-01 2.0690617e-01 2.7395743e-01
 1.4337505e-01]

rule14: 2632.077 < total_rooms < 4102.527
probabilities_array:[0.         0.07187653 0.01495939 0.06144254 0.         0.00135112
 0.02740524 0.01469266 0.00059549 0.07611626 0.03600252 0.02792519
 0.0950968  0.1661859  0.24062519 0.16572522]

rule39: ocean_proximity_NEAR OCEAN = 1.0
probabilities_array:[0.00388241 0.16689071 0.14323589 0.0624662  0.06104495 0.00978758
 0.         0.         0.         0.         0.04723475 0.06090387
 0.07312834 0.1192774  0.19568926 0.05645872]

rule2: -119.570 < longitude < -118.218
probabilities_array:[0.182162   0.06869865 0.1603058  0.0575622  0.03028005 0.
 0.         0.01596134 0.01504144 0.02703753 0.03267087 0.
 0.04279462 0.09742504 0.17505589 0.09500452]

rule11: housing_median_age > 37.062
probabilities_array:[0.11179243 0.03966183 0.01886664 0.11118136 0.04926514 0.05609858
 0.02517357 0.         0.         0.         0.00761544 0.01241563
 0.0616487  0.09779727 0.1910836  0.2173998 ]

rule4: latitude < 34.190
probabilities_array:[0.         0.03508998 0.12074574 0.11210389 0.08754774 0.06718145
 0.02183875 0.0340015  0.0358316  0.02937194 0.03020407 0.05939693
 0.08338358 0.08287209 0.13565277 0.06477794]

rule19: total_bedrooms > 820.197
probabilities_array:[0.         0.10841411 0.         0.10933659 0.03844696 0.00348565
 0.         0.         0.1145607  0.06149698 0.04427822 0.05597172
 0.0035649  0.07132731 0.14903975 0.24007714]

rule37: ocean_proximity_NEAR BAY = 1.0
probabilities_array:[0.         0.09390607 0.11968125 0.0781552  0.06371422 0.
 0.         0.03075223 0.07470974 0.00841077 0.         0.
 0.06166058 0.12041295 0.14098406 0.20761296]

rule24: households < 241.654
probabilities_array:[0.13195376 0.05859029 0.01513201 0.09065142 0.00678566 0.04803426
 0.00091089 0.05685699 0.         0.07814293 0.02703592 0.00571856
 0.         0.         0.15028442 0.3299029 ]

rule21: 651.822 < population < 1423.056
probabilities_array:[0.103998   0.13521127 0.08818913 0.0279701  0.02723102 0.00994608
 0.         0.         0.         0.         0.00099937 0.0217051
 0.07522231 0.12094747 0.13054065 0.25803956]

rule16: total_bedrooms < 253.889
probabilities_array:[0.0069695  0.         0.07356258 0.02666636 0.0024636  0.
 0.0015711  0.17030351 0.04669156 0.08181871 0.04034958 0.02499099
 0.05182478 0.         0.12806936 0.34471837]

rule32: ocean_proximity_INLAND = 0.0
probabilities_array:[0.         0.00674763 0.01164083 0.01383565 0.01860627 0.02609632
 0.04548816 0.07722107 0.1136959  0.14467542 0.12735821 0.11807121
 0.12023615 0.09931771 0.0770096  0.        ]

rule0: longitude < -120.921
probabilities_array:[0.01264666 0.00400842 0.         0.         0.02734499 0.04625843
 0.02648085 0.00144054 0.03502578 0.08862903 0.15188089 0.10177039
 0.12691255 0.12809622 0.07787889 0.1716264 ]

rule27: households > 755.897
probabilities_array:[0.         0.09927525 0.04122321 0.00350765 0.02508475 0.00075409
 0.         0.         0.02292225 0.12304305 0.00904482 0.10060991
 0.11752707 0.1681877  0.0712593  0.21756093]

rule7: latitude > 37.077
probabilities_array:[0.         0.07258784 0.17651007 0.12740187 0.15187222 0.07869539
 0.03322171 0.0295199  0.01168972 0.00556283 0.03301152 0.0567737
 0.00743322 0.04809901 0.05957764 0.10804337]

rule10: 28.552 < housing_median_age < 37.062
probabilities_array:[0.16052343 0.09832694 0.05517251 0.05493066 0.00053689 0.05139127
 0.11329217 0.07854903 0.10637189 0.00595763 0.00075662 0.
 0.00080275 0.00152267 0.06481092 0.20705457]

