R2: 0.7933130023503944


MAE: 34350.57255578391


MSE: 2748298792.117441


Accuracy: 0.25793211755839357


F1: 0.2773047563123899


Most important rules
-----------------------------

---0---
rule33: ocean_proximity_INLAND = 1.0
probabilities_array:[0.26595408 0.21169485 0.19594617 0.14600049 0.01287817 0.00046607
 0.         0.003813   0.01255389 0.         0.         0.
 0.15069321]

rule28: median_income < 2.604
probabilities_array:[0.22153312 0.22238544 0.19105633 0.12419263 0.0803699  0.06193325
 0.04060801 0.01617176 0.01618824 0.00736563 0.         0.
 0.01819569]

rule12: total_rooms < 1172.642
probabilities_array:[0.21391997 0.11918411 0.08319179 0.1102097  0.23563196 0.07003027
 0.04848242 0.02475734 0.04310518 0.01553159 0.02085001 0.
 0.01510568]

rule6: 35.631 < latitude < 37.070
probabilities_array:[0.33329082 0.18210858 0.         0.         0.         0.
 0.         0.00871844 0.03337123 0.         0.         0.
 0.44251093]

rule22: 1431.291 < population < 2197.885
probabilities_array:[0.21659069 0.07005952 0.06464307 0.1230557  0.24044622 0.0602944
 0.0309781  0.01572735 0.00697344 0.00722264 0.         0.
 0.16400887]

rule38: ocean_proximity_NEAR OCEAN = 0.0
probabilities_array:[0.23754878 0.11297505 0.07159958 0.03393736 0.00083072 0.09170853
 0.12478697 0.07042664 0.00694267 0.01073826 0.         0.
 0.23850545]

rule23: population > 2197.885
probabilities_array:[0.17913206 0.04922421 0.06147802 0.14057012 0.20540652 0.12724993
 0.06070184 0.05779021 0.0383548  0.0435691  0.00886093 0.
 0.02766229]

rule11: housing_median_age > 37.144
probabilities_array:[0.22044727 0.070596   0.05721467 0.02689415 0.         0.00054703
 0.         0.         0.00130556 0.04495557 0.11003169 0.25050068
 0.21750732]

rule36: ocean_proximity_NEAR BAY = 0.0
probabilities_array:[0.24113761 0.10076082 0.11977213 0.05683401 0.01553501 0.00375179
 0.00354122 0.0098644  0.10813521 0.0253805  0.00467588 0.
 0.31061134]

rule2: -119.571 < longitude < -118.219
probabilities_array:[0.18748988 0.10382691 0.12609707 0.         0.         0.
 0.00428067 0.01790254 0.05412379 0.01849913 0.10010371 0.22539873
 0.16227762]

rule5: 34.191 < latitude < 35.631
probabilities_array:[0.1652501  0.05252909 0.08988782 0.10828111 0.10860901 0.06182842
 0.09712126 0.12607525 0.06620612 0.04518897 0.0021366  0.
 0.0768863 ]

rule10: 28.677 < housing_median_age < 37.144
probabilities_array:[0.20815006 0.09750031 0.03471883 0.00149389 0.06529523 0.10171146
 0.09134993 0.07284848 0.01470118 0.         0.         0.03717127
 0.27505943]

rule1: -120.922 < longitude < -119.571
probabilities_array:[0.16609766 0.11733595 0.15263207 0.1746513  0.0785508  0.00253029
 0.         0.         0.         0.         0.1210525  0.00684386
 0.18030556]

rule13: 1172.642 < total_rooms < 2643.693
probabilities_array:[0.17020686 0.15038772 0.03058762 0.02648615 0.1829951  0.09046347
 0.00500555 0.0270194  0.02929564 0.02096403 0.01336625 0.
 0.2532221 ]

rule17: 254.579 < total_bedrooms < 538.994
probabilities_array:[0.20757447 0.01104087 0.05597828 0.04734493 0.1443154  0.
 0.         0.00605627 0.06420057 0.         0.         0.
 0.46348915]

rule24: households < 242.071
probabilities_array:[0.15331315 0.04677473 0.04739345 0.10442831 0.04906972 0.05847181
 0.         0.09104554 0.         0.         0.         0.09015759
 0.3593457 ]

rule25: 242.071 < households < 501.347
probabilities_array:[0.18217963 0.11353931 0.03082489 0.07037172 0.01483573 0.01243704
 0.00232713 0.         0.         0.0046392  0.06368449 0.
 0.50516087]

rule34: ocean_proximity_ISLAND = 0.0
probabilities_array:[0.1707562  0.09616336 0.0637351  0.0215791  0.00085433 0.
 0.         0.00194575 0.00945245 0.00351823 0.0027765  0.01156355
 0.6176554 ]

rule21: 664.697 < population < 1431.291
probabilities_array:[0.08435509 0.15323238 0.09013795 0.03495025 0.00096717 0.
 0.         0.         0.         0.03060665 0.19306038 0.15837318
 0.2543169 ]

rule9: 20.211 < housing_median_age < 28.677
probabilities_array:[0.07747076 0.05185129 0.0381186  0.06757053 0.01942773 0.
 0.11615431 0.1769349  0.09115776 0.04520917 0.03535856 0.
 0.28074637]

rule8: housing_median_age < 20.211
probabilities_array:[0.05541378 0.08435281 0.08038948 0.12781262 0.12985803 0.12060779
 0.11860057 0.08865678 0.05867624 0.05977567 0.02548816 0.
 0.05036808]

rule16: total_bedrooms < 254.579
probabilities_array:[0.0825083  0.10677195 0.08610222 0.02368427 0.02083752 0.05156238
 0.0442912  0.04650703 0.         0.06562004 0.         0.08384643
 0.38826865]

rule18: 538.994 < total_bedrooms < 823.409
probabilities_array:[0.08100075 0.11804169 0.         0.06089764 0.         0.00472572
 0.0008913  0.00059231 0.09545941 0.04379893 0.14899041 0.00946491
 0.4361369 ]


---1---
rule28: median_income < 2.604
probabilities_array:[0.22153312 0.22238544 0.19105633 0.12419263 0.0803699  0.06193325
 0.04060801 0.01617176 0.01618824 0.00736563 0.         0.
 0.01819569]

rule33: ocean_proximity_INLAND = 1.0
probabilities_array:[0.26595408 0.21169485 0.19594617 0.14600049 0.01287817 0.00046607
 0.         0.003813   0.01255389 0.         0.         0.
 0.15069321]

rule19: total_bedrooms > 823.409
probabilities_array:[0.00046984 0.19233036 0.03277986 0.         0.01134058 0.
 0.08094841 0.07804968 0.06183671 0.0999285  0.11964995 0.17369975
 0.14896639]

rule37: ocean_proximity_NEAR BAY = 1.0
probabilities_array:[0.         0.19950888 0.08012879 0.09914125 0.01473439 0.
 0.         0.         0.         0.00147053 0.1595685  0.18892601
 0.25652167]

rule39: ocean_proximity_NEAR OCEAN = 1.0
probabilities_array:[0.00545605 0.1497213  0.101946   0.05465729 0.01163566 0.
 0.         0.00622416 0.04917123 0.15157391 0.11424778 0.28531516
 0.07005158]

rule12: total_rooms < 1172.642
probabilities_array:[0.21391997 0.11918411 0.08319179 0.1102097  0.23563196 0.07003027
 0.04848242 0.02475734 0.04310518 0.01553159 0.02085001 0.
 0.01510568]

rule21: 664.697 < population < 1431.291
probabilities_array:[0.08435509 0.15323238 0.09013795 0.03495025 0.00096717 0.
 0.         0.         0.         0.03060665 0.19306038 0.15837318
 0.2543169 ]

rule13: 1172.642 < total_rooms < 2643.693
probabilities_array:[0.17020686 0.15038772 0.03058762 0.02648615 0.1829951  0.09046347
 0.00500555 0.0270194  0.02929564 0.02096403 0.01336625 0.
 0.2532221 ]

rule7: latitude > 37.070
probabilities_array:[0.         0.11708609 0.21376213 0.20370603 0.12438322 0.05108113
 0.04824686 0.02665629 0.02594534 0.03435012 0.00961598 0.06261363
 0.08255314]

rule6: 35.631 < latitude < 37.070
probabilities_array:[0.33329082 0.18210858 0.         0.         0.         0.
 0.         0.00871844 0.03337123 0.         0.         0.
 0.44251093]

rule1: -120.922 < longitude < -119.571
probabilities_array:[0.16609766 0.11733595 0.15263207 0.1746513  0.0785508  0.00253029
 0.         0.         0.         0.         0.1210525  0.00684386
 0.18030556]

rule2: -119.571 < longitude < -118.219
probabilities_array:[0.18748988 0.10382691 0.12609707 0.         0.         0.
 0.00428067 0.01790254 0.05412379 0.01849913 0.10010371 0.22539873
 0.16227762]

rule38: ocean_proximity_NEAR OCEAN = 0.0
probabilities_array:[0.23754878 0.11297505 0.07159958 0.03393736 0.00083072 0.09170853
 0.12478697 0.07042664 0.00694267 0.01073826 0.         0.
 0.23850545]

rule29: 2.604 < median_income < 3.875
probabilities_array:[0.00750443 0.08347218 0.13077539 0.1357648  0.16009802 0.14019495
 0.10888188 0.08043597 0.07066108 0.04794322 0.01905494 0.
 0.01521318]

rule8: housing_median_age < 20.211
probabilities_array:[0.05541378 0.08435281 0.08038948 0.12781262 0.12985803 0.12060779
 0.11860057 0.08865678 0.05867624 0.05977567 0.02548816 0.
 0.05036808]

rule4: latitude < 34.191
probabilities_array:[0.         0.09043264 0.1374287  0.151969   0.07106171 0.01247341
 0.0006731  0.02713899 0.00579055 0.07395376 0.10110782 0.19193682
 0.1360334 ]

rule10: 28.677 < housing_median_age < 37.144
probabilities_array:[0.20815006 0.09750031 0.03471883 0.00149389 0.06529523 0.10171146
 0.09134993 0.07284848 0.01470118 0.         0.         0.03717127
 0.27505943]

rule36: ocean_proximity_NEAR BAY = 0.0
probabilities_array:[0.24113761 0.10076082 0.11977213 0.05683401 0.01553501 0.00375179
 0.00354122 0.0098644  0.10813521 0.0253805  0.00467588 0.
 0.31061134]

rule18: 538.994 < total_bedrooms < 823.409
probabilities_array:[0.08100075 0.11804169 0.         0.06089764 0.         0.00472572
 0.0008913  0.00059231 0.09545941 0.04379893 0.14899041 0.00946491
 0.4361369 ]

rule16: total_bedrooms < 254.579
probabilities_array:[0.0825083  0.10677195 0.08610222 0.02368427 0.02083752 0.05156238
 0.0442912  0.04650703 0.         0.06562004 0.         0.08384643
 0.38826865]

rule3: longitude > -118.219
probabilities_array:[0.03715486 0.06370998 0.08855332 0.13008484 0.17081183 0.18013452
 0.12566592 0.07840293 0.0596302  0.02212397 0.00465097 0.00027071
 0.03880594]

rule22: 1431.291 < population < 2197.885
probabilities_array:[0.21659069 0.07005952 0.06464307 0.1230557  0.24044622 0.0602944
 0.0309781  0.01572735 0.00697344 0.00722264 0.         0.
 0.16400887]

rule25: 242.071 < households < 501.347
probabilities_array:[0.18217963 0.11353931 0.03082489 0.07037172 0.01483573 0.01243704
 0.00232713 0.         0.         0.0046392  0.06368449 0.
 0.50516087]

rule11: housing_median_age > 37.144
probabilities_array:[0.22044727 0.070596   0.05721467 0.02689415 0.         0.00054703
 0.         0.         0.00130556 0.04495557 0.11003169 0.25050068
 0.21750732]

rule26: 501.347 < households < 760.623
probabilities_array:[0.07033784 0.09568331 0.02320014 0.         0.         0.
 0.04584589 0.06125804 0.0720244  0.1265314  0.00434419 0.03405341
 0.46672133]

rule5: 34.191 < latitude < 35.631
probabilities_array:[0.1652501  0.05252909 0.08988782 0.10828111 0.10860901 0.06182842
 0.09712126 0.12607525 0.06620612 0.04518897 0.0021366  0.
 0.0768863 ]

rule23: population > 2197.885
probabilities_array:[0.17913206 0.04922421 0.06147802 0.14057012 0.20540652 0.12724993
 0.06070184 0.05779021 0.0383548  0.0435691  0.00886093 0.
 0.02766229]


---2---
rule7: latitude > 37.070
probabilities_array:[0.         0.11708609 0.21376213 0.20370603 0.12438322 0.05108113
 0.04824686 0.02665629 0.02594534 0.03435012 0.00961598 0.06261363
 0.08255314]

rule28: median_income < 2.604
probabilities_array:[0.22153312 0.22238544 0.19105633 0.12419263 0.0803699  0.06193325
 0.04060801 0.01617176 0.01618824 0.00736563 0.         0.
 0.01819569]

rule33: ocean_proximity_INLAND = 1.0
probabilities_array:[0.26595408 0.21169485 0.19594617 0.14600049 0.01287817 0.00046607
 0.         0.003813   0.01255389 0.         0.         0.
 0.15069321]

rule29: 2.604 < median_income < 3.875
probabilities_array:[0.00750443 0.08347218 0.13077539 0.1357648  0.16009802 0.14019495
 0.10888188 0.08043597 0.07066108 0.04794322 0.01905494 0.
 0.01521318]

rule1: -120.922 < longitude < -119.571
probabilities_array:[0.16609766 0.11733595 0.15263207 0.1746513  0.0785508  0.00253029
 0.         0.         0.         0.         0.1210525  0.00684386
 0.18030556]

rule4: latitude < 34.191
probabilities_array:[0.         0.09043264 0.1374287  0.151969   0.07106171 0.01247341
 0.0006731  0.02713899 0.00579055 0.07395376 0.10110782 0.19193682
 0.1360334 ]

rule2: -119.571 < longitude < -118.219
probabilities_array:[0.18748988 0.10382691 0.12609707 0.         0.         0.
 0.00428067 0.01790254 0.05412379 0.01849913 0.10010371 0.22539873
 0.16227762]

rule39: ocean_proximity_NEAR OCEAN = 1.0
probabilities_array:[0.00545605 0.1497213  0.101946   0.05465729 0.01163566 0.
 0.         0.00622416 0.04917123 0.15157391 0.11424778 0.28531516
 0.07005158]

rule3: longitude > -118.219
probabilities_array:[0.03715486 0.06370998 0.08855332 0.13008484 0.17081183 0.18013452
 0.12566592 0.07840293 0.0596302  0.02212397 0.00465097 0.00027071
 0.03880594]

rule5: 34.191 < latitude < 35.631
probabilities_array:[0.1652501  0.05252909 0.08988782 0.10828111 0.10860901 0.06182842
 0.09712126 0.12607525 0.06620612 0.04518897 0.0021366  0.
 0.0768863 ]

rule36: ocean_proximity_NEAR BAY = 0.0
probabilities_array:[0.24113761 0.10076082 0.11977213 0.05683401 0.01553501 0.00375179
 0.00354122 0.0098644  0.10813521 0.0253805  0.00467588 0.
 0.31061134]

rule12: total_rooms < 1172.642
probabilities_array:[0.21391997 0.11918411 0.08319179 0.1102097  0.23563196 0.07003027
 0.04848242 0.02475734 0.04310518 0.01553159 0.02085001 0.
 0.01510568]

rule8: housing_median_age < 20.211
probabilities_array:[0.05541378 0.08435281 0.08038948 0.12781262 0.12985803 0.12060779
 0.11860057 0.08865678 0.05867624 0.05977567 0.02548816 0.
 0.05036808]

rule27: households > 760.623
probabilities_array:[0.         0.         0.09128469 0.         0.04569153 0.00179137
 0.         0.0828789  0.19022453 0.08251937 0.18493405 0.12974009
 0.19093545]

rule21: 664.697 < population < 1431.291
probabilities_array:[0.08435509 0.15323238 0.09013795 0.03495025 0.00096717 0.
 0.         0.         0.         0.03060665 0.19306038 0.15837318
 0.2543169 ]

rule23: population > 2197.885
probabilities_array:[0.17913206 0.04922421 0.06147802 0.14057012 0.20540652 0.12724993
 0.06070184 0.05779021 0.0383548  0.0435691  0.00886093 0.
 0.02766229]

rule37: ocean_proximity_NEAR BAY = 1.0
probabilities_array:[0.         0.19950888 0.08012879 0.09914125 0.01473439 0.
 0.         0.         0.         0.00147053 0.1595685  0.18892601
 0.25652167]

rule14: 2643.693 < total_rooms < 4114.745
probabilities_array:[0.00595143 0.04706497 0.06842349 0.02315689 0.         0.06246326
 0.01333633 0.07572614 0.04067298 0.06973954 0.17585489 0.24379534
 0.17381477]

rule38: ocean_proximity_NEAR OCEAN = 0.0
probabilities_array:[0.23754878 0.11297505 0.07159958 0.03393736 0.00083072 0.09170853
 0.12478697 0.07042664 0.00694267 0.01073826 0.         0.
 0.23850545]

rule22: 1431.291 < population < 2197.885
probabilities_array:[0.21659069 0.07005952 0.06464307 0.1230557  0.24044622 0.0602944
 0.0309781  0.01572735 0.00697344 0.00722264 0.         0.
 0.16400887]

rule16: total_bedrooms < 254.579
probabilities_array:[0.0825083  0.10677195 0.08610222 0.02368427 0.02083752 0.05156238
 0.0442912  0.04650703 0.         0.06562004 0.         0.08384643
 0.38826865]

rule11: housing_median_age > 37.144
probabilities_array:[0.22044727 0.070596   0.05721467 0.02689415 0.         0.00054703
 0.         0.         0.00130556 0.04495557 0.11003169 0.25050068
 0.21750732]


---3---
rule7: latitude > 37.070
probabilities_array:[0.         0.11708609 0.21376213 0.20370603 0.12438322 0.05108113
 0.04824686 0.02665629 0.02594534 0.03435012 0.00961598 0.06261363
 0.08255314]

rule1: -120.922 < longitude < -119.571
probabilities_array:[0.16609766 0.11733595 0.15263207 0.1746513  0.0785508  0.00253029
 0.         0.         0.         0.         0.1210525  0.00684386
 0.18030556]

rule23: population > 2197.885
probabilities_array:[0.17913206 0.04922421 0.06147802 0.14057012 0.20540652 0.12724993
 0.06070184 0.05779021 0.0383548  0.0435691  0.00886093 0.
 0.02766229]

rule29: 2.604 < median_income < 3.875
probabilities_array:[0.00750443 0.08347218 0.13077539 0.1357648  0.16009802 0.14019495
 0.10888188 0.08043597 0.07066108 0.04794322 0.01905494 0.
 0.01521318]

rule4: latitude < 34.191
probabilities_array:[0.         0.09043264 0.1374287  0.151969   0.07106171 0.01247341
 0.0006731  0.02713899 0.00579055 0.07395376 0.10110782 0.19193682
 0.1360334 ]

rule3: longitude > -118.219
probabilities_array:[0.03715486 0.06370998 0.08855332 0.13008484 0.17081183 0.18013452
 0.12566592 0.07840293 0.0596302  0.02212397 0.00465097 0.00027071
 0.03880594]

rule33: ocean_proximity_INLAND = 1.0
probabilities_array:[0.26595408 0.21169485 0.19594617 0.14600049 0.01287817 0.00046607
 0.         0.003813   0.01255389 0.         0.         0.
 0.15069321]

rule28: median_income < 2.604
probabilities_array:[0.22153312 0.22238544 0.19105633 0.12419263 0.0803699  0.06193325
 0.04060801 0.01617176 0.01618824 0.00736563 0.         0.
 0.01819569]

rule8: housing_median_age < 20.211
probabilities_array:[0.05541378 0.08435281 0.08038948 0.12781262 0.12985803 0.12060779
 0.11860057 0.08865678 0.05867624 0.05977567 0.02548816 0.
 0.05036808]

rule12: total_rooms < 1172.642
probabilities_array:[0.21391997 0.11918411 0.08319179 0.1102097  0.23563196 0.07003027
 0.04848242 0.02475734 0.04310518 0.01553159 0.02085001 0.
 0.01510568]

rule22: 1431.291 < population < 2197.885
probabilities_array:[0.21659069 0.07005952 0.06464307 0.1230557  0.24044622 0.0602944
 0.0309781  0.01572735 0.00697344 0.00722264 0.         0.
 0.16400887]

rule5: 34.191 < latitude < 35.631
probabilities_array:[0.1652501  0.05252909 0.08988782 0.10828111 0.10860901 0.06182842
 0.09712126 0.12607525 0.06620612 0.04518897 0.0021366  0.
 0.0768863 ]

rule30: 3.875 < median_income < 5.146
probabilities_array:[0.00042507 0.01660316 0.02833995 0.08831592 0.10376126 0.13878813
 0.13436277 0.13059764 0.12733757 0.1237191  0.08191554 0.02451719
 0.00131663]

rule37: ocean_proximity_NEAR BAY = 1.0
probabilities_array:[0.         0.19950888 0.08012879 0.09914125 0.01473439 0.
 0.         0.         0.         0.00147053 0.1595685  0.18892601
 0.25652167]

rule24: households < 242.071
probabilities_array:[0.15331315 0.04677473 0.04739345 0.10442831 0.04906972 0.05847181
 0.         0.09104554 0.         0.         0.         0.09015759
 0.3593457 ]

rule39: ocean_proximity_NEAR OCEAN = 1.0
probabilities_array:[0.00545605 0.1497213  0.101946   0.05465729 0.01163566 0.
 0.         0.00622416 0.04917123 0.15157391 0.11424778 0.28531516
 0.07005158]

rule9: 20.211 < housing_median_age < 28.677
probabilities_array:[0.07747076 0.05185129 0.0381186  0.06757053 0.01942773 0.
 0.11615431 0.1769349  0.09115776 0.04520917 0.03535856 0.
 0.28074637]


---4---
rule12: total_rooms < 1172.642
probabilities_array:[0.21391997 0.11918411 0.08319179 0.1102097  0.23563196 0.07003027
 0.04848242 0.02475734 0.04310518 0.01553159 0.02085001 0.
 0.01510568]

rule22: 1431.291 < population < 2197.885
probabilities_array:[0.21659069 0.07005952 0.06464307 0.1230557  0.24044622 0.0602944
 0.0309781  0.01572735 0.00697344 0.00722264 0.         0.
 0.16400887]

rule23: population > 2197.885
probabilities_array:[0.17913206 0.04922421 0.06147802 0.14057012 0.20540652 0.12724993
 0.06070184 0.05779021 0.0383548  0.0435691  0.00886093 0.
 0.02766229]

rule3: longitude > -118.219
probabilities_array:[0.03715486 0.06370998 0.08855332 0.13008484 0.17081183 0.18013452
 0.12566592 0.07840293 0.0596302  0.02212397 0.00465097 0.00027071
 0.03880594]

rule29: 2.604 < median_income < 3.875
probabilities_array:[0.00750443 0.08347218 0.13077539 0.1357648  0.16009802 0.14019495
 0.10888188 0.08043597 0.07066108 0.04794322 0.01905494 0.
 0.01521318]

rule13: 1172.642 < total_rooms < 2643.693
probabilities_array:[0.17020686 0.15038772 0.03058762 0.02648615 0.1829951  0.09046347
 0.00500555 0.0270194  0.02929564 0.02096403 0.01336625 0.
 0.2532221 ]

rule8: housing_median_age < 20.211
probabilities_array:[0.05541378 0.08435281 0.08038948 0.12781262 0.12985803 0.12060779
 0.11860057 0.08865678 0.05867624 0.05977567 0.02548816 0.
 0.05036808]

rule7: latitude > 37.070
probabilities_array:[0.         0.11708609 0.21376213 0.20370603 0.12438322 0.05108113
 0.04824686 0.02665629 0.02594534 0.03435012 0.00961598 0.06261363
 0.08255314]

rule30: 3.875 < median_income < 5.146
probabilities_array:[0.00042507 0.01660316 0.02833995 0.08831592 0.10376126 0.13878813
 0.13436277 0.13059764 0.12733757 0.1237191  0.08191554 0.02451719
 0.00131663]

rule5: 34.191 < latitude < 35.631
probabilities_array:[0.1652501  0.05252909 0.08988782 0.10828111 0.10860901 0.06182842
 0.09712126 0.12607525 0.06620612 0.04518897 0.0021366  0.
 0.0768863 ]

rule28: median_income < 2.604
probabilities_array:[0.22153312 0.22238544 0.19105633 0.12419263 0.0803699  0.06193325
 0.04060801 0.01617176 0.01618824 0.00736563 0.         0.
 0.01819569]

rule17: 254.579 < total_bedrooms < 538.994
probabilities_array:[0.20757447 0.01104087 0.05597828 0.04734493 0.1443154  0.
 0.         0.00605627 0.06420057 0.         0.         0.
 0.46348915]

rule1: -120.922 < longitude < -119.571
probabilities_array:[0.16609766 0.11733595 0.15263207 0.1746513  0.0785508  0.00253029
 0.         0.         0.         0.         0.1210525  0.00684386
 0.18030556]

rule4: latitude < 34.191
probabilities_array:[0.         0.09043264 0.1374287  0.151969   0.07106171 0.01247341
 0.0006731  0.02713899 0.00579055 0.07395376 0.10110782 0.19193682
 0.1360334 ]

rule10: 28.677 < housing_median_age < 37.144
probabilities_array:[0.20815006 0.09750031 0.03471883 0.00149389 0.06529523 0.10171146
 0.09134993 0.07284848 0.01470118 0.         0.         0.03717127
 0.27505943]


---5---
rule3: longitude > -118.219
probabilities_array:[0.03715486 0.06370998 0.08855332 0.13008484 0.17081183 0.18013452
 0.12566592 0.07840293 0.0596302  0.02212397 0.00465097 0.00027071
 0.03880594]

rule30: 3.875 < median_income < 5.146
probabilities_array:[0.00042507 0.01660316 0.02833995 0.08831592 0.10376126 0.13878813
 0.13436277 0.13059764 0.12733757 0.1237191  0.08191554 0.02451719
 0.00131663]

rule29: 2.604 < median_income < 3.875
probabilities_array:[0.00750443 0.08347218 0.13077539 0.1357648  0.16009802 0.14019495
 0.10888188 0.08043597 0.07066108 0.04794322 0.01905494 0.
 0.01521318]

rule23: population > 2197.885
probabilities_array:[0.17913206 0.04922421 0.06147802 0.14057012 0.20540652 0.12724993
 0.06070184 0.05779021 0.0383548  0.0435691  0.00886093 0.
 0.02766229]

rule8: housing_median_age < 20.211
probabilities_array:[0.05541378 0.08435281 0.08038948 0.12781262 0.12985803 0.12060779
 0.11860057 0.08865678 0.05867624 0.05977567 0.02548816 0.
 0.05036808]

rule10: 28.677 < housing_median_age < 37.144
probabilities_array:[0.20815006 0.09750031 0.03471883 0.00149389 0.06529523 0.10171146
 0.09134993 0.07284848 0.01470118 0.         0.         0.03717127
 0.27505943]

rule32: ocean_proximity_INLAND = 0.0
probabilities_array:[0.         0.00792589 0.01110528 0.0265149  0.03282631 0.07334471
 0.13152243 0.15944071 0.14322555 0.15479882 0.14248066 0.11681476
 0.        ]

rule38: ocean_proximity_NEAR OCEAN = 0.0
probabilities_array:[0.23754878 0.11297505 0.07159958 0.03393736 0.00083072 0.09170853
 0.12478697 0.07042664 0.00694267 0.01073826 0.         0.
 0.23850545]

rule12: total_rooms < 1172.642
probabilities_array:[0.21391997 0.11918411 0.08319179 0.1102097  0.23563196 0.07003027
 0.04848242 0.02475734 0.04310518 0.01553159 0.02085001 0.
 0.01510568]

rule13: 1172.642 < total_rooms < 2643.693
probabilities_array:[0.17020686 0.15038772 0.03058762 0.02648615 0.1829951  0.09046347
 0.00500555 0.0270194  0.02929564 0.02096403 0.01336625 0.
 0.2532221 ]

rule28: median_income < 2.604
probabilities_array:[0.22153312 0.22238544 0.19105633 0.12419263 0.0803699  0.06193325
 0.04060801 0.01617176 0.01618824 0.00736563 0.         0.
 0.01819569]

rule5: 34.191 < latitude < 35.631
probabilities_array:[0.1652501  0.05252909 0.08988782 0.10828111 0.10860901 0.06182842
 0.09712126 0.12607525 0.06620612 0.04518897 0.0021366  0.
 0.0768863 ]

rule14: 2643.693 < total_rooms < 4114.745
probabilities_array:[0.00595143 0.04706497 0.06842349 0.02315689 0.         0.06246326
 0.01333633 0.07572614 0.04067298 0.06973954 0.17585489 0.24379534
 0.17381477]

rule22: 1431.291 < population < 2197.885
probabilities_array:[0.21659069 0.07005952 0.06464307 0.1230557  0.24044622 0.0602944
 0.0309781  0.01572735 0.00697344 0.00722264 0.         0.
 0.16400887]

rule7: latitude > 37.070
probabilities_array:[0.         0.11708609 0.21376213 0.20370603 0.12438322 0.05108113
 0.04824686 0.02665629 0.02594534 0.03435012 0.00961598 0.06261363
 0.08255314]


---6---
rule30: 3.875 < median_income < 5.146
probabilities_array:[0.00042507 0.01660316 0.02833995 0.08831592 0.10376126 0.13878813
 0.13436277 0.13059764 0.12733757 0.1237191  0.08191554 0.02451719
 0.00131663]

rule32: ocean_proximity_INLAND = 0.0
probabilities_array:[0.         0.00792589 0.01110528 0.0265149  0.03282631 0.07334471
 0.13152243 0.15944071 0.14322555 0.15479882 0.14248066 0.11681476
 0.        ]

rule3: longitude > -118.219
probabilities_array:[0.03715486 0.06370998 0.08855332 0.13008484 0.17081183 0.18013452
 0.12566592 0.07840293 0.0596302  0.02212397 0.00465097 0.00027071
 0.03880594]

rule8: housing_median_age < 20.211
probabilities_array:[0.05541378 0.08435281 0.08038948 0.12781262 0.12985803 0.12060779
 0.11860057 0.08865678 0.05867624 0.05977567 0.02548816 0.
 0.05036808]

rule29: 2.604 < median_income < 3.875
probabilities_array:[0.00750443 0.08347218 0.13077539 0.1357648  0.16009802 0.14019495
 0.10888188 0.08043597 0.07066108 0.04794322 0.01905494 0.
 0.01521318]

rule38: ocean_proximity_NEAR OCEAN = 0.0
probabilities_array:[0.23754878 0.11297505 0.07159958 0.03393736 0.00083072 0.09170853
 0.12478697 0.07042664 0.00694267 0.01073826 0.         0.
 0.23850545]

rule5: 34.191 < latitude < 35.631
probabilities_array:[0.1652501  0.05252909 0.08988782 0.10828111 0.10860901 0.06182842
 0.09712126 0.12607525 0.06620612 0.04518897 0.0021366  0.
 0.0768863 ]

rule9: 20.211 < housing_median_age < 28.677
probabilities_array:[0.07747076 0.05185129 0.0381186  0.06757053 0.01942773 0.
 0.11615431 0.1769349  0.09115776 0.04520917 0.03535856 0.
 0.28074637]

rule20: population < 664.697
probabilities_array:[0.00102596 0.04223856 0.01190374 0.00355241 0.         0.02248758
 0.08208679 0.09249181 0.0569545  0.10944001 0.23240729 0.28177062
 0.06364064]

rule19: total_bedrooms > 823.409
probabilities_array:[0.00046984 0.19233036 0.03277986 0.         0.01134058 0.
 0.08094841 0.07804968 0.06183671 0.0999285  0.11964995 0.17369975
 0.14896639]

rule10: 28.677 < housing_median_age < 37.144
probabilities_array:[0.20815006 0.09750031 0.03471883 0.00149389 0.06529523 0.10171146
 0.09134993 0.07284848 0.01470118 0.         0.         0.03717127
 0.27505943]

rule23: population > 2197.885
probabilities_array:[0.17913206 0.04922421 0.06147802 0.14057012 0.20540652 0.12724993
 0.06070184 0.05779021 0.0383548  0.0435691  0.00886093 0.
 0.02766229]

rule12: total_rooms < 1172.642
probabilities_array:[0.21391997 0.11918411 0.08319179 0.1102097  0.23563196 0.07003027
 0.04848242 0.02475734 0.04310518 0.01553159 0.02085001 0.
 0.01510568]

rule7: latitude > 37.070
probabilities_array:[0.         0.11708609 0.21376213 0.20370603 0.12438322 0.05108113
 0.04824686 0.02665629 0.02594534 0.03435012 0.00961598 0.06261363
 0.08255314]


---7---
rule32: ocean_proximity_INLAND = 0.0
probabilities_array:[0.         0.00792589 0.01110528 0.0265149  0.03282631 0.07334471
 0.13152243 0.15944071 0.14322555 0.15479882 0.14248066 0.11681476
 0.        ]

rule30: 3.875 < median_income < 5.146
probabilities_array:[0.00042507 0.01660316 0.02833995 0.08831592 0.10376126 0.13878813
 0.13436277 0.13059764 0.12733757 0.1237191  0.08191554 0.02451719
 0.00131663]

rule9: 20.211 < housing_median_age < 28.677
probabilities_array:[0.07747076 0.05185129 0.0381186  0.06757053 0.01942773 0.
 0.11615431 0.1769349  0.09115776 0.04520917 0.03535856 0.
 0.28074637]

rule5: 34.191 < latitude < 35.631
probabilities_array:[0.1652501  0.05252909 0.08988782 0.10828111 0.10860901 0.06182842
 0.09712126 0.12607525 0.06620612 0.04518897 0.0021366  0.
 0.0768863 ]

rule20: population < 664.697
probabilities_array:[0.00102596 0.04223856 0.01190374 0.00355241 0.         0.02248758
 0.08208679 0.09249181 0.0569545  0.10944001 0.23240729 0.28177062
 0.06364064]

rule8: housing_median_age < 20.211
probabilities_array:[0.05541378 0.08435281 0.08038948 0.12781262 0.12985803 0.12060779
 0.11860057 0.08865678 0.05867624 0.05977567 0.02548816 0.
 0.05036808]

rule29: 2.604 < median_income < 3.875
probabilities_array:[0.00750443 0.08347218 0.13077539 0.1357648  0.16009802 0.14019495
 0.10888188 0.08043597 0.07066108 0.04794322 0.01905494 0.
 0.01521318]

rule3: longitude > -118.219
probabilities_array:[0.03715486 0.06370998 0.08855332 0.13008484 0.17081183 0.18013452
 0.12566592 0.07840293 0.0596302  0.02212397 0.00465097 0.00027071
 0.03880594]

rule31: median_income > 5.146
probabilities_array:[0.         0.00363416 0.00574383 0.01187252 0.02493519 0.02632356
 0.0391023  0.07392182 0.14107324 0.20376292 0.2194919  0.24788854
 0.00225001]

rule27: households > 760.623
probabilities_array:[0.         0.         0.09128469 0.         0.04569153 0.00179137
 0.         0.0828789  0.19022453 0.08251937 0.18493405 0.12974009
 0.19093545]

rule19: total_bedrooms > 823.409
probabilities_array:[0.00046984 0.19233036 0.03277986 0.         0.01134058 0.
 0.08094841 0.07804968 0.06183671 0.0999285  0.11964995 0.17369975
 0.14896639]

rule0: longitude < -120.922
probabilities_array:[0.02530691 0.0032975  0.         0.00026809 0.0429435  0.04037245
 0.02722801 0.08141099 0.21009344 0.13945363 0.13518348 0.07367621
 0.22076578]

rule14: 2643.693 < total_rooms < 4114.745
probabilities_array:[0.00595143 0.04706497 0.06842349 0.02315689 0.         0.06246326
 0.01333633 0.07572614 0.04067298 0.06973954 0.17585489 0.24379534
 0.17381477]

rule24: households < 242.071
probabilities_array:[0.15331315 0.04677473 0.04739345 0.10442831 0.04906972 0.05847181
 0.         0.09104554 0.         0.         0.         0.09015759
 0.3593457 ]

rule23: population > 2197.885
probabilities_array:[0.17913206 0.04922421 0.06147802 0.14057012 0.20540652 0.12724993
 0.06070184 0.05779021 0.0383548  0.0435691  0.00886093 0.
 0.02766229]

rule38: ocean_proximity_NEAR OCEAN = 0.0
probabilities_array:[0.23754878 0.11297505 0.07159958 0.03393736 0.00083072 0.09170853
 0.12478697 0.07042664 0.00694267 0.01073826 0.         0.
 0.23850545]

rule10: 28.677 < housing_median_age < 37.144
probabilities_array:[0.20815006 0.09750031 0.03471883 0.00149389 0.06529523 0.10171146
 0.09134993 0.07284848 0.01470118 0.         0.         0.03717127
 0.27505943]


---8---
rule0: longitude < -120.922
probabilities_array:[0.02530691 0.0032975  0.         0.00026809 0.0429435  0.04037245
 0.02722801 0.08141099 0.21009344 0.13945363 0.13518348 0.07367621
 0.22076578]

rule27: households > 760.623
probabilities_array:[0.         0.         0.09128469 0.         0.04569153 0.00179137
 0.         0.0828789  0.19022453 0.08251937 0.18493405 0.12974009
 0.19093545]

rule32: ocean_proximity_INLAND = 0.0
probabilities_array:[0.         0.00792589 0.01110528 0.0265149  0.03282631 0.07334471
 0.13152243 0.15944071 0.14322555 0.15479882 0.14248066 0.11681476
 0.        ]

rule31: median_income > 5.146
probabilities_array:[0.         0.00363416 0.00574383 0.01187252 0.02493519 0.02632356
 0.0391023  0.07392182 0.14107324 0.20376292 0.2194919  0.24788854
 0.00225001]

rule30: 3.875 < median_income < 5.146
probabilities_array:[0.00042507 0.01660316 0.02833995 0.08831592 0.10376126 0.13878813
 0.13436277 0.13059764 0.12733757 0.1237191  0.08191554 0.02451719
 0.00131663]

rule36: ocean_proximity_NEAR BAY = 0.0
probabilities_array:[0.24113761 0.10076082 0.11977213 0.05683401 0.01553501 0.00375179
 0.00354122 0.0098644  0.10813521 0.0253805  0.00467588 0.
 0.31061134]

rule29: 2.604 < median_income < 3.875
probabilities_array:[0.00750443 0.08347218 0.13077539 0.1357648  0.16009802 0.14019495
 0.10888188 0.08043597 0.07066108 0.04794322 0.01905494 0.
 0.01521318]

rule9: 20.211 < housing_median_age < 28.677
probabilities_array:[0.07747076 0.05185129 0.0381186  0.06757053 0.01942773 0.
 0.11615431 0.1769349  0.09115776 0.04520917 0.03535856 0.
 0.28074637]

rule5: 34.191 < latitude < 35.631
probabilities_array:[0.1652501  0.05252909 0.08988782 0.10828111 0.10860901 0.06182842
 0.09712126 0.12607525 0.06620612 0.04518897 0.0021366  0.
 0.0768863 ]

rule3: longitude > -118.219
probabilities_array:[0.03715486 0.06370998 0.08855332 0.13008484 0.17081183 0.18013452
 0.12566592 0.07840293 0.0596302  0.02212397 0.00465097 0.00027071
 0.03880594]

rule8: housing_median_age < 20.211
probabilities_array:[0.05541378 0.08435281 0.08038948 0.12781262 0.12985803 0.12060779
 0.11860057 0.08865678 0.05867624 0.05977567 0.02548816 0.
 0.05036808]

rule18: 538.994 < total_bedrooms < 823.409
probabilities_array:[0.08100075 0.11804169 0.         0.06089764 0.         0.00472572
 0.0008913  0.00059231 0.09545941 0.04379893 0.14899041 0.00946491
 0.4361369 ]

rule20: population < 664.697
probabilities_array:[0.00102596 0.04223856 0.01190374 0.00355241 0.         0.02248758
 0.08208679 0.09249181 0.0569545  0.10944001 0.23240729 0.28177062
 0.06364064]

rule19: total_bedrooms > 823.409
probabilities_array:[0.00046984 0.19233036 0.03277986 0.         0.01134058 0.
 0.08094841 0.07804968 0.06183671 0.0999285  0.11964995 0.17369975
 0.14896639]

rule39: ocean_proximity_NEAR OCEAN = 1.0
probabilities_array:[0.00545605 0.1497213  0.101946   0.05465729 0.01163566 0.
 0.         0.00622416 0.04917123 0.15157391 0.11424778 0.28531516
 0.07005158]

rule2: -119.571 < longitude < -118.219
probabilities_array:[0.18748988 0.10382691 0.12609707 0.         0.         0.
 0.00428067 0.01790254 0.05412379 0.01849913 0.10010371 0.22539873
 0.16227762]

rule12: total_rooms < 1172.642
probabilities_array:[0.21391997 0.11918411 0.08319179 0.1102097  0.23563196 0.07003027
 0.04848242 0.02475734 0.04310518 0.01553159 0.02085001 0.
 0.01510568]


---9---
rule31: median_income > 5.146
probabilities_array:[0.         0.00363416 0.00574383 0.01187252 0.02493519 0.02632356
 0.0391023  0.07392182 0.14107324 0.20376292 0.2194919  0.24788854
 0.00225001]

rule32: ocean_proximity_INLAND = 0.0
probabilities_array:[0.         0.00792589 0.01110528 0.0265149  0.03282631 0.07334471
 0.13152243 0.15944071 0.14322555 0.15479882 0.14248066 0.11681476
 0.        ]

rule39: ocean_proximity_NEAR OCEAN = 1.0
probabilities_array:[0.00545605 0.1497213  0.101946   0.05465729 0.01163566 0.
 0.         0.00622416 0.04917123 0.15157391 0.11424778 0.28531516
 0.07005158]

rule30: 3.875 < median_income < 5.146
probabilities_array:[0.00042507 0.01660316 0.02833995 0.08831592 0.10376126 0.13878813
 0.13436277 0.13059764 0.12733757 0.1237191  0.08191554 0.02451719
 0.00131663]

rule0: longitude < -120.922
probabilities_array:[0.02530691 0.0032975  0.         0.00026809 0.0429435  0.04037245
 0.02722801 0.08141099 0.21009344 0.13945363 0.13518348 0.07367621
 0.22076578]

rule20: population < 664.697
probabilities_array:[0.00102596 0.04223856 0.01190374 0.00355241 0.         0.02248758
 0.08208679 0.09249181 0.0569545  0.10944001 0.23240729 0.28177062
 0.06364064]

rule15: total_rooms > 4114.745
probabilities_array:[0.         0.00487765 0.03145876 0.0188918  0.01104576 0.
 0.         0.00088421 0.02084516 0.10514519 0.25504193 0.41783017
 0.13397938]

rule19: total_bedrooms > 823.409
probabilities_array:[0.00046984 0.19233036 0.03277986 0.         0.01134058 0.
 0.08094841 0.07804968 0.06183671 0.0999285  0.11964995 0.17369975
 0.14896639]

rule26: 501.347 < households < 760.623
probabilities_array:[0.07033784 0.09568331 0.02320014 0.         0.         0.
 0.04584589 0.06125804 0.0720244  0.1265314  0.00434419 0.03405341
 0.46672133]

rule27: households > 760.623
probabilities_array:[0.         0.         0.09128469 0.         0.04569153 0.00179137
 0.         0.0828789  0.19022453 0.08251937 0.18493405 0.12974009
 0.19093545]

rule4: latitude < 34.191
probabilities_array:[0.         0.09043264 0.1374287  0.151969   0.07106171 0.01247341
 0.0006731  0.02713899 0.00579055 0.07395376 0.10110782 0.19193682
 0.1360334 ]

rule14: 2643.693 < total_rooms < 4114.745
probabilities_array:[0.00595143 0.04706497 0.06842349 0.02315689 0.         0.06246326
 0.01333633 0.07572614 0.04067298 0.06973954 0.17585489 0.24379534
 0.17381477]

rule8: housing_median_age < 20.211
probabilities_array:[0.05541378 0.08435281 0.08038948 0.12781262 0.12985803 0.12060779
 0.11860057 0.08865678 0.05867624 0.05977567 0.02548816 0.
 0.05036808]

rule29: 2.604 < median_income < 3.875
probabilities_array:[0.00750443 0.08347218 0.13077539 0.1357648  0.16009802 0.14019495
 0.10888188 0.08043597 0.07066108 0.04794322 0.01905494 0.
 0.01521318]

rule23: population > 2197.885
probabilities_array:[0.17913206 0.04922421 0.06147802 0.14057012 0.20540652 0.12724993
 0.06070184 0.05779021 0.0383548  0.0435691  0.00886093 0.
 0.02766229]

rule5: 34.191 < latitude < 35.631
probabilities_array:[0.1652501  0.05252909 0.08988782 0.10828111 0.10860901 0.06182842
 0.09712126 0.12607525 0.06620612 0.04518897 0.0021366  0.
 0.0768863 ]

rule16: total_bedrooms < 254.579
probabilities_array:[0.0825083  0.10677195 0.08610222 0.02368427 0.02083752 0.05156238
 0.0442912  0.04650703 0.         0.06562004 0.         0.08384643
 0.38826865]


---10---
rule15: total_rooms > 4114.745
probabilities_array:[0.         0.00487765 0.03145876 0.0188918  0.01104576 0.
 0.         0.00088421 0.02084516 0.10514519 0.25504193 0.41783017
 0.13397938]

rule31: median_income > 5.146
probabilities_array:[0.         0.00363416 0.00574383 0.01187252 0.02493519 0.02632356
 0.0391023  0.07392182 0.14107324 0.20376292 0.2194919  0.24788854
 0.00225001]

rule20: population < 664.697
probabilities_array:[0.00102596 0.04223856 0.01190374 0.00355241 0.         0.02248758
 0.08208679 0.09249181 0.0569545  0.10944001 0.23240729 0.28177062
 0.06364064]

rule27: households > 760.623
probabilities_array:[0.         0.         0.09128469 0.         0.04569153 0.00179137
 0.         0.0828789  0.19022453 0.08251937 0.18493405 0.12974009
 0.19093545]

rule14: 2643.693 < total_rooms < 4114.745
probabilities_array:[0.00595143 0.04706497 0.06842349 0.02315689 0.         0.06246326
 0.01333633 0.07572614 0.04067298 0.06973954 0.17585489 0.24379534
 0.17381477]

rule21: 664.697 < population < 1431.291
probabilities_array:[0.08435509 0.15323238 0.09013795 0.03495025 0.00096717 0.
 0.         0.         0.         0.03060665 0.19306038 0.15837318
 0.2543169 ]

rule32: ocean_proximity_INLAND = 0.0
probabilities_array:[0.         0.00792589 0.01110528 0.0265149  0.03282631 0.07334471
 0.13152243 0.15944071 0.14322555 0.15479882 0.14248066 0.11681476
 0.        ]

rule37: ocean_proximity_NEAR BAY = 1.0
probabilities_array:[0.         0.19950888 0.08012879 0.09914125 0.01473439 0.
 0.         0.         0.         0.00147053 0.1595685  0.18892601
 0.25652167]

rule39: ocean_proximity_NEAR OCEAN = 1.0
probabilities_array:[0.00545605 0.1497213  0.101946   0.05465729 0.01163566 0.
 0.         0.00622416 0.04917123 0.15157391 0.11424778 0.28531516
 0.07005158]

rule0: longitude < -120.922
probabilities_array:[0.02530691 0.0032975  0.         0.00026809 0.0429435  0.04037245
 0.02722801 0.08141099 0.21009344 0.13945363 0.13518348 0.07367621
 0.22076578]

rule19: total_bedrooms > 823.409
probabilities_array:[0.00046984 0.19233036 0.03277986 0.         0.01134058 0.
 0.08094841 0.07804968 0.06183671 0.0999285  0.11964995 0.17369975
 0.14896639]

rule1: -120.922 < longitude < -119.571
probabilities_array:[0.16609766 0.11733595 0.15263207 0.1746513  0.0785508  0.00253029
 0.         0.         0.         0.         0.1210525  0.00684386
 0.18030556]

rule4: latitude < 34.191
probabilities_array:[0.         0.09043264 0.1374287  0.151969   0.07106171 0.01247341
 0.0006731  0.02713899 0.00579055 0.07395376 0.10110782 0.19193682
 0.1360334 ]

rule11: housing_median_age > 37.144
probabilities_array:[0.22044727 0.070596   0.05721467 0.02689415 0.         0.00054703
 0.         0.         0.00130556 0.04495557 0.11003169 0.25050068
 0.21750732]

rule18: 538.994 < total_bedrooms < 823.409
probabilities_array:[0.08100075 0.11804169 0.         0.06089764 0.         0.00472572
 0.0008913  0.00059231 0.09545941 0.04379893 0.14899041 0.00946491
 0.4361369 ]

rule2: -119.571 < longitude < -118.219
probabilities_array:[0.18748988 0.10382691 0.12609707 0.         0.         0.
 0.00428067 0.01790254 0.05412379 0.01849913 0.10010371 0.22539873
 0.16227762]

rule30: 3.875 < median_income < 5.146
probabilities_array:[0.00042507 0.01660316 0.02833995 0.08831592 0.10376126 0.13878813
 0.13436277 0.13059764 0.12733757 0.1237191  0.08191554 0.02451719
 0.00131663]


---11---
rule15: total_rooms > 4114.745
probabilities_array:[0.         0.00487765 0.03145876 0.0188918  0.01104576 0.
 0.         0.00088421 0.02084516 0.10514519 0.25504193 0.41783017
 0.13397938]

rule39: ocean_proximity_NEAR OCEAN = 1.0
probabilities_array:[0.00545605 0.1497213  0.101946   0.05465729 0.01163566 0.
 0.         0.00622416 0.04917123 0.15157391 0.11424778 0.28531516
 0.07005158]

rule20: population < 664.697
probabilities_array:[0.00102596 0.04223856 0.01190374 0.00355241 0.         0.02248758
 0.08208679 0.09249181 0.0569545  0.10944001 0.23240729 0.28177062
 0.06364064]

rule31: median_income > 5.146
probabilities_array:[0.         0.00363416 0.00574383 0.01187252 0.02493519 0.02632356
 0.0391023  0.07392182 0.14107324 0.20376292 0.2194919  0.24788854
 0.00225001]

rule14: 2643.693 < total_rooms < 4114.745
probabilities_array:[0.00595143 0.04706497 0.06842349 0.02315689 0.         0.06246326
 0.01333633 0.07572614 0.04067298 0.06973954 0.17585489 0.24379534
 0.17381477]

rule11: housing_median_age > 37.144
probabilities_array:[0.22044727 0.070596   0.05721467 0.02689415 0.         0.00054703
 0.         0.         0.00130556 0.04495557 0.11003169 0.25050068
 0.21750732]

rule2: -119.571 < longitude < -118.219
probabilities_array:[0.18748988 0.10382691 0.12609707 0.         0.         0.
 0.00428067 0.01790254 0.05412379 0.01849913 0.10010371 0.22539873
 0.16227762]

rule4: latitude < 34.191
probabilities_array:[0.         0.09043264 0.1374287  0.151969   0.07106171 0.01247341
 0.0006731  0.02713899 0.00579055 0.07395376 0.10110782 0.19193682
 0.1360334 ]

rule19: total_bedrooms > 823.409
probabilities_array:[0.00046984 0.19233036 0.03277986 0.         0.01134058 0.
 0.08094841 0.07804968 0.06183671 0.0999285  0.11964995 0.17369975
 0.14896639]

rule37: ocean_proximity_NEAR BAY = 1.0
probabilities_array:[0.         0.19950888 0.08012879 0.09914125 0.01473439 0.
 0.         0.         0.         0.00147053 0.1595685  0.18892601
 0.25652167]

rule21: 664.697 < population < 1431.291
probabilities_array:[0.08435509 0.15323238 0.09013795 0.03495025 0.00096717 0.
 0.         0.         0.         0.03060665 0.19306038 0.15837318
 0.2543169 ]

rule32: ocean_proximity_INLAND = 0.0
probabilities_array:[0.         0.00792589 0.01110528 0.0265149  0.03282631 0.07334471
 0.13152243 0.15944071 0.14322555 0.15479882 0.14248066 0.11681476
 0.        ]

rule27: households > 760.623
probabilities_array:[0.         0.         0.09128469 0.         0.04569153 0.00179137
 0.         0.0828789  0.19022453 0.08251937 0.18493405 0.12974009
 0.19093545]

rule35: ocean_proximity_ISLAND = 1.0
probabilities_array:[0.         0.         0.         0.         0.         0.
 0.         0.         0.         0.         0.         0.24902116
 0.7509788 ]

rule24: households < 242.071
probabilities_array:[0.15331315 0.04677473 0.04739345 0.10442831 0.04906972 0.05847181
 0.         0.09104554 0.         0.         0.         0.09015759
 0.3593457 ]

rule7: latitude > 37.070
probabilities_array:[0.         0.11708609 0.21376213 0.20370603 0.12438322 0.05108113
 0.04824686 0.02665629 0.02594534 0.03435012 0.00961598 0.06261363
 0.08255314]

rule0: longitude < -120.922
probabilities_array:[0.02530691 0.0032975  0.         0.00026809 0.0429435  0.04037245
 0.02722801 0.08141099 0.21009344 0.13945363 0.13518348 0.07367621
 0.22076578]

rule16: total_bedrooms < 254.579
probabilities_array:[0.0825083  0.10677195 0.08610222 0.02368427 0.02083752 0.05156238
 0.0442912  0.04650703 0.         0.06562004 0.         0.08384643
 0.38826865]

