MSE: 2.9207258834766003e-06

Accuracy: 0.7182425978987583

F1: 0.6529191910745659

Confusion Matrix: [[1449, 77, 41], [234, 338, 269], [57, 207, 469]]

Uncertainties: {'class0': [0.34025368094444275, 0.38617271184921265, 0.3972632586956024, 0.42947304248809814, 0.4782175123691559], 'class1': [0.038864750415086746, 0.14585907757282257, 0.1551641970872879, 0.24371938407421112, 0.34025368094444275], 'class2': [0.038864750415086746, 0.14585907757282257, 0.1551641970872879, 0.24371938407421112, 0.39533907175064087]}

y_test: [-0.003, 0.003, 0.002, 0.001, 0.001, 0.003, -0.002, -0.002, 0.003, 0.004, 0.001, 0.001, -0.001, -0.006, 0.002, 0.001, -0.001, 0.003, 0.002, -0.002, 0.001, 0.002, 0.001, -0.002, 0.002, -0.004, -0.002, -0.002, -0.001, -0.002, -0.001, -0.002, 0.001, 0.002, -0.002, -0.003, -0.003, 0.002, -0.001, -0.001, 0.002, -0.001, 0.002, -0.003, -0.001, -0.003, 0.001, 0.002, 0.002, 0.001, 0.001, -0.008, 0.004, 0.003, 0.001, 0.002, -0.002, -0.003, 0.001, 0.001, 0.001, 0.001, 0.001, -0.001, -0.005, -0.001, 0.001, 0.001, -0.002, -0.001, 0.002, -0.002, -0.001, -0.003, 0.001, 0.002, -0.001, 0.002, -0.002, -0.001, -0.003, -0.001, 0.002, 0.001, 0.002, -0.001, 0.001, -0.001, 0.001, 0.001, -0.001, 0.001, -0.001, 0.005, -0.001, 0.001, 0.001, -0.002, -0.002, 0.003, 0.001, -0.001, 0.001, 0.003, -0.001, 0.001, -0.003, 0.001, 0.002, -0.001, 0.004, 0.001, -0.002, -0.001, -0.003, 0.001, 0.001, -0.002, -0.001, -0.005, -0.002, 0.002, -0.002, -0.001, 0.001, -0.003, 0.006, -0.001, 0.001, -0.002, 0.002, 0.003, -0.001, 0.003, -0.003, 0.001, 0.001, -0.003, 0.003, -0.001, -0.002, 0.003, 0.001, -0.001, -0.006, 0.002, -0.001, -0.001, 0.002, -0.001, 0.001, -0.003, 0.002, 0.003, -0.004, 0.002, 0.001, -0.001, -0.003, 0.001, 0.002, -0.003, -0.001, 0.002, 0.001, 0.002, -0.001, 0.001, -0.001, -0.002, -0.001, -0.003, -0.001, 0.001, -0.001, 0.001, 0.001, 0.001, 0.002, 0.001, 0.001, -0.003, 0.002, -0.001, -0.001, -0.001, -0.001, -0.008, -0.001, -0.001, 0.002, 0.002, -0.001, -0.001, -0.002, 0.001, 0.002, 0.001, 0.002, -0.002, 0.001, 0.003, 0.003, 0.001, 0.003, 0.001, -0.004, -0.001, -0.001, 0.001, 0.001, 0.001, 0.001, 0.005, -0.001, -0.001, 0.003, -0.002, -0.001, -0.001, -0.001, -0.003, -0.002, -0.001, -0.002, -0.003, 0.001, 0.001, -0.008, -0.002, 0.001, 0.001, -0.001, -0.001, 0.001, -0.002, 0.001, -0.004, 0.003, -0.003, 0.004, 0.001, 0.001, -0.001, -0.003, -0.003, -0.001, -0.003, 0.001, 0.001, 0.001, -0.003, -0.002, 0.001, -0.004, -0.001, 0.002, 0.001, -0.001, 0.001, 0.002, -0.001, -0.001, 0.003, -0.002, -0.001, 0.005, -0.002, -0.001, -0.001, 0.001, 0.001, -0.002, 0.002, 0.001, 0.005, 0.004, 0.003, 0.001, 0.001, -0.004, 0.001, 0.002, -0.001, 0.001, -0.002, 0.001, 0.001, -0.001, 0.001, -0.002, 0.001, -0.001, -0.001, 0.001, -0.001, -0.004, 0.002, -0.002, 0.002, 0.001, 0.002, -0.002, 0.001, -0.003, -0.002, -0.001, -0.001, -0.003, 0.001, 0.003, -0.003, 0.006, -0.002, 0.002, 0.001, 0.002, -0.004, 0.001, -0.003, 0.005, 0.001, 0.001, 0.001, -0.002, 0.001, 0.004, -0.002, 0.002, 0.001, -0.001, 0.001, 0.001, -0.011, -0.001, 0.001, 0.002, -0.001, -0.004, -0.001, -0.001, 0.001, -0.001, 0.002, -0.002, 0.001, -0.001, -0.002, 0.003, -0.001, -0.002, -0.003, -0.001, 0.002, 0.003, 0.002, 0.002, -0.002, -0.001, 0.002, -0.002, -0.004, -0.001, 0.001, 0.001, 0.001, -0.001, 0.002, -0.002, -0.001, -0.003, -0.002, -0.001, -0.001, 0.001, 0.001, -0.002, -0.005, 0.001, -0.002, 0.001, 0.001, 0.004, -0.001, 0.001, -0.002, 0.003, 0.002, -0.002, 0.003, -0.002, -0.004, -0.001, -0.002, -0.001, 0.002, -0.002, -0.002, 0.001, 0.001, -0.001, 0.001, 0.001, 0.001, 0.003, 0.001, -0.001, 0.001, 0.001, -0.003, -0.004, -0.001, 0.001, -0.001, 0.001, 0.001, -0.004, -0.005, 0.001, -0.001, -0.004, 0.004, -0.004, 0.003, -0.003, -0.001, 0.001, 0.006, -0.001, 0.002, 0.001, 0.002, -0.002, -0.001, 0.001, 0.001, -0.001, -0.001, 0.001, 0.001, 0.003, 0.001, -0.001, 0.001, -0.001, 0.001, -0.001, -0.001, -0.001, -0.002, -0.002, 0.001, 0.004, -0.003, 0.002, 0.004, 0.002, -0.001, 0.004, 0.001, -0.001, 0.001, 0.001, 0.002, 0.003, 0.001, 0.001, -0.001, -0.001, 0.001, -0.003, 0.001, -0.003, -0.002, -0.003, 0.002, -0.001, -0.007, -0.004, -0.001, 0.001, 0.004, -0.004, 0.002, 0.001, 0.001, 0.001, -0.009, -0.001, 0.004, 0.001, 0.001, -0.002, 0.001, -0.002, 0.001, 0.001, 0.003, 0.002, -0.001, 0.002, -0.003, 0.002, 0.002, 0.001, -0.003, -0.005, -0.003, 0.001, 0.001, -0.003, 0.001, 0.001, 0.001, -0.001, 0.001, -0.001, 0.004, -0.001, -0.002, -0.001, 0.001, 0.001, -0.002, -0.001, 0.002, 0.001, -0.007, -0.005, -0.001, -0.002, 0.002, -0.004, 0.001, 0.001, -0.001, 0.001, 0.001, -0.003, -0.001, -0.001, 0.001, 0.002, 0.006, -0.003, 0.002, 0.002, -0.002, 0.004, -0.001, 0.004, 0.002, -0.001, 0.001, 0.001, 0.008, 0.002, 0.001, 0.001, 0.001, -0.001, 0.002, 0.003, 0.002, 0.002, -0.001, 0.002, -0.003, 0.001, 0.001, -0.003, -0.003, 0.001, 0.001, -0.006, 0.001, 0.004, -0.003, 0.001, -0.002, 0.001, -0.001, 0.001, 0.002, 0.004, 0.001, 0.003, -0.002, -0.002, 0.001, -0.001, 0.001, -0.001, 0.003, -0.002, -0.002, 0.001, 0.001, 0.001, -0.002, -0.003, -0.002, 0.001, -0.002, 0.004, -0.001, 0.004, 0.001, 0.001, 0.001, 0.005, 0.001, 0.001, -0.004, -0.002, 0.001, -0.003, 0.001, -0.001, 0.003, 0.003, -0.001, 0.003, -0.001, -0.001, 0.001, -0.003, 0.001, 0.001, 0.001, 0.001, 0.001, -0.005, -0.008, 0.002, -0.003, -0.002, 0.003, 0.001, 0.001, 0.001, -0.002, -0.001, 0.001, -0.003, 0.001, 0.003, -0.002, -0.001, 0.001, 0.001, -0.006, 0.004, 0.001, 0.001, 0.003, -0.002, 0.001, -0.002, 0.002, 0.002, -0.006, 0.002, -0.001, -0.002, 0.001, 0.001, 0.001, 0.001, -0.003, 0.002, 0.001, 0.001, -0.003, 0.002, -0.004, 0.004, -0.002, 0.002, -0.002, -0.001, 0.001, -0.004, -0.002, -0.001, -0.003, -0.002, -0.001, 0.003, -0.003, -0.001, -0.001, 0.002, -0.002, -0.002, -0.002, -0.004, 0.002, -0.002, 0.008, -0.002, -0.006, -0.001, 0.002, 0.001, 0.001, 0.001, -0.002, 0.001, 0.001, 0.002, -0.002, 0.001, -0.001, -0.001, -0.001, 0.003, -0.001, 0.001, 0.002, -0.004, -0.001, -0.001, -0.002, -0.001, -0.001, -0.001, 0.002, -0.002, -0.002, -0.001, 0.002, -0.002, -0.001, -0.001, -0.002, 0.001, -0.001, -0.004, -0.001, -0.002, -0.003, 0.003, -0.003, -0.003, -0.001, -0.005, 0.003, 0.008, -0.001, 0.001, 0.001, -0.003, 0.001, 0.001, -0.004, -0.003, -0.001, -0.003, -0.002, -0.002, -0.001, -0.002, 0.002, 0.001, 0.001, -0.001, 0.001, 0.003, -0.002, -0.001, 0.003, 0.002, 0.003, 0.001, 0.003, -0.002, 0.001, -0.001, -0.004, 0.002, 0.001, 0.001, 0.002, -0.001, -0.003, 0.001, -0.003, 0.002, -0.002, 0.002, -0.001, 0.001, -0.003, 0.002, 0.001, 0.001, -0.002, -0.002, 0.001, 0.001, -0.001, 0.005, -0.001, 0.001, -0.003, -0.002, 0.002, -0.003, 0.003, 0.001, 0.001, 0.004, 0.003, -0.002, 0.002, 0.001, 0.001, -0.002, -0.001, 0.001, -0.001, 0.001, -0.002, 0.004, -0.001, -0.002, 0.001, 0.002, -0.001, 0.005, -0.013, -0.001, -0.003, 0.001, 0.001, -0.001, -0.001, 0.001, 0.003, -0.001, 0.001, 0.002, -0.004, 0.004, 0.001, -0.001, 0.001, 0.001, -0.002, 0.001, -0.003, 0.003, -0.002, -0.002, -0.001, -0.001, -0.002, -0.004, 0.001, -0.003, 0.003, -0.001, -0.001, -0.005, -0.001, 0.002, 0.002, 0.002, 0.003, 0.001, 0.003, -0.001, 0.001, 0.002, -0.003, 0.001, 0.001, 0.001, 0.001, -0.001, -0.003, -0.004, -0.003, -0.003, 0.001, 0.001, 0.001, -0.002, 0.003, 0.001, -0.001, 0.001, 0.001, -0.002, -0.001, 0.001, -0.004, 0.001, 0.001, 0.001, -0.002, -0.002, -0.002, 0.001, 0.004, 0.001, 0.002, 0.004, -0.003, 0.002, 0.001, -0.002, 0.001, 0.002, -0.001, -0.001, -0.002, -0.003, -0.001, -0.002, 0.002, 0.002, 0.001, -0.003, 0.001, 0.003, 0.001, 0.001, -0.003, 0.001, 0.001, 0.003, -0.001, 0.002, 0.001, 0.002, 0.001, 0.001, -0.002, -0.003, 0.001, -0.002, -0.003, 0.002, 0.001, 0.002, 0.001, 0.003, 0.003, 0.001, 0.002, 0.001, -0.006, 0.001, 0.002, 0.001, 0.001, -0.001, -0.001, 0.004, 0.003, 0.004, 0.005, 0.002, -0.003, 0.002, 0.003, 0.001, 0.001, -0.003, -0.001, 0.002, 0.003, -0.002, -0.001, -0.001, 0.002, 0.001, -0.002, -0.003, -0.004, 0.002, 0.002, -0.003, -0.002, 0.002, 0.001, -0.003, -0.001, -0.001, 0.003, 0.001, -0.004, 0.004, -0.003, 0.003, -0.001, -0.005, 0.006, 0.002, -0.002, -0.001, -0.001, -0.002, -0.001, 0.004, -0.002, 0.001, 0.002, 0.001, -0.001, 0.001, -0.001, 0.001, -0.001, -0.001, -0.004, 0.002, 0.001, 0.001, 0.001, 0.001, -0.001, 0.001, 0.004, -0.003, -0.001, -0.002, -0.001, 0.001, -0.002, 0.001, -0.001, -0.001, 0.003, 0.001, -0.001, -0.001, -0.003, 0.001, -0.004, -0.001, -0.008, -0.003, 0.001, -0.001, 0.002, -0.002, 0.003, 0.001, 0.001, 0.001, 0.002, -0.003, -0.002, -0.004, 0.001, 0.003, -0.001, -0.002, 0.001, 0.001, 0.002, 0.001, 0.002, -0.001, -0.001, -0.003, 0.002, -0.001, -0.001, 0.002, 0.004, 0.001, -0.002, -0.002, 0.002, 0.001, 0.002, -0.002, -0.001, -0.001, -0.002, 0.002, 0.002, -0.003, 0.003, -0.002, -0.001, 0.001, 0.004, 0.001, -0.001, 0.001, -0.002, 0.003, -0.001, -0.001, -0.004, -0.003, 0.002, -0.002, 0.001, -0.002, -0.001, -0.002, -0.004, 0.001, -0.001, -0.001, 0.002, -0.002, 0.001, 0.001, 0.001, -0.002, 0.002, 0.003, 0.001, 0.001, -0.003, 0.001, -0.008, 0.002, 0.003, -0.001, -0.002, -0.005, 0.002, 0.001, 0.001, 0.004, 0.002, -0.002, 0.001, 0.001, -0.004, -0.001, 0.002, 0.001, -0.001, -0.001, 0.002, -0.003, 0.001, -0.005, 0.004, -0.002, -0.001, 0.003, -0.006, -0.002, 0.002, 0.002, 0.002, 0.001, 0.002, -0.002, 0.001, -0.001, -0.001, 0.001, 0.001, 0.003, 0.001, -0.001, -0.001, 0.002, 0.001, 0.001, -0.002, 0.001, -0.002, -0.002, 0.001, -0.002, -0.001, -0.001, -0.001, -0.005, 0.001, 0.001, 0.003, 0.002, -0.003, 0.005, -0.001, 0.001, 0.001, 0.001, -0.002, -0.001, 0.001, 0.003, 0.002, 0.001, -0.002, 0.001, 0.001, -0.001, -0.002, 0.002, -0.001, -0.001, 0.003, 0.003, 0.002, -0.001, -0.001, -0.002, 0.003, 0.001, 0.002, -0.001, -0.001, 0.005, -0.002, 0.003, 0.001, 0.001, -0.003, 0.001, 0.001, -0.001, 0.003, -0.004, -0.001, 0.001, 0.004, 0.001, -0.001, 0.001, -0.001, 0.002, 0.002, 0.001, -0.003, -0.004, -0.001, 0.002, -0.002, 0.003, -0.002, -0.001, -0.001, 0.002, -0.002, -0.001, -0.007, 0.004, -0.001, 0.001, -0.004, 0.001, -0.001, 0.001, -0.001, -0.004, -0.001, -0.001, -0.003, -0.005, 0.002, 0.002, 0.002, 0.004, -0.002, -0.001, -0.001, -0.001, -0.002, -0.003, -0.001, -0.005, -0.002, 0.001, -0.003, -0.003, 0.002, -0.002, -0.001, 0.002, 0.001, -0.003, 0.003, 0.001, -0.001, 0.004, 0.004, -0.002, -0.003, 0.003, -0.002, 0.001, 0.004, 0.004, -0.002, 0.004, -0.004, -0.003, 0.002, -0.001, 0.001, 0.001, 0.002, -0.001, 0.001, 0.004, -0.001, -0.002, 0.003, -0.001, 0.002, 0.001, 0.002, 0.002, 0.001, -0.002, 0.001, -0.002, 0.001, 0.001, 0.001, -0.001, -0.002, -0.002, -0.003, -0.001, 0.003, -0.001, 0.001, -0.001, 0.001, -0.003, 0.002, 0.001, 0.003, -0.001, -0.001, 0.002, -0.003, -0.003, -0.001, 0.001, 0.002, 0.001, -0.001, 0.001, -0.003, -0.001, -0.004, -0.002, 0.001, -0.001, 0.001, -0.001, 0.004, 0.001, -0.002, -0.001, -0.001, 0.001, 0.001, 0.003, -0.001, 0.004, -0.001, 0.001, 0.001, 0.001, 0.004, 0.001, -0.001, -0.001, 0.001, -0.004, -0.003, 0.001, 0.001, -0.001, -0.003, -0.002, -0.001, -0.003, 0.001, 0.001, -0.001, 0.001, -0.001, 0.003, 0.004, 0.002, -0.001, -0.001, 0.004, -0.002, 0.002, -0.001, -0.003, -0.001, -0.003, 0.002, 0.003, 0.001, -0.001, -0.002, -0.002, -0.005, 0.001, -0.001, -0.003, 0.005, -0.002, -0.001, -0.001, -0.001, -0.001, 0.002, -0.002, -0.001, -0.001, -0.001, -0.002, -0.001, 0.002, -0.004, -0.004, 0.001, -0.003, 0.002, -0.001, -0.001, -0.002, 0.003, 0.001, 0.004, -0.003, 0.001, 0.002, 0.002, -0.001, 0.001, -0.001, -0.001, -0.002, 0.001, -0.002, -0.001, -0.003, -0.001, 0.007, -0.002, -0.001, 0.003, 0.002, -0.002, -0.001, -0.001, -0.001, 0.005, -0.001, 0.003, -0.002, -0.003, 0.003, -0.001, -0.002, -0.001, -0.001, 0.001, 0.002, 0.002, 0.001, 0.003, -0.001, 0.003, -0.005, 0.008, -0.005, 0.001, 0.004, 0.001, -0.003, 0.001, 0.001, 0.001, 0.001, 0.002, 0.001, -0.003, -0.003, 0.003, -0.001, -0.001, 0.002, -0.002, -0.003, -0.005, 0.001, 0.001, -0.001, -0.001, -0.002, 0.002, 0.001, -0.003, 0.002, 0.001, 0.002, 0.001, -0.002, 0.002, -0.005, -0.001, -0.002, -0.001, -0.001, -0.003, -0.003, -0.001, 0.001, -0.005, -0.002, -0.005, -0.001, 0.001, -0.001, 0.003, 0.001, -0.003, -0.001, 0.001, -0.001, 0.001, -0.003, -0.003, 0.001, -0.002, 0.004, 0.001, -0.001, 0.001, 0.001, -0.001, -0.001, -0.006, 0.002, 0.001, 0.001, 0.001, -0.004, -0.001, -0.002, -0.001, -0.002, -0.001, 0.002, -0.001, 0.004, 0.003, 0.002, 0.001, -0.002, -0.001, 0.002, -0.002, -0.002, 0.001, -0.003, 0.002, -0.002, 0.001, -0.001, 0.001, 0.003, -0.001, 0.003, 0.004, -0.002, 0.002, 0.001, -0.002, 0.004, 0.004, -0.002, -0.001, -0.002, -0.001, -0.002, 0.003, -0.002, -0.001, -0.002, -0.002, -0.001, -0.003, -0.001, 0.004, -0.002, 0.001, 0.002, -0.001, -0.005, 0.002, 0.003, -0.004, 0.001, -0.002, -0.002, 0.001, -0.001, 0.001, 0.001, 0.002, -0.001, -0.001, 0.001, -0.002, -0.001, -0.004, -0.001, -0.003, 0.001, 0.002, -0.002, -0.001, -0.002, -0.003, 0.003, 0.002, 0.002, -0.005, -0.001, 0.001, 0.002, -0.009, 0.003, -0.001, 0.001, -0.002, -0.003, -0.001, -0.004, -0.001, -0.001, -0.002, 0.001, 0.001, 0.003, -0.001, -0.002, -0.001, -0.001, -0.001, 0.003, 0.001, -0.002, 0.004, 0.002, 0.003, -0.002, 0.004, 0.002, -0.002, -0.001, 0.002, 0.002, -0.005, 0.001, -0.002, 0.002, -0.001, 0.002, 0.003, 0.002, -0.002, 0.003, -0.001, -0.002, 0.002, 0.001, -0.002, 0.004, -0.003, 0.001, 0.001, -0.001, 0.002, -0.002, 0.001, -0.003, -0.001, 0.002, 0.003, 0.002, 0.002, 0.004, -0.003, -0.004, 0.003, -0.001, 0.002, -0.004, 0.001, 0.002, 0.001, 0.008, -0.002, 0.001, -0.005, -0.002, 0.001, 0.005, 0.001, -0.001, -0.002, 0.001, -0.003, 0.002, -0.002, -0.002, -0.001, -0.004, -0.002, -0.002, 0.003, -0.001, 0.002, -0.001, 0.003, -0.001, 0.001, 0.003, -0.001, -0.003, 0.007, -0.004, -0.001, 0.001, -0.002, -0.004, 0.001, -0.001, 0.001, 0.002, 0.002, -0.001, -0.001, -0.001, -0.001, -0.001, 0.003, -0.001, 0.002, -0.003, -0.001, 0.001, -0.002, -0.001, -0.002, -0.005, 0.001, -0.001, -0.002, 0.002, -0.001, -0.001, 0.002, -0.001, 0.004, 0.001, -0.002, 0.002, 0.001, 0.001, -0.005, 0.002, -0.003, 0.001, -0.003, 0.003, 0.003, 0.001, 0.002, -0.002, 0.005, 0.005, -0.001, 0.002, 0.001, 0.001, -0.003, 0.003, -0.001, -0.004, -0.001, 0.002, -0.002, 0.001, 0.002, 0.001, -0.002, 0.002, 0.002, 0.002, -0.002, -0.002, -0.004, -0.002, -0.001, 0.002, 0.001, -0.002, -0.002, -0.001, -0.003, -0.002, -0.002, 0.002, 0.001, -0.001, -0.002, 0.001, -0.001, -0.001, 0.002, -0.001, -0.003, -0.004, -0.001, -0.001, 0.001, 0.003, -0.002, -0.001, -0.005, 0.004, 0.001, 0.004, 0.001, -0.002, 0.002, -0.003, -0.002, 0.002, 0.001, -0.001, 0.001, -0.001, 0.003, 0.002, 0.003, -0.003, -0.003, 0.001, -0.001, -0.002, 0.002, -0.001, -0.005, -0.001, -0.001, 0.002, -0.003, 0.001, 0.001, 0.002, 0.001, -0.001, 0.001, 0.001, 0.001, 0.001, -0.003, 0.001, -0.002, -0.005, -0.002, 0.001, 0.001, -0.005, 0.001, 0.002, -0.002, -0.001, 0.001, 0.001, 0.003, -0.003, -0.002, 0.001, 0.002, 0.002, 0.003, 0.002, 0.001, 0.001, 0.001, 0.004, -0.002, 0.001, 0.003, -0.001, -0.001, -0.001, -0.003, 0.001, 0.001, 0.002, -0.001, -0.001, 0.003, -0.002, -0.001, -0.001, -0.001, 0.001, 0.001, 0.002, -0.001, -0.002, -0.001, -0.004, 0.002, -0.001, -0.002, 0.001, -0.003, 0.001, 0.001, -0.003, 0.002, -0.001, 0.001, 0.002, -0.001, -0.002, 0.001, 0.003, 0.004, 0.002, -0.003, -0.003, -0.001, 0.001, -0.002, 0.004, -0.007, 0.001, 0.001, -0.001, 0.002, -0.001, 0.001, -0.001, -0.003, 0.002, 0.001, 0.001, -0.001, -0.004, -0.001, -0.001, -0.001, -0.003, 0.003, -0.001, -0.001, -0.001, 0.004, 0.002, -0.006, 0.003, 0.001, 0.001, 0.002, 0.001, -0.001, -0.002, 0.001, -0.002, -0.004, -0.003, 0.001, -0.004, -0.001, 0.002, -0.005, -0.001, 0.001, 0.002, -0.002, 0.001, -0.001, 0.001, 0.002, -0.001, 0.003, -0.001, -0.003, 0.001, -0.003, 0.001, 0.002, 0.001, 0.002, -0.001, -0.004, -0.001, -0.003, -0.001, 0.001, -0.002, 0.001, 0.001, 0.004, -0.003, -0.003, 0.001, 0.001, 0.004, -0.004, 0.002, -0.004, 0.002, 0.001, 0.003, 0.001, -0.001, 0.002, 0.001, 0.001, 0.001, -0.001, -0.001, 0.001, -0.002, -0.001, 0.001, 0.001, 0.001, -0.003, 0.001, 0.003, -0.003, -0.001, 0.001, 0.001, 0.001, -0.001, 0.003, -0.001, -0.001, 0.002, -0.001, 0.001, 0.002, -0.003, -0.001, -0.001, 0.001, 0.003, 0.002, 0.003, -0.002, 0.002, -0.003, -0.003, 0.001, 0.003, 0.001, 0.003, -0.002, 0.004, 0.001, -0.001, -0.001, -0.001, -0.005, -0.001, -0.001, 0.004, 0.004, 0.004, 0.001, 0.001, -0.006, 0.005, -0.003, 0.001, -0.002, 0.002, -0.001, -0.001, 0.003, -0.001, 0.001, -0.001, -0.001, 0.002, 0.004, 0.002, -0.002, -0.005, -0.003, 0.003, -0.003, 0.001, -0.001, 0.004, -0.001, 0.001, 0.004, -0.003, 0.001, -0.002, -0.002, 0.001, -0.001, 0.001, -0.001, 0.001, 0.001, -0.003, -0.001, 0.003, -0.003, -0.003, 0.001, 0.001, -0.001, 0.001, -0.001, 0.001, 0.001, -0.001, 0.001, 0.003, -0.009, 0.002, 0.001, -0.002, 0.002, 0.001, 0.001, -0.009, -0.002, -0.003, 0.004, -0.001, -0.004, -0.003, 0.002, 0.002, 0.001, -0.001, 0.002, 0.006, -0.001, 0.001, -0.002, 0.001, 0.001, -0.003, -0.003, 0.001, 0.001, 0.003, 0.001, 0.002, -0.001, -0.002, 0.001, -0.002, 0.001, -0.001, 0.001, -0.002, 0.002, 0.002, -0.001, 0.005, -0.001, -0.002, -0.001, -0.004, -0.001, 0.002, 0.001, 0.001, 0.001, -0.002, -0.002, -0.008, 0.004, 0.001, 0.003, -0.001, -0.003, 0.001, -0.001, 0.002, 0.001, -0.001, 0.003, 0.001, 0.002, 0.001, 0.001, -0.003, 0.001, 0.001, -0.001, 0.001, 0.001, 0.002, 0.001, -0.001, -0.002, 0.002, 0.002, -0.001, 0.001, -0.002, 0.002, -0.001, -0.001, 0.003, 0.003, 0.003, 0.002, 0.002, 0.001, 0.001, -0.002, -0.001, 0.001, 0.003, 0.003, -0.001, -0.001, 0.002, -0.005, 0.001, -0.002, 0.002, -0.003, -0.001, 0.001, 0.005, -0.001, -0.006, 0.001, -0.002, -0.003, 0.002, 0.003, 0.001, -0.006, -0.002, 0.001, -0.003, 0.002, -0.004, -0.004, 0.001, -0.001, 0.005, 0.001, 0.001, 0.001, 0.001, -0.002, 0.001, 0.001, -0.001, 0.001, 0.002, -0.003, -0.002, -0.003, 0.001, -0.001, -0.001, -0.001, -0.003, 0.005, -0.002, 0.001, -0.002, -0.002, 0.004, 0.004, 0.004, 0.003, -0.002, -0.001, -0.002, 0.001, -0.001, 0.001, -0.002, 0.003, 0.001, 0.001, 0.001, -0.005, -0.001, -0.001, -0.001, -0.001, 0.004, -0.003, 0.012, 0.001, -0.001, 0.002, 0.002, 0.002, 0.002, 0.002, 0.001, 0.001, 0.001, 0.002, 0.001, 0.002, 0.005, 0.001, -0.003, -0.001, 0.002, 0.001, 0.003, -0.002, -0.001, -0.001, -0.004, 0.002, -0.001, -0.003, -0.001, -0.003, -0.002, -0.001, 0.001, 0.001, -0.003, 0.001, -0.002, 0.001, -0.002, -0.001, 0.002, 0.006, -0.002, 0.002, -0.001, -0.001, -0.001, 0.001, 0.002, 0.001, -0.005, -0.006, 0.001, -0.002, 0.001, -0.001, 0.001, -0.001, 0.001, -0.004, 0.001, -0.002, -0.001, 0.001, -0.003, -0.004, -0.001, 0.002, -0.006, -0.002, -0.002, -0.008, -0.002, -0.001, -0.003, -0.001, 0.001, 0.001, -0.001, 0.001, -0.002, -0.003, -0.006, 0.001, 0.001, -0.004, 0.002, -0.001, 0.001, -0.001, 0.002, 0.001, -0.002, 0.002, 0.002, 0.003, -0.001, 0.002, -0.004, -0.001, 0.001, -0.002, 0.001, 0.004, -0.002, -0.002, 0.003, -0.007, -0.003, -0.002, -0.003, -0.002, -0.002, 0.001, 0.002, -0.002, 0.001, -0.004, 0.001, 0.001, 0.001, 0.001, 0.002, 0.001, -0.002, 0.005, -0.002, -0.002, -0.001, 0.001, -0.002, 0.001, -0.001, 0.003, 0.003, 0.002, 0.004, -0.003, -0.001, -0.002, 0.004, -0.003, -0.001, -0.004, 0.001, 0.001, -0.001, 0.002, 0.005, -0.003, 0.002, 0.002, 0.001, 0.001, -0.002, 0.001, 0.001, 0.002, -0.001, -0.005, 0.001, -0.001, -0.001, -0.001, -0.002, -0.001, 0.001, 0.003, -0.001, -0.001, 0.002, 0.001, 0.002, 0.004, -0.005, -0.003, 0.002, -0.001, -0.001, 0.001, 0.001, 0.001, 0.003, -0.002, -0.008, -0.002, 0.003, 0.002, -0.002, 0.002, -0.001, 0.005, 0.001, -0.001, 0.002, -0.001, 0.002, -0.002, -0.001, -0.001, -0.008, 0.001, 0.002, 0.002, -0.001, -0.002, 0.001, 0.001, 0.004, -0.002, 0.003, -0.003, -0.001, 0.002, -0.001, 0.002, -0.002, -0.003, -0.001, -0.002, 0.003, -0.004, 0.001, -0.003, -0.004, -0.001, -0.001, -0.005, -0.001, 0.001, 0.003, 0.002, -0.003, 0.003, 0.001, -0.002, -0.002, -0.001, -0.001, 0.002, -0.001, 0.001, 0.002, 0.002, -0.001, -0.001, -0.002, 0.001, -0.002, 0.002, -0.002, -0.001, -0.001, -0.001, -0.002, 0.002, 0.002, -0.002, -0.001, 0.004, 0.001, -0.004, -0.001, 0.001, 0.002, -0.001, -0.001, -0.001, -0.002, -0.007, -0.001, 0.002, -0.001, 0.002, -0.002, -0.002, 0.001, 0.001, -0.004, -0.001, -0.001, -0.001, 0.008, 0.001, -0.001, 0.001, 0.001, -0.001, -0.001, -0.003, -0.002, 0.001, -0.001, 0.003, -0.001, 0.005, -0.002, -0.002, 0.001, 0.001, -0.004, 0.003, -0.004, -0.003, 0.001, -0.002, -0.002, -0.002, -0.003, -0.004, 0.002, -0.003, -0.003, -0.004, -0.004, -0.001, 0.001, -0.003, -0.001, 0.002, 0.001, 0.003, -0.002, 0.001, 0.001, 0.001, -0.003, 0.003, 0.002, 0.002, 0.001, 0.001, -0.005, -0.001, -0.002, -0.001, 0.001, -0.004, -0.003, -0.005, 0.001, 0.002, -0.001, -0.001, -0.001, 0.002, 0.001, -0.001, -0.009, -0.002, -0.001, -0.002, -0.002, 0.002, -0.001, -0.001, -0.003, -0.002, -0.001, 0.003, 0.001, -0.001, 0.001, -0.002, -0.003, 0.001, 0.001, -0.003, -0.003, -0.002, 0.001, 0.003, 0.004, -0.001, 0.001, 0.005, 0.002, 0.002, 0.001, -0.001, -0.001, -0.002, -0.001, 0.002, 0.002, -0.002, 0.001, -0.001, 0.001, 0.001, -0.002, 0.001, 0.001, -0.002, -0.001, 0.001, -0.001, -0.001, 0.001, 0.005, 0.001, -0.001, 0.001, 0.001, 0.001, 0.001, 0.001, -0.002, 0.001, 0.003, -0.003, -0.002, -0.001, -0.001, -0.005, 0.001, -0.003, 0.003, 0.002, -0.001, 0.002, 0.005, 0.001, 0.002, -0.001, 0.001, -0.003, 0.001, 0.002, -0.005, -0.004, -0.001, -0.001, -0.003, 0.001, 0.001, -0.001, -0.004, -0.004, 0.003, 0.001, -0.001, -0.003, -0.003, 0.001, 0.004, -0.001, -0.001, -0.001, -0.001, -0.002, -0.003, 0.001, 0.001, 0.001, -0.001, -0.004, 0.001, 0.001, -0.001, 0.001, -0.005, 0.001, 0.001, -0.001, -0.005, 0.001, -0.004, -0.002, 0.001, 0.002, 0.001, 0.001, -0.004, 0.003, 0.006, -0.004, 0.001, -0.005, -0.003, 0.003, -0.002, -0.001, -0.001, -0.002, 0.001, 0.001, 0.001, -0.001, -0.002, 0.002, 0.002, -0.003, 0.002, -0.003, 0.004, 0.002, 0.002, 0.005, 0.001, 0.002, -0.002, 0.001, -0.001, 0.002, 0.001, -0.001, 0.001, -0.002, 0.002, -0.003, -0.003, 0.001, 0.001, -0.001, -0.001, -0.001, 0.005, 0.001, 0.001, 0.002, 0.001, 0.001, -0.001, 0.002, -0.004, -0.002, 0.002, 0.001, 0.001, 0.001, 0.001, 0.003, 0.002, 0.002, 0.003, -0.003, -0.001, -0.002, -0.001, 0.002, 0.001, -0.002, -0.002, 0.002, 0.003, -0.004, -0.002, -0.004, 0.002, 0.002, 0.003, 0.001, -0.001, -0.003, -0.005, 0.001, 0.005, -0.002, -0.003, -0.001, -0.001, -0.002, 0.002, 0.001, 0.001, 0.001, 0.001, 0.001, 0.001, -0.004, -0.002, 0.001, 0.004, 0.003, 0.001, 0.001, 0.006, 0.001, -0.001, -0.001, 0.001, -0.003, -0.002, -0.001, 0.004, -0.006, -0.004, -0.001, -0.001, 0.002, 0.001, -0.004, -0.005, 0.002, 0.001, -0.001, 0.003, 0.001, -0.001, 0.003, -0.001, 0.001, -0.001, -0.002, 0.001, -0.001, -0.001, -0.002, -0.003, -0.003, -0.001, -0.003, -0.001, 0.001, -0.002, 0.001, 0.003, 0.001, 0.002, -0.001, -0.002, 0.001, 0.001, 0.001, 0.001, 0.002, 0.002, -0.001, 0.004, -0.004, 0.001, -0.002, -0.001, 0.003, -0.001, -0.001, -0.001, -0.002, -0.002, -0.001, -0.001, 0.002, 0.001, -0.002, 0.005, -0.001, -0.002, -0.003, 0.001, -0.002, 0.001, -0.002, 0.002, -0.001, -0.001, 0.001, 0.001, 0.002, -0.001, 0.001, 0.001, -0.001, -0.001, 0.006, -0.001, 0.001, 0.004, -0.002, -0.002, -0.002, -0.005, 0.002, -0.002, -0.002, 0.001, 0.005, -0.001, -0.002, -0.001, -0.005, 0.001, -0.002, -0.001, 0.001, -0.005, 0.001, -0.004, -0.001, -0.001, -0.006, -0.001, -0.001, 0.001, 0.001, 0.001, -0.003, 0.001, 0.001, 0.001, 0.001, 0.002, 0.003, 0.001, 0.001, 0.001, -0.002, 0.001, -0.002, -0.004, -0.002, 0.001, 0.001, 0.001, 0.001, 0.001, -0.001, -0.002, 0.003, 0.002, 0.003, 0.001, -0.004, 0.003, -0.001, -0.007, -0.003, 0.001, -0.002, 0.002, 0.001, -0.001, -0.004, -0.002, 0.002, -0.001, 0.001, -0.005, -0.001, 0.001, -0.003, 0.001, 0.001, 0.002, 0.001, 0.001, 0.001, -0.001, -0.003, 0.001, 0.001, -0.002, -0.001, -0.003, -0.002, 0.001, 0.001, 0.001, -0.001, -0.001, -0.002, -0.002, -0.003, 0.002, -0.003, 0.001, 0.001, 0.001, -0.002, 0.001, -0.002, -0.001, -0.001, 0.002, -0.001, -0.008, -0.003, 0.002, -0.003, 0.005, -0.001, -0.001, -0.002, -0.001, -0.002, -0.004, 0.001, -0.002, -0.003, -0.002, -0.004, -0.002, -0.001, 0.001, 0.003, -0.003, 0.001, 0.001, -0.004, -0.003, 0.001, 0.001, 0.002, 0.003, 0.003, -0.001, -0.004, 0.002, 0.002, -0.001, 0.001, -0.001, -0.003, 0.002, -0.002, -0.002, -0.001, 0.001, -0.001, -0.002, 0.002, -0.002, 0.001, -0.002, -0.002, 0.003, -0.001]

buck_pred: [0, 2, 1, 1, 2, 2, 0, 0, 2, 1, 0, 1, 0, 0, 2, 0, 0, 2, 1, 0, 0, 0, 2, 0, 1, 0, 0, 0, 0, 0, 1, 0, 2, 1, 0, 0, 0, 1, 1, 0, 0, 0, 2, 0, 0, 0, 1, 1, 2, 2, 1, 0, 2, 2, 0, 2, 0, 0, 2, 1, 0, 1, 2, 0, 0, 0, 2, 0, 0, 0, 1, 0, 1, 0, 1, 1, 0, 1, 0, 0, 0, 2, 2, 0, 2, 0, 0, 0, 1, 1, 0, 1, 0, 2, 0, 2, 0, 0, 0, 2, 2, 0, 2, 2, 0, 1, 0, 2, 2, 0, 0, 2, 0, 0, 0, 2, 2, 0, 0, 0, 0, 1, 0, 0, 0, 0, 2, 0, 2, 0, 2, 1, 2, 2, 0, 0, 0, 0, 1, 0, 0, 2, 2, 0, 0, 1, 0, 0, 1, 0, 1, 0, 0, 0, 0, 1, 1, 0, 0, 0, 2, 0, 0, 1, 0, 2, 0, 2, 0, 0, 0, 0, 0, 1, 0, 2, 1, 1, 2, 2, 1, 0, 2, 0, 2, 2, 1, 0, 0, 0, 0, 2, 0, 0, 0, 1, 1, 2, 2, 0, 0, 2, 2, 1, 0, 2, 0, 0, 0, 2, 2, 2, 2, 1, 2, 0, 0, 0, 0, 0, 1, 0, 0, 0, 0, 0, 1, 2, 0, 0, 2, 2, 0, 0, 2, 0, 1, 0, 0, 0, 1, 2, 1, 0, 0, 0, 0, 0, 2, 2, 1, 0, 0, 0, 0, 0, 1, 2, 0, 2, 2, 0, 0, 1, 0, 0, 1, 0, 0, 0, 1, 2, 0, 2, 1, 2, 2, 2, 2, 1, 0, 1, 1, 0, 0, 0, 2, 1, 0, 2, 0, 0, 0, 0, 2, 0, 0, 2, 0, 2, 1, 1, 0, 0, 0, 0, 0, 1, 0, 1, 2, 0, 2, 0, 2, 1, 1, 0, 0, 0, 2, 2, 2, 2, 0, 0, 2, 0, 2, 2, 0, 1, 2, 0, 0, 1, 0, 0, 0, 0, 0, 2, 0, 1, 0, 1, 0, 0, 1, 0, 0, 0, 0, 1, 2, 1, 2, 0, 0, 1, 0, 0, 0, 2, 2, 0, 0, 2, 0, 0, 0, 0, 2, 0, 1, 1, 0, 0, 1, 0, 1, 1, 2, 0, 0, 0, 2, 1, 0, 2, 0, 0, 0, 0, 0, 2, 0, 0, 2, 1, 0, 0, 2, 1, 2, 1, 0, 0, 1, 0, 0, 0, 1, 0, 1, 0, 0, 0, 0, 0, 0, 2, 0, 2, 0, 0, 2, 2, 0, 1, 1, 2, 0, 0, 0, 2, 1, 0, 1, 2, 2, 0, 0, 2, 0, 2, 0, 0, 0, 0, 0, 2, 2, 0, 0, 2, 2, 1, 2, 0, 0, 1, 0, 1, 2, 0, 1, 0, 0, 0, 0, 0, 0, 0, 0, 2, 0, 0, 0, 0, 1, 1, 0, 2, 1, 2, 2, 0, 2, 2, 2, 1, 0, 1, 0, 1, 0, 1, 1, 0, 2, 0, 1, 1, 2, 0, 0, 0, 0, 1, 0, 2, 0, 2, 0, 0, 0, 2, 0, 0, 0, 0, 0, 0, 0, 1, 0, 0, 0, 0, 0, 2, 0, 2, 2, 1, 2, 0, 0, 0, 0, 0, 2, 2, 0, 0, 2, 0, 1, 0, 2, 1, 0, 0, 0, 2, 1, 1, 1, 0, 2, 2, 2, 1, 1, 0, 2, 0, 1, 1, 0, 0, 1, 1, 0, 2, 2, 0, 1, 0, 2, 0, 0, 2, 1, 1, 2, 0, 0, 1, 0, 1, 0, 2, 0, 0, 1, 2, 1, 0, 0, 0, 1, 0, 2, 0, 2, 2, 1, 0, 2, 1, 2, 0, 0, 1, 0, 1, 0, 2, 2, 0, 2, 0, 0, 1, 0, 2, 2, 1, 2, 2, 0, 0, 0, 0, 0, 2, 0, 1, 1, 0, 0, 2, 0, 0, 2, 0, 0, 1, 1, 0, 2, 1, 2, 2, 0, 0, 0, 1, 2, 0, 1, 0, 0, 0, 0, 2, 2, 0, 1, 1, 2, 0, 0, 0, 1, 0, 2, 0, 0, 1, 0, 0, 0, 0, 0, 0, 2, 0, 0, 1, 1, 0, 0, 0, 0, 2, 0, 2, 0, 0, 0, 1, 2, 0, 2, 0, 0, 1, 2, 0, 1, 1, 0, 0, 1, 0, 1, 2, 0, 0, 0, 0, 0, 0, 0, 0, 0, 1, 0, 2, 0, 0, 0, 0, 2, 0, 0, 0, 0, 0, 2, 0, 0, 0, 0, 2, 2, 0, 0, 1, 0, 1, 1, 0, 0, 0, 0, 0, 0, 0, 0, 1, 0, 2, 0, 1, 2, 0, 0, 1, 0, 1, 1, 2, 0, 1, 0, 0, 2, 2, 0, 0, 0, 0, 0, 0, 1, 0, 1, 0, 1, 0, 2, 1, 1, 0, 0, 2, 1, 0, 2, 1, 2, 0, 0, 0, 0, 2, 2, 1, 1, 2, 0, 1, 2, 1, 0, 0, 1, 0, 1, 0, 2, 0, 0, 0, 2, 0, 1, 0, 0, 0, 0, 1, 0, 0, 0, 2, 0, 2, 2, 0, 2, 2, 0, 1, 0, 0, 1, 0, 2, 0, 0, 0, 0, 0, 0, 1, 0, 1, 0, 0, 0, 0, 0, 2, 1, 2, 1, 1, 0, 0, 0, 0, 0, 1, 2, 2, 0, 0, 0, 0, 0, 1, 1, 1, 2, 1, 2, 0, 0, 2, 0, 0, 0, 0, 1, 2, 0, 0, 0, 0, 0, 2, 0, 2, 2, 0, 2, 2, 0, 2, 2, 1, 0, 0, 0, 0, 0, 2, 2, 2, 0, 2, 1, 1, 1, 0, 0, 1, 0, 0, 2, 1, 2, 2, 0, 0, 0, 0, 0, 0, 2, 1, 0, 0, 2, 0, 2, 2, 0, 0, 1, 1, 1, 2, 1, 0, 2, 2, 2, 2, 2, 0, 2, 2, 2, 2, 0, 0, 2, 2, 0, 0, 0, 2, 2, 0, 0, 0, 2, 2, 0, 0, 1, 0, 0, 0, 0, 2, 1, 0, 2, 0, 2, 0, 0, 2, 2, 0, 0, 0, 0, 0, 2, 1, 2, 1, 2, 0, 0, 0, 1, 0, 0, 0, 2, 1, 0, 1, 1, 0, 0, 2, 0, 1, 0, 0, 1, 0, 2, 0, 0, 1, 2, 0, 0, 0, 0, 0, 0, 0, 0, 0, 0, 2, 0, 1, 0, 2, 0, 1, 0, 0, 0, 1, 2, 0, 0, 1, 0, 1, 2, 1, 0, 2, 0, 2, 1, 0, 1, 1, 2, 0, 0, 2, 2, 1, 0, 2, 0, 0, 2, 2, 0, 1, 0, 0, 2, 2, 2, 0, 0, 0, 2, 0, 0, 0, 0, 2, 0, 1, 0, 0, 0, 0, 1, 0, 0, 2, 0, 1, 2, 2, 0, 1, 1, 1, 0, 0, 0, 0, 2, 2, 0, 0, 0, 2, 1, 2, 2, 0, 0, 0, 0, 0, 0, 0, 2, 0, 0, 1, 0, 1, 0, 0, 0, 2, 2, 0, 0, 1, 2, 1, 1, 0, 0, 1, 1, 0, 2, 1, 2, 1, 0, 0, 2, 0, 1, 0, 2, 0, 0, 0, 0, 2, 0, 0, 0, 1, 1, 1, 2, 0, 2, 0, 0, 0, 1, 0, 0, 1, 2, 1, 2, 0, 0, 0, 1, 0, 1, 1, 0, 2, 2, 2, 0, 0, 0, 2, 1, 2, 0, 1, 2, 0, 2, 0, 0, 0, 1, 1, 0, 2, 0, 1, 2, 2, 1, 0, 0, 0, 1, 1, 1, 0, 0, 1, 2, 0, 2, 0, 2, 0, 2, 0, 0, 0, 2, 0, 1, 0, 2, 1, 2, 0, 0, 0, 0, 0, 0, 1, 2, 2, 2, 0, 0, 0, 0, 0, 0, 0, 0, 0, 1, 0, 0, 0, 0, 1, 2, 2, 0, 2, 0, 0, 2, 2, 0, 0, 1, 0, 1, 2, 1, 0, 2, 0, 0, 2, 0, 1, 2, 2, 1, 2, 2, 0, 0, 1, 0, 1, 2, 2, 1, 0, 1, 1, 0, 0, 1, 1, 0, 0, 1, 0, 0, 2, 0, 2, 0, 2, 0, 0, 2, 1, 0, 0, 2, 0, 0, 0, 1, 2, 2, 0, 1, 0, 0, 0, 0, 0, 0, 1, 0, 2, 1, 0, 0, 2, 1, 0, 1, 1, 2, 0, 1, 0, 0, 2, 1, 0, 0, 1, 0, 0, 1, 0, 0, 0, 0, 0, 0, 2, 1, 0, 1, 0, 0, 2, 2, 0, 0, 2, 0, 2, 0, 0, 0, 0, 1, 2, 1, 0, 0, 0, 0, 1, 1, 0, 2, 0, 0, 0, 0, 1, 0, 0, 0, 0, 2, 0, 0, 2, 0, 0, 2, 0, 2, 0, 1, 0, 1, 1, 2, 0, 0, 1, 0, 0, 2, 1, 0, 0, 1, 0, 0, 0, 1, 2, 0, 0, 0, 1, 0, 0, 0, 0, 1, 0, 2, 0, 0, 2, 0, 0, 2, 0, 1, 1, 2, 1, 2, 0, 2, 0, 2, 0, 1, 2, 2, 0, 2, 2, 2, 2, 1, 0, 0, 0, 2, 0, 0, 1, 0, 0, 0, 1, 2, 0, 0, 1, 2, 0, 0, 2, 1, 2, 1, 0, 2, 0, 0, 0, 1, 0, 0, 0, 0, 0, 0, 0, 0, 0, 0, 0, 2, 0, 0, 0, 2, 0, 1, 1, 0, 2, 0, 1, 2, 0, 1, 1, 0, 2, 0, 1, 0, 2, 1, 0, 0, 0, 2, 0, 0, 2, 0, 2, 2, 2, 2, 0, 1, 2, 0, 0, 1, 2, 1, 0, 0, 0, 1, 2, 1, 2, 2, 0, 2, 0, 0, 2, 2, 0, 0, 0, 2, 0, 1, 0, 0, 0, 0, 0, 0, 0, 2, 0, 0, 1, 0, 0, 1, 2, 0, 0, 0, 0, 1, 0, 2, 0, 2, 0, 0, 0, 0, 0, 0, 0, 0, 2, 1, 0, 1, 0, 0, 1, 2, 0, 0, 0, 2, 0, 0, 2, 0, 0, 0, 0, 0, 0, 0, 0, 0, 0, 1, 1, 0, 0, 0, 0, 0, 2, 0, 0, 2, 1, 2, 0, 1, 2, 1, 1, 0, 2, 0, 0, 0, 2, 0, 0, 1, 0, 0, 2, 0, 0, 0, 1, 0, 2, 0, 0, 2, 0, 0, 0, 1, 0, 0, 2, 2, 2, 2, 2, 0, 0, 1, 0, 2, 0, 1, 1, 1, 2, 0, 1, 0, 0, 1, 2, 2, 0, 0, 2, 0, 1, 0, 0, 0, 0, 0, 1, 1, 0, 2, 0, 2, 0, 1, 1, 0, 0, 2, 0, 0, 0, 0, 0, 2, 0, 2, 2, 1, 0, 0, 0, 0, 0, 2, 0, 1, 0, 0, 1, 0, 0, 0, 0, 1, 0, 0, 2, 0, 0, 2, 0, 2, 0, 0, 1, 1, 1, 0, 1, 0, 1, 0, 2, 1, 1, 2, 0, 1, 2, 1, 2, 0, 1, 0, 0, 0, 0, 0, 2, 0, 1, 2, 1, 0, 1, 0, 1, 1, 0, 0, 0, 0, 2, 0, 0, 0, 0, 0, 0, 0, 1, 0, 0, 0, 2, 1, 0, 0, 0, 0, 0, 0, 0, 0, 2, 0, 0, 0, 1, 0, 2, 0, 0, 2, 0, 0, 1, 0, 0, 1, 2, 2, 2, 1, 0, 0, 1, 0, 0, 2, 0, 0, 0, 0, 2, 0, 0, 1, 1, 1, 0, 0, 0, 1, 2, 0, 2, 0, 0, 0, 0, 2, 0, 0, 1, 0, 0, 0, 2, 2, 0, 0, 1, 1, 1, 2, 2, 0, 1, 1, 2, 0, 1, 2, 0, 0, 1, 0, 2, 1, 1, 1, 0, 0, 0, 0, 0, 0, 2, 0, 2, 1, 0, 0, 0, 2, 0, 0, 1, 0, 0, 2, 0, 1, 0, 0, 0, 0, 0, 0, 1, 2, 2, 0, 0, 1, 1, 0, 2, 0, 1, 2, 0, 2, 0, 0, 2, 0, 2, 2, 0, 0, 0, 0, 0, 0, 0, 2, 0, 0, 2, 1, 2, 0, 2, 1, 2, 1, 2, 0, 0, 2, 0, 0, 0, 1, 0, 0, 2, 0, 2, 0, 2, 0, 2, 0, 2, 2, 0, 2, 0, 0, 0, 0, 2, 0, 1, 2, 0, 0, 2, 0, 0, 1, 0, 0, 2, 2, 0, 0, 2, 0, 2, 0, 2, 0, 2, 1, 1, 1, 1, 1, 2, 2, 1, 0, 0, 1, 0, 0, 1, 0, 0, 0, 2, 2, 0, 1, 2, 1, 0, 2, 1, 0, 0, 1, 0, 0, 2, 0, 0, 0, 1, 1, 2, 2, 0, 1, 0, 0, 0, 2, 2, 2, 0, 2, 0, 0, 2, 0, 0, 0, 0, 1, 1, 0, 0, 1, 0, 2, 0, 1, 0, 1, 0, 2, 1, 0, 1, 0, 0, 2, 1, 2, 0, 0, 0, 2, 0, 2, 0, 2, 0, 1, 2, 0, 1, 0, 0, 2, 1, 1, 0, 2, 0, 0, 0, 1, 0, 0, 1, 0, 0, 2, 0, 1, 2, 0, 1, 2, 0, 1, 2, 0, 2, 0, 2, 0, 0, 0, 2, 0, 0, 0, 2, 2, 1, 0, 2, 2, 0, 2, 0, 1, 0, 0, 0, 2, 0, 1, 2, 2, 2, 0, 1, 0, 1, 0, 1, 0, 2, 1, 0, 2, 0, 0, 0, 0, 0, 2, 2, 2, 2, 0, 0, 0, 2, 1, 2, 2, 0, 0, 0, 1, 1, 0, 2, 2, 2, 0, 2, 0, 2, 1, 0, 1, 2, 2, 1, 0, 0, 2, 1, 0, 1, 0, 1, 0, 0, 1, 2, 2, 2, 1, 1, 0, 0, 0, 2, 1, 2, 0, 0, 2, 0, 1, 0, 2, 0, 0, 2, 2, 1, 0, 1, 0, 0, 2, 2, 1, 0, 0, 1, 0, 2, 0, 0, 2, 0, 2, 1, 1, 0, 2, 0, 1, 1, 0, 0, 2, 0, 0, 0, 2, 0, 0, 0, 0, 2, 0, 1, 0, 0, 2, 2, 2, 2, 0, 0, 0, 0, 0, 2, 0, 1, 0, 2, 1, 0, 0, 0, 0, 0, 2, 0, 2, 1, 0, 2, 2, 2, 2, 2, 1, 1, 1, 2, 1, 1, 2, 1, 0, 0, 1, 0, 2, 0, 0, 2, 0, 2, 0, 0, 0, 0, 0, 0, 0, 1, 0, 1, 0, 0, 0, 0, 2, 2, 0, 2, 1, 0, 1, 1, 0, 2, 0, 0, 1, 0, 2, 0, 1, 0, 2, 0, 0, 0, 0, 1, 0, 0, 0, 2, 0, 0, 0, 0, 0, 1, 0, 0, 0, 2, 0, 0, 0, 0, 0, 1, 0, 0, 1, 0, 2, 0, 1, 2, 0, 2, 2, 2, 0, 1, 0, 0, 0, 0, 2, 1, 0, 0, 2, 0, 0, 0, 0, 0, 0, 1, 2, 0, 0, 0, 1, 1, 0, 0, 2, 1, 0, 2, 0, 0, 0, 1, 0, 1, 2, 1, 2, 1, 2, 0, 0, 0, 2, 0, 0, 0, 1, 2, 0, 1, 2, 0, 0, 0, 1, 1, 0, 0, 2, 2, 0, 0, 0, 1, 0, 0, 0, 0, 0, 1, 0, 0, 2, 2, 2, 2, 0, 0, 1, 0, 0, 2, 2, 1, 1, 0, 0, 0, 2, 1, 0, 1, 0, 2, 1, 0, 1, 0, 2, 0, 0, 0, 0, 2, 2, 2, 0, 0, 2, 1, 2, 0, 2, 0, 0, 2, 0, 2, 2, 0, 0, 0, 2, 0, 0, 0, 0, 0, 0, 0, 0, 2, 2, 2, 0, 2, 0, 0, 0, 0, 0, 2, 0, 1, 2, 1, 0, 0, 0, 1, 0, 1, 0, 0, 0, 0, 0, 1, 1, 0, 0, 2, 0, 0, 0, 0, 2, 0, 0, 1, 0, 0, 0, 2, 0, 1, 0, 0, 2, 1, 0, 0, 0, 1, 2, 2, 0, 2, 2, 0, 1, 0, 0, 2, 0, 1, 0, 2, 0, 0, 0, 1, 0, 2, 0, 0, 0, 0, 0, 0, 0, 0, 1, 0, 0, 0, 0, 0, 2, 0, 2, 0, 2, 2, 0, 2, 1, 0, 0, 1, 1, 2, 0, 1, 0, 0, 0, 0, 1, 0, 0, 0, 2, 1, 0, 0, 0, 1, 1, 0, 0, 0, 0, 0, 0, 2, 0, 0, 0, 0, 0, 2, 2, 0, 1, 0, 0, 2, 2, 0, 0, 0, 0, 2, 2, 0, 0, 2, 2, 0, 2, 1, 0, 1, 0, 2, 2, 0, 0, 0, 0, 1, 0, 1, 1, 0, 0, 1, 0, 0, 1, 2, 0, 1, 0, 2, 1, 1, 0, 0, 2, 1, 0, 0, 0, 0, 0, 0, 0, 2, 0, 0, 2, 2, 1, 2, 0, 2, 0, 2, 2, 0, 0, 0, 0, 0, 1, 1, 0, 0, 0, 2, 2, 2, 0, 0, 1, 2, 0, 0, 0, 0, 0, 0, 2, 0, 0, 0, 0, 1, 1, 1, 0, 0, 2, 1, 0, 0, 2, 0, 0, 1, 2, 2, 2, 0, 2, 2, 0, 0, 0, 0, 2, 0, 0, 0, 0, 2, 0, 1, 1, 0, 2, 2, 0, 2, 0, 2, 2, 2, 2, 1, 2, 0, 0, 0, 2, 1, 0, 2, 1, 2, 0, 0, 1, 1, 0, 1, 0, 2, 1, 1, 1, 1, 1, 0, 1, 0, 2, 2, 1, 1, 0, 1, 1, 2, 2, 2, 0, 0, 0, 0, 1, 2, 0, 0, 1, 2, 0, 0, 0, 1, 2, 2, 1, 1, 0, 2, 0, 2, 0, 0, 0, 0, 0, 0, 0, 2, 0, 1, 0, 0, 0, 0, 2, 2, 2, 0, 0, 2, 2, 0, 0, 0, 0, 0, 0, 2, 1, 0, 0, 0, 2, 0, 0, 0, 2, 2, 1, 1, 1, 0, 2, 0, 1, 0, 0, 1, 0, 0, 0, 0, 0, 0, 0, 0, 2, 0, 0, 1, 0, 2, 0, 0, 2, 0, 2, 0, 1, 2, 0, 2, 0, 1, 0, 0, 2, 0, 0, 1, 0, 0, 2, 0, 1, 0, 0, 1, 0, 0, 0, 2, 0, 1, 0, 2, 0, 0, 1, 2, 2, 0, 1, 0, 0, 0, 2, 1, 1, 0, 0, 0, 0, 0, 2, 0, 0, 1, 2, 0, 0, 0, 0, 2, 0, 0, 1, 0, 2, 0, 0, 2, 0, 0, 0, 2, 0, 2, 0, 2, 0, 1, 1, 2, 1, 0, 1, 2, 0, 2, 0, 0, 0, 2, 1, 0, 2, 0, 0, 0, 1, 2, 2, 0, 0, 2, 0, 0, 0, 2, 0, 2, 2, 0, 0, 0, 2, 0, 1, 0, 1, 2, 0, 0, 1, 1, 1, 1, 1, 0, 0, 2, 1, 0, 0, 0, 0, 1, 2, 1, 0, 0, 0, 0, 0, 0, 0, 1, 2, 0, 0, 2, 0, 0, 0, 2, 0, 0, 0, 2, 0, 2, 0, 1, 0, 0, 0, 0, 0, 0, 0, 1, 0, 0, 0, 0, 2, 0, 1, 0, 0, 0, 2, 2, 2, 2, 1, 0, 0, 2, 2, 0, 0, 0, 0, 1, 0, 0, 0, 1, 0, 0, 0, 0, 0, 0, 0, 2, 2]

bins: [-0.014, -0.001, 0.001, 0.013]

Most important rules
-----------------------------

---0---
rule16: diffClb < -0.117
probabilities_array:[0.6138273 0.        0.        0.3861727]

rule0: climbRate < -3.634
probabilities_array:[0.57052696 0.         0.         0.42947304]

rule4: Altitude < -29.493
probabilities_array:[0.4831549  0.1195818  0.         0.39726326]

rule17: -0.117 < diffClb < 0.001
probabilities_array:[0.37178385 0.28796247 0.         0.34025368]

rule5: -29.493 < Altitude < -12.389
probabilities_array:[0.47146314 0.         0.         0.52853686]

rule8: RollRate < -0.004
probabilities_array:[0.41928628 0.07525709 0.         0.5054566 ]

rule9: -0.004 < RollRate < 0.000
probabilities_array:[0.42032754 0.         0.01478282 0.5648896 ]

rule12: curRoll < -0.009
probabilities_array:[0.40095544 0.04087003 0.         0.55817455]

rule6: -12.389 < Altitude < 4.715
probabilities_array:[0.40059718 0.02114735 0.         0.5782555 ]

rule1: -3.634 < climbRate < -0.297
probabilities_array:[0.31590593 0.2058765  0.         0.4782175 ]

rule7: Altitude > 4.715
probabilities_array:[0.34416312 0.08405278 0.         0.5717841 ]

rule15: curRoll > 0.012
probabilities_array:[0.33486438 0.06610856 0.         0.59902704]

rule10: 0.000 < RollRate < 0.004
probabilities_array:[0.24160811 0.00309373 0.18284467 0.5724535 ]

rule14: 0.002 < curRoll < 0.012
probabilities_array:[0.31589255 0.         0.         0.6841075 ]

rule13: -0.009 < curRoll < 0.002
probabilities_array:[0.22676377 0.10329866 0.         0.66993755]

rule23: diffDiffClb = 0.0
probabilities_array:[0.24133891 0.         0.06863046 0.6900307 ]


---1---
rule3: climbRate > 3.040
probabilities_array:[0.         0.39499918 0.56613606 0.03886475]

rule2: -0.297 < climbRate < 3.040
probabilities_array:[0.         0.40917355 0.43566227 0.1551642 ]

rule18: 0.001 < diffClb < 0.118
probabilities_array:[0.         0.4047117  0.3515689  0.24371938]

rule19: diffClb > 0.118
probabilities_array:[0.         0.23710681 0.61703414 0.14585908]

rule11: RollRate > 0.004
probabilities_array:[0.         0.3256025  0.27905843 0.39533907]

rule17: -0.117 < diffClb < 0.001
probabilities_array:[0.37178385 0.28796247 0.         0.34025368]

rule1: -3.634 < climbRate < -0.297
probabilities_array:[0.31590593 0.2058765  0.         0.4782175 ]

rule4: Altitude < -29.493
probabilities_array:[0.4831549  0.1195818  0.         0.39726326]


---2---
rule3: climbRate > 3.040
probabilities_array:[0.         0.39499918 0.56613606 0.03886475]

rule19: diffClb > 0.118
probabilities_array:[0.         0.23710681 0.61703414 0.14585908]

rule2: -0.297 < climbRate < 3.040
probabilities_array:[0.         0.40917355 0.43566227 0.1551642 ]

rule18: 0.001 < diffClb < 0.118
probabilities_array:[0.         0.4047117  0.3515689  0.24371938]

rule11: RollRate > 0.004
probabilities_array:[0.         0.3256025  0.27905843 0.39533907]

rule10: 0.000 < RollRate < 0.004
probabilities_array:[0.24160811 0.00309373 0.18284467 0.5724535 ]

