MSE: 3.0961477236548872e-06

Accuracy: 0.6854504934734161

F1: 0.6236594826866679

Confusion Matrix: [[1367, 85, 40], [277, 314, 270], [62, 254, 472]]

Uncertainties: {'class0': [0.2973324954509735, 0.3596555292606354, 0.3847340941429138, 0.38937240839004517, 0.4933509826660156], 'class1': [0.02807682938873768, 0.11987411975860596, 0.132791206240654, 0.2973324954509735, 0.3596555292606354], 'class2': [0.02807682938873768, 0.11987411975860596, 0.132791206240654, 0.42441707849502563, 0.4878893792629242]}

y_test: [-0.003, -0.003, 0.001, 0.004, 0.001, 0.001, -0.004, 0.003, -0.004, 0.003, 0.001, -0.001, -0.001, -0.001, 0.003, -0.003, 0.001, -0.002, 0.001, 0.002, 0.001, 0.001, -0.001, -0.004, -0.001, 0.002, -0.001, -0.004, 0.002, -0.001, 0.012, 0.001, 0.001, 0.001, 0.002, 0.001, 0.002, 0.002, 0.001, -0.001, -0.001, -0.002, 0.002, -0.003, -0.002, 0.003, 0.001, -0.001, 0.002, 0.003, 0.001, 0.001, 0.005, -0.001, 0.001, -0.001, -0.001, -0.004, 0.001, -0.003, 0.001, 0.001, 0.001, 0.001, -0.001, -0.002, 0.003, -0.003, 0.001, 0.001, -0.001, -0.002, -0.001, 0.003, 0.003, -0.003, -0.001, 0.002, 0.004, 0.001, 0.002, 0.002, 0.001, 0.002, 0.004, 0.001, 0.002, -0.002, -0.001, 0.001, 0.001, -0.001, -0.004, 0.002, -0.001, -0.002, -0.001, -0.006, 0.004, 0.002, -0.004, 0.002, 0.002, 0.002, -0.001, -0.001, -0.004, 0.002, 0.001, -0.003, -0.002, -0.003, -0.001, 0.001, -0.001, -0.002, 0.001, 0.002, 0.001, -0.003, 0.003, -0.004, -0.002, 0.004, -0.001, 0.002, -0.001, 0.003, -0.002, 0.002, -0.001, 0.002, 0.001, 0.004, -0.001, 0.001, -0.001, 0.002, -0.001, 0.001, 0.001, 0.002, 0.003, 0.001, 0.002, -0.003, -0.001, -0.002, -0.002, -0.001, -0.002, 0.001, 0.001, -0.001, 0.002, -0.005, -0.004, 0.001, -0.001, 0.001, 0.002, -0.003, 0.001, 0.006, -0.001, -0.002, -0.001, -0.001, 0.003, 0.001, 0.001, 0.003, 0.002, -0.002, 0.001, 0.001, -0.004, 0.001, 0.001, -0.002, -0.001, -0.002, 0.002, 0.001, -0.001, 0.001, -0.001, -0.001, 0.001, 0.003, 0.001, 0.001, 0.001, 0.004, -0.002, 0.002, 0.002, 0.001, -0.003, 0.002, 0.001, -0.001, 0.002, 0.002, -0.004, -0.004, -0.001, 0.004, -0.002, -0.002, 0.001, 0.001, 0.001, 0.001, 0.002, -0.002, 0.001, -0.001, -0.004, -0.004, 0.002, 0.001, -0.003, -0.001, -0.001, -0.001, 0.003, -0.001, 0.001, 0.001, -0.001, 0.003, -0.008, 0.004, 0.003, 0.001, 0.001, -0.002, 0.001, 0.001, 0.001, 0.001, -0.002, 0.001, 0.001, 0.002, 0.002, -0.001, -0.001, -0.001, -0.002, -0.001, -0.001, 0.002, 0.005, -0.002, -0.002, 0.001, 0.001, -0.002, -0.001, 0.002, -0.003, 0.001, -0.003, 0.001, -0.001, -0.001, 0.001, 0.002, 0.003, -0.003, 0.002, -0.001, 0.003, -0.001, -0.003, 0.001, 0.001, -0.001, -0.002, -0.001, -0.004, 0.001, 0.009, -0.004, 0.001, -0.003, -0.003, 0.001, 0.002, -0.002, -0.001, -0.001, 0.001, 0.003, -0.002, 0.003, 0.003, -0.001, -0.002, -0.004, -0.002, 0.003, -0.001, 0.001, -0.001, 0.003, 0.002, -0.002, 0.002, 0.001, -0.001, 0.003, -0.001, 0.001, 0.002, -0.004, -0.001, -0.001, 0.002, 0.002, -0.001, -0.003, 0.003, -0.003, 0.001, 0.002, 0.002, 0.002, -0.004, -0.001, 0.001, 0.003, 0.001, 0.001, -0.001, 0.003, 0.001, -0.002, 0.002, 0.003, -0.001, -0.001, 0.001, -0.006, -0.001, 0.005, -0.001, -0.001, 0.001, 0.003, 0.002, -0.007, -0.003, 0.001, 0.001, -0.001, -0.002, -0.004, -0.001, -0.004, -0.002, -0.004, -0.002, 0.002, -0.002, 0.001, -0.002, -0.002, -0.002, -0.004, -0.002, 0.002, 0.001, 0.003, 0.001, -0.004, -0.003, -0.002, 0.001, 0.001, -0.002, 0.001, -0.003, -0.002, -0.003, 0.002, 0.001, -0.002, -0.001, 0.004, -0.001, 0.003, -0.001, 0.001, 0.001, -0.001, -0.013, -0.003, -0.001, -0.002, 0.003, -0.001, 0.002, 0.001, 0.001, 0.002, -0.004, 0.001, -0.001, 0.001, -0.001, 0.003, 0.001, 0.002, 0.001, 0.002, -0.003, 0.001, -0.002, -0.001, -0.001, 0.002, 0.001, -0.001, -0.001, 0.001, -0.001, 0.001, 0.002, -0.001, 0.004, 0.002, 0.001, -0.002, 0.002, -0.003, -0.001, 0.001, -0.005, -0.001, -0.001, -0.001, 0.002, 0.001, -0.002, 0.003, -0.001, -0.002, -0.001, 0.002, 0.003, 0.006, 0.001, -0.001, 0.001, -0.003, 0.001, 0.003, -0.002, 0.003, 0.001, 0.001, 0.001, -0.002, 0.001, 0.002, 0.001, 0.003, 0.001, -0.004, -0.003, 0.001, -0.003, -0.001, -0.002, 0.001, -0.001, -0.004, 0.001, -0.001, -0.001, -0.002, 0.004, -0.001, -0.002, 0.001, -0.003, 0.003, 0.002, 0.002, 0.002, -0.001, 0.001, -0.001, 0.003, 0.002, 0.001, -0.001, 0.003, 0.001, -0.002, 0.002, -0.001, 0.001, 0.002, -0.002, 0.001, 0.003, 0.005, 0.002, 0.001, -0.001, -0.001, 0.001, 0.001, 0.001, 0.002, 0.002, 0.002, -0.002, 0.001, 0.001, -0.001, 0.001, 0.001, -0.001, 0.001, 0.002, 0.001, 0.001, 0.002, 0.002, 0.001, -0.001, -0.001, -0.002, -0.001, 0.001, -0.002, 0.003, -0.001, -0.001, 0.001, -0.002, -0.001, -0.002, 0.001, 0.001, -0.002, 0.004, 0.002, -0.001, 0.003, 0.001, 0.002, 0.002, -0.001, -0.001, 0.002, -0.002, -0.006, 0.002, -0.003, -0.001, -0.001, 0.001, 0.001, 0.001, -0.002, 0.003, 0.002, 0.002, -0.003, 0.003, 0.002, -0.002, -0.001, 0.001, 0.001, -0.001, 0.001, -0.005, 0.004, -0.006, 0.001, -0.001, -0.008, -0.002, -0.002, 0.001, -0.002, 0.001, -0.001, 0.002, 0.002, -0.001, 0.001, -0.001, -0.001, -0.002, 0.001, -0.002, -0.001, -0.001, -0.003, 0.002, 0.002, -0.001, 0.001, -0.002, 0.002, 0.001, -0.005, 0.001, -0.002, 0.001, 0.001, -0.001, -0.001, -0.001, 0.001, 0.001, -0.002, -0.002, -0.004, 0.002, -0.001, -0.002, 0.001, -0.001, -0.001, 0.002, -0.003, 0.003, -0.002, 0.001, 0.004, 0.003, 0.001, -0.001, 0.001, -0.002, -0.001, 0.003, 0.002, 0.002, 0.003, -0.003, 0.001, -0.002, 0.001, 0.002, 0.001, 0.001, 0.003, 0.001, 0.001, -0.003, 0.003, -0.002, 0.002, 0.001, 0.002, -0.004, 0.003, -0.001, -0.004, -0.002, 0.001, 0.004, 0.002, -0.003, 0.001, -0.006, 0.001, -0.004, 0.003, 0.001, -0.002, 0.001, 0.004, 0.002, -0.001, -0.003, 0.004, 0.001, -0.001, 0.002, -0.001, -0.004, -0.007, 0.001, 0.002, -0.001, -0.001, -0.001, 0.001, 0.002, 0.002, -0.005, 0.008, -0.001, 0.002, -0.001, 0.001, 0.001, -0.002, -0.002, 0.001, 0.001, 0.001, -0.002, 0.001, -0.002, -0.001, -0.002, -0.002, -0.003, 0.002, 0.001, -0.002, -0.003, 0.002, -0.001, -0.002, 0.002, -0.012, 0.001, -0.002, 0.001, -0.001, 0.002, -0.002, -0.001, 0.001, -0.001, -0.003, -0.002, -0.003, 0.001, -0.002, -0.001, 0.002, 0.001, -0.002, 0.001, 0.001, -0.001, 0.001, -0.004, -0.011, -0.005, 0.002, 0.002, 0.001, -0.001, 0.004, 0.002, 0.002, 0.001, -0.002, -0.002, 0.002, -0.003, 0.003, 0.002, 0.001, -0.001, -0.001, -0.002, 0.001, -0.003, 0.001, 0.002, 0.001, -0.003, 0.001, -0.001, 0.003, -0.004, -0.003, -0.001, -0.001, -0.005, -0.001, -0.001, -0.003, 0.001, -0.002, 0.002, 0.004, 0.001, -0.001, -0.002, -0.001, 0.001, -0.001, 0.001, -0.002, 0.002, -0.001, 0.001, -0.001, -0.003, -0.002, -0.002, -0.004, 0.001, -0.002, -0.003, -0.001, 0.001, -0.001, -0.001, 0.003, 0.001, 0.002, -0.001, 0.003, 0.001, 0.001, -0.003, -0.001, 0.001, -0.001, 0.001, 0.002, -0.003, -0.001, 0.002, -0.001, 0.001, -0.003, 0.001, 0.001, -0.003, -0.001, 0.003, -0.001, 0.001, 0.004, 0.001, -0.002, 0.001, 0.005, 0.002, -0.001, 0.002, -0.002, -0.003, 0.003, 0.001, 0.002, 0.002, -0.004, -0.001, 0.002, 0.001, -0.001, -0.002, -0.003, -0.003, -0.001, -0.003, 0.001, 0.003, 0.002, -0.004, 0.001, 0.002, 0.003, 0.001, 0.002, 0.001, -0.002, -0.001, 0.001, -0.002, -0.006, -0.002, 0.003, -0.003, 0.003, -0.004, -0.002, -0.002, 0.001, -0.001, 0.001, -0.002, 0.002, 0.001, 0.001, -0.002, 0.003, -0.001, -0.003, -0.002, -0.003, -0.001, 0.001, 0.001, -0.005, -0.001, -0.001, -0.001, 0.001, -0.002, -0.001, -0.002, 0.001, -0.001, -0.002, 0.001, -0.002, -0.002, -0.003, 0.001, -0.003, -0.001, -0.004, 0.001, -0.002, -0.001, 0.002, 0.004, -0.002, 0.003, -0.003, 0.004, -0.002, 0.001, -0.002, 0.003, -0.005, 0.002, 0.001, -0.001, -0.001, -0.001, 0.001, -0.001, 0.002, -0.006, 0.003, 0.001, -0.002, 0.002, 0.004, -0.001, -0.001, -0.009, -0.001, -0.004, -0.005, 0.001, 0.002, -0.004, 0.004, -0.004, 0.001, 0.001, 0.001, -0.005, 0.001, 0.004, -0.005, -0.001, -0.002, -0.003, -0.001, 0.001, -0.002, -0.001, -0.004, -0.001, -0.001, 0.001, 0.003, -0.001, -0.005, -0.004, 0.003, 0.005, 0.002, 0.001, 0.001, 0.001, -0.001, -0.004, -0.001, -0.004, 0.002, 0.001, 0.002, 0.002, -0.001, -0.001, -0.001, -0.003, -0.003, 0.005, 0.002, 0.001, -0.001, -0.002, -0.005, -0.001, 0.001, -0.001, 0.001, 0.001, -0.002, -0.003, -0.002, 0.003, -0.001, 0.002, 0.002, 0.002, -0.004, -0.001, 0.001, 0.002, 0.001, 0.001, 0.003, 0.001, 0.001, -0.003, 0.001, 0.001, -0.002, -0.002, -0.002, -0.002, 0.002, 0.001, 0.003, -0.002, -0.001, -0.001, 0.001, 0.001, 0.002, 0.003, -0.001, -0.001, -0.003, -0.001, -0.001, -0.004, 0.001, -0.001, 0.001, -0.004, -0.001, -0.001, -0.001, -0.005, -0.004, -0.005, -0.001, 0.002, 0.001, 0.001, 0.001, 0.001, -0.001, 0.001, 0.001, 0.003, -0.001, -0.002, -0.004, -0.002, 0.002, -0.002, 0.001, -0.001, 0.002, -0.003, 0.005, -0.001, -0.008, 0.001, -0.001, -0.009, 0.001, 0.002, 0.002, -0.008, 0.002, 0.001, -0.004, 0.001, 0.005, 0.001, 0.001, -0.001, -0.001, 0.001, 0.003, 0.002, 0.001, 0.001, -0.003, -0.002, 0.001, 0.001, 0.003, 0.002, 0.001, -0.001, 0.001, -0.001, -0.001, -0.003, 0.003, -0.008, 0.003, 0.004, 0.001, 0.002, 0.002, -0.003, 0.002, 0.001, -0.002, 0.001, -0.001, 0.001, 0.001, 0.001, 0.001, 0.001, 0.001, 0.004, -0.002, -0.002, -0.001, -0.001, 0.002, 0.001, 0.002, -0.004, 0.001, -0.001, 0.001, -0.001, 0.002, -0.001, 0.002, 0.001, 0.001, -0.001, 0.001, 0.001, 0.001, 0.003, 0.003, 0.001, 0.001, 0.002, 0.002, -0.002, -0.001, -0.002, 0.001, -0.003, 0.001, 0.002, 0.001, -0.004, -0.001, 0.001, -0.001, -0.001, 0.001, -0.001, -0.001, 0.001, -0.003, 0.001, 0.003, -0.003, -0.001, -0.001, 0.003, -0.001, -0.002, 0.001, 0.001, -0.001, 0.001, 0.001, -0.003, 0.001, -0.002, -0.002, 0.003, 0.001, 0.002, 0.001, -0.001, -0.004, 0.002, 0.002, -0.001, -0.002, -0.003, 0.002, 0.001, -0.001, -0.001, 0.002, 0.001, 0.002, 0.002, -0.004, -0.002, 0.002, -0.001, -0.001, 0.002, -0.005, -0.001, 0.001, 0.007, -0.001, -0.003, -0.001, 0.004, 0.002, 0.001, 0.004, 0.002, -0.001, 0.002, -0.003, -0.002, -0.003, -0.001, -0.001, 0.002, -0.003, 0.001, 0.001, -0.003, 0.001, -0.002, 0.001, 0.003, 0.002, -0.001, 0.002, 0.001, -0.002, 0.005, 0.001, 0.002, 0.001, -0.003, 0.001, -0.001, -0.001, -0.002, 0.001, 0.003, -0.001, 0.001, -0.003, -0.001, -0.002, 0.001, 0.001, -0.001, 0.001, -0.001, -0.001, 0.002, 0.002, 0.002, -0.001, -0.001, -0.002, 0.002, -0.002, 0.002, -0.003, -0.002, 0.004, -0.002, -0.002, 0.002, 0.001, 0.003, -0.001, -0.001, -0.001, 0.003, 0.002, -0.005, 0.004, -0.005, -0.004, 0.002, 0.003, 0.008, -0.002, 0.002, 0.002, 0.001, 0.001, -0.002, 0.001, -0.001, 0.001, 0.003, -0.001, 0.004, 0.002, 0.001, -0.004, -0.002, 0.001, -0.001, -0.002, 0.001, 0.002, 0.002, 0.003, -0.002, -0.002, 0.003, -0.001, 0.001, -0.002, 0.002, -0.001, -0.002, -0.004, -0.001, -0.003, 0.003, 0.001, 0.001, 0.001, -0.002, 0.001, -0.003, -0.005, -0.003, 0.002, -0.001, 0.004, -0.002, -0.002, -0.002, 0.001, 0.002, 0.003, 0.009, -0.001, -0.001, -0.001, -0.002, -0.002, -0.002, 0.001, 0.001, 0.001, 0.002, -0.001, -0.003, -0.002, 0.002, -0.004, -0.003, 0.001, 0.002, 0.005, 0.001, 0.002, 0.001, 0.001, -0.004, 0.004, -0.001, -0.001, 0.001, 0.001, -0.002, 0.003, -0.001, -0.003, -0.004, -0.001, 0.002, 0.004, -0.001, 0.002, -0.001, 0.001, 0.001, 0.001, -0.001, 0.003, 0.004, 0.001, 0.004, 0.001, -0.001, -0.002, -0.001, 0.001, -0.002, 0.002, 0.002, -0.001, -0.001, -0.001, 0.002, 0.001, 0.001, 0.001, -0.005, -0.001, 0.001, -0.005, -0.001, -0.002, -0.002, -0.002, 0.001, 0.004, 0.003, -0.001, -0.003, -0.001, -0.003, 0.004, 0.003, -0.001, -0.004, -0.001, 0.003, 0.003, -0.001, 0.001, 0.003, -0.002, 0.001, 0.003, 0.001, -0.002, 0.001, -0.005, -0.001, 0.001, -0.001, 0.004, -0.003, 0.002, -0.001, 0.001, 0.003, 0.001, 0.001, 0.001, -0.001, 0.001, 0.003, 0.001, -0.002, -0.003, 0.001, -0.003, -0.002, 0.001, 0.002, -0.001, 0.001, 0.004, -0.002, -0.001, 0.002, -0.005, 0.003, 0.001, 0.001, -0.003, 0.001, 0.007, -0.002, 0.001, -0.002, 0.001, 0.003, -0.004, -0.002, 0.002, 0.001, 0.001, 0.001, -0.001, -0.001, 0.001, 0.001, -0.002, 0.002, -0.001, -0.003, -0.004, 0.005, 0.001, -0.002, 0.001, 0.002, -0.003, 0.001, 0.001, -0.002, -0.001, 0.002, 0.002, 0.001, -0.002, 0.001, 0.002, -0.001, 0.001, -0.002, -0.002, 0.001, 0.001, -0.001, -0.001, 0.001, 0.001, 0.001, 0.003, -0.002, 0.003, 0.002, -0.001, 0.003, -0.003, 0.002, -0.003, 0.001, -0.002, -0.003, 0.001, -0.001, -0.004, 0.006, 0.001, -0.001, 0.001, -0.002, -0.001, 0.003, -0.002, 0.002, 0.004, -0.001, -0.002, -0.003, 0.002, 0.003, -0.001, -0.001, -0.002, -0.005, -0.001, 0.001, 0.002, -0.002, -0.003, -0.001, -0.003, -0.001, -0.005, -0.005, 0.002, 0.001, -0.001, -0.003, -0.001, 0.002, -0.003, 0.002, 0.001, 0.002, -0.002, -0.004, -0.003, 0.001, -0.003, -0.001, 0.003, 0.001, 0.002, -0.002, 0.001, 0.001, 0.001, 0.001, -0.003, -0.001, -0.004, 0.002, 0.004, 0.002, 0.001, 0.002, 0.001, 0.001, 0.001, 0.003, -0.002, -0.001, 0.002, 0.001, 0.002, -0.001, 0.001, 0.001, -0.002, 0.001, 0.001, -0.001, -0.001, 0.001, 0.001, -0.003, 0.001, -0.002, -0.001, 0.004, 0.004, 0.001, -0.001, 0.002, -0.001, 0.001, 0.001, 0.002, 0.001, 0.001, -0.001, 0.003, -0.004, 0.001, 0.002, -0.001, 0.002, 0.001, 0.001, 0.002, 0.001, 0.002, -0.004, 0.001, 0.003, 0.003, 0.002, 0.001, 0.001, 0.002, 0.002, 0.001, 0.001, 0.001, 0.001, 0.001, -0.004, 0.003, 0.001, 0.001, -0.002, 0.002, 0.002, -0.001, 0.002, 0.001, -0.002, -0.001, 0.002, 0.001, -0.001, -0.003, -0.003, -0.005, -0.003, -0.001, -0.004, -0.001, -0.003, 0.003, 0.001, -0.003, -0.002, 0.001, -0.001, 0.001, 0.003, 0.001, -0.002, 0.001, 0.001, 0.002, -0.003, -0.001, -0.001, 0.001, -0.001, -0.001, 0.002, 0.001, -0.001, 0.002, -0.003, -0.008, 0.004, 0.001, 0.003, -0.003, -0.001, 0.004, -0.001, -0.002, -0.001, -0.001, -0.003, -0.001, 0.002, 0.001, -0.004, 0.001, -0.004, 0.001, 0.001, -0.003, -0.004, 0.001, 0.001, 0.003, -0.001, -0.001, -0.005, 0.003, 0.002, -0.001, -0.001, 0.001, 0.001, -0.002, 0.001, -0.002, -0.003, 0.003, 0.003, -0.002, -0.002, 0.002, 0.001, 0.002, -0.002, -0.001, -0.001, 0.001, 0.001, -0.002, -0.005, -0.002, 0.006, 0.005, 0.002, -0.001, 0.002, 0.001, -0.001, -0.002, 0.001, 0.004, -0.003, -0.002, -0.002, -0.001, -0.003, -0.003, 0.001, -0.004, 0.001, 0.001, 0.001, 0.003, -0.002, -0.002, -0.001, -0.002, -0.002, 0.001, -0.001, -0.001, -0.003, -0.001, 0.001, -0.001, 0.001, -0.001, 0.002, 0.002, 0.003, 0.001, -0.003, -0.001, -0.001, -0.004, -0.003, -0.004, 0.001, -0.002, 0.001, -0.003, 0.002, 0.001, 0.001, 0.002, -0.002, 0.002, -0.001, 0.001, 0.002, -0.007, 0.002, -0.001, -0.002, -0.002, -0.004, -0.001, -0.001, -0.001, 0.001, -0.002, -0.001, -0.003, -0.001, 0.001, -0.003, 0.002, 0.002, 0.003, 0.002, -0.001, -0.002, 0.001, 0.001, 0.001, -0.002, 0.001, -0.002, 0.003, 0.001, 0.001, -0.002, 0.001, 0.002, 0.002, 0.005, 0.002, 0.002, -0.001, 0.001, 0.004, 0.002, -0.002, 0.001, -0.002, 0.004, 0.001, -0.001, -0.001, -0.002, -0.002, -0.001, 0.001, -0.003, 0.003, 0.004, -0.001, 0.002, 0.001, 0.002, 0.001, -0.002, 0.004, 0.003, 0.002, 0.001, 0.001, -0.002, 0.005, -0.004, 0.001, -0.004, -0.002, 0.001, -0.001, -0.001, 0.001, -0.002, -0.001, 0.001, 0.003, 0.001, 0.001, -0.001, 0.001, 0.003, -0.001, -0.003, -0.002, -0.004, -0.003, 0.001, 0.003, -0.005, 0.002, 0.001, -0.001, -0.005, -0.003, -0.001, -0.001, 0.001, -0.001, 0.001, 0.001, -0.003, -0.001, -0.002, 0.001, -0.008, 0.001, 0.001, 0.002, 0.002, -0.002, 0.002, -0.001, 0.001, 0.004, 0.002, 0.002, -0.003, 0.001, -0.005, 0.001, 0.001, -0.001, 0.001, -0.002, -0.001, -0.001, 0.001, 0.001, -0.002, 0.002, -0.001, 0.001, -0.003, -0.003, -0.003, -0.005, 0.002, -0.004, 0.002, 0.001, -0.001, 0.002, 0.001, -0.008, 0.001, -0.001, -0.002, 0.002, 0.001, 0.001, 0.001, -0.001, -0.002, 0.001, 0.001, -0.004, -0.001, -0.001, -0.001, 0.001, -0.001, -0.005, -0.001, 0.002, 0.001, -0.001, 0.001, 0.001, -0.001, -0.002, 0.001, -0.002, 0.001, 0.003, 0.001, 0.001, -0.006, 0.002, -0.007, -0.002, 0.001, 0.001, 0.001, 0.001, 0.002, 0.001, 0.001, -0.001, 0.002, 0.001, 0.001, 0.002, 0.002, -0.001, -0.001, -0.001, -0.002, -0.001, -0.001, 0.001, -0.003, 0.001, 0.004, -0.002, 0.003, -0.001, -0.003, -0.002, 0.001, -0.004, 0.001, -0.002, -0.001, 0.001, 0.001, 0.005, -0.002, -0.001, -0.003, 0.002, 0.001, -0.001, 0.001, 0.002, -0.002, 0.003, 0.004, 0.003, 0.004, -0.003, 0.001, 0.006, -0.002, 0.001, 0.004, 0.002, 0.001, -0.001, -0.001, -0.003, 0.002, 0.001, -0.002, 0.002, 0.002, 0.001, -0.003, 0.002, -0.001, 0.001, 0.002, -0.002, 0.002, -0.001, -0.002, -0.001, -0.005, -0.003, 0.001, 0.001, -0.001, 0.003, 0.001, 0.001, -0.001, 0.002, 0.001, -0.005, 0.002, -0.001, -0.002, -0.001, -0.002, 0.002, -0.001, 0.004, 0.003, -0.004, 0.001, -0.002, 0.001, 0.001, -0.002, 0.002, -0.001, 0.003, -0.001, -0.003, 0.002, 0.004, 0.001, -0.001, -0.001, 0.001, 0.003, -0.002, -0.002, 0.002, 0.001, -0.004, -0.001, 0.003, -0.001, 0.001, -0.001, -0.002, 0.001, 0.001, -0.001, -0.004, 0.004, -0.002, 0.001, 0.002, -0.002, -0.002, -0.003, 0.001, 0.004, 0.002, 0.001, 0.001, -0.002, 0.001, -0.003, 0.001, -0.002, -0.003, -0.002, 0.004, 0.002, 0.002, -0.002, -0.001, 0.001, -0.002, -0.001, 0.003, 0.001, 0.001, 0.004, -0.002, 0.004, -0.001, -0.003, 0.001, 0.001, 0.001, -0.002, -0.001, -0.001, -0.001, -0.002, 0.001, -0.002, -0.003, -0.002, 0.001, -0.003, -0.001, -0.003, 0.001, -0.002, -0.002, -0.001, -0.001, -0.001, -0.001, -0.003, 0.001, 0.001, -0.002, -0.001, -0.002, 0.001, 0.001, -0.002, 0.004, 0.002, 0.001, -0.001, -0.002, 0.001, 0.001, -0.003, 0.001, 0.001, -0.005, -0.002, 0.001, -0.002, -0.002, 0.001, 0.001, -0.001, 0.003, -0.002, -0.002, -0.002, -0.002, -0.001, -0.001, 0.002, 0.001, 0.001, 0.001, 0.001, 0.001, -0.001, 0.002, 0.001, 0.002, 0.001, 0.002, -0.003, 0.002, -0.001, -0.002, 0.002, -0.002, -0.001, 0.003, -0.003, 0.001, -0.004, -0.003, -0.001, 0.009, 0.001, -0.006, -0.001, 0.002, -0.004, 0.002, 0.001, -0.001, -0.005, -0.001, 0.001, 0.001, -0.001, -0.001, -0.002, 0.002, -0.001, 0.001, -0.002, 0.004, 0.001, 0.001, 0.002, -0.005, 0.001, -0.002, 0.001, -0.003, 0.001, 0.001, -0.002, 0.002, -0.001, -0.001, -0.001, -0.001, 0.001, -0.005, 0.003, -0.001, 0.001, 0.001, -0.001, -0.001, 0.002, 0.002, 0.002, -0.003, 0.004, 0.003, 0.002, -0.001, 0.002, 0.002, -0.002, -0.005, -0.003, -0.001, 0.001, -0.003, -0.004, 0.004, 0.002, -0.001, -0.001, -0.002, -0.002, 0.001, -0.003, 0.003, 0.001, 0.001, 0.003, 0.004, 0.005, 0.001, 0.003, -0.003, 0.002, 0.001, -0.003, -0.001, 0.001, 0.001, 0.002, 0.001, 0.002, 0.005, -0.003, 0.005, -0.003, 0.001, 0.001, 0.004, -0.004, -0.001, 0.001, -0.001, -0.003, -0.002, -0.003, 0.001, -0.001, -0.001, -0.001, 0.002, 0.002, 0.006, -0.001, -0.001, 0.001, 0.001, -0.002, -0.002, -0.001, 0.001, 0.001, 0.002, -0.003, -0.003, 0.002, 0.002, 0.002, 0.002, 0.001, 0.002, -0.002, 0.001, 0.001, -0.001, -0.002, -0.001, -0.001, -0.004, -0.002, 0.001, 0.003, -0.001, -0.001, 0.001, 0.001, -0.002, -0.002, 0.001, -0.006, -0.002, -0.004, -0.002, -0.004, 0.002, 0.002, 0.002, 0.001, 0.001, -0.002, 0.001, -0.001, 0.002, -0.003, -0.004, -0.001, -0.002, -0.002, -0.002, 0.002, -0.001, -0.002, -0.002, 0.004, -0.002, 0.002, -0.001, 0.001, 0.001, 0.003, 0.002, -0.001, 0.002, 0.002, -0.001, -0.001, -0.001, 0.001, 0.003, -0.001, -0.001, -0.001, -0.002, 0.002, 0.002, -0.001, -0.001, -0.002, -0.003, -0.001, -0.005, -0.004, 0.001, 0.004, -0.004, -0.003, -0.002, 0.001, 0.001, 0.002, 0.002, 0.001, 0.006, -0.001, -0.004, 0.003, -0.003, 0.001, 0.001, 0.001, 0.002, 0.002, 0.003, -0.002, -0.003, 0.003, 0.001, 0.001, 0.001, 0.001, -0.003, 0.001, -0.005, -0.002, -0.004, 0.002, -0.002, 0.001, 0.001, 0.004, -0.004, 0.001, 0.001, 0.001, -0.003, -0.001, 0.001, 0.001, 0.001, -0.004, -0.001, 0.001, 0.002, 0.001, -0.004, -0.002, 0.001, 0.002, -0.002, 0.004, -0.003, 0.001, -0.001, 0.003, -0.001, 0.001, -0.004, -0.005, 0.002, -0.003, -0.001, 0.001, 0.002, 0.001, 0.001, -0.004, -0.001, 0.004, 0.003, -0.001, 0.002, 0.001, -0.001, 0.001, 0.003, 0.001, -0.002, -0.003, 0.002, 0.002, 0.002, 0.001, 0.001, -0.001, 0.002, 0.004, 0.002, 0.004, 0.002, 0.001, 0.001, -0.004, -0.001, 0.003, -0.002, 0.001, 0.002, -0.001, 0.001, -0.002, -0.004, 0.002, -0.001, -0.001, -0.002, -0.003, 0.004, -0.003, 0.001, 0.002, 0.001, 0.002, 0.001, -0.002, -0.001, -0.003, 0.001, 0.005, 0.001, -0.002, -0.006, 0.002, -0.004, -0.003, -0.004, 0.004, 0.002, 0.001, -0.001, 0.002, 0.001, 0.002, 0.002, -0.008, -0.002, -0.001, 0.001, 0.003, -0.001, 0.001, -0.003, 0.002, 0.001, 0.001, -0.003, -0.002, 0.001, 0.001, 0.001, -0.001, -0.002, -0.003, 0.001, 0.002, 0.004, -0.001, 0.002, -0.001, 0.001, 0.001, -0.002, -0.001, 0.001, 0.005, -0.004, -0.003, 0.002, -0.001, -0.001, -0.004, 0.004, -0.001, -0.001, 0.001, 0.001, -0.001, 0.001, 0.001, -0.001, -0.003, -0.001, 0.001, 0.001, -0.001, -0.002, 0.003, -0.001, -0.001, -0.001, -0.001, -0.003, -0.001, -0.004, 0.001, 0.001, -0.004, -0.003, -0.003, 0.001, -0.001, -0.001, 0.003, -0.001, 0.001, -0.001, -0.001, -0.001, -0.001, 0.001, 0.001, 0.001, 0.003, 0.001, -0.002, -0.003, 0.001, 0.003, 0.001, 0.001, 0.001, 0.002, -0.002, -0.001, 0.002, 0.003, -0.002, 0.002, -0.002, 0.002, 0.001, 0.002, 0.001, -0.003, 0.002, -0.001, -0.006, 0.001, 0.001, -0.001, -0.002, 0.001, -0.003, 0.002, -0.002, -0.001, 0.004, 0.001, -0.002, 0.004, -0.001, -0.001, -0.002, -0.001, 0.003, 0.006, -0.005, -0.004, -0.002, 0.002, 0.004, -0.002, 0.003, 0.001, -0.001, -0.003, 0.005, 0.001, 0.001, 0.001, 0.001, 0.002, 0.002, -0.002, 0.006, 0.001, 0.002, -0.001, 0.002, -0.001, 0.002, 0.001, 0.001, -0.002, -0.001, -0.006, -0.001, -0.001, 0.001, 0.002, -0.002, 0.003, 0.001, 0.003, 0.001, -0.001, -0.002, -0.001, 0.001, 0.008, -0.003, -0.003, -0.003, 0.002, -0.003, -0.002, -0.001, 0.004, 0.002, 0.002, 0.002, -0.005, -0.002, -0.003, 0.001, 0.001, 0.003, -0.003, -0.002, -0.002, 0.002, 0.005, 0.002, 0.001, 0.002, -0.002, 0.001, -0.002, -0.001, 0.001, 0.002, 0.001, 0.001, 0.005, 0.003, 0.004, 0.001, 0.008, 0.001, 0.001, 0.001, -0.006, 0.001, 0.001, 0.001, 0.001, -0.005, 0.001, 0.001, 0.001, -0.001, 0.001, 0.002, 0.001, -0.001, -0.001, -0.002, -0.001, -0.001, 0.004, 0.001, 0.002, -0.003, 0.001, -0.002, 0.002, 0.001, -0.001, 0.005, 0.005, 0.002, 0.001, 0.004, -0.002, 0.004, -0.001, -0.002, 0.001, -0.001, 0.002, 0.003, 0.001, -0.001, -0.002, -0.004, -0.002, 0.001, 0.002, -0.005, 0.002, 0.003, 0.001, -0.002, 0.004, 0.002, -0.005, 0.002, -0.001, -0.003, -0.002, 0.002, -0.002, 0.003, 0.001, -0.002, 0.004, -0.002, -0.001, -0.001, 0.001, 0.001, -0.001, 0.002, -0.003, -0.006, 0.001, -0.002, -0.001, 0.003, -0.001, 0.003, 0.001, -0.001, -0.001, -0.001, -0.003, 0.002, 0.001, -0.002, -0.001, 0.002, -0.001, -0.002, -0.003, -0.002, -0.003, 0.001, -0.002, -0.003, 0.001, 0.001, -0.001, -0.001, -0.001, 0.001, -0.001, 0.001, -0.001, 0.005, -0.001, 0.001, -0.001, 0.004, 0.001, 0.001, -0.003, 0.001, -0.001, 0.005, -0.002, 0.004, 0.001, 0.002, -0.002, 0.001, -0.003, 0.003, 0.001, -0.001, -0.005, -0.009, -0.006, 0.003, 0.001, 0.004, -0.001, 0.003, -0.002, -0.003, -0.002, -0.006, 0.002, -0.006, 0.002, -0.003, 0.003, 0.002, 0.001, -0.002, 0.001, -0.001, 0.001, -0.001, 0.002, 0.004, 0.002, -0.005, 0.001, 0.004, -0.003, -0.001, -0.001, -0.005, 0.005, -0.003, -0.001, 0.002, 0.001, 0.003, -0.001, -0.001, -0.001, 0.001, -0.001, 0.002, 0.002, -0.001, 0.002, 0.001, -0.001, -0.002, 0.001, -0.003, 0.001, 0.003, -0.001, -0.001, 0.006, 0.003, 0.001, -0.004, 0.001, 0.001, -0.003, 0.001, 0.001, -0.001, 0.001, 0.003, -0.001, -0.001, -0.001, 0.001, -0.003, -0.002, -0.002, -0.002, -0.003, -0.003, -0.001, 0.001, -0.001, 0.002, 0.001, 0.001, 0.003, 0.001, -0.001, 0.001, 0.001, 0.002, 0.001, 0.003, -0.001, -0.001, -0.002, 0.004, 0.001, 0.001, -0.005, -0.003, 0.002, -0.001, 0.003, -0.002, 0.001, -0.002, -0.004, -0.001, -0.001, 0.001, 0.002, 0.001, 0.002, 0.001, -0.001, -0.002, -0.001, 0.002, -0.001, 0.002, -0.001, 0.003, 0.001, 0.001, 0.001, 0.002, -0.002, 0.002, -0.004, 0.001, -0.004, -0.001, 0.002, 0.002, 0.001, -0.001, 0.002, 0.001, 0.001, -0.001, 0.001, 0.005, -0.001, -0.004, 0.006, 0.001, 0.001, 0.004, -0.001, -0.001, -0.001, 0.001, -0.001, 0.002, 0.003, -0.001, 0.001, 0.002, 0.001, -0.001, -0.003, 0.001, 0.005, -0.001, 0.001, 0.001, 0.001, 0.003, 0.003, -0.004, -0.003, 0.002, 0.002, -0.001, -0.007, -0.001, -0.002, -0.001, 0.002, -0.002, 0.001, -0.001, -0.003, -0.004, 0.001, 0.001, -0.004, -0.003, 0.001, 0.006, 0.002, -0.001, 0.001, 0.002, -0.002]

buck_pred: [0, 0, 1, 2, 0, 2, 0, 2, 0, 2, 2, 0, 0, 0, 2, 0, 1, 0, 1, 1, 2, 1, 0, 0, 0, 2, 0, 0, 1, 0, 2, 1, 2, 0, 2, 1, 2, 2, 0, 2, 0, 0, 2, 0, 0, 1, 2, 0, 2, 2, 0, 1, 0, 0, 2, 0, 0, 0, 1, 0, 0, 1, 1, 0, 2, 0, 2, 0, 2, 0, 0, 0, 1, 2, 2, 0, 0, 2, 2, 2, 2, 2, 2, 1, 2, 1, 1, 0, 0, 2, 2, 0, 0, 2, 2, 0, 2, 0, 2, 1, 0, 2, 1, 2, 0, 0, 0, 1, 2, 0, 0, 0, 0, 0, 0, 0, 2, 1, 2, 0, 0, 0, 0, 2, 0, 2, 0, 2, 0, 2, 0, 1, 0, 2, 0, 1, 0, 2, 0, 0, 0, 1, 2, 0, 2, 0, 2, 0, 0, 0, 0, 1, 2, 0, 1, 0, 0, 1, 0, 2, 1, 0, 2, 2, 0, 0, 1, 0, 2, 0, 1, 2, 2, 0, 1, 1, 0, 1, 1, 0, 0, 0, 2, 2, 0, 1, 0, 0, 2, 0, 0, 0, 2, 1, 0, 1, 2, 1, 0, 0, 1, 0, 2, 2, 0, 0, 0, 2, 0, 0, 1, 1, 1, 1, 2, 0, 1, 0, 0, 0, 1, 2, 0, 0, 0, 0, 2, 0, 1, 1, 0, 2, 0, 2, 2, 0, 0, 0, 1, 1, 1, 0, 0, 0, 0, 1, 1, 0, 2, 0, 0, 0, 0, 2, 2, 0, 2, 1, 2, 0, 0, 1, 0, 2, 0, 2, 1, 0, 2, 2, 2, 0, 1, 0, 2, 1, 0, 1, 0, 0, 0, 1, 0, 1, 2, 0, 0, 1, 0, 0, 1, 0, 0, 1, 2, 2, 0, 2, 2, 0, 0, 0, 0, 2, 0, 1, 0, 2, 0, 0, 1, 0, 0, 2, 0, 1, 1, 0, 0, 2, 0, 0, 0, 0, 1, 0, 0, 2, 0, 0, 0, 0, 0, 1, 0, 1, 0, 1, 0, 0, 2, 2, 0, 0, 2, 0, 2, 2, 0, 0, 0, 2, 2, 0, 0, 0, 0, 0, 0, 0, 1, 0, 0, 0, 0, 2, 0, 0, 0, 0, 0, 0, 0, 1, 2, 1, 1, 0, 0, 0, 1, 2, 0, 1, 0, 0, 0, 1, 2, 0, 0, 2, 0, 2, 0, 1, 1, 1, 0, 0, 1, 0, 2, 0, 1, 2, 1, 2, 0, 1, 1, 1, 0, 1, 2, 1, 1, 1, 0, 0, 0, 0, 1, 2, 1, 0, 0, 2, 1, 1, 2, 0, 2, 1, 2, 0, 1, 0, 0, 1, 0, 2, 0, 0, 2, 1, 0, 0, 0, 0, 0, 1, 2, 2, 2, 0, 0, 0, 1, 2, 0, 2, 0, 2, 2, 0, 0, 1, 1, 2, 1, 0, 0, 1, 0, 0, 0, 2, 0, 0, 0, 0, 1, 0, 2, 0, 0, 0, 0, 2, 0, 2, 2, 0, 1, 0, 1, 1, 1, 0, 2, 0, 0, 2, 0, 0, 0, 0, 2, 1, 1, 1, 2, 0, 0, 2, 2, 1, 1, 1, 2, 0, 0, 1, 0, 2, 1, 1, 1, 2, 0, 1, 1, 2, 2, 0, 0, 0, 1, 1, 0, 2, 0, 0, 0, 0, 0, 0, 0, 2, 0, 2, 1, 0, 2, 0, 2, 2, 1, 2, 1, 1, 0, 2, 0, 0, 0, 0, 1, 1, 0, 2, 2, 1, 0, 1, 1, 0, 0, 2, 2, 0, 0, 0, 2, 0, 2, 0, 0, 0, 0, 1, 0, 2, 2, 1, 2, 0, 2, 1, 0, 0, 2, 0, 0, 0, 0, 2, 0, 0, 0, 0, 1, 2, 0, 2, 0, 1, 2, 0, 1, 0, 1, 1, 0, 0, 0, 2, 0, 0, 1, 0, 0, 1, 0, 1, 0, 2, 2, 2, 1, 0, 0, 0, 0, 2, 2, 2, 2, 0, 2, 0, 0, 1, 2, 2, 0, 2, 2, 0, 2, 0, 2, 0, 1, 0, 2, 0, 0, 1, 2, 2, 1, 0, 1, 0, 1, 0, 1, 0, 0, 0, 2, 0, 0, 0, 2, 2, 1, 2, 0, 0, 0, 0, 2, 0, 0, 0, 2, 1, 2, 0, 2, 0, 2, 0, 0, 0, 0, 0, 1, 1, 1, 0, 0, 0, 0, 0, 0, 0, 1, 0, 0, 0, 2, 2, 0, 2, 0, 2, 0, 0, 0, 2, 0, 0, 1, 0, 0, 0, 0, 1, 0, 0, 2, 1, 0, 2, 1, 0, 0, 0, 0, 0, 1, 2, 0, 1, 0, 1, 2, 1, 0, 0, 2, 0, 2, 2, 2, 2, 0, 0, 0, 0, 1, 2, 2, 0, 0, 0, 1, 0, 0, 0, 0, 0, 0, 0, 0, 2, 0, 2, 1, 1, 0, 0, 0, 2, 0, 1, 0, 1, 0, 0, 0, 0, 0, 1, 0, 2, 0, 0, 0, 2, 0, 0, 2, 1, 1, 0, 1, 2, 0, 0, 0, 0, 0, 1, 2, 0, 0, 1, 0, 2, 0, 1, 0, 0, 0, 2, 0, 0, 2, 0, 0, 0, 2, 1, 0, 1, 0, 0, 1, 0, 2, 0, 0, 0, 2, 1, 0, 0, 0, 0, 0, 0, 1, 2, 0, 0, 2, 1, 2, 0, 1, 0, 0, 0, 0, 0, 0, 0, 2, 0, 2, 0, 0, 1, 0, 2, 2, 0, 2, 0, 0, 0, 2, 0, 0, 0, 0, 0, 2, 2, 0, 0, 0, 0, 1, 0, 0, 0, 0, 0, 0, 2, 0, 0, 0, 1, 0, 0, 0, 0, 0, 0, 2, 2, 0, 2, 0, 1, 0, 1, 0, 1, 0, 0, 1, 0, 0, 0, 2, 0, 1, 0, 1, 2, 1, 2, 2, 0, 0, 0, 0, 0, 0, 0, 2, 0, 1, 0, 0, 2, 2, 0, 2, 2, 0, 0, 0, 0, 0, 1, 0, 2, 0, 0, 0, 1, 1, 0, 0, 0, 2, 2, 2, 1, 0, 2, 1, 0, 1, 0, 2, 1, 1, 2, 0, 1, 0, 0, 0, 2, 1, 2, 0, 0, 0, 0, 1, 0, 0, 2, 0, 0, 0, 2, 0, 2, 1, 2, 0, 0, 0, 1, 1, 1, 2, 0, 0, 0, 0, 2, 0, 0, 0, 0, 1, 0, 2, 0, 0, 0, 0, 0, 2, 0, 0, 0, 0, 0, 0, 0, 0, 0, 0, 0, 0, 0, 0, 0, 0, 0, 0, 2, 1, 0, 2, 1, 0, 2, 1, 2, 1, 0, 0, 0, 2, 0, 0, 1, 2, 0, 2, 0, 0, 0, 0, 0, 1, 1, 2, 0, 1, 1, 0, 1, 2, 1, 1, 0, 0, 0, 1, 2, 0, 1, 0, 0, 1, 0, 2, 2, 0, 0, 0, 0, 0, 0, 2, 0, 0, 2, 2, 1, 2, 0, 2, 2, 0, 2, 2, 2, 1, 1, 2, 1, 2, 0, 1, 0, 1, 2, 2, 2, 2, 0, 1, 0, 1, 0, 1, 0, 1, 1, 1, 0, 0, 0, 0, 2, 2, 2, 2, 2, 2, 0, 0, 0, 2, 0, 1, 1, 1, 0, 0, 1, 0, 0, 0, 0, 0, 2, 0, 1, 2, 0, 0, 0, 1, 0, 0, 0, 1, 1, 1, 0, 0, 2, 0, 0, 2, 2, 1, 2, 0, 0, 2, 2, 0, 0, 0, 1, 1, 1, 0, 2, 1, 1, 2, 0, 0, 1, 0, 0, 2, 0, 0, 1, 2, 0, 0, 0, 2, 1, 0, 1, 1, 0, 2, 0, 0, 0, 0, 1, 1, 0, 0, 2, 0, 0, 0, 1, 2, 2, 0, 2, 0, 0, 1, 0, 1, 1, 0, 0, 0, 2, 0, 1, 2, 0, 2, 0, 0, 0, 1, 0, 0, 2, 0, 2, 2, 1, 2, 0, 0, 0, 2, 0, 2, 0, 1, 2, 0, 0, 2, 0, 2, 0, 0, 0, 2, 0, 0, 2, 0, 0, 2, 2, 2, 0, 2, 2, 2, 1, 0, 1, 0, 1, 1, 0, 2, 1, 2, 0, 2, 2, 0, 0, 2, 2, 1, 2, 0, 0, 2, 1, 2, 0, 2, 0, 0, 0, 0, 0, 2, 2, 1, 1, 0, 1, 0, 0, 0, 0, 0, 1, 0, 0, 0, 2, 1, 2, 2, 0, 0, 0, 0, 0, 0, 0, 1, 1, 1, 0, 0, 0, 2, 0, 0, 0, 2, 2, 2, 2, 2, 1, 0, 2, 0, 0, 0, 2, 0, 2, 0, 0, 0, 0, 1, 2, 0, 2, 0, 1, 1, 0, 0, 2, 2, 2, 2, 1, 0, 0, 0, 1, 0, 2, 1, 0, 2, 0, 2, 1, 0, 1, 0, 0, 1, 0, 0, 0, 0, 0, 0, 1, 1, 0, 0, 0, 0, 2, 2, 0, 0, 0, 1, 2, 0, 0, 0, 0, 2, 1, 2, 0, 2, 0, 0, 0, 0, 2, 0, 0, 0, 0, 2, 2, 0, 0, 0, 1, 2, 1, 0, 0, 1, 0, 0, 0, 2, 0, 1, 2, 0, 0, 2, 0, 2, 0, 0, 0, 1, 2, 0, 0, 0, 1, 2, 0, 0, 2, 2, 0, 1, 1, 0, 1, 2, 0, 2, 0, 0, 0, 2, 0, 1, 1, 2, 0, 1, 0, 0, 0, 2, 1, 0, 0, 1, 2, 0, 0, 0, 0, 1, 1, 0, 0, 2, 2, 0, 2, 0, 1, 1, 0, 1, 0, 1, 0, 0, 0, 0, 2, 0, 0, 2, 1, 0, 0, 0, 0, 2, 1, 0, 1, 0, 0, 0, 2, 2, 0, 1, 0, 0, 0, 1, 2, 1, 0, 0, 0, 1, 0, 0, 1, 2, 0, 0, 0, 1, 0, 0, 0, 2, 0, 0, 0, 2, 0, 0, 1, 2, 2, 0, 0, 2, 2, 2, 0, 1, 0, 2, 2, 2, 2, 2, 1, 0, 0, 2, 0, 0, 1, 1, 2, 2, 1, 2, 0, 1, 2, 0, 0, 1, 0, 0, 1, 1, 0, 2, 1, 1, 0, 1, 0, 1, 1, 2, 1, 0, 0, 2, 0, 2, 0, 0, 0, 2, 2, 1, 1, 2, 0, 0, 2, 2, 0, 0, 0, 2, 2, 0, 2, 2, 2, 0, 0, 1, 1, 0, 0, 1, 2, 0, 2, 0, 0, 1, 1, 2, 1, 0, 0, 0, 0, 0, 0, 0, 0, 2, 2, 0, 0, 0, 0, 1, 2, 1, 0, 2, 0, 2, 0, 0, 1, 0, 0, 0, 2, 0, 0, 2, 0, 0, 2, 1, 1, 0, 0, 2, 2, 0, 0, 0, 0, 0, 1, 1, 0, 2, 0, 1, 0, 2, 0, 1, 1, 1, 1, 0, 0, 0, 1, 0, 2, 0, 1, 0, 1, 0, 0, 1, 1, 0, 0, 2, 1, 1, 0, 0, 0, 1, 1, 0, 0, 0, 2, 2, 2, 1, 2, 0, 0, 0, 1, 2, 0, 0, 1, 0, 0, 0, 0, 0, 1, 0, 0, 1, 0, 0, 0, 2, 0, 2, 0, 0, 0, 0, 0, 0, 2, 0, 1, 1, 2, 1, 0, 0, 2, 0, 0, 0, 2, 0, 1, 0, 1, 2, 1, 0, 0, 1, 0, 0, 2, 0, 2, 2, 0, 0, 0, 0, 0, 0, 1, 0, 0, 0, 1, 2, 0, 2, 1, 1, 0, 1, 0, 0, 0, 1, 0, 2, 0, 1, 1, 2, 0, 1, 1, 1, 2, 0, 2, 0, 0, 2, 2, 0, 1, 0, 2, 2, 0, 0, 0, 0, 0, 1, 0, 2, 2, 1, 1, 2, 1, 2, 0, 1, 2, 1, 2, 0, 0, 2, 0, 0, 0, 0, 0, 0, 1, 0, 0, 0, 2, 2, 2, 2, 1, 2, 1, 1, 0, 0, 0, 0, 1, 2, 0, 2, 2, 0, 0, 0, 0, 0, 0, 0, 2, 2, 0, 0, 0, 1, 0, 1, 2, 0, 1, 0, 1, 0, 1, 2, 2, 2, 0, 0, 0, 0, 1, 0, 0, 0, 0, 0, 0, 1, 0, 1, 0, 2, 0, 0, 0, 0, 0, 0, 0, 0, 0, 2, 0, 0, 0, 2, 0, 0, 2, 2, 2, 0, 0, 1, 0, 0, 0, 0, 0, 2, 0, 0, 0, 0, 0, 0, 0, 2, 0, 0, 2, 0, 1, 2, 1, 0, 0, 2, 0, 0, 0, 1, 2, 1, 1, 1, 0, 0, 1, 0, 1, 1, 1, 0, 1, 0, 0, 0, 0, 1, 0, 1, 2, 0, 2, 0, 0, 0, 1, 0, 0, 0, 0, 2, 1, 2, 0, 0, 0, 0, 0, 0, 1, 2, 0, 1, 2, 1, 2, 0, 1, 2, 0, 2, 2, 2, 2, 0, 0, 0, 2, 0, 0, 2, 1, 0, 0, 1, 0, 0, 1, 0, 0, 0, 1, 0, 0, 1, 2, 1, 0, 2, 2, 2, 0, 2, 0, 0, 1, 0, 0, 0, 0, 1, 0, 2, 2, 0, 2, 0, 0, 2, 0, 2, 0, 2, 0, 0, 2, 0, 1, 0, 0, 2, 0, 0, 0, 2, 0, 0, 0, 1, 0, 2, 0, 0, 1, 0, 0, 0, 2, 0, 2, 2, 0, 0, 0, 2, 1, 1, 2, 2, 0, 2, 0, 1, 0, 0, 1, 2, 2, 2, 0, 0, 0, 0, 1, 2, 1, 2, 1, 0, 1, 0, 0, 0, 1, 0, 0, 0, 0, 0, 0, 1, 0, 0, 0, 0, 0, 0, 0, 2, 0, 0, 0, 0, 0, 0, 0, 0, 2, 0, 0, 0, 0, 0, 2, 2, 0, 2, 0, 0, 0, 2, 0, 0, 1, 0, 0, 1, 0, 0, 1, 0, 0, 1, 0, 0, 0, 0, 0, 0, 1, 2, 2, 0, 1, 2, 0, 1, 0, 2, 0, 2, 0, 2, 0, 0, 2, 0, 0, 2, 0, 0, 0, 0, 0, 2, 2, 0, 0, 1, 0, 2, 0, 0, 0, 0, 1, 2, 0, 0, 0, 1, 0, 1, 0, 2, 0, 0, 1, 0, 0, 0, 0, 0, 0, 1, 0, 1, 1, 1, 0, 0, 1, 0, 2, 0, 2, 1, 0, 1, 1, 2, 2, 0, 2, 2, 1, 0, 1, 0, 0, 0, 0, 0, 0, 0, 0, 2, 1, 0, 0, 0, 0, 0, 0, 1, 1, 0, 1, 2, 2, 0, 2, 0, 1, 1, 0, 0, 1, 1, 2, 0, 2, 1, 0, 2, 0, 2, 2, 2, 0, 0, 1, 0, 0, 0, 0, 2, 0, 1, 0, 0, 2, 2, 0, 0, 2, 1, 0, 0, 0, 1, 2, 1, 0, 0, 2, 2, 0, 1, 2, 1, 0, 1, 1, 0, 0, 2, 1, 0, 0, 0, 2, 0, 1, 0, 2, 0, 0, 0, 0, 0, 0, 0, 0, 2, 1, 2, 1, 2, 0, 0, 0, 2, 0, 0, 0, 0, 0, 0, 2, 1, 0, 0, 2, 0, 2, 0, 0, 1, 2, 1, 0, 1, 1, 0, 0, 0, 2, 1, 2, 0, 0, 0, 2, 2, 2, 0, 1, 0, 1, 0, 0, 2, 2, 0, 0, 0, 1, 2, 0, 2, 2, 2, 0, 0, 2, 0, 1, 0, 1, 2, 1, 2, 0, 0, 0, 0, 0, 0, 0, 0, 1, 0, 0, 0, 1, 0, 2, 1, 2, 0, 0, 0, 2, 0, 0, 0, 1, 0, 0, 0, 2, 1, 1, 0, 0, 0, 2, 0, 2, 1, 1, 0, 2, 0, 2, 0, 0, 1, 0, 0, 0, 1, 2, 0, 0, 0, 2, 1, 0, 0, 0, 0, 0, 2, 0, 0, 0, 2, 1, 1, 2, 1, 0, 1, 2, 1, 2, 1, 1, 1, 0, 0, 1, 0, 2, 2, 0, 1, 0, 0, 0, 0, 0, 0, 0, 2, 0, 1, 1, 2, 1, 1, 0, 0, 0, 2, 2, 0, 0, 0, 2, 0, 0, 0, 2, 2, 1, 0, 2, 1, 1, 2, 0, 0, 0, 2, 1, 0, 1, 0, 1, 1, 0, 0, 0, 1, 2, 2, 0, 0, 0, 2, 2, 2, 2, 2, 0, 0, 1, 0, 0, 2, 2, 0, 0, 1, 1, 0, 0, 2, 0, 0, 1, 2, 0, 1, 0, 0, 0, 0, 1, 0, 0, 0, 2, 0, 0, 0, 0, 0, 0, 0, 1, 2, 0, 0, 0, 2, 0, 0, 2, 0, 1, 0, 0, 0, 0, 0, 0, 1, 1, 2, 2, 0, 1, 2, 0, 1, 1, 1, 0, 0, 1, 2, 0, 2, 0, 2, 1, 2, 2, 0, 0, 0, 0, 1, 0, 2, 0, 0, 0, 2, 0, 1, 1, 0, 0, 2, 0, 2, 1, 0, 2, 2, 0, 0, 0, 2, 2, 0, 2, 1, 0, 0, 1, 1, 2, 2, 2, 2, 2, 0, 2, 2, 2, 0, 2, 1, 0, 2, 1, 0, 0, 0, 0, 0, 1, 1, 0, 2, 2, 2, 2, 0, 0, 0, 1, 2, 0, 0, 0, 0, 0, 0, 0, 2, 2, 1, 2, 0, 0, 2, 0, 1, 2, 0, 0, 1, 1, 2, 1, 2, 1, 0, 1, 0, 0, 2, 2, 1, 0, 1, 2, 2, 0, 2, 2, 0, 0, 0, 2, 2, 1, 1, 0, 0, 1, 1, 0, 2, 0, 0, 0, 0, 0, 0, 0, 1, 1, 2, 0, 2, 0, 1, 2, 0, 2, 2, 1, 0, 2, 0, 2, 0, 0, 1, 0, 2, 1, 1, 0, 0, 0, 0, 0, 0, 0, 1, 2, 0, 0, 2, 1, 0, 2, 0, 0, 0, 2, 0, 2, 1, 0, 2, 1, 0, 0, 2, 1, 0, 2, 0, 0, 2, 0, 0, 2, 0, 2, 2, 0, 0, 0, 0, 1, 0, 0, 0, 1, 0, 0, 0, 0, 0, 2, 0, 0, 1, 2, 0, 0, 0, 2, 0, 1, 0, 2, 0, 2, 0, 2, 2, 0, 0, 1, 0, 2, 0, 1, 2, 1, 0, 1, 0, 1, 0, 0, 0, 0, 0, 2, 2, 2, 0, 2, 0, 0, 0, 0, 2, 0, 2, 0, 1, 0, 0, 0, 2, 1, 2, 0, 1, 2, 0, 0, 2, 0, 0, 0, 0, 0, 1, 0, 0, 1, 2, 1, 0, 0, 0, 1, 0, 1, 1, 0, 2, 1, 0, 0, 2, 0, 2, 1, 0, 0, 2, 2, 1, 0, 1, 1, 0, 0, 0, 0, 1, 2, 0, 0, 0, 1, 0, 0, 0, 0, 0, 0, 1, 1, 0, 2, 0, 0, 2, 1, 1, 0, 1, 2, 1, 1, 0, 0, 0, 2, 1, 2, 0, 0, 1, 0, 2, 0, 0, 0, 0, 0, 0, 0, 2, 0, 1, 2, 0, 0, 0, 1, 0, 1, 0, 2, 1, 2, 1, 1, 0, 2, 0, 0, 0, 0, 2, 2, 0, 0, 1, 1, 2, 0, 1, 2, 0, 0, 2, 0, 2, 1, 1, 0, 0, 1, 0, 0, 2, 0, 0, 2, 1, 1, 0, 0, 2, 1, 2, 2, 0, 2, 2, 0, 0, 1, 1, 2, 0, 0, 0, 0, 1, 0, 2, 0, 0, 0, 1, 1, 0, 0, 2, 2, 0, 0, 2, 2, 0]

bins: [-0.014, -0.001, 0.001, 0.013]

Most important rules
-----------------------------

---0---
rule16: diffClb < -0.122
probabilities_array:[0.6106276 0.        0.        0.3893724]

rule17: -0.122 < diffClb < -0.003
probabilities_array:[0.50548875 0.19717872 0.         0.2973325 ]

rule8: RollRate < -0.004
probabilities_array:[0.54077905 0.07448684 0.         0.3847341 ]

rule4: Altitude < -29.383
probabilities_array:[0.49049032 0.14985417 0.         0.35965553]

rule0: climbRate < -3.634
probabilities_array:[0.506649   0.         0.         0.49335098]

rule5: -29.383 < Altitude < -12.346
probabilities_array:[0.4928353 0.        0.        0.5071647]

rule7: Altitude > 4.691
probabilities_array:[0.39685678 0.10329699 0.         0.49984622]

rule12: curRoll < -0.009
probabilities_array:[0.42673707 0.         0.02499796 0.548265  ]

rule14: 0.002 < curRoll < 0.012
probabilities_array:[0.42337862 0.01049822 0.         0.5661232 ]

rule15: curRoll > 0.012
probabilities_array:[0.4215245  0.00966075 0.         0.56881475]

rule9: -0.004 < RollRate < 0.000
probabilities_array:[0.42479047 0.         0.         0.5752095 ]

rule6: -12.346 < Altitude < 4.691
probabilities_array:[4.2336878e-01 3.5774643e-05 0.0000000e+00 5.7659549e-01]

rule1: -3.634 < climbRate < -0.343
probabilities_array:[0.28036675 0.21662213 0.         0.50301117]

rule10: 0.000 < RollRate < 0.004
probabilities_array:[0.26654008 0.01509549 0.08916544 0.62919897]

rule13: -0.009 < curRoll < 0.002
probabilities_array:[0.27025503 0.06513575 0.         0.66460925]

rule23: diffDiffClb = 0.0
probabilities_array:[0.26852864 0.         0.02287355 0.7085978 ]


---1---
rule2: -0.343 < climbRate < 2.947
probabilities_array:[0.         0.46251467 0.41761118 0.11987412]

rule3: climbRate > 2.947
probabilities_array:[0.         0.40509462 0.56682855 0.02807683]

rule19: diffClb > 0.115
probabilities_array:[0.         0.23140942 0.63579935 0.1327912 ]

rule11: RollRate > 0.004
probabilities_array:[0.         0.33362854 0.2419544  0.42441708]

rule18: -0.003 < diffClb < 0.115
probabilities_array:[0.         0.32628036 0.1858302  0.48788938]

rule17: -0.122 < diffClb < -0.003
probabilities_array:[0.50548875 0.19717872 0.         0.2973325 ]

rule1: -3.634 < climbRate < -0.343
probabilities_array:[0.28036675 0.21662213 0.         0.50301117]

rule4: Altitude < -29.383
probabilities_array:[0.49049032 0.14985417 0.         0.35965553]

rule7: Altitude > 4.691
probabilities_array:[0.39685678 0.10329699 0.         0.49984622]

rule8: RollRate < -0.004
probabilities_array:[0.54077905 0.07448684 0.         0.3847341 ]


---2---
rule19: diffClb > 0.115
probabilities_array:[0.         0.23140942 0.63579935 0.1327912 ]

rule3: climbRate > 2.947
probabilities_array:[0.         0.40509462 0.56682855 0.02807683]

rule2: -0.343 < climbRate < 2.947
probabilities_array:[0.         0.46251467 0.41761118 0.11987412]

rule11: RollRate > 0.004
probabilities_array:[0.         0.33362854 0.2419544  0.42441708]

rule18: -0.003 < diffClb < 0.115
probabilities_array:[0.         0.32628036 0.1858302  0.48788938]

