R2: 0.4493322349575761

MAE: 9.65919117647059

MSE: 158.43049095588233

Accuracy: 0.26176470588235295

F1: 0.2516978449284378

Confusion Matrix: [[15, 10, 4, 6, 0, 0, 0, 1, 0, 0], [10, 13, 2, 4, 1, 2, 0, 0, 0, 0], [11, 9, 4, 12, 1, 2, 1, 1, 0, 0], [6, 10, 2, 8, 3, 7, 0, 2, 0, 2], [2, 6, 1, 5, 7, 6, 1, 0, 0, 2], [6, 3, 6, 7, 2, 5, 2, 5, 3, 2], [1, 0, 3, 3, 2, 1, 4, 8, 5, 1], [0, 2, 1, 1, 2, 1, 2, 5, 4, 4], [1, 1, 2, 1, 4, 0, 2, 3, 8, 13], [1, 0, 0, 0, 6, 0, 0, 7, 1, 20]]

Uncertainties: {'class0': [0.003677201457321644, 0.006543123163282871, 0.019879663363099098, 0.02039412595331669, 0.026662299409508705], 'class1': [0.003677201457321644, 0.00572412833571434, 0.006543123163282871, 0.019879663363099098, 0.026662299409508705], 'class2': [0.003677201457321644, 0.00572412833571434, 0.006543123163282871, 0.02039412595331669, 0.024132585152983665], 'class3': [0.003677201457321644, 0.006543123163282871, 0.019879663363099098, 0.02039412595331669, 0.024132585152983665], 'class4': [0.003677201457321644, 0.00572412833571434, 0.006543123163282871, 0.022686593234539032, 0.024132585152983665], 'class5': [0.00572412833571434, 0.013424284756183624, 0.01728046126663685, 0.02039412595331669, 0.022686593234539032], 'class6': [0.00572412833571434, 0.013424284756183624, 0.01728046126663685, 0.019879663363099098, 0.02039412595331669], 'class7': [0.003677201457321644, 0.00572412833571434, 0.013424284756183624, 0.01728046126663685, 0.022686593234539032], 'class8': [0.00572412833571434, 0.013424284756183624, 0.01728046126663685, 0.019879663363099098, 0.02039412595331669], 'class9': [0.013424284756183624, 0.01728046126663685, 0.019879663363099098, 0.02039412595331669, 0.022686593234539032]}

Most important rules
-----------------------------

---0---
rule29: 2.101 < age < 50.413
probabilities_array:[0.24355488 0.24981281 0.22435448 0.0586262  0.1832672  0.013186
 0.01176649 0.00603787 0.00285094 0.         0.00654312]

rule0: cement < 210.050
probabilities_array:[0.2329342  0.24984865 0.15468031 0.13439739 0.08344743 0.02772575
 0.         0.04307975 0.0382315  0.         0.03565501]

rule27: fine_aggregate > 828.559
probabilities_array:[0.22093937 0.08966175 0.02158623 0.21766742 0.03319354 0.09741011
 0.00994749 0.19890933 0.         0.0766985  0.03398632]

rule15: water > 196.418
probabilities_array:[0.19770943 0.12101626 0.17274268 0.15261005 0.20505784 0.02101328
 0.03415181 0.05025831 0.03911286 0.00265031 0.0036772 ]

rule14: 181.876 < water < 196.418
probabilities_array:[0.17052329 0.03120994 0.1843633  0.14287269 0.03282163 0.
 0.27658397 0.02210791 0.         0.00954635 0.12997091]

rule9: 10.978 < fly_ash < 53.952
probabilities_array:[0.14813808 0.07366785 0.         0.23732588 0.         0.
 0.20571595 0.         0.0644298  0.25084272 0.01987966]

rule28: age < 2.101
probabilities_array:[3.7652090e-01 0.0000000e+00 0.0000000e+00 1.9322759e-04 6.7757489e-04
 0.0000000e+00 0.0000000e+00 4.1583749e-03 2.1186760e-03 0.0000000e+00
 6.1633134e-01]

rule16: superplasticizer < 2.054
probabilities_array:[0.1281222  0.1496595  0.08948235 0.         0.14328651 0.15139271
 0.1406506  0.03240377 0.05700302 0.         0.10799929]

rule11: fly_ash > 96.927
probabilities_array:[0.11385529 0.07010189 0.11905359 0.20233403 0.00320385 0.23374589
 0.06886923 0.01002946 0.13912725 0.         0.03967959]

rule26: 774.276 < fine_aggregate < 828.559
probabilities_array:[0.10113752 0.04156967 0.05218275 0.09909536 0.01994521 0.149214
 0.21383716 0.16304898 0.         0.11487904 0.04509038]

rule1: 210.050 < cement < 280.712
probabilities_array:[0.08444901 0.15629652 0.         0.19585997 0.0670183  0.00663333
 0.07449799 0.20162912 0.15726371 0.02968975 0.0266623 ]

rule23: coarse_aggregate > 1024.187
probabilities_array:[7.74094388e-02 1.48972139e-01 0.00000000e+00 0.00000000e+00
 1.70934465e-04 4.63487506e-02 4.34759893e-02 2.59339035e-01
 7.20857456e-02 2.39309341e-01 1.12888604e-01]

rule21: 920.769 < coarse_aggregate < 972.478
probabilities_array:[0.0671823  0.02029879 0.08326742 0.23090243 0.         0.18294449
 0.15512094 0.02929144 0.06754237 0.14305568 0.02039413]

rule4: blast_furnace_slag < 16.524
probabilities_array:[0.07569735 0.13278057 0.19084081 0.01082871 0.         0.27107584
 0.02995619 0.         0.00294144 0.11488652 0.17099255]


---1---
rule29: 2.101 < age < 50.413
probabilities_array:[0.24355488 0.24981281 0.22435448 0.0586262  0.1832672  0.013186
 0.01176649 0.00603787 0.00285094 0.         0.00654312]

rule0: cement < 210.050
probabilities_array:[0.2329342  0.24984865 0.15468031 0.13439739 0.08344743 0.02772575
 0.         0.04307975 0.0382315  0.         0.03565501]

rule22: 972.478 < coarse_aggregate < 1024.187
probabilities_array:[0.0348541  0.165402   0.03357534 0.02312063 0.09623417 0.12715499
 0.07812048 0.17749463 0.20379539 0.         0.06024818]

rule1: 210.050 < cement < 280.712
probabilities_array:[0.08444901 0.15629652 0.         0.19585997 0.0670183  0.00663333
 0.07449799 0.20162912 0.15726371 0.02968975 0.0266623 ]

rule6: 73.366 < blast_furnace_slag < 130.208
probabilities_array:[0.01474558 0.15682897 0.02609883 0.         0.09114236 0.00620014
 0.16579035 0.12097014 0.20566787 0.16501822 0.04753751]

rule16: superplasticizer < 2.054
probabilities_array:[0.1281222  0.1496595  0.08948235 0.         0.14328651 0.15139271
 0.1406506  0.03240377 0.05700302 0.         0.10799929]

rule23: coarse_aggregate > 1024.187
probabilities_array:[7.74094388e-02 1.48972139e-01 0.00000000e+00 0.00000000e+00
 1.70934465e-04 4.63487506e-02 4.34759893e-02 2.59339035e-01
 7.20857456e-02 2.39309341e-01 1.12888604e-01]

rule15: water > 196.418
probabilities_array:[0.19770943 0.12101626 0.17274268 0.15261005 0.20505784 0.02101328
 0.03415181 0.05025831 0.03911286 0.00265031 0.0036772 ]

rule4: blast_furnace_slag < 16.524
probabilities_array:[0.07569735 0.13278057 0.19084081 0.01082871 0.         0.27107584
 0.02995619 0.         0.00294144 0.11488652 0.17099255]

rule27: fine_aggregate > 828.559
probabilities_array:[0.22093937 0.08966175 0.02158623 0.21766742 0.03319354 0.09741011
 0.00994749 0.19890933 0.         0.0766985  0.03398632]

rule9: 10.978 < fly_ash < 53.952
probabilities_array:[0.14813808 0.07366785 0.         0.23732588 0.         0.
 0.20571595 0.         0.0644298  0.25084272 0.01987966]

rule2: 280.712 < cement < 351.373
probabilities_array:[0.         0.07000214 0.04051633 0.03942043 0.09451155 0.21211982
 0.07396267 0.11231078 0.23504323 0.09250543 0.02960768]

rule11: fly_ash > 96.927
probabilities_array:[0.11385529 0.07010189 0.11905359 0.20233403 0.00320385 0.23374589
 0.06886923 0.01002946 0.13912725 0.         0.03967959]

rule10: 53.952 < fly_ash < 96.927
probabilities_array:[0.         0.05736455 0.2449166  0.01786815 0.17453894 0.07223135
 0.13401231 0.22747612 0.06586793 0.         0.00572413]


---2---
rule10: 53.952 < fly_ash < 96.927
probabilities_array:[0.         0.05736455 0.2449166  0.01786815 0.17453894 0.07223135
 0.13401231 0.22747612 0.06586793 0.         0.00572413]

rule29: 2.101 < age < 50.413
probabilities_array:[0.24355488 0.24981281 0.22435448 0.0586262  0.1832672  0.013186
 0.01176649 0.00603787 0.00285094 0.         0.00654312]

rule15: water > 196.418
probabilities_array:[0.19770943 0.12101626 0.17274268 0.15261005 0.20505784 0.02101328
 0.03415181 0.05025831 0.03911286 0.00265031 0.0036772 ]

rule14: 181.876 < water < 196.418
probabilities_array:[0.17052329 0.03120994 0.1843633  0.14287269 0.03282163 0.
 0.27658397 0.02210791 0.         0.00954635 0.12997091]

rule4: blast_furnace_slag < 16.524
probabilities_array:[0.07569735 0.13278057 0.19084081 0.01082871 0.         0.27107584
 0.02995619 0.         0.00294144 0.11488652 0.17099255]

rule0: cement < 210.050
probabilities_array:[0.2329342  0.24984865 0.15468031 0.13439739 0.08344743 0.02772575
 0.         0.04307975 0.0382315  0.         0.03565501]

rule17: 2.054 < superplasticizer < 6.175
probabilities_array:[0.01043129 0.01857092 0.13899899 0.1403293  0.15486285 0.07328321
 0.25161585 0.         0.         0.18777512 0.02413259]

rule12: water < 167.334
probabilities_array:[0.         0.00795571 0.1337877  0.         0.         0.23136447
 0.02824268 0.09619004 0.23521034 0.20214501 0.06510401]

rule11: fly_ash > 96.927
probabilities_array:[0.11385529 0.07010189 0.11905359 0.20233403 0.00320385 0.23374589
 0.06886923 0.01002946 0.13912725 0.         0.03967959]

rule21: 920.769 < coarse_aggregate < 972.478
probabilities_array:[0.0671823  0.02029879 0.08326742 0.23090243 0.         0.18294449
 0.15512094 0.02929144 0.06754237 0.14305568 0.02039413]

rule16: superplasticizer < 2.054
probabilities_array:[0.1281222  0.1496595  0.08948235 0.         0.14328651 0.15139271
 0.1406506  0.03240377 0.05700302 0.         0.10799929]

rule5: 16.524 < blast_furnace_slag < 73.366
probabilities_array:[7.8320430e-05 0.0000000e+00 8.4805608e-02 0.0000000e+00 1.4645796e-01
 0.0000000e+00 1.0895859e-01 4.5704126e-02 2.9141653e-01 1.7392960e-01
 1.4864928e-01]

rule26: 774.276 < fine_aggregate < 828.559
probabilities_array:[0.10113752 0.04156967 0.05218275 0.09909536 0.01994521 0.149214
 0.21383716 0.16304898 0.         0.11487904 0.04509038]


---3---
rule9: 10.978 < fly_ash < 53.952
probabilities_array:[0.14813808 0.07366785 0.         0.23732588 0.         0.
 0.20571595 0.         0.0644298  0.25084272 0.01987966]

rule21: 920.769 < coarse_aggregate < 972.478
probabilities_array:[0.0671823  0.02029879 0.08326742 0.23090243 0.         0.18294449
 0.15512094 0.02929144 0.06754237 0.14305568 0.02039413]

rule27: fine_aggregate > 828.559
probabilities_array:[0.22093937 0.08966175 0.02158623 0.21766742 0.03319354 0.09741011
 0.00994749 0.19890933 0.         0.0766985  0.03398632]

rule11: fly_ash > 96.927
probabilities_array:[0.11385529 0.07010189 0.11905359 0.20233403 0.00320385 0.23374589
 0.06886923 0.01002946 0.13912725 0.         0.03967959]

rule1: 210.050 < cement < 280.712
probabilities_array:[0.08444901 0.15629652 0.         0.19585997 0.0670183  0.00663333
 0.07449799 0.20162912 0.15726371 0.02968975 0.0266623 ]

rule7: blast_furnace_slag > 130.208
probabilities_array:[0.         0.         0.         0.18899058 0.0300029  0.23107462
 0.06603698 0.19331291 0.005735   0.16975294 0.11509397]

rule18: 6.175 < superplasticizer < 10.295
probabilities_array:[0.03468453 0.         0.03262077 0.16833155 0.         0.00924825
 0.16521816 0.21410495 0.20937774 0.09960258 0.06681137]

rule15: water > 196.418
probabilities_array:[0.19770943 0.12101626 0.17274268 0.15261005 0.20505784 0.02101328
 0.03415181 0.05025831 0.03911286 0.00265031 0.0036772 ]

rule17: 2.054 < superplasticizer < 6.175
probabilities_array:[0.01043129 0.01857092 0.13899899 0.1403293  0.15486285 0.07328321
 0.25161585 0.         0.         0.18777512 0.02413259]

rule0: cement < 210.050
probabilities_array:[0.2329342  0.24984865 0.15468031 0.13439739 0.08344743 0.02772575
 0.         0.04307975 0.0382315  0.         0.03565501]

rule14: 181.876 < water < 196.418
probabilities_array:[0.17052329 0.03120994 0.1843633  0.14287269 0.03282163 0.
 0.27658397 0.02210791 0.         0.00954635 0.12997091]

rule26: 774.276 < fine_aggregate < 828.559
probabilities_array:[0.10113752 0.04156967 0.05218275 0.09909536 0.01994521 0.149214
 0.21383716 0.16304898 0.         0.11487904 0.04509038]

rule30: 50.413 < age < 98.725
probabilities_array:[0.         0.         0.         0.11063743 0.         0.10357496
 0.00088342 0.03716854 0.15699254 0.33796507 0.25277808]

rule29: 2.101 < age < 50.413
probabilities_array:[0.24355488 0.24981281 0.22435448 0.0586262  0.1832672  0.013186
 0.01176649 0.00603787 0.00285094 0.         0.00654312]


---4---
rule19: superplasticizer > 10.295
probabilities_array:[0.         0.02765436 0.         0.0235539  0.2773949  0.06527919
 0.008433   0.20437412 0.16812196 0.202502   0.02268659]

rule15: water > 196.418
probabilities_array:[0.19770943 0.12101626 0.17274268 0.15261005 0.20505784 0.02101328
 0.03415181 0.05025831 0.03911286 0.00265031 0.0036772 ]

rule25: 719.992 < fine_aggregate < 774.276
probabilities_array:[0.00967469 0.         0.03704064 0.         0.23344716 0.00921247
 0.01016702 0.27492052 0.07422242 0.20355915 0.14775586]

rule20: coarse_aggregate < 920.769
probabilities_array:[0.0000000e+00 1.6564409e-03 0.0000000e+00 1.8137336e-05 2.7786052e-01
 3.6275655e-03 9.2770159e-03 3.3918392e-02 1.4517353e-03 3.3681387e-01
 3.3537629e-01]

rule29: 2.101 < age < 50.413
probabilities_array:[0.24355488 0.24981281 0.22435448 0.0586262  0.1832672  0.013186
 0.01176649 0.00603787 0.00285094 0.         0.00654312]

rule10: 53.952 < fly_ash < 96.927
probabilities_array:[0.         0.05736455 0.2449166  0.01786815 0.17453894 0.07223135
 0.13401231 0.22747612 0.06586793 0.         0.00572413]

rule17: 2.054 < superplasticizer < 6.175
probabilities_array:[0.01043129 0.01857092 0.13899899 0.1403293  0.15486285 0.07328321
 0.25161585 0.         0.         0.18777512 0.02413259]

rule16: superplasticizer < 2.054
probabilities_array:[0.1281222  0.1496595  0.08948235 0.         0.14328651 0.15139271
 0.1406506  0.03240377 0.05700302 0.         0.10799929]

rule5: 16.524 < blast_furnace_slag < 73.366
probabilities_array:[7.8320430e-05 0.0000000e+00 8.4805608e-02 0.0000000e+00 1.4645796e-01
 0.0000000e+00 1.0895859e-01 4.5704126e-02 2.9141653e-01 1.7392960e-01
 1.4864928e-01]

rule2: 280.712 < cement < 351.373
probabilities_array:[0.         0.07000214 0.04051633 0.03942043 0.09451155 0.21211982
 0.07396267 0.11231078 0.23504323 0.09250543 0.02960768]

rule22: 972.478 < coarse_aggregate < 1024.187
probabilities_array:[0.0348541  0.165402   0.03357534 0.02312063 0.09623417 0.12715499
 0.07812048 0.17749463 0.20379539 0.         0.06024818]

rule13: 167.334 < water < 181.876
probabilities_array:[0.01890138 0.         0.         0.02368402 0.11301387 0.
 0.         0.26235446 0.02225237 0.3519865  0.20780739]

rule6: 73.366 < blast_furnace_slag < 130.208
probabilities_array:[0.01474558 0.15682897 0.02609883 0.         0.09114236 0.00620014
 0.16579035 0.12097014 0.20566787 0.16501822 0.04753751]

rule0: cement < 210.050
probabilities_array:[0.2329342  0.24984865 0.15468031 0.13439739 0.08344743 0.02772575
 0.         0.04307975 0.0382315  0.         0.03565501]

rule1: 210.050 < cement < 280.712
probabilities_array:[0.08444901 0.15629652 0.         0.19585997 0.0670183  0.00663333
 0.07449799 0.20162912 0.15726371 0.02968975 0.0266623 ]

rule8: fly_ash < 10.978
probabilities_array:[0.02379391 0.         0.         0.         0.07464181 0.
 0.07100043 0.09613915 0.08378663 0.34330976 0.30732837]


---5---
rule4: blast_furnace_slag < 16.524
probabilities_array:[0.07569735 0.13278057 0.19084081 0.01082871 0.         0.27107584
 0.02995619 0.         0.00294144 0.11488652 0.17099255]

rule11: fly_ash > 96.927
probabilities_array:[0.11385529 0.07010189 0.11905359 0.20233403 0.00320385 0.23374589
 0.06886923 0.01002946 0.13912725 0.         0.03967959]

rule12: water < 167.334
probabilities_array:[0.         0.00795571 0.1337877  0.         0.         0.23136447
 0.02824268 0.09619004 0.23521034 0.20214501 0.06510401]

rule2: 280.712 < cement < 351.373
probabilities_array:[0.         0.07000214 0.04051633 0.03942043 0.09451155 0.21211982
 0.07396267 0.11231078 0.23504323 0.09250543 0.02960768]

rule7: blast_furnace_slag > 130.208
probabilities_array:[0.         0.         0.         0.18899058 0.0300029  0.23107462
 0.06603698 0.19331291 0.005735   0.16975294 0.11509397]

rule21: 920.769 < coarse_aggregate < 972.478
probabilities_array:[0.0671823  0.02029879 0.08326742 0.23090243 0.         0.18294449
 0.15512094 0.02929144 0.06754237 0.14305568 0.02039413]

rule26: 774.276 < fine_aggregate < 828.559
probabilities_array:[0.10113752 0.04156967 0.05218275 0.09909536 0.01994521 0.149214
 0.21383716 0.16304898 0.         0.11487904 0.04509038]

rule16: superplasticizer < 2.054
probabilities_array:[0.1281222  0.1496595  0.08948235 0.         0.14328651 0.15139271
 0.1406506  0.03240377 0.05700302 0.         0.10799929]

rule31: age > 98.725
probabilities_array:[0.         0.         0.         0.         0.03514589 0.12471851
 0.21615206 0.20228253 0.24727441 0.15714613 0.01728046]

rule22: 972.478 < coarse_aggregate < 1024.187
probabilities_array:[0.0348541  0.165402   0.03357534 0.02312063 0.09623417 0.12715499
 0.07812048 0.17749463 0.20379539 0.         0.06024818]

rule24: fine_aggregate < 719.992
probabilities_array:[0.         0.01560192 0.01524081 0.02560274 0.00408683 0.09731962
 0.13216127 0.1617052  0.2619913  0.2728661  0.01342428]

rule27: fine_aggregate > 828.559
probabilities_array:[0.22093937 0.08966175 0.02158623 0.21766742 0.03319354 0.09741011
 0.00994749 0.19890933 0.         0.0766985  0.03398632]

rule30: 50.413 < age < 98.725
probabilities_array:[0.         0.         0.         0.11063743 0.         0.10357496
 0.00088342 0.03716854 0.15699254 0.33796507 0.25277808]

rule10: 53.952 < fly_ash < 96.927
probabilities_array:[0.         0.05736455 0.2449166  0.01786815 0.17453894 0.07223135
 0.13401231 0.22747612 0.06586793 0.         0.00572413]

rule17: 2.054 < superplasticizer < 6.175
probabilities_array:[0.01043129 0.01857092 0.13899899 0.1403293  0.15486285 0.07328321
 0.25161585 0.         0.         0.18777512 0.02413259]

rule19: superplasticizer > 10.295
probabilities_array:[0.         0.02765436 0.         0.0235539  0.2773949  0.06527919
 0.008433   0.20437412 0.16812196 0.202502   0.02268659]

rule23: coarse_aggregate > 1024.187
probabilities_array:[7.74094388e-02 1.48972139e-01 0.00000000e+00 0.00000000e+00
 1.70934465e-04 4.63487506e-02 4.34759893e-02 2.59339035e-01
 7.20857456e-02 2.39309341e-01 1.12888604e-01]


---6---
rule3: cement > 351.373
probabilities_array:[0.         0.         0.         0.         0.00175341 0.
 0.3346164  0.09202281 0.06212965 0.30291244 0.20656522]

rule17: 2.054 < superplasticizer < 6.175
probabilities_array:[0.01043129 0.01857092 0.13899899 0.1403293  0.15486285 0.07328321
 0.25161585 0.         0.         0.18777512 0.02413259]

rule14: 181.876 < water < 196.418
probabilities_array:[0.17052329 0.03120994 0.1843633  0.14287269 0.03282163 0.
 0.27658397 0.02210791 0.         0.00954635 0.12997091]

rule31: age > 98.725
probabilities_array:[0.         0.         0.         0.         0.03514589 0.12471851
 0.21615206 0.20228253 0.24727441 0.15714613 0.01728046]

rule26: 774.276 < fine_aggregate < 828.559
probabilities_array:[0.10113752 0.04156967 0.05218275 0.09909536 0.01994521 0.149214
 0.21383716 0.16304898 0.         0.11487904 0.04509038]

rule9: 10.978 < fly_ash < 53.952
probabilities_array:[0.14813808 0.07366785 0.         0.23732588 0.         0.
 0.20571595 0.         0.0644298  0.25084272 0.01987966]

rule6: 73.366 < blast_furnace_slag < 130.208
probabilities_array:[0.01474558 0.15682897 0.02609883 0.         0.09114236 0.00620014
 0.16579035 0.12097014 0.20566787 0.16501822 0.04753751]

rule18: 6.175 < superplasticizer < 10.295
probabilities_array:[0.03468453 0.         0.03262077 0.16833155 0.         0.00924825
 0.16521816 0.21410495 0.20937774 0.09960258 0.06681137]

rule21: 920.769 < coarse_aggregate < 972.478
probabilities_array:[0.0671823  0.02029879 0.08326742 0.23090243 0.         0.18294449
 0.15512094 0.02929144 0.06754237 0.14305568 0.02039413]

rule10: 53.952 < fly_ash < 96.927
probabilities_array:[0.         0.05736455 0.2449166  0.01786815 0.17453894 0.07223135
 0.13401231 0.22747612 0.06586793 0.         0.00572413]

rule24: fine_aggregate < 719.992
probabilities_array:[0.         0.01560192 0.01524081 0.02560274 0.00408683 0.09731962
 0.13216127 0.1617052  0.2619913  0.2728661  0.01342428]

rule16: superplasticizer < 2.054
probabilities_array:[0.1281222  0.1496595  0.08948235 0.         0.14328651 0.15139271
 0.1406506  0.03240377 0.05700302 0.         0.10799929]

rule5: 16.524 < blast_furnace_slag < 73.366
probabilities_array:[7.8320430e-05 0.0000000e+00 8.4805608e-02 0.0000000e+00 1.4645796e-01
 0.0000000e+00 1.0895859e-01 4.5704126e-02 2.9141653e-01 1.7392960e-01
 1.4864928e-01]

rule22: 972.478 < coarse_aggregate < 1024.187
probabilities_array:[0.0348541  0.165402   0.03357534 0.02312063 0.09623417 0.12715499
 0.07812048 0.17749463 0.20379539 0.         0.06024818]

rule1: 210.050 < cement < 280.712
probabilities_array:[0.08444901 0.15629652 0.         0.19585997 0.0670183  0.00663333
 0.07449799 0.20162912 0.15726371 0.02968975 0.0266623 ]

rule2: 280.712 < cement < 351.373
probabilities_array:[0.         0.07000214 0.04051633 0.03942043 0.09451155 0.21211982
 0.07396267 0.11231078 0.23504323 0.09250543 0.02960768]

rule11: fly_ash > 96.927
probabilities_array:[0.11385529 0.07010189 0.11905359 0.20233403 0.00320385 0.23374589
 0.06886923 0.01002946 0.13912725 0.         0.03967959]

rule7: blast_furnace_slag > 130.208
probabilities_array:[0.         0.         0.         0.18899058 0.0300029  0.23107462
 0.06603698 0.19331291 0.005735   0.16975294 0.11509397]

rule8: fly_ash < 10.978
probabilities_array:[0.02379391 0.         0.         0.         0.07464181 0.
 0.07100043 0.09613915 0.08378663 0.34330976 0.30732837]


---7---
rule25: 719.992 < fine_aggregate < 774.276
probabilities_array:[0.00967469 0.         0.03704064 0.         0.23344716 0.00921247
 0.01016702 0.27492052 0.07422242 0.20355915 0.14775586]

rule23: coarse_aggregate > 1024.187
probabilities_array:[7.74094388e-02 1.48972139e-01 0.00000000e+00 0.00000000e+00
 1.70934465e-04 4.63487506e-02 4.34759893e-02 2.59339035e-01
 7.20857456e-02 2.39309341e-01 1.12888604e-01]

rule10: 53.952 < fly_ash < 96.927
probabilities_array:[0.         0.05736455 0.2449166  0.01786815 0.17453894 0.07223135
 0.13401231 0.22747612 0.06586793 0.         0.00572413]

rule13: 167.334 < water < 181.876
probabilities_array:[0.01890138 0.         0.         0.02368402 0.11301387 0.
 0.         0.26235446 0.02225237 0.3519865  0.20780739]

rule18: 6.175 < superplasticizer < 10.295
probabilities_array:[0.03468453 0.         0.03262077 0.16833155 0.         0.00924825
 0.16521816 0.21410495 0.20937774 0.09960258 0.06681137]

rule19: superplasticizer > 10.295
probabilities_array:[0.         0.02765436 0.         0.0235539  0.2773949  0.06527919
 0.008433   0.20437412 0.16812196 0.202502   0.02268659]

rule31: age > 98.725
probabilities_array:[0.         0.         0.         0.         0.03514589 0.12471851
 0.21615206 0.20228253 0.24727441 0.15714613 0.01728046]

rule1: 210.050 < cement < 280.712
probabilities_array:[0.08444901 0.15629652 0.         0.19585997 0.0670183  0.00663333
 0.07449799 0.20162912 0.15726371 0.02968975 0.0266623 ]

rule27: fine_aggregate > 828.559
probabilities_array:[0.22093937 0.08966175 0.02158623 0.21766742 0.03319354 0.09741011
 0.00994749 0.19890933 0.         0.0766985  0.03398632]

rule7: blast_furnace_slag > 130.208
probabilities_array:[0.         0.         0.         0.18899058 0.0300029  0.23107462
 0.06603698 0.19331291 0.005735   0.16975294 0.11509397]

rule22: 972.478 < coarse_aggregate < 1024.187
probabilities_array:[0.0348541  0.165402   0.03357534 0.02312063 0.09623417 0.12715499
 0.07812048 0.17749463 0.20379539 0.         0.06024818]

rule24: fine_aggregate < 719.992
probabilities_array:[0.         0.01560192 0.01524081 0.02560274 0.00408683 0.09731962
 0.13216127 0.1617052  0.2619913  0.2728661  0.01342428]

rule26: 774.276 < fine_aggregate < 828.559
probabilities_array:[0.10113752 0.04156967 0.05218275 0.09909536 0.01994521 0.149214
 0.21383716 0.16304898 0.         0.11487904 0.04509038]

rule6: 73.366 < blast_furnace_slag < 130.208
probabilities_array:[0.01474558 0.15682897 0.02609883 0.         0.09114236 0.00620014
 0.16579035 0.12097014 0.20566787 0.16501822 0.04753751]

rule2: 280.712 < cement < 351.373
probabilities_array:[0.         0.07000214 0.04051633 0.03942043 0.09451155 0.21211982
 0.07396267 0.11231078 0.23504323 0.09250543 0.02960768]

rule12: water < 167.334
probabilities_array:[0.         0.00795571 0.1337877  0.         0.         0.23136447
 0.02824268 0.09619004 0.23521034 0.20214501 0.06510401]

rule3: cement > 351.373
probabilities_array:[0.         0.         0.         0.         0.00175341 0.
 0.3346164  0.09202281 0.06212965 0.30291244 0.20656522]

rule8: fly_ash < 10.978
probabilities_array:[0.02379391 0.         0.         0.         0.07464181 0.
 0.07100043 0.09613915 0.08378663 0.34330976 0.30732837]

rule15: water > 196.418
probabilities_array:[0.19770943 0.12101626 0.17274268 0.15261005 0.20505784 0.02101328
 0.03415181 0.05025831 0.03911286 0.00265031 0.0036772 ]

rule0: cement < 210.050
probabilities_array:[0.2329342  0.24984865 0.15468031 0.13439739 0.08344743 0.02772575
 0.         0.04307975 0.0382315  0.         0.03565501]


---8---
rule24: fine_aggregate < 719.992
probabilities_array:[0.         0.01560192 0.01524081 0.02560274 0.00408683 0.09731962
 0.13216127 0.1617052  0.2619913  0.2728661  0.01342428]

rule5: 16.524 < blast_furnace_slag < 73.366
probabilities_array:[7.8320430e-05 0.0000000e+00 8.4805608e-02 0.0000000e+00 1.4645796e-01
 0.0000000e+00 1.0895859e-01 4.5704126e-02 2.9141653e-01 1.7392960e-01
 1.4864928e-01]

rule31: age > 98.725
probabilities_array:[0.         0.         0.         0.         0.03514589 0.12471851
 0.21615206 0.20228253 0.24727441 0.15714613 0.01728046]

rule2: 280.712 < cement < 351.373
probabilities_array:[0.         0.07000214 0.04051633 0.03942043 0.09451155 0.21211982
 0.07396267 0.11231078 0.23504323 0.09250543 0.02960768]

rule12: water < 167.334
probabilities_array:[0.         0.00795571 0.1337877  0.         0.         0.23136447
 0.02824268 0.09619004 0.23521034 0.20214501 0.06510401]

rule6: 73.366 < blast_furnace_slag < 130.208
probabilities_array:[0.01474558 0.15682897 0.02609883 0.         0.09114236 0.00620014
 0.16579035 0.12097014 0.20566787 0.16501822 0.04753751]

rule18: 6.175 < superplasticizer < 10.295
probabilities_array:[0.03468453 0.         0.03262077 0.16833155 0.         0.00924825
 0.16521816 0.21410495 0.20937774 0.09960258 0.06681137]

rule22: 972.478 < coarse_aggregate < 1024.187
probabilities_array:[0.0348541  0.165402   0.03357534 0.02312063 0.09623417 0.12715499
 0.07812048 0.17749463 0.20379539 0.         0.06024818]

rule19: superplasticizer > 10.295
probabilities_array:[0.         0.02765436 0.         0.0235539  0.2773949  0.06527919
 0.008433   0.20437412 0.16812196 0.202502   0.02268659]

rule1: 210.050 < cement < 280.712
probabilities_array:[0.08444901 0.15629652 0.         0.19585997 0.0670183  0.00663333
 0.07449799 0.20162912 0.15726371 0.02968975 0.0266623 ]

rule11: fly_ash > 96.927
probabilities_array:[0.11385529 0.07010189 0.11905359 0.20233403 0.00320385 0.23374589
 0.06886923 0.01002946 0.13912725 0.         0.03967959]

rule30: 50.413 < age < 98.725
probabilities_array:[0.         0.         0.         0.11063743 0.         0.10357496
 0.00088342 0.03716854 0.15699254 0.33796507 0.25277808]

rule21: 920.769 < coarse_aggregate < 972.478
probabilities_array:[0.0671823  0.02029879 0.08326742 0.23090243 0.         0.18294449
 0.15512094 0.02929144 0.06754237 0.14305568 0.02039413]

rule10: 53.952 < fly_ash < 96.927
probabilities_array:[0.         0.05736455 0.2449166  0.01786815 0.17453894 0.07223135
 0.13401231 0.22747612 0.06586793 0.         0.00572413]

rule23: coarse_aggregate > 1024.187
probabilities_array:[7.74094388e-02 1.48972139e-01 0.00000000e+00 0.00000000e+00
 1.70934465e-04 4.63487506e-02 4.34759893e-02 2.59339035e-01
 7.20857456e-02 2.39309341e-01 1.12888604e-01]

rule25: 719.992 < fine_aggregate < 774.276
probabilities_array:[0.00967469 0.         0.03704064 0.         0.23344716 0.00921247
 0.01016702 0.27492052 0.07422242 0.20355915 0.14775586]

rule9: 10.978 < fly_ash < 53.952
probabilities_array:[0.14813808 0.07366785 0.         0.23732588 0.         0.
 0.20571595 0.         0.0644298  0.25084272 0.01987966]

rule8: fly_ash < 10.978
probabilities_array:[0.02379391 0.         0.         0.         0.07464181 0.
 0.07100043 0.09613915 0.08378663 0.34330976 0.30732837]

rule16: superplasticizer < 2.054
probabilities_array:[0.1281222  0.1496595  0.08948235 0.         0.14328651 0.15139271
 0.1406506  0.03240377 0.05700302 0.         0.10799929]

rule3: cement > 351.373
probabilities_array:[0.         0.         0.         0.         0.00175341 0.
 0.3346164  0.09202281 0.06212965 0.30291244 0.20656522]


---9---
rule13: 167.334 < water < 181.876
probabilities_array:[0.01890138 0.         0.         0.02368402 0.11301387 0.
 0.         0.26235446 0.02225237 0.3519865  0.20780739]

rule24: fine_aggregate < 719.992
probabilities_array:[0.         0.01560192 0.01524081 0.02560274 0.00408683 0.09731962
 0.13216127 0.1617052  0.2619913  0.2728661  0.01342428]

rule30: 50.413 < age < 98.725
probabilities_array:[0.         0.         0.         0.11063743 0.         0.10357496
 0.00088342 0.03716854 0.15699254 0.33796507 0.25277808]

rule9: 10.978 < fly_ash < 53.952
probabilities_array:[0.14813808 0.07366785 0.         0.23732588 0.         0.
 0.20571595 0.         0.0644298  0.25084272 0.01987966]

rule3: cement > 351.373
probabilities_array:[0.         0.         0.         0.         0.00175341 0.
 0.3346164  0.09202281 0.06212965 0.30291244 0.20656522]

rule8: fly_ash < 10.978
probabilities_array:[0.02379391 0.         0.         0.         0.07464181 0.
 0.07100043 0.09613915 0.08378663 0.34330976 0.30732837]

rule20: coarse_aggregate < 920.769
probabilities_array:[0.0000000e+00 1.6564409e-03 0.0000000e+00 1.8137336e-05 2.7786052e-01
 3.6275655e-03 9.2770159e-03 3.3918392e-02 1.4517353e-03 3.3681387e-01
 3.3537629e-01]

rule23: coarse_aggregate > 1024.187
probabilities_array:[7.74094388e-02 1.48972139e-01 0.00000000e+00 0.00000000e+00
 1.70934465e-04 4.63487506e-02 4.34759893e-02 2.59339035e-01
 7.20857456e-02 2.39309341e-01 1.12888604e-01]

rule19: superplasticizer > 10.295
probabilities_array:[0.         0.02765436 0.         0.0235539  0.2773949  0.06527919
 0.008433   0.20437412 0.16812196 0.202502   0.02268659]

rule12: water < 167.334
probabilities_array:[0.         0.00795571 0.1337877  0.         0.         0.23136447
 0.02824268 0.09619004 0.23521034 0.20214501 0.06510401]

rule17: 2.054 < superplasticizer < 6.175
probabilities_array:[0.01043129 0.01857092 0.13899899 0.1403293  0.15486285 0.07328321
 0.25161585 0.         0.         0.18777512 0.02413259]

rule25: 719.992 < fine_aggregate < 774.276
probabilities_array:[0.00967469 0.         0.03704064 0.         0.23344716 0.00921247
 0.01016702 0.27492052 0.07422242 0.20355915 0.14775586]

rule6: 73.366 < blast_furnace_slag < 130.208
probabilities_array:[0.01474558 0.15682897 0.02609883 0.         0.09114236 0.00620014
 0.16579035 0.12097014 0.20566787 0.16501822 0.04753751]

rule31: age > 98.725
probabilities_array:[0.         0.         0.         0.         0.03514589 0.12471851
 0.21615206 0.20228253 0.24727441 0.15714613 0.01728046]

rule7: blast_furnace_slag > 130.208
probabilities_array:[0.         0.         0.         0.18899058 0.0300029  0.23107462
 0.06603698 0.19331291 0.005735   0.16975294 0.11509397]

rule5: 16.524 < blast_furnace_slag < 73.366
probabilities_array:[7.8320430e-05 0.0000000e+00 8.4805608e-02 0.0000000e+00 1.4645796e-01
 0.0000000e+00 1.0895859e-01 4.5704126e-02 2.9141653e-01 1.7392960e-01
 1.4864928e-01]

rule21: 920.769 < coarse_aggregate < 972.478
probabilities_array:[0.0671823  0.02029879 0.08326742 0.23090243 0.         0.18294449
 0.15512094 0.02929144 0.06754237 0.14305568 0.02039413]

rule26: 774.276 < fine_aggregate < 828.559
probabilities_array:[0.10113752 0.04156967 0.05218275 0.09909536 0.01994521 0.149214
 0.21383716 0.16304898 0.         0.11487904 0.04509038]

rule4: blast_furnace_slag < 16.524
probabilities_array:[0.07569735 0.13278057 0.19084081 0.01082871 0.         0.27107584
 0.02995619 0.         0.00294144 0.11488652 0.17099255]

rule18: 6.175 < superplasticizer < 10.295
probabilities_array:[0.03468453 0.         0.03262077 0.16833155 0.         0.00924825
 0.16521816 0.21410495 0.20937774 0.09960258 0.06681137]

rule2: 280.712 < cement < 351.373
probabilities_array:[0.         0.07000214 0.04051633 0.03942043 0.09451155 0.21211982
 0.07396267 0.11231078 0.23504323 0.09250543 0.02960768]

rule27: fine_aggregate > 828.559
probabilities_array:[0.22093937 0.08966175 0.02158623 0.21766742 0.03319354 0.09741011
 0.00994749 0.19890933 0.         0.0766985  0.03398632]

