R2: 0.4201274869117295

MAE: 9.963485294117648

MSE: 166.3570238970588

Accuracy: 0.3205882352941177

F1: 0.30974971306929294

Confusion Matrix: [[17, 6, 4, 5, 0, 0, 1, 0, 0], [13, 18, 3, 8, 2, 1, 3, 0, 0], [12, 12, 7, 6, 2, 3, 4, 2, 1], [5, 6, 4, 13, 2, 3, 0, 0, 2], [3, 8, 3, 9, 4, 5, 8, 0, 6], [1, 4, 4, 2, 2, 8, 3, 2, 6], [0, 2, 2, 4, 1, 3, 7, 4, 6], [0, 1, 2, 2, 1, 1, 4, 10, 11], [0, 0, 2, 2, 2, 0, 3, 2, 25]]

Uncertainties: {'class0': [0.003940672613680363, 0.004009800963103771, 0.005683558061718941, 0.0234701968729496, 0.024627158418297768], 'class1': [0.004009800963103771, 0.005683558061718941, 0.0234701968729496, 0.024627158418297768, 0.027166808024048805], 'class2': [0.003940672613680363, 0.004009800963103771, 0.005683558061718941, 0.02396315708756447, 0.024627158418297768], 'class3': [0.004009800963103771, 0.005683558061718941, 0.019513564184308052, 0.024627158418297768, 0.027166808024048805], 'class4': [0.003940672613680363, 0.004009800963103771, 0.005683558061718941, 0.011216089129447937, 0.0234701968729496], 'class5': [0.003940672613680363, 0.011216089129447937, 0.019513564184308052, 0.0234701968729496, 0.02396315708756447], 'class6': [0.003940672613680363, 0.004009800963103771, 0.011216089129447937, 0.019513564184308052, 0.0234701968729496], 'class7': [0.003940672613680363, 0.004009800963103771, 0.011216089129447937, 0.019513564184308052, 0.0234701968729496], 'class8': [0.011216089129447937, 0.019513564184308052, 0.0234701968729496, 0.02396315708756447, 0.03281458094716072]}

Most important rules
-----------------------------

---0---
rule0: cement < 211.101
probabilities_array:[0.3018339  0.30014622 0.04952475 0.11944019 0.07861083 0.0174665
 0.03030305 0.07804736 0.         0.02462716]

rule15: water > 196.305
probabilities_array:[0.262653   0.12342995 0.14408648 0.1643291  0.12870364 0.03706273
 0.07441219 0.05978426 0.00152892 0.0040098 ]

rule29: 2.379 < age < 49.477
probabilities_array:[0.22697112 0.28510824 0.21653888 0.1572363  0.0694794  0.01558108
 0.01793918 0.00546219 0.         0.00568356]

rule14: 181.628 < water < 196.305
probabilities_array:[0.2481526  0.16819578 0.0425825  0.12714976 0.         0.22413498
 0.02897814 0.0521667  0.         0.10863952]

rule28: age < 2.379
probabilities_array:[4.3894991e-01 0.0000000e+00 0.0000000e+00 4.7375832e-04 2.3915996e-03
 0.0000000e+00 4.4870297e-03 0.0000000e+00 0.0000000e+00 5.5369771e-01]

rule16: superplasticizer < 2.099
probabilities_array:[0.21450627 0.21967623 0.1610015  0.02522997 0.01341224 0.12817731
 0.11968462 0.         0.         0.11831182]

rule23: coarse_aggregate > 1024.351
probabilities_array:[0.1794397  0.01416226 0.03409544 0.00249268 0.         0.07487865
 0.17931904 0.0688352  0.26108515 0.1856919 ]

rule1: 211.101 < cement < 282.272
probabilities_array:[0.13742296 0.19727233 0.         0.16418113 0.         0.10609387
 0.20428659 0.13530901 0.         0.05543409]

rule27: fine_aggregate > 828.436
probabilities_array:[0.13307697 0.0008522  0.06985609 0.05513026 0.11665521 0.05014908
 0.27428207 0.         0.17782392 0.12217417]

rule4: blast_furnace_slag < 16.504
probabilities_array:[0.12457255 0.1867522  0.27037463 0.0153726  0.15508732 0.
 0.03551111 0.         0.08409424 0.12823538]

rule22: 972.096 < coarse_aggregate < 1024.351
probabilities_array:[0.10840704 0.15784563 0.12709992 0.0324203  0.10582797 0.14243947
 0.13485238 0.1269109  0.         0.0641963 ]

rule21: 919.841 < coarse_aggregate < 972.096
probabilities_array:[0.08927844 0.         0.12759902 0.04265585 0.03591256 0.14587992
 0.         0.3135012  0.14102662 0.10414645]

rule18: 6.280 < superplasticizer < 10.460
probabilities_array:[0.08234812 0.         0.1221076  0.04600045 0.04094449 0.03269764
 0.16237737 0.22156855 0.252539   0.03941679]

rule13: 166.952 < water < 181.628
probabilities_array:[0.07983526 0.08205049 0.03053107 0.         0.07956008 0.23281886
 0.21893571 0.08606178 0.16673647 0.0234702 ]

rule10: 53.218 < fly_ash < 96.451
probabilities_array:[6.8023808e-02 0.0000000e+00 1.4644143e-01 3.7041750e-02 2.4559331e-01
 1.8366893e-01 2.4005674e-01 7.5091340e-02 1.4209969e-04 3.9406726e-03]

rule26: 773.872 < fine_aggregate < 828.436
probabilities_array:[0.06249166 0.05657021 0.09571053 0.10544105 0.         0.20773126
 0.14309306 0.00720693 0.22486578 0.09688957]


---1---
rule0: cement < 211.101
probabilities_array:[0.3018339  0.30014622 0.04952475 0.11944019 0.07861083 0.0174665
 0.03030305 0.07804736 0.         0.02462716]

rule29: 2.379 < age < 49.477
probabilities_array:[0.22697112 0.28510824 0.21653888 0.1572363  0.0694794  0.01558108
 0.01793918 0.00546219 0.         0.00568356]

rule16: superplasticizer < 2.099
probabilities_array:[0.21450627 0.21967623 0.1610015  0.02522997 0.01341224 0.12817731
 0.11968462 0.         0.         0.11831182]

rule1: 211.101 < cement < 282.272
probabilities_array:[0.13742296 0.19727233 0.         0.16418113 0.         0.10609387
 0.20428659 0.13530901 0.         0.05543409]

rule4: blast_furnace_slag < 16.504
probabilities_array:[0.12457255 0.1867522  0.27037463 0.0153726  0.15508732 0.
 0.03551111 0.         0.08409424 0.12823538]

rule14: 181.628 < water < 196.305
probabilities_array:[0.2481526  0.16819578 0.0425825  0.12714976 0.         0.22413498
 0.02897814 0.0521667  0.         0.10863952]

rule22: 972.096 < coarse_aggregate < 1024.351
probabilities_array:[0.10840704 0.15784563 0.12709992 0.0324203  0.10582797 0.14243947
 0.13485238 0.1269109  0.         0.0641963 ]

rule15: water > 196.305
probabilities_array:[0.262653   0.12342995 0.14408648 0.1643291  0.12870364 0.03706273
 0.07441219 0.05978426 0.00152892 0.0040098 ]

rule11: fly_ash > 96.451
probabilities_array:[0.03001706 0.10127825 0.15638861 0.23133297 0.14229853 0.06462032
 0.14634976 0.03304518 0.0137871  0.08088218]

rule13: 166.952 < water < 181.628
probabilities_array:[0.07983526 0.08205049 0.03053107 0.         0.07956008 0.23281886
 0.21893571 0.08606178 0.16673647 0.0234702 ]

rule9: 9.984 < fly_ash < 53.218
probabilities_array:[0.         0.10315315 0.         0.1355838  0.         0.
 0.04887187 0.43806008 0.         0.27433106]

rule20: coarse_aggregate < 919.841
probabilities_array:[0.         0.07725277 0.02015995 0.05494085 0.13319586 0.01440539
 0.16032135 0.         0.34263426 0.19708964]

rule26: 773.872 < fine_aggregate < 828.436
probabilities_array:[0.06249166 0.05657021 0.09571053 0.10544105 0.         0.20773126
 0.14309306 0.00720693 0.22486578 0.09688957]

rule2: 282.272 < cement < 353.444
probabilities_array:[3.7047794e-05 4.1709110e-02 2.8302493e-02 2.1998060e-01 1.1486228e-01
 1.9285969e-01 7.7296123e-02 2.6267430e-01 3.5111487e-02 2.7166808e-02]


---2---
rule4: blast_furnace_slag < 16.504
probabilities_array:[0.12457255 0.1867522  0.27037463 0.0153726  0.15508732 0.
 0.03551111 0.         0.08409424 0.12823538]

rule29: 2.379 < age < 49.477
probabilities_array:[0.22697112 0.28510824 0.21653888 0.1572363  0.0694794  0.01558108
 0.01793918 0.00546219 0.         0.00568356]

rule17: 2.099 < superplasticizer < 6.280
probabilities_array:[0.0119484  0.01030628 0.19141218 0.05408139 0.24957241 0.22718437
 0.         0.00599813 0.21271062 0.03678621]

rule10: 53.218 < fly_ash < 96.451
probabilities_array:[6.8023808e-02 0.0000000e+00 1.4644143e-01 3.7041750e-02 2.4559331e-01
 1.8366893e-01 2.4005674e-01 7.5091340e-02 1.4209969e-04 3.9406726e-03]

rule11: fly_ash > 96.451
probabilities_array:[0.03001706 0.10127825 0.15638861 0.23133297 0.14229853 0.06462032
 0.14634976 0.03304518 0.0137871  0.08088218]

rule15: water > 196.305
probabilities_array:[0.262653   0.12342995 0.14408648 0.1643291  0.12870364 0.03706273
 0.07441219 0.05978426 0.00152892 0.0040098 ]

rule16: superplasticizer < 2.099
probabilities_array:[0.21450627 0.21967623 0.1610015  0.02522997 0.01341224 0.12817731
 0.11968462 0.         0.         0.11831182]

rule7: blast_furnace_slag > 132.245
probabilities_array:[0.00294757 0.         0.1401987  0.02703734 0.17704523 0.16345765
 0.27894852 0.02618366 0.1602182  0.02396316]

rule22: 972.096 < coarse_aggregate < 1024.351
probabilities_array:[0.10840704 0.15784563 0.12709992 0.0324203  0.10582797 0.14243947
 0.13485238 0.1269109  0.         0.0641963 ]

rule18: 6.280 < superplasticizer < 10.460
probabilities_array:[0.08234812 0.         0.1221076  0.04600045 0.04094449 0.03269764
 0.16237737 0.22156855 0.252539   0.03941679]

rule21: 919.841 < coarse_aggregate < 972.096
probabilities_array:[0.08927844 0.         0.12759902 0.04265585 0.03591256 0.14587992
 0.         0.3135012  0.14102662 0.10414645]

rule26: 773.872 < fine_aggregate < 828.436
probabilities_array:[0.06249166 0.05657021 0.09571053 0.10544105 0.         0.20773126
 0.14309306 0.00720693 0.22486578 0.09688957]

rule5: 16.504 < blast_furnace_slag < 74.374
probabilities_array:[0.         0.00523944 0.07587563 0.         0.         0.17047213
 0.07574193 0.280854   0.2637203  0.12809654]

rule27: fine_aggregate > 828.436
probabilities_array:[0.13307697 0.0008522  0.06985609 0.05513026 0.11665521 0.05014908
 0.27428207 0.         0.17782392 0.12217417]

rule0: cement < 211.101
probabilities_array:[0.3018339  0.30014622 0.04952475 0.11944019 0.07861083 0.0174665
 0.03030305 0.07804736 0.         0.02462716]


---3---
rule30: 49.477 < age < 96.575
probabilities_array:[0.         0.         0.01159926 0.30963674 0.04675912 0.0647879
 0.13127835 0.13608746 0.2670366  0.03281458]

rule2: 282.272 < cement < 353.444
probabilities_array:[3.7047794e-05 4.1709110e-02 2.8302493e-02 2.1998060e-01 1.1486228e-01
 1.9285969e-01 7.7296123e-02 2.6267430e-01 3.5111487e-02 2.7166808e-02]

rule11: fly_ash > 96.451
probabilities_array:[0.03001706 0.10127825 0.15638861 0.23133297 0.14229853 0.06462032
 0.14634976 0.03304518 0.0137871  0.08088218]

rule15: water > 196.305
probabilities_array:[0.262653   0.12342995 0.14408648 0.1643291  0.12870364 0.03706273
 0.07441219 0.05978426 0.00152892 0.0040098 ]

rule29: 2.379 < age < 49.477
probabilities_array:[0.22697112 0.28510824 0.21653888 0.1572363  0.0694794  0.01558108
 0.01793918 0.00546219 0.         0.00568356]

rule1: 211.101 < cement < 282.272
probabilities_array:[0.13742296 0.19727233 0.         0.16418113 0.         0.10609387
 0.20428659 0.13530901 0.         0.05543409]

rule25: 719.309 < fine_aggregate < 773.872
probabilities_array:[0.         0.03413763 0.02047723 0.15006612 0.16730747 0.04820915
 0.01051306 0.3346965  0.19232123 0.04227161]

rule0: cement < 211.101
probabilities_array:[0.3018339  0.30014622 0.04952475 0.11944019 0.07861083 0.0174665
 0.03030305 0.07804736 0.         0.02462716]

rule6: 74.374 < blast_furnace_slag < 132.245
probabilities_array:[0.         0.01397249 0.         0.12327868 0.04044732 0.27341968
 0.06649118 0.25098324 0.17556956 0.0558379 ]

rule14: 181.628 < water < 196.305
probabilities_array:[0.2481526  0.16819578 0.0425825  0.12714976 0.         0.22413498
 0.02897814 0.0521667  0.         0.10863952]

rule9: 9.984 < fly_ash < 53.218
probabilities_array:[0.         0.10315315 0.         0.1355838  0.         0.
 0.04887187 0.43806008 0.         0.27433106]

rule26: 773.872 < fine_aggregate < 828.436
probabilities_array:[0.06249166 0.05657021 0.09571053 0.10544105 0.         0.20773126
 0.14309306 0.00720693 0.22486578 0.09688957]

rule24: fine_aggregate < 719.309
probabilities_array:[0.         0.         0.00329023 0.08336773 0.03974771 0.14305384
 0.05707609 0.2566994  0.39725146 0.01951356]

rule12: water < 166.952
probabilities_array:[0.         0.00069808 0.01794003 0.05949974 0.28351542 0.01979415
 0.03146283 0.24903151 0.24802108 0.09003716]

rule17: 2.099 < superplasticizer < 6.280
probabilities_array:[0.0119484  0.01030628 0.19141218 0.05408139 0.24957241 0.22718437
 0.         0.00599813 0.21271062 0.03678621]

rule27: fine_aggregate > 828.436
probabilities_array:[0.13307697 0.0008522  0.06985609 0.05513026 0.11665521 0.05014908
 0.27428207 0.         0.17782392 0.12217417]

rule18: 6.280 < superplasticizer < 10.460
probabilities_array:[0.08234812 0.         0.1221076  0.04600045 0.04094449 0.03269764
 0.16237737 0.22156855 0.252539   0.03941679]

rule20: coarse_aggregate < 919.841
probabilities_array:[0.         0.07725277 0.02015995 0.05494085 0.13319586 0.01440539
 0.16032135 0.         0.34263426 0.19708964]


---4---
rule12: water < 166.952
probabilities_array:[0.         0.00069808 0.01794003 0.05949974 0.28351542 0.01979415
 0.03146283 0.24903151 0.24802108 0.09003716]

rule10: 53.218 < fly_ash < 96.451
probabilities_array:[6.8023808e-02 0.0000000e+00 1.4644143e-01 3.7041750e-02 2.4559331e-01
 1.8366893e-01 2.4005674e-01 7.5091340e-02 1.4209969e-04 3.9406726e-03]

rule17: 2.099 < superplasticizer < 6.280
probabilities_array:[0.0119484  0.01030628 0.19141218 0.05408139 0.24957241 0.22718437
 0.         0.00599813 0.21271062 0.03678621]

rule7: blast_furnace_slag > 132.245
probabilities_array:[0.00294757 0.         0.1401987  0.02703734 0.17704523 0.16345765
 0.27894852 0.02618366 0.1602182  0.02396316]

rule25: 719.309 < fine_aggregate < 773.872
probabilities_array:[0.         0.03413763 0.02047723 0.15006612 0.16730747 0.04820915
 0.01051306 0.3346965  0.19232123 0.04227161]

rule31: age > 96.575
probabilities_array:[0.         0.         0.0161492  0.02328149 0.15749279 0.17702855
 0.1623773  0.22801861 0.22443604 0.01121609]

rule4: blast_furnace_slag < 16.504
probabilities_array:[0.12457255 0.1867522  0.27037463 0.0153726  0.15508732 0.
 0.03551111 0.         0.08409424 0.12823538]

rule11: fly_ash > 96.451
probabilities_array:[0.03001706 0.10127825 0.15638861 0.23133297 0.14229853 0.06462032
 0.14634976 0.03304518 0.0137871  0.08088218]

rule15: water > 196.305
probabilities_array:[0.262653   0.12342995 0.14408648 0.1643291  0.12870364 0.03706273
 0.07441219 0.05978426 0.00152892 0.0040098 ]

rule2: 282.272 < cement < 353.444
probabilities_array:[3.7047794e-05 4.1709110e-02 2.8302493e-02 2.1998060e-01 1.1486228e-01
 1.9285969e-01 7.7296123e-02 2.6267430e-01 3.5111487e-02 2.7166808e-02]

rule20: coarse_aggregate < 919.841
probabilities_array:[0.         0.07725277 0.02015995 0.05494085 0.13319586 0.01440539
 0.16032135 0.         0.34263426 0.19708964]

rule27: fine_aggregate > 828.436
probabilities_array:[0.13307697 0.0008522  0.06985609 0.05513026 0.11665521 0.05014908
 0.27428207 0.         0.17782392 0.12217417]

rule22: 972.096 < coarse_aggregate < 1024.351
probabilities_array:[0.10840704 0.15784563 0.12709992 0.0324203  0.10582797 0.14243947
 0.13485238 0.1269109  0.         0.0641963 ]

rule13: 166.952 < water < 181.628
probabilities_array:[0.07983526 0.08205049 0.03053107 0.         0.07956008 0.23281886
 0.21893571 0.08606178 0.16673647 0.0234702 ]

rule0: cement < 211.101
probabilities_array:[0.3018339  0.30014622 0.04952475 0.11944019 0.07861083 0.0174665
 0.03030305 0.07804736 0.         0.02462716]

rule29: 2.379 < age < 49.477
probabilities_array:[0.22697112 0.28510824 0.21653888 0.1572363  0.0694794  0.01558108
 0.01793918 0.00546219 0.         0.00568356]

rule19: superplasticizer > 10.460
probabilities_array:[0.         0.03565229 0.         0.01630087 0.07333306 0.01342831
 0.12306391 0.20713137 0.27621958 0.2548706 ]

rule30: 49.477 < age < 96.575
probabilities_array:[0.         0.         0.01159926 0.30963674 0.04675912 0.0647879
 0.13127835 0.13608746 0.2670366  0.03281458]


---5---
rule6: 74.374 < blast_furnace_slag < 132.245
probabilities_array:[0.         0.01397249 0.         0.12327868 0.04044732 0.27341968
 0.06649118 0.25098324 0.17556956 0.0558379 ]

rule3: cement > 353.444
probabilities_array:[0.         0.         0.03084693 0.02125158 0.02647449 0.25905225
 0.2732259  0.03379879 0.28959644 0.06575358]

rule13: 166.952 < water < 181.628
probabilities_array:[0.07983526 0.08205049 0.03053107 0.         0.07956008 0.23281886
 0.21893571 0.08606178 0.16673647 0.0234702 ]

rule17: 2.099 < superplasticizer < 6.280
probabilities_array:[0.0119484  0.01030628 0.19141218 0.05408139 0.24957241 0.22718437
 0.         0.00599813 0.21271062 0.03678621]

rule14: 181.628 < water < 196.305
probabilities_array:[0.2481526  0.16819578 0.0425825  0.12714976 0.         0.22413498
 0.02897814 0.0521667  0.         0.10863952]

rule2: 282.272 < cement < 353.444
probabilities_array:[3.7047794e-05 4.1709110e-02 2.8302493e-02 2.1998060e-01 1.1486228e-01
 1.9285969e-01 7.7296123e-02 2.6267430e-01 3.5111487e-02 2.7166808e-02]

rule26: 773.872 < fine_aggregate < 828.436
probabilities_array:[0.06249166 0.05657021 0.09571053 0.10544105 0.         0.20773126
 0.14309306 0.00720693 0.22486578 0.09688957]

rule10: 53.218 < fly_ash < 96.451
probabilities_array:[6.8023808e-02 0.0000000e+00 1.4644143e-01 3.7041750e-02 2.4559331e-01
 1.8366893e-01 2.4005674e-01 7.5091340e-02 1.4209969e-04 3.9406726e-03]

rule31: age > 96.575
probabilities_array:[0.         0.         0.0161492  0.02328149 0.15749279 0.17702855
 0.1623773  0.22801861 0.22443604 0.01121609]

rule7: blast_furnace_slag > 132.245
probabilities_array:[0.00294757 0.         0.1401987  0.02703734 0.17704523 0.16345765
 0.27894852 0.02618366 0.1602182  0.02396316]

rule5: 16.504 < blast_furnace_slag < 74.374
probabilities_array:[0.         0.00523944 0.07587563 0.         0.         0.17047213
 0.07574193 0.280854   0.2637203  0.12809654]

rule24: fine_aggregate < 719.309
probabilities_array:[0.         0.         0.00329023 0.08336773 0.03974771 0.14305384
 0.05707609 0.2566994  0.39725146 0.01951356]

rule22: 972.096 < coarse_aggregate < 1024.351
probabilities_array:[0.10840704 0.15784563 0.12709992 0.0324203  0.10582797 0.14243947
 0.13485238 0.1269109  0.         0.0641963 ]

rule21: 919.841 < coarse_aggregate < 972.096
probabilities_array:[0.08927844 0.         0.12759902 0.04265585 0.03591256 0.14587992
 0.         0.3135012  0.14102662 0.10414645]

rule16: superplasticizer < 2.099
probabilities_array:[0.21450627 0.21967623 0.1610015  0.02522997 0.01341224 0.12817731
 0.11968462 0.         0.         0.11831182]

rule1: 211.101 < cement < 282.272
probabilities_array:[0.13742296 0.19727233 0.         0.16418113 0.         0.10609387
 0.20428659 0.13530901 0.         0.05543409]

rule30: 49.477 < age < 96.575
probabilities_array:[0.         0.         0.01159926 0.30963674 0.04675912 0.0647879
 0.13127835 0.13608746 0.2670366  0.03281458]

rule23: coarse_aggregate > 1024.351
probabilities_array:[0.1794397  0.01416226 0.03409544 0.00249268 0.         0.07487865
 0.17931904 0.0688352  0.26108515 0.1856919 ]

rule11: fly_ash > 96.451
probabilities_array:[0.03001706 0.10127825 0.15638861 0.23133297 0.14229853 0.06462032
 0.14634976 0.03304518 0.0137871  0.08088218]

rule25: 719.309 < fine_aggregate < 773.872
probabilities_array:[0.         0.03413763 0.02047723 0.15006612 0.16730747 0.04820915
 0.01051306 0.3346965  0.19232123 0.04227161]

rule27: fine_aggregate > 828.436
probabilities_array:[0.13307697 0.0008522  0.06985609 0.05513026 0.11665521 0.05014908
 0.27428207 0.         0.17782392 0.12217417]


---6---
rule7: blast_furnace_slag > 132.245
probabilities_array:[0.00294757 0.         0.1401987  0.02703734 0.17704523 0.16345765
 0.27894852 0.02618366 0.1602182  0.02396316]

rule3: cement > 353.444
probabilities_array:[0.         0.         0.03084693 0.02125158 0.02647449 0.25905225
 0.2732259  0.03379879 0.28959644 0.06575358]

rule27: fine_aggregate > 828.436
probabilities_array:[0.13307697 0.0008522  0.06985609 0.05513026 0.11665521 0.05014908
 0.27428207 0.         0.17782392 0.12217417]

rule10: 53.218 < fly_ash < 96.451
probabilities_array:[6.8023808e-02 0.0000000e+00 1.4644143e-01 3.7041750e-02 2.4559331e-01
 1.8366893e-01 2.4005674e-01 7.5091340e-02 1.4209969e-04 3.9406726e-03]

rule13: 166.952 < water < 181.628
probabilities_array:[0.07983526 0.08205049 0.03053107 0.         0.07956008 0.23281886
 0.21893571 0.08606178 0.16673647 0.0234702 ]

rule1: 211.101 < cement < 282.272
probabilities_array:[0.13742296 0.19727233 0.         0.16418113 0.         0.10609387
 0.20428659 0.13530901 0.         0.05543409]

rule31: age > 96.575
probabilities_array:[0.         0.         0.0161492  0.02328149 0.15749279 0.17702855
 0.1623773  0.22801861 0.22443604 0.01121609]

rule18: 6.280 < superplasticizer < 10.460
probabilities_array:[0.08234812 0.         0.1221076  0.04600045 0.04094449 0.03269764
 0.16237737 0.22156855 0.252539   0.03941679]

rule23: coarse_aggregate > 1024.351
probabilities_array:[0.1794397  0.01416226 0.03409544 0.00249268 0.         0.07487865
 0.17931904 0.0688352  0.26108515 0.1856919 ]

rule11: fly_ash > 96.451
probabilities_array:[0.03001706 0.10127825 0.15638861 0.23133297 0.14229853 0.06462032
 0.14634976 0.03304518 0.0137871  0.08088218]

rule26: 773.872 < fine_aggregate < 828.436
probabilities_array:[0.06249166 0.05657021 0.09571053 0.10544105 0.         0.20773126
 0.14309306 0.00720693 0.22486578 0.09688957]

rule20: coarse_aggregate < 919.841
probabilities_array:[0.         0.07725277 0.02015995 0.05494085 0.13319586 0.01440539
 0.16032135 0.         0.34263426 0.19708964]

rule30: 49.477 < age < 96.575
probabilities_array:[0.         0.         0.01159926 0.30963674 0.04675912 0.0647879
 0.13127835 0.13608746 0.2670366  0.03281458]

rule22: 972.096 < coarse_aggregate < 1024.351
probabilities_array:[0.10840704 0.15784563 0.12709992 0.0324203  0.10582797 0.14243947
 0.13485238 0.1269109  0.         0.0641963 ]

rule16: superplasticizer < 2.099
probabilities_array:[0.21450627 0.21967623 0.1610015  0.02522997 0.01341224 0.12817731
 0.11968462 0.         0.         0.11831182]

rule19: superplasticizer > 10.460
probabilities_array:[0.         0.03565229 0.         0.01630087 0.07333306 0.01342831
 0.12306391 0.20713137 0.27621958 0.2548706 ]

rule2: 282.272 < cement < 353.444
probabilities_array:[3.7047794e-05 4.1709110e-02 2.8302493e-02 2.1998060e-01 1.1486228e-01
 1.9285969e-01 7.7296123e-02 2.6267430e-01 3.5111487e-02 2.7166808e-02]

rule15: water > 196.305
probabilities_array:[0.262653   0.12342995 0.14408648 0.1643291  0.12870364 0.03706273
 0.07441219 0.05978426 0.00152892 0.0040098 ]

rule5: 16.504 < blast_furnace_slag < 74.374
probabilities_array:[0.         0.00523944 0.07587563 0.         0.         0.17047213
 0.07574193 0.280854   0.2637203  0.12809654]

rule6: 74.374 < blast_furnace_slag < 132.245
probabilities_array:[0.         0.01397249 0.         0.12327868 0.04044732 0.27341968
 0.06649118 0.25098324 0.17556956 0.0558379 ]

rule24: fine_aggregate < 719.309
probabilities_array:[0.         0.         0.00329023 0.08336773 0.03974771 0.14305384
 0.05707609 0.2566994  0.39725146 0.01951356]


---7---
rule25: 719.309 < fine_aggregate < 773.872
probabilities_array:[0.         0.03413763 0.02047723 0.15006612 0.16730747 0.04820915
 0.01051306 0.3346965  0.19232123 0.04227161]

rule9: 9.984 < fly_ash < 53.218
probabilities_array:[0.         0.10315315 0.         0.1355838  0.         0.
 0.04887187 0.43806008 0.         0.27433106]

rule21: 919.841 < coarse_aggregate < 972.096
probabilities_array:[0.08927844 0.         0.12759902 0.04265585 0.03591256 0.14587992
 0.         0.3135012  0.14102662 0.10414645]

rule2: 282.272 < cement < 353.444
probabilities_array:[3.7047794e-05 4.1709110e-02 2.8302493e-02 2.1998060e-01 1.1486228e-01
 1.9285969e-01 7.7296123e-02 2.6267430e-01 3.5111487e-02 2.7166808e-02]

rule24: fine_aggregate < 719.309
probabilities_array:[0.         0.         0.00329023 0.08336773 0.03974771 0.14305384
 0.05707609 0.2566994  0.39725146 0.01951356]

rule5: 16.504 < blast_furnace_slag < 74.374
probabilities_array:[0.         0.00523944 0.07587563 0.         0.         0.17047213
 0.07574193 0.280854   0.2637203  0.12809654]

rule6: 74.374 < blast_furnace_slag < 132.245
probabilities_array:[0.         0.01397249 0.         0.12327868 0.04044732 0.27341968
 0.06649118 0.25098324 0.17556956 0.0558379 ]

rule12: water < 166.952
probabilities_array:[0.         0.00069808 0.01794003 0.05949974 0.28351542 0.01979415
 0.03146283 0.24903151 0.24802108 0.09003716]

rule31: age > 96.575
probabilities_array:[0.         0.         0.0161492  0.02328149 0.15749279 0.17702855
 0.1623773  0.22801861 0.22443604 0.01121609]

rule18: 6.280 < superplasticizer < 10.460
probabilities_array:[0.08234812 0.         0.1221076  0.04600045 0.04094449 0.03269764
 0.16237737 0.22156855 0.252539   0.03941679]

rule19: superplasticizer > 10.460
probabilities_array:[0.         0.03565229 0.         0.01630087 0.07333306 0.01342831
 0.12306391 0.20713137 0.27621958 0.2548706 ]

rule30: 49.477 < age < 96.575
probabilities_array:[0.         0.         0.01159926 0.30963674 0.04675912 0.0647879
 0.13127835 0.13608746 0.2670366  0.03281458]

rule1: 211.101 < cement < 282.272
probabilities_array:[0.13742296 0.19727233 0.         0.16418113 0.         0.10609387
 0.20428659 0.13530901 0.         0.05543409]

rule22: 972.096 < coarse_aggregate < 1024.351
probabilities_array:[0.10840704 0.15784563 0.12709992 0.0324203  0.10582797 0.14243947
 0.13485238 0.1269109  0.         0.0641963 ]

rule13: 166.952 < water < 181.628
probabilities_array:[0.07983526 0.08205049 0.03053107 0.         0.07956008 0.23281886
 0.21893571 0.08606178 0.16673647 0.0234702 ]

rule0: cement < 211.101
probabilities_array:[0.3018339  0.30014622 0.04952475 0.11944019 0.07861083 0.0174665
 0.03030305 0.07804736 0.         0.02462716]

rule10: 53.218 < fly_ash < 96.451
probabilities_array:[6.8023808e-02 0.0000000e+00 1.4644143e-01 3.7041750e-02 2.4559331e-01
 1.8366893e-01 2.4005674e-01 7.5091340e-02 1.4209969e-04 3.9406726e-03]

rule15: water > 196.305
probabilities_array:[0.262653   0.12342995 0.14408648 0.1643291  0.12870364 0.03706273
 0.07441219 0.05978426 0.00152892 0.0040098 ]

rule23: coarse_aggregate > 1024.351
probabilities_array:[0.1794397  0.01416226 0.03409544 0.00249268 0.         0.07487865
 0.17931904 0.0688352  0.26108515 0.1856919 ]

rule14: 181.628 < water < 196.305
probabilities_array:[0.2481526  0.16819578 0.0425825  0.12714976 0.         0.22413498
 0.02897814 0.0521667  0.         0.10863952]

rule8: fly_ash < 9.984
probabilities_array:[0.         0.         0.         0.00215875 0.         0.02831228
 0.         0.09940723 0.3308289  0.53929275]


---8---
rule24: fine_aggregate < 719.309
probabilities_array:[0.         0.         0.00329023 0.08336773 0.03974771 0.14305384
 0.05707609 0.2566994  0.39725146 0.01951356]

rule20: coarse_aggregate < 919.841
probabilities_array:[0.         0.07725277 0.02015995 0.05494085 0.13319586 0.01440539
 0.16032135 0.         0.34263426 0.19708964]

rule3: cement > 353.444
probabilities_array:[0.         0.         0.03084693 0.02125158 0.02647449 0.25905225
 0.2732259  0.03379879 0.28959644 0.06575358]

rule30: 49.477 < age < 96.575
probabilities_array:[0.         0.         0.01159926 0.30963674 0.04675912 0.0647879
 0.13127835 0.13608746 0.2670366  0.03281458]

rule18: 6.280 < superplasticizer < 10.460
probabilities_array:[0.08234812 0.         0.1221076  0.04600045 0.04094449 0.03269764
 0.16237737 0.22156855 0.252539   0.03941679]

rule5: 16.504 < blast_furnace_slag < 74.374
probabilities_array:[0.         0.00523944 0.07587563 0.         0.         0.17047213
 0.07574193 0.280854   0.2637203  0.12809654]

rule12: water < 166.952
probabilities_array:[0.         0.00069808 0.01794003 0.05949974 0.28351542 0.01979415
 0.03146283 0.24903151 0.24802108 0.09003716]

rule31: age > 96.575
probabilities_array:[0.         0.         0.0161492  0.02328149 0.15749279 0.17702855
 0.1623773  0.22801861 0.22443604 0.01121609]

rule23: coarse_aggregate > 1024.351
probabilities_array:[0.1794397  0.01416226 0.03409544 0.00249268 0.         0.07487865
 0.17931904 0.0688352  0.26108515 0.1856919 ]

rule19: superplasticizer > 10.460
probabilities_array:[0.         0.03565229 0.         0.01630087 0.07333306 0.01342831
 0.12306391 0.20713137 0.27621958 0.2548706 ]

rule17: 2.099 < superplasticizer < 6.280
probabilities_array:[0.0119484  0.01030628 0.19141218 0.05408139 0.24957241 0.22718437
 0.         0.00599813 0.21271062 0.03678621]

rule26: 773.872 < fine_aggregate < 828.436
probabilities_array:[0.06249166 0.05657021 0.09571053 0.10544105 0.         0.20773126
 0.14309306 0.00720693 0.22486578 0.09688957]

rule25: 719.309 < fine_aggregate < 773.872
probabilities_array:[0.         0.03413763 0.02047723 0.15006612 0.16730747 0.04820915
 0.01051306 0.3346965  0.19232123 0.04227161]

rule6: 74.374 < blast_furnace_slag < 132.245
probabilities_array:[0.         0.01397249 0.         0.12327868 0.04044732 0.27341968
 0.06649118 0.25098324 0.17556956 0.0558379 ]

rule13: 166.952 < water < 181.628
probabilities_array:[0.07983526 0.08205049 0.03053107 0.         0.07956008 0.23281886
 0.21893571 0.08606178 0.16673647 0.0234702 ]

rule7: blast_furnace_slag > 132.245
probabilities_array:[0.00294757 0.         0.1401987  0.02703734 0.17704523 0.16345765
 0.27894852 0.02618366 0.1602182  0.02396316]

rule27: fine_aggregate > 828.436
probabilities_array:[0.13307697 0.0008522  0.06985609 0.05513026 0.11665521 0.05014908
 0.27428207 0.         0.17782392 0.12217417]

rule8: fly_ash < 9.984
probabilities_array:[0.         0.         0.         0.00215875 0.         0.02831228
 0.         0.09940723 0.3308289  0.53929275]

rule21: 919.841 < coarse_aggregate < 972.096
probabilities_array:[0.08927844 0.         0.12759902 0.04265585 0.03591256 0.14587992
 0.         0.3135012  0.14102662 0.10414645]

rule4: blast_furnace_slag < 16.504
probabilities_array:[0.12457255 0.1867522  0.27037463 0.0153726  0.15508732 0.
 0.03551111 0.         0.08409424 0.12823538]

