R2: -3.1909906194213304

MAE: 205936.90993545213

MSE: 55700092214.37568

Accuracy: 0.3220786846741045

F1: 0.3055687797869513

Confusion Matrix: [[520, 89, 34, 16, 3, 7, 0, 4, 5, 2], [195, 267, 102, 41, 8, 25, 6, 5, 15, 6], [86, 203, 143, 89, 58, 26, 27, 14, 31, 10], [43, 126, 116, 138, 139, 66, 23, 40, 44, 21], [10, 80, 44, 75, 183, 98, 56, 55, 39, 14], [9, 82, 33, 52, 139, 111, 93, 69, 64, 52], [13, 44, 20, 20, 85, 73, 91, 152, 91, 83], [0, 28, 11, 17, 37, 69, 62, 200, 89, 137], [2, 24, 8, 12, 13, 39, 31, 164, 120, 259], [0, 21, 6, 6, 6, 27, 14, 73, 93, 421]]

Uncertainties: {'class0': [0.0026760154869407415, 0.007591401692479849, 0.02221909910440445, 0.050475917756557465, 0.08065970987081528], 'class1': [0.0026760154869407415, 0.007591401692479849, 0.019007068127393723, 0.02221909910440445, 0.050475917756557465], 'class2': [0.0026760154869407415, 0.0033975914120674133, 0.007591401692479849, 0.019007068127393723, 0.02221909910440445], 'class3': [0.0026760154869407415, 0.0033975914120674133, 0.007591401692479849, 0.019007068127393723, 0.02221909910440445], 'class4': [0.0, 0.0026760154869407415, 0.002786063589155674, 0.0033975914120674133, 0.007591401692479849], 'class5': [0.0, 0.0026760154869407415, 0.002786063589155674, 0.0033975914120674133, 0.007591401692479849], 'class6': [0.0, 0.002786063589155674, 0.0033975914120674133, 0.007591401692479849, 0.019007068127393723], 'class7': [0.0, 0.002786063589155674, 0.0033975914120674133, 0.007591401692479849, 0.019007068127393723], 'class8': [0.0, 0.002786063589155674, 0.0033975914120674133, 0.019007068127393723, 0.0876234695315361], 'class9': [0.0, 0.002786063589155674, 0.0033975914120674133, 0.08258051425218582, 0.09434498101472855]}

Most important rules
-----------------------------

---0---
rule28: median_income < 2.580
probabilities_array:[0.2662341  0.23551507 0.16612412 0.15906435 0.08025692 0.04462133
 0.01922848 0.01699131 0.00928825 0.         0.00267602]

rule12: total_rooms < 1165.908
probabilities_array:[0.23786296 0.1334258  0.10739864 0.18875526 0.1301027  0.07990672
 0.02826958 0.04253749 0.02530091 0.00422082 0.0222191 ]

rule33: ocean_proximity_INLAND = 1.0
probabilities_array:[0.2882241  0.23864512 0.23253883 0.01387636 0.00271684 0.00040188
 0.01441733 0.         0.         0.         0.20917957]

rule23: population > 2169.864
probabilities_array:[0.22302149 0.09309136 0.09922476 0.21726954 0.15785328 0.07162278
 0.06381063 0.05497207 0.01154272 0.         0.0075914 ]

rule22: 1420.271 < population < 2169.864
probabilities_array:[0.20801556 0.1031827  0.12691288 0.1784725  0.11797858 0.06517039
 0.06058073 0.07109209 0.01811864 0.         0.05047592]

rule17: 253.412 < total_bedrooms < 535.438
probabilities_array:[0.250611   0.11426927 0.07136421 0.11956663 0.06329303 0.
 0.07431748 0.00330353 0.         0.         0.30327487]

rule36: ocean_proximity_NEAR BAY = 0.0
probabilities_array:[0.24522491 0.09851945 0.09327757 0.04352711 0.01011559 0.00277175
 0.06507159 0.10366113 0.03246357 0.         0.30536732]

rule10: 28.632 < housing_median_age < 37.153
probabilities_array:[2.3845489e-01 9.8808646e-02 1.9533142e-02 9.1170456e-04 6.8723135e-02
 1.5402640e-01 5.2980587e-02 2.8375044e-04 4.5824161e-04 7.1363524e-02
 2.9445609e-01]

rule13: 1165.908 < total_rooms < 2623.695
probabilities_array:[0.19747148 0.11845283 0.06830918 0.11855824 0.12553458 0.10842635
 0.0292279  0.0435636  0.01626577 0.         0.17419003]

rule6: 35.625 < latitude < 37.063
probabilities_array:[0.3519866  0.04925827 0.         0.         0.         0.
 0.01683643 0.         0.         0.         0.58191866]

rule1: -120.915 < longitude < -119.564
probabilities_array:[0.16360909 0.20059554 0.16432181 0.12488361 0.00472837 0.
 0.         0.02883813 0.09906546 0.10085335 0.11310466]

rule2: -119.564 < longitude < -118.214
probabilities_array:[0.16148762 0.1832348  0.08080415 0.         0.00719874 0.04181158
 0.11863054 0.00044859 0.08296788 0.21502662 0.10838947]

rule38: ocean_proximity_NEAR OCEAN = 0.0
probabilities_array:[0.24149032 0.08660407 0.02911766 0.00175502 0.0949794  0.09087885
 0.0024635  0.00824383 0.00930845 0.         0.43515882]

rule11: housing_median_age > 37.153
probabilities_array:[0.16054401 0.09300479 0.09053122 0.00244297 0.         0.
 0.02376635 0.08422394 0.11075152 0.26143762 0.17329754]

rule25: 241.373 < households < 497.881
probabilities_array:[0.22599813 0.12449992 0.06372332 0.04048197 0.01227462 0.01432796
 0.00332215 0.00447745 0.07457072 0.         0.43632373]

rule5: 34.186 < latitude < 35.625
probabilities_array:[0.12844929 0.08429083 0.08107248 0.11760124 0.11719865 0.1306926
 0.11940238 0.09717772 0.0434552  0.         0.08065971]

rule24: households < 241.373
probabilities_array:[0.17425458 0.10048497 0.10627715 0.07769848 0.0243565  0.
 0.08572751 0.         0.         0.07439698 0.35680383]

rule16: total_bedrooms < 253.412
probabilities_array:[0.16729745 0.08287548 0.02516556 0.00377912 0.05872155 0.
 0.06333198 0.00085831 0.         0.0238125  0.5741581 ]

rule8: housing_median_age < 20.110
probabilities_array:[0.06986142 0.09664443 0.15247642 0.11856731 0.13644858 0.14404035
 0.06927831 0.06629591 0.05876378 0.         0.08762347]

rule21: 670.679 < population < 1420.271
probabilities_array:[0.10653239 0.08875206 0.05412212 0.06165318 0.02498434 0.
 0.         0.         0.0696854  0.18308665 0.41118386]

rule34: ocean_proximity_ISLAND = 0.0
probabilities_array:[0.160691   0.08062712 0.05517351 0.00072922 0.         0.
 0.01237953 0.00829799 0.00937073 0.         0.6727309 ]

rule9: 20.110 < housing_median_age < 28.632
probabilities_array:[0.07234532 0.09469829 0.05268714 0.         0.01569405 0.14715728
 0.13406698 0.06994973 0.06438741 0.02051625 0.32849753]

rule18: 535.438 < total_bedrooms < 817.463
probabilities_array:[0.10360591 0.05803563 0.0112674  0.         0.         0.07968734
 0.         0.04232953 0.07904795 0.07972313 0.5463031 ]


---1---
rule28: median_income < 2.580
probabilities_array:[0.2662341  0.23551507 0.16612412 0.15906435 0.08025692 0.04462133
 0.01922848 0.01699131 0.00928825 0.         0.00267602]

rule33: ocean_proximity_INLAND = 1.0
probabilities_array:[0.2882241  0.23864512 0.23253883 0.01387636 0.00271684 0.00040188
 0.01441733 0.         0.         0.         0.20917957]

rule1: -120.915 < longitude < -119.564
probabilities_array:[0.16360909 0.20059554 0.16432181 0.12488361 0.00472837 0.
 0.         0.02883813 0.09906546 0.10085335 0.11310466]

rule7: latitude > 37.063
probabilities_array:[0.         0.19031689 0.22903478 0.18534724 0.08445445 0.03704139
 0.05513585 0.0400727  0.02719779 0.06881846 0.08258051]

rule39: ocean_proximity_NEAR OCEAN = 1.0
probabilities_array:[0.02406195 0.18988776 0.12398779 0.01650091 0.         0.00196308
 0.0335909  0.08515475 0.11946556 0.3110009  0.0943863 ]

rule37: ocean_proximity_NEAR BAY = 1.0
probabilities_array:[0.00484045 0.2307176  0.12757725 0.         0.         0.05301975
 0.         0.00558913 0.12917869 0.19283916 0.25623795]

rule2: -119.564 < longitude < -118.214
probabilities_array:[0.16148762 0.1832348  0.08080415 0.         0.00719874 0.04181158
 0.11863054 0.00044859 0.08296788 0.21502662 0.10838947]

rule12: total_rooms < 1165.908
probabilities_array:[0.23786296 0.1334258  0.10739864 0.18875526 0.1301027  0.07990672
 0.02826958 0.04253749 0.02530091 0.00422082 0.0222191 ]

rule29: 2.580 < median_income < 3.866
probabilities_array:[0.01573082 0.115403   0.15923998 0.19865623 0.16630988 0.13067143
 0.07782603 0.06636032 0.04884604 0.00194915 0.01900707]

rule22: 1420.271 < population < 2169.864
probabilities_array:[0.20801556 0.1031827  0.12691288 0.1784725  0.11797858 0.06517039
 0.06058073 0.07109209 0.01811864 0.         0.05047592]

rule13: 1165.908 < total_rooms < 2623.695
probabilities_array:[0.19747148 0.11845283 0.06830918 0.11855824 0.12553458 0.10842635
 0.0292279  0.0435636  0.01626577 0.         0.17419003]

rule4: latitude < 34.186
probabilities_array:[0.01103909 0.10666584 0.16017175 0.08184142 0.0148723  0.01608838
 0.00827477 0.10493506 0.15974124 0.22963023 0.10673989]

rule3: longitude > -118.214
probabilities_array:[0.03100379 0.0992337  0.12243325 0.18817863 0.2003075  0.12632927
 0.15639852 0.01916132 0.00399816 0.         0.05295587]

rule23: population > 2169.864
probabilities_array:[0.22302149 0.09309136 0.09922476 0.21726954 0.15785328 0.07162278
 0.06381063 0.05497207 0.01154272 0.         0.0075914 ]

rule8: housing_median_age < 20.110
probabilities_array:[0.06986142 0.09664443 0.15247642 0.11856731 0.13644858 0.14404035
 0.06927831 0.06629591 0.05876378 0.         0.08762347]

rule17: 253.412 < total_bedrooms < 535.438
probabilities_array:[0.250611   0.11426927 0.07136421 0.11956663 0.06329303 0.
 0.07431748 0.00330353 0.         0.         0.30327487]

rule5: 34.186 < latitude < 35.625
probabilities_array:[0.12844929 0.08429083 0.08107248 0.11760124 0.11719865 0.1306926
 0.11940238 0.09717772 0.0434552  0.         0.08065971]

rule11: housing_median_age > 37.153
probabilities_array:[0.16054401 0.09300479 0.09053122 0.00244297 0.         0.
 0.02376635 0.08422394 0.11075152 0.26143762 0.17329754]

rule25: 241.373 < households < 497.881
probabilities_array:[0.22599813 0.12449992 0.06372332 0.04048197 0.01227462 0.01432796
 0.00332215 0.00447745 0.07457072 0.         0.43632373]

rule10: 28.632 < housing_median_age < 37.153
probabilities_array:[2.3845489e-01 9.8808646e-02 1.9533142e-02 9.1170456e-04 6.8723135e-02
 1.5402640e-01 5.2980587e-02 2.8375044e-04 4.5824161e-04 7.1363524e-02
 2.9445609e-01]

rule36: ocean_proximity_NEAR BAY = 0.0
probabilities_array:[0.24522491 0.09851945 0.09327757 0.04352711 0.01011559 0.00277175
 0.06507159 0.10366113 0.03246357 0.         0.30536732]

rule24: households < 241.373
probabilities_array:[0.17425458 0.10048497 0.10627715 0.07769848 0.0243565  0.
 0.08572751 0.         0.         0.07439698 0.35680383]

rule9: 20.110 < housing_median_age < 28.632
probabilities_array:[0.07234532 0.09469829 0.05268714 0.         0.01569405 0.14715728
 0.13406698 0.06994973 0.06438741 0.02051625 0.32849753]

rule21: 670.679 < population < 1420.271
probabilities_array:[0.10653239 0.08875206 0.05412212 0.06165318 0.02498434 0.
 0.         0.         0.0696854  0.18308665 0.41118386]

rule38: ocean_proximity_NEAR OCEAN = 0.0
probabilities_array:[0.24149032 0.08660407 0.02911766 0.00175502 0.0949794  0.09087885
 0.0024635  0.00824383 0.00930845 0.         0.43515882]


---2---
rule7: latitude > 37.063
probabilities_array:[0.         0.19031689 0.22903478 0.18534724 0.08445445 0.03704139
 0.05513585 0.0400727  0.02719779 0.06881846 0.08258051]

rule33: ocean_proximity_INLAND = 1.0
probabilities_array:[0.2882241  0.23864512 0.23253883 0.01387636 0.00271684 0.00040188
 0.01441733 0.         0.         0.         0.20917957]

rule28: median_income < 2.580
probabilities_array:[0.2662341  0.23551507 0.16612412 0.15906435 0.08025692 0.04462133
 0.01922848 0.01699131 0.00928825 0.         0.00267602]

rule29: 2.580 < median_income < 3.866
probabilities_array:[0.01573082 0.115403   0.15923998 0.19865623 0.16630988 0.13067143
 0.07782603 0.06636032 0.04884604 0.00194915 0.01900707]

rule1: -120.915 < longitude < -119.564
probabilities_array:[0.16360909 0.20059554 0.16432181 0.12488361 0.00472837 0.
 0.         0.02883813 0.09906546 0.10085335 0.11310466]

rule4: latitude < 34.186
probabilities_array:[0.01103909 0.10666584 0.16017175 0.08184142 0.0148723  0.01608838
 0.00827477 0.10493506 0.15974124 0.22963023 0.10673989]

rule8: housing_median_age < 20.110
probabilities_array:[0.06986142 0.09664443 0.15247642 0.11856731 0.13644858 0.14404035
 0.06927831 0.06629591 0.05876378 0.         0.08762347]

rule22: 1420.271 < population < 2169.864
probabilities_array:[0.20801556 0.1031827  0.12691288 0.1784725  0.11797858 0.06517039
 0.06058073 0.07109209 0.01811864 0.         0.05047592]

rule3: longitude > -118.214
probabilities_array:[0.03100379 0.0992337  0.12243325 0.18817863 0.2003075  0.12632927
 0.15639852 0.01916132 0.00399816 0.         0.05295587]

rule39: ocean_proximity_NEAR OCEAN = 1.0
probabilities_array:[0.02406195 0.18988776 0.12398779 0.01650091 0.         0.00196308
 0.0335909  0.08515475 0.11946556 0.3110009  0.0943863 ]

rule12: total_rooms < 1165.908
probabilities_array:[0.23786296 0.1334258  0.10739864 0.18875526 0.1301027  0.07990672
 0.02826958 0.04253749 0.02530091 0.00422082 0.0222191 ]

rule23: population > 2169.864
probabilities_array:[0.22302149 0.09309136 0.09922476 0.21726954 0.15785328 0.07162278
 0.06381063 0.05497207 0.01154272 0.         0.0075914 ]

rule37: ocean_proximity_NEAR BAY = 1.0
probabilities_array:[0.00484045 0.2307176  0.12757725 0.         0.         0.05301975
 0.         0.00558913 0.12917869 0.19283916 0.25623795]

rule11: housing_median_age > 37.153
probabilities_array:[0.16054401 0.09300479 0.09053122 0.00244297 0.         0.
 0.02376635 0.08422394 0.11075152 0.26143762 0.17329754]

rule5: 34.186 < latitude < 35.625
probabilities_array:[0.12844929 0.08429083 0.08107248 0.11760124 0.11719865 0.1306926
 0.11940238 0.09717772 0.0434552  0.         0.08065971]

rule2: -119.564 < longitude < -118.214
probabilities_array:[0.16148762 0.1832348  0.08080415 0.         0.00719874 0.04181158
 0.11863054 0.00044859 0.08296788 0.21502662 0.10838947]

rule24: households < 241.373
probabilities_array:[0.17425458 0.10048497 0.10627715 0.07769848 0.0243565  0.
 0.08572751 0.         0.         0.07439698 0.35680383]

rule36: ocean_proximity_NEAR BAY = 0.0
probabilities_array:[0.24522491 0.09851945 0.09327757 0.04352711 0.01011559 0.00277175
 0.06507159 0.10366113 0.03246357 0.         0.30536732]

rule30: 3.866 < median_income < 5.151
probabilities_array:[0.00070453 0.01960703 0.05864562 0.13716783 0.15762794 0.15337214
 0.15169506 0.14668174 0.12047305 0.05062738 0.00339759]

rule13: 1165.908 < total_rooms < 2623.695
probabilities_array:[0.19747148 0.11845283 0.06830918 0.11855824 0.12553458 0.10842635
 0.0292279  0.0435636  0.01626577 0.         0.17419003]

rule17: 253.412 < total_bedrooms < 535.438
probabilities_array:[0.250611   0.11426927 0.07136421 0.11956663 0.06329303 0.
 0.07431748 0.00330353 0.         0.         0.30327487]


---3---
rule23: population > 2169.864
probabilities_array:[0.22302149 0.09309136 0.09922476 0.21726954 0.15785328 0.07162278
 0.06381063 0.05497207 0.01154272 0.         0.0075914 ]

rule29: 2.580 < median_income < 3.866
probabilities_array:[0.01573082 0.115403   0.15923998 0.19865623 0.16630988 0.13067143
 0.07782603 0.06636032 0.04884604 0.00194915 0.01900707]

rule12: total_rooms < 1165.908
probabilities_array:[0.23786296 0.1334258  0.10739864 0.18875526 0.1301027  0.07990672
 0.02826958 0.04253749 0.02530091 0.00422082 0.0222191 ]

rule3: longitude > -118.214
probabilities_array:[0.03100379 0.0992337  0.12243325 0.18817863 0.2003075  0.12632927
 0.15639852 0.01916132 0.00399816 0.         0.05295587]

rule7: latitude > 37.063
probabilities_array:[0.         0.19031689 0.22903478 0.18534724 0.08445445 0.03704139
 0.05513585 0.0400727  0.02719779 0.06881846 0.08258051]

rule22: 1420.271 < population < 2169.864
probabilities_array:[0.20801556 0.1031827  0.12691288 0.1784725  0.11797858 0.06517039
 0.06058073 0.07109209 0.01811864 0.         0.05047592]

rule28: median_income < 2.580
probabilities_array:[0.2662341  0.23551507 0.16612412 0.15906435 0.08025692 0.04462133
 0.01922848 0.01699131 0.00928825 0.         0.00267602]

rule30: 3.866 < median_income < 5.151
probabilities_array:[0.00070453 0.01960703 0.05864562 0.13716783 0.15762794 0.15337214
 0.15169506 0.14668174 0.12047305 0.05062738 0.00339759]

rule1: -120.915 < longitude < -119.564
probabilities_array:[0.16360909 0.20059554 0.16432181 0.12488361 0.00472837 0.
 0.         0.02883813 0.09906546 0.10085335 0.11310466]

rule8: housing_median_age < 20.110
probabilities_array:[0.06986142 0.09664443 0.15247642 0.11856731 0.13644858 0.14404035
 0.06927831 0.06629591 0.05876378 0.         0.08762347]

rule5: 34.186 < latitude < 35.625
probabilities_array:[0.12844929 0.08429083 0.08107248 0.11760124 0.11719865 0.1306926
 0.11940238 0.09717772 0.0434552  0.         0.08065971]

rule13: 1165.908 < total_rooms < 2623.695
probabilities_array:[0.19747148 0.11845283 0.06830918 0.11855824 0.12553458 0.10842635
 0.0292279  0.0435636  0.01626577 0.         0.17419003]

rule17: 253.412 < total_bedrooms < 535.438
probabilities_array:[0.250611   0.11426927 0.07136421 0.11956663 0.06329303 0.
 0.07431748 0.00330353 0.         0.         0.30327487]

rule4: latitude < 34.186
probabilities_array:[0.01103909 0.10666584 0.16017175 0.08184142 0.0148723  0.01608838
 0.00827477 0.10493506 0.15974124 0.22963023 0.10673989]

rule24: households < 241.373
probabilities_array:[0.17425458 0.10048497 0.10627715 0.07769848 0.0243565  0.
 0.08572751 0.         0.         0.07439698 0.35680383]


---4---
rule3: longitude > -118.214
probabilities_array:[0.03100379 0.0992337  0.12243325 0.18817863 0.2003075  0.12632927
 0.15639852 0.01916132 0.00399816 0.         0.05295587]

rule29: 2.580 < median_income < 3.866
probabilities_array:[0.01573082 0.115403   0.15923998 0.19865623 0.16630988 0.13067143
 0.07782603 0.06636032 0.04884604 0.00194915 0.01900707]

rule30: 3.866 < median_income < 5.151
probabilities_array:[0.00070453 0.01960703 0.05864562 0.13716783 0.15762794 0.15337214
 0.15169506 0.14668174 0.12047305 0.05062738 0.00339759]

rule23: population > 2169.864
probabilities_array:[0.22302149 0.09309136 0.09922476 0.21726954 0.15785328 0.07162278
 0.06381063 0.05497207 0.01154272 0.         0.0075914 ]

rule12: total_rooms < 1165.908
probabilities_array:[0.23786296 0.1334258  0.10739864 0.18875526 0.1301027  0.07990672
 0.02826958 0.04253749 0.02530091 0.00422082 0.0222191 ]

rule8: housing_median_age < 20.110
probabilities_array:[0.06986142 0.09664443 0.15247642 0.11856731 0.13644858 0.14404035
 0.06927831 0.06629591 0.05876378 0.         0.08762347]

rule22: 1420.271 < population < 2169.864
probabilities_array:[0.20801556 0.1031827  0.12691288 0.1784725  0.11797858 0.06517039
 0.06058073 0.07109209 0.01811864 0.         0.05047592]

rule5: 34.186 < latitude < 35.625
probabilities_array:[0.12844929 0.08429083 0.08107248 0.11760124 0.11719865 0.1306926
 0.11940238 0.09717772 0.0434552  0.         0.08065971]

rule13: 1165.908 < total_rooms < 2623.695
probabilities_array:[0.19747148 0.11845283 0.06830918 0.11855824 0.12553458 0.10842635
 0.0292279  0.0435636  0.01626577 0.         0.17419003]

rule32: ocean_proximity_INLAND = 0.0
probabilities_array:[0.         0.00918144 0.0140862  0.03227447 0.08810472 0.14301011
 0.18801294 0.19551502 0.17553763 0.15427752 0.        ]

rule28: median_income < 2.580
probabilities_array:[0.2662341  0.23551507 0.16612412 0.15906435 0.08025692 0.04462133
 0.01922848 0.01699131 0.00928825 0.         0.00267602]

rule7: latitude > 37.063
probabilities_array:[0.         0.19031689 0.22903478 0.18534724 0.08445445 0.03704139
 0.05513585 0.0400727  0.02719779 0.06881846 0.08258051]

rule38: ocean_proximity_NEAR OCEAN = 0.0
probabilities_array:[0.24149032 0.08660407 0.02911766 0.00175502 0.0949794  0.09087885
 0.0024635  0.00824383 0.00930845 0.         0.43515882]

rule10: 28.632 < housing_median_age < 37.153
probabilities_array:[2.3845489e-01 9.8808646e-02 1.9533142e-02 9.1170456e-04 6.8723135e-02
 1.5402640e-01 5.2980587e-02 2.8375044e-04 4.5824161e-04 7.1363524e-02
 2.9445609e-01]

rule31: median_income > 5.151
probabilities_array:[0.         0.00667132 0.00894316 0.03457117 0.04617283 0.06451754
 0.08956555 0.2086702  0.23683211 0.30127007 0.00278606]

rule17: 253.412 < total_bedrooms < 535.438
probabilities_array:[0.250611   0.11426927 0.07136421 0.11956663 0.06329303 0.
 0.07431748 0.00330353 0.         0.         0.30327487]


---5---
rule30: 3.866 < median_income < 5.151
probabilities_array:[0.00070453 0.01960703 0.05864562 0.13716783 0.15762794 0.15337214
 0.15169506 0.14668174 0.12047305 0.05062738 0.00339759]

rule32: ocean_proximity_INLAND = 0.0
probabilities_array:[0.         0.00918144 0.0140862  0.03227447 0.08810472 0.14301011
 0.18801294 0.19551502 0.17553763 0.15427752 0.        ]

rule19: total_bedrooms > 817.463
probabilities_array:[0.         0.03923035 0.04178476 0.         0.         0.18277517
 0.03568325 0.05727393 0.10088217 0.2673273  0.27504307]

rule8: housing_median_age < 20.110
probabilities_array:[0.06986142 0.09664443 0.15247642 0.11856731 0.13644858 0.14404035
 0.06927831 0.06629591 0.05876378 0.         0.08762347]

rule29: 2.580 < median_income < 3.866
probabilities_array:[0.01573082 0.115403   0.15923998 0.19865623 0.16630988 0.13067143
 0.07782603 0.06636032 0.04884604 0.00194915 0.01900707]

rule5: 34.186 < latitude < 35.625
probabilities_array:[0.12844929 0.08429083 0.08107248 0.11760124 0.11719865 0.1306926
 0.11940238 0.09717772 0.0434552  0.         0.08065971]

rule3: longitude > -118.214
probabilities_array:[0.03100379 0.0992337  0.12243325 0.18817863 0.2003075  0.12632927
 0.15639852 0.01916132 0.00399816 0.         0.05295587]

rule10: 28.632 < housing_median_age < 37.153
probabilities_array:[2.3845489e-01 9.8808646e-02 1.9533142e-02 9.1170456e-04 6.8723135e-02
 1.5402640e-01 5.2980587e-02 2.8375044e-04 4.5824161e-04 7.1363524e-02
 2.9445609e-01]

rule9: 20.110 < housing_median_age < 28.632
probabilities_array:[0.07234532 0.09469829 0.05268714 0.         0.01569405 0.14715728
 0.13406698 0.06994973 0.06438741 0.02051625 0.32849753]

rule13: 1165.908 < total_rooms < 2623.695
probabilities_array:[0.19747148 0.11845283 0.06830918 0.11855824 0.12553458 0.10842635
 0.0292279  0.0435636  0.01626577 0.         0.17419003]

rule20: population < 670.679
probabilities_array:[0.         0.00344044 0.         0.         0.         0.08880416
 0.06940684 0.05925267 0.2542736  0.41548255 0.10933968]

rule12: total_rooms < 1165.908
probabilities_array:[0.23786296 0.1334258  0.10739864 0.18875526 0.1301027  0.07990672
 0.02826958 0.04253749 0.02530091 0.00422082 0.0222191 ]

rule23: population > 2169.864
probabilities_array:[0.22302149 0.09309136 0.09922476 0.21726954 0.15785328 0.07162278
 0.06381063 0.05497207 0.01154272 0.         0.0075914 ]

rule31: median_income > 5.151
probabilities_array:[0.         0.00667132 0.00894316 0.03457117 0.04617283 0.06451754
 0.08956555 0.2086702  0.23683211 0.30127007 0.00278606]

rule22: 1420.271 < population < 2169.864
probabilities_array:[0.20801556 0.1031827  0.12691288 0.1784725  0.11797858 0.06517039
 0.06058073 0.07109209 0.01811864 0.         0.05047592]

rule38: ocean_proximity_NEAR OCEAN = 0.0
probabilities_array:[0.24149032 0.08660407 0.02911766 0.00175502 0.0949794  0.09087885
 0.0024635  0.00824383 0.00930845 0.         0.43515882]

rule0: longitude < -120.915
probabilities_array:[0.03942306 0.         0.         0.02639325 0.02358081 0.06515182
 0.12815453 0.21214144 0.18238343 0.10976826 0.2130035 ]

rule28: median_income < 2.580
probabilities_array:[0.2662341  0.23551507 0.16612412 0.15906435 0.08025692 0.04462133
 0.01922848 0.01699131 0.00928825 0.         0.00267602]


---6---
rule32: ocean_proximity_INLAND = 0.0
probabilities_array:[0.         0.00918144 0.0140862  0.03227447 0.08810472 0.14301011
 0.18801294 0.19551502 0.17553763 0.15427752 0.        ]

rule30: 3.866 < median_income < 5.151
probabilities_array:[0.00070453 0.01960703 0.05864562 0.13716783 0.15762794 0.15337214
 0.15169506 0.14668174 0.12047305 0.05062738 0.00339759]

rule3: longitude > -118.214
probabilities_array:[0.03100379 0.0992337  0.12243325 0.18817863 0.2003075  0.12632927
 0.15639852 0.01916132 0.00399816 0.         0.05295587]

rule5: 34.186 < latitude < 35.625
probabilities_array:[0.12844929 0.08429083 0.08107248 0.11760124 0.11719865 0.1306926
 0.11940238 0.09717772 0.0434552  0.         0.08065971]

rule2: -119.564 < longitude < -118.214
probabilities_array:[0.16148762 0.1832348  0.08080415 0.         0.00719874 0.04181158
 0.11863054 0.00044859 0.08296788 0.21502662 0.10838947]

rule0: longitude < -120.915
probabilities_array:[0.03942306 0.         0.         0.02639325 0.02358081 0.06515182
 0.12815453 0.21214144 0.18238343 0.10976826 0.2130035 ]

rule9: 20.110 < housing_median_age < 28.632
probabilities_array:[0.07234532 0.09469829 0.05268714 0.         0.01569405 0.14715728
 0.13406698 0.06994973 0.06438741 0.02051625 0.32849753]

rule31: median_income > 5.151
probabilities_array:[0.         0.00667132 0.00894316 0.03457117 0.04617283 0.06451754
 0.08956555 0.2086702  0.23683211 0.30127007 0.00278606]

rule29: 2.580 < median_income < 3.866
probabilities_array:[0.01573082 0.115403   0.15923998 0.19865623 0.16630988 0.13067143
 0.07782603 0.06636032 0.04884604 0.00194915 0.01900707]

rule23: population > 2169.864
probabilities_array:[0.22302149 0.09309136 0.09922476 0.21726954 0.15785328 0.07162278
 0.06381063 0.05497207 0.01154272 0.         0.0075914 ]

rule8: housing_median_age < 20.110
probabilities_array:[0.06986142 0.09664443 0.15247642 0.11856731 0.13644858 0.14404035
 0.06927831 0.06629591 0.05876378 0.         0.08762347]

rule20: population < 670.679
probabilities_array:[0.         0.00344044 0.         0.         0.         0.08880416
 0.06940684 0.05925267 0.2542736  0.41548255 0.10933968]

rule22: 1420.271 < population < 2169.864
probabilities_array:[0.20801556 0.1031827  0.12691288 0.1784725  0.11797858 0.06517039
 0.06058073 0.07109209 0.01811864 0.         0.05047592]

rule14: 2623.695 < total_rooms < 4081.483
probabilities_array:[0.00616092 0.04703511 0.         0.         0.03230404 0.00295166
 0.07410334 0.06052999 0.21115792 0.33798525 0.22777173]

rule24: households < 241.373
probabilities_array:[0.17425458 0.10048497 0.10627715 0.07769848 0.0243565  0.
 0.08572751 0.         0.         0.07439698 0.35680383]

rule17: 253.412 < total_bedrooms < 535.438
probabilities_array:[0.250611   0.11426927 0.07136421 0.11956663 0.06329303 0.
 0.07431748 0.00330353 0.         0.         0.30327487]

rule7: latitude > 37.063
probabilities_array:[0.         0.19031689 0.22903478 0.18534724 0.08445445 0.03704139
 0.05513585 0.0400727  0.02719779 0.06881846 0.08258051]

rule27: households > 754.388
probabilities_array:[0.         0.02375573 0.02279975 0.         0.         0.04998704
 0.06369676 0.14551978 0.13980064 0.2934174  0.26102293]

rule36: ocean_proximity_NEAR BAY = 0.0
probabilities_array:[0.24522491 0.09851945 0.09327757 0.04352711 0.01011559 0.00277175
 0.06507159 0.10366113 0.03246357 0.         0.30536732]


---7---
rule31: median_income > 5.151
probabilities_array:[0.         0.00667132 0.00894316 0.03457117 0.04617283 0.06451754
 0.08956555 0.2086702  0.23683211 0.30127007 0.00278606]

rule32: ocean_proximity_INLAND = 0.0
probabilities_array:[0.         0.00918144 0.0140862  0.03227447 0.08810472 0.14301011
 0.18801294 0.19551502 0.17553763 0.15427752 0.        ]

rule0: longitude < -120.915
probabilities_array:[0.03942306 0.         0.         0.02639325 0.02358081 0.06515182
 0.12815453 0.21214144 0.18238343 0.10976826 0.2130035 ]

rule30: 3.866 < median_income < 5.151
probabilities_array:[0.00070453 0.01960703 0.05864562 0.13716783 0.15762794 0.15337214
 0.15169506 0.14668174 0.12047305 0.05062738 0.00339759]

rule27: households > 754.388
probabilities_array:[0.         0.02375573 0.02279975 0.         0.         0.04998704
 0.06369676 0.14551978 0.13980064 0.2934174  0.26102293]

rule4: latitude < 34.186
probabilities_array:[0.01103909 0.10666584 0.16017175 0.08184142 0.0148723  0.01608838
 0.00827477 0.10493506 0.15974124 0.22963023 0.10673989]

rule5: 34.186 < latitude < 35.625
probabilities_array:[0.12844929 0.08429083 0.08107248 0.11760124 0.11719865 0.1306926
 0.11940238 0.09717772 0.0434552  0.         0.08065971]

rule39: ocean_proximity_NEAR OCEAN = 1.0
probabilities_array:[0.02406195 0.18988776 0.12398779 0.01650091 0.         0.00196308
 0.0335909  0.08515475 0.11946556 0.3110009  0.0943863 ]

rule36: ocean_proximity_NEAR BAY = 0.0
probabilities_array:[0.24522491 0.09851945 0.09327757 0.04352711 0.01011559 0.00277175
 0.06507159 0.10366113 0.03246357 0.         0.30536732]

rule11: housing_median_age > 37.153
probabilities_array:[0.16054401 0.09300479 0.09053122 0.00244297 0.         0.
 0.02376635 0.08422394 0.11075152 0.26143762 0.17329754]

rule22: 1420.271 < population < 2169.864
probabilities_array:[0.20801556 0.1031827  0.12691288 0.1784725  0.11797858 0.06517039
 0.06058073 0.07109209 0.01811864 0.         0.05047592]

rule29: 2.580 < median_income < 3.866
probabilities_array:[0.01573082 0.115403   0.15923998 0.19865623 0.16630988 0.13067143
 0.07782603 0.06636032 0.04884604 0.00194915 0.01900707]

rule8: housing_median_age < 20.110
probabilities_array:[0.06986142 0.09664443 0.15247642 0.11856731 0.13644858 0.14404035
 0.06927831 0.06629591 0.05876378 0.         0.08762347]

rule23: population > 2169.864
probabilities_array:[0.22302149 0.09309136 0.09922476 0.21726954 0.15785328 0.07162278
 0.06381063 0.05497207 0.01154272 0.         0.0075914 ]

rule20: population < 670.679
probabilities_array:[0.         0.00344044 0.         0.         0.         0.08880416
 0.06940684 0.05925267 0.2542736  0.41548255 0.10933968]

rule9: 20.110 < housing_median_age < 28.632
probabilities_array:[0.07234532 0.09469829 0.05268714 0.         0.01569405 0.14715728
 0.13406698 0.06994973 0.06438741 0.02051625 0.32849753]

rule14: 2623.695 < total_rooms < 4081.483
probabilities_array:[0.00616092 0.04703511 0.         0.         0.03230404 0.00295166
 0.07410334 0.06052999 0.21115792 0.33798525 0.22777173]

rule15: total_rooms > 4081.483
probabilities_array:[0.         0.01892789 0.00916656 0.00290473 0.         0.
 0.03717487 0.04872014 0.27409858 0.5146623  0.09434498]

rule12: total_rooms < 1165.908
probabilities_array:[0.23786296 0.1334258  0.10739864 0.18875526 0.1301027  0.07990672
 0.02826958 0.04253749 0.02530091 0.00422082 0.0222191 ]

rule19: total_bedrooms > 817.463
probabilities_array:[0.         0.03923035 0.04178476 0.         0.         0.18277517
 0.03568325 0.05727393 0.10088217 0.2673273  0.27504307]


---8---
rule15: total_rooms > 4081.483
probabilities_array:[0.         0.01892789 0.00916656 0.00290473 0.         0.
 0.03717487 0.04872014 0.27409858 0.5146623  0.09434498]

rule31: median_income > 5.151
probabilities_array:[0.         0.00667132 0.00894316 0.03457117 0.04617283 0.06451754
 0.08956555 0.2086702  0.23683211 0.30127007 0.00278606]

rule20: population < 670.679
probabilities_array:[0.         0.00344044 0.         0.         0.         0.08880416
 0.06940684 0.05925267 0.2542736  0.41548255 0.10933968]

rule32: ocean_proximity_INLAND = 0.0
probabilities_array:[0.         0.00918144 0.0140862  0.03227447 0.08810472 0.14301011
 0.18801294 0.19551502 0.17553763 0.15427752 0.        ]

rule14: 2623.695 < total_rooms < 4081.483
probabilities_array:[0.00616092 0.04703511 0.         0.         0.03230404 0.00295166
 0.07410334 0.06052999 0.21115792 0.33798525 0.22777173]

rule0: longitude < -120.915
probabilities_array:[0.03942306 0.         0.         0.02639325 0.02358081 0.06515182
 0.12815453 0.21214144 0.18238343 0.10976826 0.2130035 ]

rule4: latitude < 34.186
probabilities_array:[0.01103909 0.10666584 0.16017175 0.08184142 0.0148723  0.01608838
 0.00827477 0.10493506 0.15974124 0.22963023 0.10673989]

rule30: 3.866 < median_income < 5.151
probabilities_array:[0.00070453 0.01960703 0.05864562 0.13716783 0.15762794 0.15337214
 0.15169506 0.14668174 0.12047305 0.05062738 0.00339759]

rule39: ocean_proximity_NEAR OCEAN = 1.0
probabilities_array:[0.02406195 0.18988776 0.12398779 0.01650091 0.         0.00196308
 0.0335909  0.08515475 0.11946556 0.3110009  0.0943863 ]

rule27: households > 754.388
probabilities_array:[0.         0.02375573 0.02279975 0.         0.         0.04998704
 0.06369676 0.14551978 0.13980064 0.2934174  0.26102293]

rule37: ocean_proximity_NEAR BAY = 1.0
probabilities_array:[0.00484045 0.2307176  0.12757725 0.         0.         0.05301975
 0.         0.00558913 0.12917869 0.19283916 0.25623795]

rule11: housing_median_age > 37.153
probabilities_array:[0.16054401 0.09300479 0.09053122 0.00244297 0.         0.
 0.02376635 0.08422394 0.11075152 0.26143762 0.17329754]

rule1: -120.915 < longitude < -119.564
probabilities_array:[0.16360909 0.20059554 0.16432181 0.12488361 0.00472837 0.
 0.         0.02883813 0.09906546 0.10085335 0.11310466]

rule2: -119.564 < longitude < -118.214
probabilities_array:[0.16148762 0.1832348  0.08080415 0.         0.00719874 0.04181158
 0.11863054 0.00044859 0.08296788 0.21502662 0.10838947]

rule19: total_bedrooms > 817.463
probabilities_array:[0.         0.03923035 0.04178476 0.         0.         0.18277517
 0.03568325 0.05727393 0.10088217 0.2673273  0.27504307]

rule35: ocean_proximity_ISLAND = 1.0
probabilities_array:[0.         0.         0.         0.         0.         0.
 0.         0.         0.17055143 0.25244948 0.57699907]

rule8: housing_median_age < 20.110
probabilities_array:[0.06986142 0.09664443 0.15247642 0.11856731 0.13644858 0.14404035
 0.06927831 0.06629591 0.05876378 0.         0.08762347]

rule29: 2.580 < median_income < 3.866
probabilities_array:[0.01573082 0.115403   0.15923998 0.19865623 0.16630988 0.13067143
 0.07782603 0.06636032 0.04884604 0.00194915 0.01900707]

rule9: 20.110 < housing_median_age < 28.632
probabilities_array:[0.07234532 0.09469829 0.05268714 0.         0.01569405 0.14715728
 0.13406698 0.06994973 0.06438741 0.02051625 0.32849753]

rule25: 241.373 < households < 497.881
probabilities_array:[0.22599813 0.12449992 0.06372332 0.04048197 0.01227462 0.01432796
 0.00332215 0.00447745 0.07457072 0.         0.43632373]

rule21: 670.679 < population < 1420.271
probabilities_array:[0.10653239 0.08875206 0.05412212 0.06165318 0.02498434 0.
 0.         0.         0.0696854  0.18308665 0.41118386]


---9---
rule15: total_rooms > 4081.483
probabilities_array:[0.         0.01892789 0.00916656 0.00290473 0.         0.
 0.03717487 0.04872014 0.27409858 0.5146623  0.09434498]

rule20: population < 670.679
probabilities_array:[0.         0.00344044 0.         0.         0.         0.08880416
 0.06940684 0.05925267 0.2542736  0.41548255 0.10933968]

rule31: median_income > 5.151
probabilities_array:[0.         0.00667132 0.00894316 0.03457117 0.04617283 0.06451754
 0.08956555 0.2086702  0.23683211 0.30127007 0.00278606]

rule39: ocean_proximity_NEAR OCEAN = 1.0
probabilities_array:[0.02406195 0.18988776 0.12398779 0.01650091 0.         0.00196308
 0.0335909  0.08515475 0.11946556 0.3110009  0.0943863 ]

rule14: 2623.695 < total_rooms < 4081.483
probabilities_array:[0.00616092 0.04703511 0.         0.         0.03230404 0.00295166
 0.07410334 0.06052999 0.21115792 0.33798525 0.22777173]

rule27: households > 754.388
probabilities_array:[0.         0.02375573 0.02279975 0.         0.         0.04998704
 0.06369676 0.14551978 0.13980064 0.2934174  0.26102293]

rule11: housing_median_age > 37.153
probabilities_array:[0.16054401 0.09300479 0.09053122 0.00244297 0.         0.
 0.02376635 0.08422394 0.11075152 0.26143762 0.17329754]

rule4: latitude < 34.186
probabilities_array:[0.01103909 0.10666584 0.16017175 0.08184142 0.0148723  0.01608838
 0.00827477 0.10493506 0.15974124 0.22963023 0.10673989]

rule19: total_bedrooms > 817.463
probabilities_array:[0.         0.03923035 0.04178476 0.         0.         0.18277517
 0.03568325 0.05727393 0.10088217 0.2673273  0.27504307]

rule2: -119.564 < longitude < -118.214
probabilities_array:[0.16148762 0.1832348  0.08080415 0.         0.00719874 0.04181158
 0.11863054 0.00044859 0.08296788 0.21502662 0.10838947]

rule32: ocean_proximity_INLAND = 0.0
probabilities_array:[0.         0.00918144 0.0140862  0.03227447 0.08810472 0.14301011
 0.18801294 0.19551502 0.17553763 0.15427752 0.        ]

rule37: ocean_proximity_NEAR BAY = 1.0
probabilities_array:[0.00484045 0.2307176  0.12757725 0.         0.         0.05301975
 0.         0.00558913 0.12917869 0.19283916 0.25623795]

rule21: 670.679 < population < 1420.271
probabilities_array:[0.10653239 0.08875206 0.05412212 0.06165318 0.02498434 0.
 0.         0.         0.0696854  0.18308665 0.41118386]

rule35: ocean_proximity_ISLAND = 1.0
probabilities_array:[0.         0.         0.         0.         0.         0.
 0.         0.         0.17055143 0.25244948 0.57699907]

rule1: -120.915 < longitude < -119.564
probabilities_array:[0.16360909 0.20059554 0.16432181 0.12488361 0.00472837 0.
 0.         0.02883813 0.09906546 0.10085335 0.11310466]

rule0: longitude < -120.915
probabilities_array:[0.03942306 0.         0.         0.02639325 0.02358081 0.06515182
 0.12815453 0.21214144 0.18238343 0.10976826 0.2130035 ]

rule7: latitude > 37.063
probabilities_array:[0.         0.19031689 0.22903478 0.18534724 0.08445445 0.03704139
 0.05513585 0.0400727  0.02719779 0.06881846 0.08258051]

rule30: 3.866 < median_income < 5.151
probabilities_array:[0.00070453 0.01960703 0.05864562 0.13716783 0.15762794 0.15337214
 0.15169506 0.14668174 0.12047305 0.05062738 0.00339759]

rule10: 28.632 < housing_median_age < 37.153
probabilities_array:[2.3845489e-01 9.8808646e-02 1.9533142e-02 9.1170456e-04 6.8723135e-02
 1.5402640e-01 5.2980587e-02 2.8375044e-04 4.5824161e-04 7.1363524e-02
 2.9445609e-01]

rule24: households < 241.373
probabilities_array:[0.17425458 0.10048497 0.10627715 0.07769848 0.0243565  0.
 0.08572751 0.         0.         0.07439698 0.35680383]

