R2: -3.2022217297982802

MAE: 205968.89407665885

MSE: 55670817632.79692

Accuracy: 0.34674104521432764

F1: 0.3353972509831592

Confusion Matrix: [[579, 92, 54, 7, 17, 4, 5, 2, 4], [242, 227, 187, 34, 34, 11, 8, 10, 5], [81, 166, 263, 108, 81, 21, 27, 22, 9], [38, 87, 163, 181, 150, 60, 30, 26, 18], [12, 53, 100, 136, 174, 125, 57, 48, 36], [13, 54, 72, 76, 143, 157, 84, 99, 68], [9, 31, 51, 36, 92, 114, 150, 173, 130], [4, 27, 22, 22, 55, 65, 102, 194, 251], [1, 5, 17, 12, 28, 35, 55, 134, 437]]

Uncertainties: {'class0': [0.01631227321922779, 0.018196001648902893, 0.02301057241857052, 0.052511874586343765, 0.08336921036243439], 'class1': [0.01631227321922779, 0.018196001648902893, 0.02301057241857052, 0.026026558130979538, 0.052511874586343765], 'class2': [0.006841212511062622, 0.01631227321922779, 0.018196001648902893, 0.02301057241857052, 0.026026558130979538], 'class3': [0.0, 0.006841212511062622, 0.01631227321922779, 0.018196001648902893, 0.02301057241857052], 'class4': [0.0, 0.006579593755304813, 0.006841212511062622, 0.01631227321922779, 0.018196001648902893], 'class5': [0.0, 0.006579593755304813, 0.006841212511062622, 0.01631227321922779, 0.026026558130979538], 'class6': [0.0, 0.006579593755304813, 0.006841212511062622, 0.01631227321922779, 0.02301057241857052], 'class7': [0.0, 0.006579593755304813, 0.006841212511062622, 0.026026558130979538, 0.09820742160081863], 'class8': [0.0, 0.006579593755304813, 0.006841212511062622, 0.10996261984109879, 0.1282714456319809]}

Most important rules
-----------------------------

---0---
rule28: median_income < 2.606
probabilities_array:[0.2747661  0.26305377 0.17974241 0.1249008  0.06776072 0.03187875
 0.02466639 0.0150351  0.         0.018196  ]

rule22: 1427.712 < population < 2199.840
probabilities_array:[0.271277   0.12538186 0.12998605 0.19453664 0.07007907 0.04962493
 0.05594425 0.01980093 0.         0.08336921]

rule12: total_rooms < 1152.990
probabilities_array:[0.24673161 0.12351379 0.13288845 0.24251156 0.09079883 0.03951577
 0.07689043 0.02119203 0.00294692 0.02301057]

rule33: ocean_proximity_INLAND = 1.0
probabilities_array:[0.29547554 0.24121428 0.21668212 0.02760991 0.00483322 0.00788773
 0.         0.         0.         0.20629714]

rule38: ocean_proximity_NEAR OCEAN = 0.0
probabilities_array:[0.2932903  0.11204336 0.05179143 0.02391946 0.11265452 0.10549689
 0.0090617  0.00648404 0.         0.28525826]

rule23: population > 2199.840
probabilities_array:[0.2127987  0.10982433 0.13120037 0.26649523 0.12803629 0.04630502
 0.07222269 0.01680512 0.         0.01631227]

rule13: 1152.990 < total_rooms < 2643.976
probabilities_array:[0.25321475 0.07308339 0.07967618 0.19354795 0.06216947 0.0507053
 0.02937116 0.01283763 0.         0.24539423]

rule36: ocean_proximity_NEAR BAY = 0.0
probabilities_array:[0.28708935 0.11563788 0.09909942 0.01049765 0.00872451 0.01542755
 0.06217317 0.02285909 0.         0.3784915 ]

rule6: 35.616 < latitude < 37.050
probabilities_array:[0.3792804  0.03401727 0.         0.         0.         0.04313117
 0.         0.         0.         0.5435712 ]

rule1: -120.899 < longitude < -119.554
probabilities_array:[0.2089021  0.20208694 0.17041415 0.04514538 0.         0.
 0.00036953 0.08426397 0.10052549 0.1882925 ]

rule11: housing_median_age > 37.151
probabilities_array:[0.20598085 0.09263417 0.05184871 0.01756865 0.         0.
 0.04108119 0.10903352 0.28001913 0.20183386]

rule5: 34.181 < latitude < 35.616
probabilities_array:[0.17930342 0.06264074 0.10125836 0.12857674 0.13318774 0.16664052
 0.11940737 0.01816106 0.         0.09082408]

rule10: 28.653 < housing_median_age < 37.151
probabilities_array:[0.23518266 0.12232328 0.03933899 0.10166148 0.04281154 0.0955139
 0.         0.00408979 0.02265133 0.33642706]

rule2: -119.554 < longitude < -118.209
probabilities_array:[0.18004695 0.15339142 0.03192431 0.         0.01651292 0.05004935
 0.01492766 0.07475594 0.26620957 0.21218185]

rule21: 655.584 < population < 1427.712
probabilities_array:[0.16147245 0.18388095 0.03238314 0.02371003 0.         0.
 0.         0.0893613  0.20864731 0.30054477]

rule25: 238.957 < households < 499.090
probabilities_array:[0.17196277 0.14975166 0.09560017 0.05892081 0.0379687  0.00542618
 0.05347059 0.02114812 0.         0.405751  ]

rule17: 251.832 < total_bedrooms < 536.375
probabilities_array:[0.13323401 0.13587695 0.08037398 0.11184924 0.01816384 0.00581314
 0.03868105 0.03150609 0.         0.44450167]

rule24: households < 238.957
probabilities_array:[0.15742499 0.12850153 0.03218965 0.04350122 0.         0.06039822
 0.         0.01161664 0.03493859 0.5314291 ]

rule16: total_bedrooms < 251.832
probabilities_array:[0.11400676 0.19237538 0.01842984 0.01513615 0.14433631 0.08523218
 0.         0.         0.01674275 0.4137407 ]

rule34: ocean_proximity_ISLAND = 0.0
probabilities_array:[1.7326471e-01 1.1439203e-01 5.4305431e-02 1.1085943e-02 0.0000000e+00
 4.8866104e-03 2.1644453e-02 3.9930530e-03 4.2441709e-05 6.1638534e-01]

rule3: longitude > -118.209
probabilities_array:[0.06627035 0.06724646 0.16887629 0.22257493 0.19427997 0.1498766
 0.06899869 0.00936481 0.         0.05251187]

rule9: 20.155 < housing_median_age < 28.653
probabilities_array:[0.06741548 0.07327016 0.03061893 0.00697091 0.09616559 0.16404885
 0.12302116 0.11816707 0.00079829 0.31952354]

rule8: housing_median_age < 20.155
probabilities_array:[0.04669664 0.09949532 0.15412468 0.14475372 0.13018796 0.11913597
 0.10557485 0.10182346 0.         0.09820742]


---1---
rule28: median_income < 2.606
probabilities_array:[0.2747661  0.26305377 0.17974241 0.1249008  0.06776072 0.03187875
 0.02466639 0.0150351  0.         0.018196  ]

rule37: ocean_proximity_NEAR BAY = 1.0
probabilities_array:[0.01531127 0.27937868 0.1319467  0.         0.         0.01258156
 0.         0.02232908 0.2697822  0.2686706 ]

rule33: ocean_proximity_INLAND = 1.0
probabilities_array:[0.29547554 0.24121428 0.21668212 0.02760991 0.00483322 0.00788773
 0.         0.         0.         0.20629714]

rule39: ocean_proximity_NEAR OCEAN = 1.0
probabilities_array:[0.04034559 0.19028589 0.09998941 0.00301228 0.         0.00894384
 0.09186362 0.13318579 0.322411   0.10996262]

rule1: -120.899 < longitude < -119.554
probabilities_array:[0.2089021  0.20208694 0.17041415 0.04514538 0.         0.
 0.00036953 0.08426397 0.10052549 0.1882925 ]

rule7: latitude > 37.050
probabilities_array:[0.         0.18449627 0.28943542 0.14803809 0.07700162 0.03539154
 0.05960134 0.00896366 0.04262463 0.15444745]

rule4: latitude < 34.181
probabilities_array:[0.         0.14967692 0.18669626 0.07705083 0.0321886  0.01766729
 0.04212691 0.13917841 0.21509469 0.14032009]

rule21: 655.584 < population < 1427.712
probabilities_array:[0.16147245 0.18388095 0.03238314 0.02371003 0.         0.
 0.         0.0893613  0.20864731 0.30054477]

rule29: 2.606 < median_income < 3.888
probabilities_array:[0.01906308 0.12477864 0.19147274 0.2227381  0.17436339 0.10422403
 0.08164238 0.05569113 0.         0.02602656]

rule2: -119.554 < longitude < -118.209
probabilities_array:[0.18004695 0.15339142 0.03192431 0.         0.01651292 0.05004935
 0.01492766 0.07475594 0.26620957 0.21218185]

rule12: total_rooms < 1152.990
probabilities_array:[0.24673161 0.12351379 0.13288845 0.24251156 0.09079883 0.03951577
 0.07689043 0.02119203 0.00294692 0.02301057]

rule22: 1427.712 < population < 2199.840
probabilities_array:[0.271277   0.12538186 0.12998605 0.19453664 0.07007907 0.04962493
 0.05594425 0.01980093 0.         0.08336921]

rule16: total_bedrooms < 251.832
probabilities_array:[0.11400676 0.19237538 0.01842984 0.01513615 0.14433631 0.08523218
 0.         0.         0.01674275 0.4137407 ]

rule23: population > 2199.840
probabilities_array:[0.2127987  0.10982433 0.13120037 0.26649523 0.12803629 0.04630502
 0.07222269 0.01680512 0.         0.01631227]

rule8: housing_median_age < 20.155
probabilities_array:[0.04669664 0.09949532 0.15412468 0.14475372 0.13018796 0.11913597
 0.10557485 0.10182346 0.         0.09820742]

rule25: 238.957 < households < 499.090
probabilities_array:[0.17196277 0.14975166 0.09560017 0.05892081 0.0379687  0.00542618
 0.05347059 0.02114812 0.         0.405751  ]

rule10: 28.653 < housing_median_age < 37.151
probabilities_array:[0.23518266 0.12232328 0.03933899 0.10166148 0.04281154 0.0955139
 0.         0.00408979 0.02265133 0.33642706]

rule38: ocean_proximity_NEAR OCEAN = 0.0
probabilities_array:[0.2932903  0.11204336 0.05179143 0.02391946 0.11265452 0.10549689
 0.0090617  0.00648404 0.         0.28525826]

rule17: 251.832 < total_bedrooms < 536.375
probabilities_array:[0.13323401 0.13587695 0.08037398 0.11184924 0.01816384 0.00581314
 0.03868105 0.03150609 0.         0.44450167]

rule11: housing_median_age > 37.151
probabilities_array:[0.20598085 0.09263417 0.05184871 0.01756865 0.         0.
 0.04108119 0.10903352 0.28001913 0.20183386]

rule36: ocean_proximity_NEAR BAY = 0.0
probabilities_array:[0.28708935 0.11563788 0.09909942 0.01049765 0.00872451 0.01542755
 0.06217317 0.02285909 0.         0.3784915 ]

rule3: longitude > -118.209
probabilities_array:[0.06627035 0.06724646 0.16887629 0.22257493 0.19427997 0.1498766
 0.06899869 0.00936481 0.         0.05251187]

rule15: total_rooms > 4134.962
probabilities_array:[0.         0.07291637 0.01644812 0.         0.         0.0062321
 0.04453    0.24825753 0.48334438 0.12827145]

rule24: households < 238.957
probabilities_array:[0.15742499 0.12850153 0.03218965 0.04350122 0.         0.06039822
 0.         0.01161664 0.03493859 0.5314291 ]

rule5: 34.181 < latitude < 35.616
probabilities_array:[0.17930342 0.06264074 0.10125836 0.12857674 0.13318774 0.16664052
 0.11940737 0.01816106 0.         0.09082408]

rule13: 1152.990 < total_rooms < 2643.976
probabilities_array:[0.25321475 0.07308339 0.07967618 0.19354795 0.06216947 0.0507053
 0.02937116 0.01283763 0.         0.24539423]

rule9: 20.155 < housing_median_age < 28.653
probabilities_array:[0.06741548 0.07327016 0.03061893 0.00697091 0.09616559 0.16404885
 0.12302116 0.11816707 0.00079829 0.31952354]

rule14: 2643.976 < total_rooms < 4134.962
probabilities_array:[0.0000000e+00 5.9010334e-02 6.9500729e-02 3.0667117e-04 4.5932275e-03
 5.9651777e-02 6.7090318e-02 1.4551818e-01 3.4257323e-01 2.5175551e-01]

rule34: ocean_proximity_ISLAND = 0.0
probabilities_array:[1.7326471e-01 1.1439203e-01 5.4305431e-02 1.1085943e-02 0.0000000e+00
 4.8866104e-03 2.1644453e-02 3.9930530e-03 4.2441709e-05 6.1638534e-01]

rule18: 536.375 < total_bedrooms < 820.918
probabilities_array:[0.07160804 0.11225431 0.0083082  0.         0.         0.01301319
 0.01666616 0.08877962 0.06700397 0.62236655]


---2---
rule7: latitude > 37.050
probabilities_array:[0.         0.18449627 0.28943542 0.14803809 0.07700162 0.03539154
 0.05960134 0.00896366 0.04262463 0.15444745]

rule29: 2.606 < median_income < 3.888
probabilities_array:[0.01906308 0.12477864 0.19147274 0.2227381  0.17436339 0.10422403
 0.08164238 0.05569113 0.         0.02602656]

rule28: median_income < 2.606
probabilities_array:[0.2747661  0.26305377 0.17974241 0.1249008  0.06776072 0.03187875
 0.02466639 0.0150351  0.         0.018196  ]

rule33: ocean_proximity_INLAND = 1.0
probabilities_array:[0.29547554 0.24121428 0.21668212 0.02760991 0.00483322 0.00788773
 0.         0.         0.         0.20629714]

rule4: latitude < 34.181
probabilities_array:[0.         0.14967692 0.18669626 0.07705083 0.0321886  0.01766729
 0.04212691 0.13917841 0.21509469 0.14032009]

rule3: longitude > -118.209
probabilities_array:[0.06627035 0.06724646 0.16887629 0.22257493 0.19427997 0.1498766
 0.06899869 0.00936481 0.         0.05251187]

rule8: housing_median_age < 20.155
probabilities_array:[0.04669664 0.09949532 0.15412468 0.14475372 0.13018796 0.11913597
 0.10557485 0.10182346 0.         0.09820742]

rule1: -120.899 < longitude < -119.554
probabilities_array:[0.2089021  0.20208694 0.17041415 0.04514538 0.         0.
 0.00036953 0.08426397 0.10052549 0.1882925 ]

rule12: total_rooms < 1152.990
probabilities_array:[0.24673161 0.12351379 0.13288845 0.24251156 0.09079883 0.03951577
 0.07689043 0.02119203 0.00294692 0.02301057]

rule23: population > 2199.840
probabilities_array:[0.2127987  0.10982433 0.13120037 0.26649523 0.12803629 0.04630502
 0.07222269 0.01680512 0.         0.01631227]

rule22: 1427.712 < population < 2199.840
probabilities_array:[0.271277   0.12538186 0.12998605 0.19453664 0.07007907 0.04962493
 0.05594425 0.01980093 0.         0.08336921]

rule37: ocean_proximity_NEAR BAY = 1.0
probabilities_array:[0.01531127 0.27937868 0.1319467  0.         0.         0.01258156
 0.         0.02232908 0.2697822  0.2686706 ]

rule5: 34.181 < latitude < 35.616
probabilities_array:[0.17930342 0.06264074 0.10125836 0.12857674 0.13318774 0.16664052
 0.11940737 0.01816106 0.         0.09082408]

rule39: ocean_proximity_NEAR OCEAN = 1.0
probabilities_array:[0.04034559 0.19028589 0.09998941 0.00301228 0.         0.00894384
 0.09186362 0.13318579 0.322411   0.10996262]

rule30: 3.888 < median_income < 5.170
probabilities_array:[0.         0.02402984 0.0798975  0.14922868 0.18872146 0.17369117
 0.16756643 0.15872519 0.05129855 0.00684121]

rule36: ocean_proximity_NEAR BAY = 0.0
probabilities_array:[0.28708935 0.11563788 0.09909942 0.01049765 0.00872451 0.01542755
 0.06217317 0.02285909 0.         0.3784915 ]

rule13: 1152.990 < total_rooms < 2643.976
probabilities_array:[0.25321475 0.07308339 0.07967618 0.19354795 0.06216947 0.0507053
 0.02937116 0.01283763 0.         0.24539423]

rule25: 238.957 < households < 499.090
probabilities_array:[0.17196277 0.14975166 0.09560017 0.05892081 0.0379687  0.00542618
 0.05347059 0.02114812 0.         0.405751  ]

rule14: 2643.976 < total_rooms < 4134.962
probabilities_array:[0.0000000e+00 5.9010334e-02 6.9500729e-02 3.0667117e-04 4.5932275e-03
 5.9651777e-02 6.7090318e-02 1.4551818e-01 3.4257323e-01 2.5175551e-01]

rule17: 251.832 < total_bedrooms < 536.375
probabilities_array:[0.13323401 0.13587695 0.08037398 0.11184924 0.01816384 0.00581314
 0.03868105 0.03150609 0.         0.44450167]

rule11: housing_median_age > 37.151
probabilities_array:[0.20598085 0.09263417 0.05184871 0.01756865 0.         0.
 0.04108119 0.10903352 0.28001913 0.20183386]

rule19: total_bedrooms > 820.918
probabilities_array:[2.4943903e-02 0.0000000e+00 7.2537675e-02 9.8445431e-05 0.0000000e+00
 1.2562042e-01 6.3859500e-02 9.4271630e-02 1.7100644e-01 4.4766194e-01]


---3---
rule23: population > 2199.840
probabilities_array:[0.2127987  0.10982433 0.13120037 0.26649523 0.12803629 0.04630502
 0.07222269 0.01680512 0.         0.01631227]

rule12: total_rooms < 1152.990
probabilities_array:[0.24673161 0.12351379 0.13288845 0.24251156 0.09079883 0.03951577
 0.07689043 0.02119203 0.00294692 0.02301057]

rule29: 2.606 < median_income < 3.888
probabilities_array:[0.01906308 0.12477864 0.19147274 0.2227381  0.17436339 0.10422403
 0.08164238 0.05569113 0.         0.02602656]

rule3: longitude > -118.209
probabilities_array:[0.06627035 0.06724646 0.16887629 0.22257493 0.19427997 0.1498766
 0.06899869 0.00936481 0.         0.05251187]

rule22: 1427.712 < population < 2199.840
probabilities_array:[0.271277   0.12538186 0.12998605 0.19453664 0.07007907 0.04962493
 0.05594425 0.01980093 0.         0.08336921]

rule30: 3.888 < median_income < 5.170
probabilities_array:[0.         0.02402984 0.0798975  0.14922868 0.18872146 0.17369117
 0.16756643 0.15872519 0.05129855 0.00684121]

rule13: 1152.990 < total_rooms < 2643.976
probabilities_array:[0.25321475 0.07308339 0.07967618 0.19354795 0.06216947 0.0507053
 0.02937116 0.01283763 0.         0.24539423]

rule8: housing_median_age < 20.155
probabilities_array:[0.04669664 0.09949532 0.15412468 0.14475372 0.13018796 0.11913597
 0.10557485 0.10182346 0.         0.09820742]

rule7: latitude > 37.050
probabilities_array:[0.         0.18449627 0.28943542 0.14803809 0.07700162 0.03539154
 0.05960134 0.00896366 0.04262463 0.15444745]

rule28: median_income < 2.606
probabilities_array:[0.2747661  0.26305377 0.17974241 0.1249008  0.06776072 0.03187875
 0.02466639 0.0150351  0.         0.018196  ]

rule5: 34.181 < latitude < 35.616
probabilities_array:[0.17930342 0.06264074 0.10125836 0.12857674 0.13318774 0.16664052
 0.11940737 0.01816106 0.         0.09082408]

rule10: 28.653 < housing_median_age < 37.151
probabilities_array:[0.23518266 0.12232328 0.03933899 0.10166148 0.04281154 0.0955139
 0.         0.00408979 0.02265133 0.33642706]

rule4: latitude < 34.181
probabilities_array:[0.         0.14967692 0.18669626 0.07705083 0.0321886  0.01766729
 0.04212691 0.13917841 0.21509469 0.14032009]

rule17: 251.832 < total_bedrooms < 536.375
probabilities_array:[0.13323401 0.13587695 0.08037398 0.11184924 0.01816384 0.00581314
 0.03868105 0.03150609 0.         0.44450167]

rule0: longitude < -120.899
probabilities_array:[1.2586277e-04 0.0000000e+00 2.0681373e-03 6.9322571e-02 7.8153685e-02
 9.0563506e-02 1.6935341e-01 2.0971380e-01 1.2905347e-01 2.5164551e-01]

rule32: ocean_proximity_INLAND = 0.0
probabilities_array:[0.         0.00940466 0.02357117 0.04570238 0.13571809 0.20531641
 0.19795336 0.20702188 0.17531206 0.        ]


---4---
rule30: 3.888 < median_income < 5.170
probabilities_array:[0.         0.02402984 0.0798975  0.14922868 0.18872146 0.17369117
 0.16756643 0.15872519 0.05129855 0.00684121]

rule3: longitude > -118.209
probabilities_array:[0.06627035 0.06724646 0.16887629 0.22257493 0.19427997 0.1498766
 0.06899869 0.00936481 0.         0.05251187]

rule29: 2.606 < median_income < 3.888
probabilities_array:[0.01906308 0.12477864 0.19147274 0.2227381  0.17436339 0.10422403
 0.08164238 0.05569113 0.         0.02602656]

rule32: ocean_proximity_INLAND = 0.0
probabilities_array:[0.         0.00940466 0.02357117 0.04570238 0.13571809 0.20531641
 0.19795336 0.20702188 0.17531206 0.        ]

rule23: population > 2199.840
probabilities_array:[0.2127987  0.10982433 0.13120037 0.26649523 0.12803629 0.04630502
 0.07222269 0.01680512 0.         0.01631227]

rule5: 34.181 < latitude < 35.616
probabilities_array:[0.17930342 0.06264074 0.10125836 0.12857674 0.13318774 0.16664052
 0.11940737 0.01816106 0.         0.09082408]

rule8: housing_median_age < 20.155
probabilities_array:[0.04669664 0.09949532 0.15412468 0.14475372 0.13018796 0.11913597
 0.10557485 0.10182346 0.         0.09820742]

rule12: total_rooms < 1152.990
probabilities_array:[0.24673161 0.12351379 0.13288845 0.24251156 0.09079883 0.03951577
 0.07689043 0.02119203 0.00294692 0.02301057]

rule16: total_bedrooms < 251.832
probabilities_array:[0.11400676 0.19237538 0.01842984 0.01513615 0.14433631 0.08523218
 0.         0.         0.01674275 0.4137407 ]

rule38: ocean_proximity_NEAR OCEAN = 0.0
probabilities_array:[0.2932903  0.11204336 0.05179143 0.02391946 0.11265452 0.10549689
 0.0090617  0.00648404 0.         0.28525826]

rule28: median_income < 2.606
probabilities_array:[0.2747661  0.26305377 0.17974241 0.1249008  0.06776072 0.03187875
 0.02466639 0.0150351  0.         0.018196  ]

rule9: 20.155 < housing_median_age < 28.653
probabilities_array:[0.06741548 0.07327016 0.03061893 0.00697091 0.09616559 0.16404885
 0.12302116 0.11816707 0.00079829 0.31952354]

rule7: latitude > 37.050
probabilities_array:[0.         0.18449627 0.28943542 0.14803809 0.07700162 0.03539154
 0.05960134 0.00896366 0.04262463 0.15444745]

rule22: 1427.712 < population < 2199.840
probabilities_array:[0.271277   0.12538186 0.12998605 0.19453664 0.07007907 0.04962493
 0.05594425 0.01980093 0.         0.08336921]

rule0: longitude < -120.899
probabilities_array:[1.2586277e-04 0.0000000e+00 2.0681373e-03 6.9322571e-02 7.8153685e-02
 9.0563506e-02 1.6935341e-01 2.0971380e-01 1.2905347e-01 2.5164551e-01]

rule13: 1152.990 < total_rooms < 2643.976
probabilities_array:[0.25321475 0.07308339 0.07967618 0.19354795 0.06216947 0.0507053
 0.02937116 0.01283763 0.         0.24539423]

rule31: median_income > 5.170
probabilities_array:[0.         0.00541265 0.00905258 0.03802754 0.04398013 0.08093104
 0.18807979 0.28188747 0.34604928 0.00657959]


---5---
rule32: ocean_proximity_INLAND = 0.0
probabilities_array:[0.         0.00940466 0.02357117 0.04570238 0.13571809 0.20531641
 0.19795336 0.20702188 0.17531206 0.        ]

rule30: 3.888 < median_income < 5.170
probabilities_array:[0.         0.02402984 0.0798975  0.14922868 0.18872146 0.17369117
 0.16756643 0.15872519 0.05129855 0.00684121]

rule5: 34.181 < latitude < 35.616
probabilities_array:[0.17930342 0.06264074 0.10125836 0.12857674 0.13318774 0.16664052
 0.11940737 0.01816106 0.         0.09082408]

rule3: longitude > -118.209
probabilities_array:[0.06627035 0.06724646 0.16887629 0.22257493 0.19427997 0.1498766
 0.06899869 0.00936481 0.         0.05251187]

rule9: 20.155 < housing_median_age < 28.653
probabilities_array:[0.06741548 0.07327016 0.03061893 0.00697091 0.09616559 0.16404885
 0.12302116 0.11816707 0.00079829 0.31952354]

rule8: housing_median_age < 20.155
probabilities_array:[0.04669664 0.09949532 0.15412468 0.14475372 0.13018796 0.11913597
 0.10557485 0.10182346 0.         0.09820742]

rule29: 2.606 < median_income < 3.888
probabilities_array:[0.01906308 0.12477864 0.19147274 0.2227381  0.17436339 0.10422403
 0.08164238 0.05569113 0.         0.02602656]

rule27: households > 759.224
probabilities_array:[0.         0.         0.         0.00775573 0.         0.13587043
 0.11127643 0.14816469 0.2745293  0.3224035 ]

rule31: median_income > 5.170
probabilities_array:[0.         0.00541265 0.00905258 0.03802754 0.04398013 0.08093104
 0.18807979 0.28188747 0.34604928 0.00657959]

rule38: ocean_proximity_NEAR OCEAN = 0.0
probabilities_array:[0.2932903  0.11204336 0.05179143 0.02391946 0.11265452 0.10549689
 0.0090617  0.00648404 0.         0.28525826]

rule19: total_bedrooms > 820.918
probabilities_array:[2.4943903e-02 0.0000000e+00 7.2537675e-02 9.8445431e-05 0.0000000e+00
 1.2562042e-01 6.3859500e-02 9.4271630e-02 1.7100644e-01 4.4766194e-01]

rule0: longitude < -120.899
probabilities_array:[1.2586277e-04 0.0000000e+00 2.0681373e-03 6.9322571e-02 7.8153685e-02
 9.0563506e-02 1.6935341e-01 2.0971380e-01 1.2905347e-01 2.5164551e-01]

rule10: 28.653 < housing_median_age < 37.151
probabilities_array:[0.23518266 0.12232328 0.03933899 0.10166148 0.04281154 0.0955139
 0.         0.00408979 0.02265133 0.33642706]

rule20: population < 655.584
probabilities_array:[0.         0.03024843 0.01349915 0.         0.01658511 0.07443594
 0.03166255 0.19220398 0.4744657  0.16689914]

rule16: total_bedrooms < 251.832
probabilities_array:[0.11400676 0.19237538 0.01842984 0.01513615 0.14433631 0.08523218
 0.         0.         0.01674275 0.4137407 ]

rule23: population > 2199.840
probabilities_array:[0.2127987  0.10982433 0.13120037 0.26649523 0.12803629 0.04630502
 0.07222269 0.01680512 0.         0.01631227]

rule22: 1427.712 < population < 2199.840
probabilities_array:[0.271277   0.12538186 0.12998605 0.19453664 0.07007907 0.04962493
 0.05594425 0.01980093 0.         0.08336921]

rule14: 2643.976 < total_rooms < 4134.962
probabilities_array:[0.0000000e+00 5.9010334e-02 6.9500729e-02 3.0667117e-04 4.5932275e-03
 5.9651777e-02 6.7090318e-02 1.4551818e-01 3.4257323e-01 2.5175551e-01]


---6---
rule32: ocean_proximity_INLAND = 0.0
probabilities_array:[0.         0.00940466 0.02357117 0.04570238 0.13571809 0.20531641
 0.19795336 0.20702188 0.17531206 0.        ]

rule31: median_income > 5.170
probabilities_array:[0.         0.00541265 0.00905258 0.03802754 0.04398013 0.08093104
 0.18807979 0.28188747 0.34604928 0.00657959]

rule30: 3.888 < median_income < 5.170
probabilities_array:[0.         0.02402984 0.0798975  0.14922868 0.18872146 0.17369117
 0.16756643 0.15872519 0.05129855 0.00684121]

rule0: longitude < -120.899
probabilities_array:[1.2586277e-04 0.0000000e+00 2.0681373e-03 6.9322571e-02 7.8153685e-02
 9.0563506e-02 1.6935341e-01 2.0971380e-01 1.2905347e-01 2.5164551e-01]

rule5: 34.181 < latitude < 35.616
probabilities_array:[0.17930342 0.06264074 0.10125836 0.12857674 0.13318774 0.16664052
 0.11940737 0.01816106 0.         0.09082408]

rule8: housing_median_age < 20.155
probabilities_array:[0.04669664 0.09949532 0.15412468 0.14475372 0.13018796 0.11913597
 0.10557485 0.10182346 0.         0.09820742]

rule9: 20.155 < housing_median_age < 28.653
probabilities_array:[0.06741548 0.07327016 0.03061893 0.00697091 0.09616559 0.16404885
 0.12302116 0.11816707 0.00079829 0.31952354]

rule39: ocean_proximity_NEAR OCEAN = 1.0
probabilities_array:[0.04034559 0.19028589 0.09998941 0.00301228 0.         0.00894384
 0.09186362 0.13318579 0.322411   0.10996262]

rule29: 2.606 < median_income < 3.888
probabilities_array:[0.01906308 0.12477864 0.19147274 0.2227381  0.17436339 0.10422403
 0.08164238 0.05569113 0.         0.02602656]

rule27: households > 759.224
probabilities_array:[0.         0.         0.         0.00775573 0.         0.13587043
 0.11127643 0.14816469 0.2745293  0.3224035 ]

rule12: total_rooms < 1152.990
probabilities_array:[0.24673161 0.12351379 0.13288845 0.24251156 0.09079883 0.03951577
 0.07689043 0.02119203 0.00294692 0.02301057]

rule23: population > 2199.840
probabilities_array:[0.2127987  0.10982433 0.13120037 0.26649523 0.12803629 0.04630502
 0.07222269 0.01680512 0.         0.01631227]

rule3: longitude > -118.209
probabilities_array:[0.06627035 0.06724646 0.16887629 0.22257493 0.19427997 0.1498766
 0.06899869 0.00936481 0.         0.05251187]

rule22: 1427.712 < population < 2199.840
probabilities_array:[0.271277   0.12538186 0.12998605 0.19453664 0.07007907 0.04962493
 0.05594425 0.01980093 0.         0.08336921]

rule7: latitude > 37.050
probabilities_array:[0.         0.18449627 0.28943542 0.14803809 0.07700162 0.03539154
 0.05960134 0.00896366 0.04262463 0.15444745]

rule14: 2643.976 < total_rooms < 4134.962
probabilities_array:[0.0000000e+00 5.9010334e-02 6.9500729e-02 3.0667117e-04 4.5932275e-03
 5.9651777e-02 6.7090318e-02 1.4551818e-01 3.4257323e-01 2.5175551e-01]


---7---
rule31: median_income > 5.170
probabilities_array:[0.         0.00541265 0.00905258 0.03802754 0.04398013 0.08093104
 0.18807979 0.28188747 0.34604928 0.00657959]

rule15: total_rooms > 4134.962
probabilities_array:[0.         0.07291637 0.01644812 0.         0.         0.0062321
 0.04453    0.24825753 0.48334438 0.12827145]

rule32: ocean_proximity_INLAND = 0.0
probabilities_array:[0.         0.00940466 0.02357117 0.04570238 0.13571809 0.20531641
 0.19795336 0.20702188 0.17531206 0.        ]

rule20: population < 655.584
probabilities_array:[0.         0.03024843 0.01349915 0.         0.01658511 0.07443594
 0.03166255 0.19220398 0.4744657  0.16689914]

rule30: 3.888 < median_income < 5.170
probabilities_array:[0.         0.02402984 0.0798975  0.14922868 0.18872146 0.17369117
 0.16756643 0.15872519 0.05129855 0.00684121]

rule0: longitude < -120.899
probabilities_array:[1.2586277e-04 0.0000000e+00 2.0681373e-03 6.9322571e-02 7.8153685e-02
 9.0563506e-02 1.6935341e-01 2.0971380e-01 1.2905347e-01 2.5164551e-01]

rule4: latitude < 34.181
probabilities_array:[0.         0.14967692 0.18669626 0.07705083 0.0321886  0.01766729
 0.04212691 0.13917841 0.21509469 0.14032009]

rule39: ocean_proximity_NEAR OCEAN = 1.0
probabilities_array:[0.04034559 0.19028589 0.09998941 0.00301228 0.         0.00894384
 0.09186362 0.13318579 0.322411   0.10996262]

rule35: ocean_proximity_ISLAND = 1.0
probabilities_array:[0.         0.         0.         0.         0.         0.
 0.         0.18634109 0.44149405 0.37216485]

rule14: 2643.976 < total_rooms < 4134.962
probabilities_array:[0.0000000e+00 5.9010334e-02 6.9500729e-02 3.0667117e-04 4.5932275e-03
 5.9651777e-02 6.7090318e-02 1.4551818e-01 3.4257323e-01 2.5175551e-01]

rule27: households > 759.224
probabilities_array:[0.         0.         0.         0.00775573 0.         0.13587043
 0.11127643 0.14816469 0.2745293  0.3224035 ]

rule8: housing_median_age < 20.155
probabilities_array:[0.04669664 0.09949532 0.15412468 0.14475372 0.13018796 0.11913597
 0.10557485 0.10182346 0.         0.09820742]

rule11: housing_median_age > 37.151
probabilities_array:[0.20598085 0.09263417 0.05184871 0.01756865 0.         0.
 0.04108119 0.10903352 0.28001913 0.20183386]

rule9: 20.155 < housing_median_age < 28.653
probabilities_array:[0.06741548 0.07327016 0.03061893 0.00697091 0.09616559 0.16404885
 0.12302116 0.11816707 0.00079829 0.31952354]

rule1: -120.899 < longitude < -119.554
probabilities_array:[0.2089021  0.20208694 0.17041415 0.04514538 0.         0.
 0.00036953 0.08426397 0.10052549 0.1882925 ]

rule21: 655.584 < population < 1427.712
probabilities_array:[0.16147245 0.18388095 0.03238314 0.02371003 0.         0.
 0.         0.0893613  0.20864731 0.30054477]

rule2: -119.554 < longitude < -118.209
probabilities_array:[0.18004695 0.15339142 0.03192431 0.         0.01651292 0.05004935
 0.01492766 0.07475594 0.26620957 0.21218185]

rule29: 2.606 < median_income < 3.888
probabilities_array:[0.01906308 0.12477864 0.19147274 0.2227381  0.17436339 0.10422403
 0.08164238 0.05569113 0.         0.02602656]

rule19: total_bedrooms > 820.918
probabilities_array:[2.4943903e-02 0.0000000e+00 7.2537675e-02 9.8445431e-05 0.0000000e+00
 1.2562042e-01 6.3859500e-02 9.4271630e-02 1.7100644e-01 4.4766194e-01]


---8---
rule15: total_rooms > 4134.962
probabilities_array:[0.         0.07291637 0.01644812 0.         0.         0.0062321
 0.04453    0.24825753 0.48334438 0.12827145]

rule20: population < 655.584
probabilities_array:[0.         0.03024843 0.01349915 0.         0.01658511 0.07443594
 0.03166255 0.19220398 0.4744657  0.16689914]

rule31: median_income > 5.170
probabilities_array:[0.         0.00541265 0.00905258 0.03802754 0.04398013 0.08093104
 0.18807979 0.28188747 0.34604928 0.00657959]

rule39: ocean_proximity_NEAR OCEAN = 1.0
probabilities_array:[0.04034559 0.19028589 0.09998941 0.00301228 0.         0.00894384
 0.09186362 0.13318579 0.322411   0.10996262]

rule35: ocean_proximity_ISLAND = 1.0
probabilities_array:[0.         0.         0.         0.         0.         0.
 0.         0.18634109 0.44149405 0.37216485]

rule14: 2643.976 < total_rooms < 4134.962
probabilities_array:[0.0000000e+00 5.9010334e-02 6.9500729e-02 3.0667117e-04 4.5932275e-03
 5.9651777e-02 6.7090318e-02 1.4551818e-01 3.4257323e-01 2.5175551e-01]

rule11: housing_median_age > 37.151
probabilities_array:[0.20598085 0.09263417 0.05184871 0.01756865 0.         0.
 0.04108119 0.10903352 0.28001913 0.20183386]

rule2: -119.554 < longitude < -118.209
probabilities_array:[0.18004695 0.15339142 0.03192431 0.         0.01651292 0.05004935
 0.01492766 0.07475594 0.26620957 0.21218185]

rule37: ocean_proximity_NEAR BAY = 1.0
probabilities_array:[0.01531127 0.27937868 0.1319467  0.         0.         0.01258156
 0.         0.02232908 0.2697822  0.2686706 ]

rule27: households > 759.224
probabilities_array:[0.         0.         0.         0.00775573 0.         0.13587043
 0.11127643 0.14816469 0.2745293  0.3224035 ]

rule4: latitude < 34.181
probabilities_array:[0.         0.14967692 0.18669626 0.07705083 0.0321886  0.01766729
 0.04212691 0.13917841 0.21509469 0.14032009]

rule32: ocean_proximity_INLAND = 0.0
probabilities_array:[0.         0.00940466 0.02357117 0.04570238 0.13571809 0.20531641
 0.19795336 0.20702188 0.17531206 0.        ]

rule21: 655.584 < population < 1427.712
probabilities_array:[0.16147245 0.18388095 0.03238314 0.02371003 0.         0.
 0.         0.0893613  0.20864731 0.30054477]

rule0: longitude < -120.899
probabilities_array:[1.2586277e-04 0.0000000e+00 2.0681373e-03 6.9322571e-02 7.8153685e-02
 9.0563506e-02 1.6935341e-01 2.0971380e-01 1.2905347e-01 2.5164551e-01]

rule19: total_bedrooms > 820.918
probabilities_array:[2.4943903e-02 0.0000000e+00 7.2537675e-02 9.8445431e-05 0.0000000e+00
 1.2562042e-01 6.3859500e-02 9.4271630e-02 1.7100644e-01 4.4766194e-01]

rule1: -120.899 < longitude < -119.554
probabilities_array:[0.2089021  0.20208694 0.17041415 0.04514538 0.         0.
 0.00036953 0.08426397 0.10052549 0.1882925 ]

rule30: 3.888 < median_income < 5.170
probabilities_array:[0.         0.02402984 0.0798975  0.14922868 0.18872146 0.17369117
 0.16756643 0.15872519 0.05129855 0.00684121]

