R2: -3.1977039104357834

MAE: 206931.34017924985

MSE: 56211133889.379166

Accuracy: 0.38681738109219027

F1: 0.3707067862185375

Confusion Matrix: [[670, 141, 43, 9, 25, 4, 1, 10], [215, 348, 147, 47, 29, 12, 12, 25], [66, 217, 216, 151, 50, 35, 34, 41], [31, 116, 125, 245, 113, 84, 52, 38], [12, 93, 81, 192, 166, 111, 129, 112], [12, 70, 41, 88, 128, 162, 203, 136], [5, 36, 35, 44, 67, 126, 272, 278], [0, 16, 11, 9, 31, 62, 176, 556]]

Uncertainties: {'class0': [0.013410690240561962, 0.022518811747431755, 0.039112016558647156, 0.06338891386985779, 0.07805008441209793], 'class1': [0.013410690240561962, 0.022518811747431755, 0.030498888343572617, 0.039112016558647156, 0.06338891386985779], 'class2': [0.003821867285296321, 0.013410690240561962, 0.013507287949323654, 0.022518811747431755, 0.030498888343572617], 'class3': [0.003821867285296321, 0.013410690240561962, 0.013507287949323654, 0.022518811747431755, 0.030498888343572617], 'class4': [0.0012546801008284092, 0.003821867285296321, 0.013410690240561962, 0.013507287949323654, 0.022518811747431755], 'class5': [0.0012546801008284092, 0.003821867285296321, 0.013410690240561962, 0.013507287949323654, 0.022518811747431755], 'class6': [0.0012546801008284092, 0.003821867285296321, 0.013507287949323654, 0.030498888343572617, 0.08213011920452118], 'class7': [0.0012546801008284092, 0.003821867285296321, 0.013507287949323654, 0.08213011920452118, 0.09690036624670029]}

Most important rules
-----------------------------

---0---
rule28: median_income < 2.589
probabilities_array:[0.30860847 0.29215336 0.19017607 0.1001686  0.04390749 0.02196889
 0.00390511 0.         0.03911202]

rule33: ocean_proximity_INLAND = 1.0
probabilities_array:[3.3871853e-01 2.8074694e-01 1.6289011e-01 0.0000000e+00 1.0969384e-04
 7.8473944e-04 0.0000000e+00 0.0000000e+00 2.1675000e-01]

rule12: total_rooms < 1170.636
probabilities_array:[0.2700013  0.14933167 0.20490208 0.19356927 0.06901629 0.06015451
 0.03050616 0.         0.02251881]

rule23: population > 2171.867
probabilities_array:[0.2478575  0.11053704 0.21673562 0.23553215 0.08774578 0.0643317
 0.02341796 0.00043152 0.01341069]

rule22: 1421.469 < population < 2171.867
probabilities_array:[0.2296272  0.14149274 0.21527354 0.15424845 0.07983583 0.0651572
 0.03631499 0.         0.07805008]

rule6: 35.649 < latitude < 37.096
probabilities_array:[0.38358375 0.00980391 0.         0.         0.         0.11258399
 0.         0.         0.49402836]

rule2: -119.586 < longitude < -118.230
probabilities_array:[0.2109486  0.21340041 0.00703288 0.         0.02461276 0.0857177
 0.05979616 0.25742033 0.14107113]

rule13: 1170.636 < total_rooms < 2630.653
probabilities_array:[0.2325114  0.04593687 0.08730291 0.15612637 0.06324343 0.05718005
 0.03841479 0.         0.31928423]

rule36: ocean_proximity_NEAR BAY = 0.0
probabilities_array:[0.26989645 0.128404   0.05403598 0.00045256 0.00069382 0.0881413
 0.02263412 0.         0.43574175]

rule38: ocean_proximity_NEAR OCEAN = 0.0
probabilities_array:[0.2497654  0.10972697 0.02231719 0.10438368 0.11053165 0.01153927
 0.         0.         0.39173594]

rule5: 34.202 < latitude < 35.649
probabilities_array:[0.161549   0.06441286 0.14448078 0.09349065 0.1276494  0.19773334
 0.07907014 0.         0.13161388]

rule1: -120.941 < longitude < -119.586
probabilities_array:[0.17683202 0.21566449 0.1512122  0.0023453  0.         0.
 0.07829291 0.13574734 0.23990574]

rule10: 28.639 < housing_median_age < 37.140
probabilities_array:[0.21356043 0.07126389 0.00230874 0.09462226 0.20490743 0.
 0.00052673 0.02025584 0.39255464]

rule39: ocean_proximity_NEAR OCEAN = 1.0
probabilities_array:[0.13695969 0.17952965 0.06593796 0.         0.         0.06692073
 0.162401   0.30612087 0.08213012]

rule25: 244.978 < households < 497.506
probabilities_array:[0.21086526 0.11324851 0.15013106 0.03285652 0.00892502 0.01121163
 0.0148476  0.         0.45791447]

rule3: longitude > -118.230
probabilities_array:[0.09790671 0.11000665 0.17473933 0.2713259  0.17208177 0.10257195
 0.00797882 0.         0.06338891]

rule21: 671.071 < population < 1421.469
probabilities_array:[0.1462209  0.09677008 0.05870578 0.00545105 0.         0.00039935
 0.06186122 0.24536116 0.3852305 ]

rule24: households < 244.978
probabilities_array:[0.1922109  0.11045083 0.09211199 0.04593991 0.         0.
 0.         0.01865625 0.5406301 ]

rule11: housing_median_age > 37.140
probabilities_array:[0.15022889 0.06443997 0.00560528 0.         0.         0.01445167
 0.06787816 0.26861048 0.42878544]

rule17: 256.316 < total_bedrooms < 534.817
probabilities_array:[0.18183722 0.06295087 0.03453391 0.0770269  0.         0.02067891
 0.02814303 0.         0.59482914]

rule9: 20.138 < housing_median_age < 28.639
probabilities_array:[0.10061895 0.05634433 0.04462633 0.00513151 0.23626453 0.13203609
 0.10179948 0.0238991  0.29927972]

rule18: 534.817 < total_bedrooms < 813.318
probabilities_array:[0.12751648 0.02280725 0.03077038 0.         0.04366881 0.06901917
 0.04821346 0.11917808 0.53882635]

rule16: total_bedrooms < 256.316
probabilities_array:[0.12223012 0.09446801 0.05407946 0.08247011 0.10900342 0.
 0.         0.         0.5377489 ]

rule34: ocean_proximity_ISLAND = 0.0
probabilities_array:[0.16517402 0.10737976 0.01880831 0.         0.         0.01613061
 0.         0.         0.6925073 ]

rule8: housing_median_age < 20.138
probabilities_array:[0.05250434 0.11339505 0.17321868 0.17297147 0.1936773  0.08864499
 0.10687827 0.         0.09870987]


---1---
rule28: median_income < 2.589
probabilities_array:[0.30860847 0.29215336 0.19017607 0.1001686  0.04390749 0.02196889
 0.00390511 0.         0.03911202]

rule7: latitude > 37.096
probabilities_array:[0.         0.3466492  0.21273819 0.0258841  0.02294777 0.0004446
 0.00094679 0.07674748 0.31364185]

rule33: ocean_proximity_INLAND = 1.0
probabilities_array:[3.3871853e-01 2.8074694e-01 1.6289011e-01 0.0000000e+00 1.0969384e-04
 7.8473944e-04 0.0000000e+00 0.0000000e+00 2.1675000e-01]

rule2: -119.586 < longitude < -118.230
probabilities_array:[0.2109486  0.21340041 0.00703288 0.         0.02461276 0.0857177
 0.05979616 0.25742033 0.14107113]

rule29: 2.589 < median_income < 3.869
probabilities_array:[0.036671   0.18705045 0.2224492  0.22319397 0.15080288 0.10014804
 0.04918554 0.         0.03049889]

rule39: ocean_proximity_NEAR OCEAN = 1.0
probabilities_array:[0.13695969 0.17952965 0.06593796 0.         0.         0.06692073
 0.162401   0.30612087 0.08213012]

rule1: -120.941 < longitude < -119.586
probabilities_array:[0.17683202 0.21566449 0.1512122  0.0023453  0.         0.
 0.07829291 0.13574734 0.23990574]

rule37: ocean_proximity_NEAR BAY = 1.0
probabilities_array:[0.03122363 0.24560419 0.05789332 0.         0.00408222 0.
 0.03861084 0.2685098  0.35407606]

rule4: latitude < 34.202
probabilities_array:[0.00550093 0.1673719  0.14166994 0.03325495 0.04881418 0.05431994
 0.1893542  0.24770734 0.11200661]

rule12: total_rooms < 1170.636
probabilities_array:[0.2700013  0.14933167 0.20490208 0.19356927 0.06901629 0.06015451
 0.03050616 0.         0.02251881]

rule22: 1421.469 < population < 2171.867
probabilities_array:[0.2296272  0.14149274 0.21527354 0.15424845 0.07983583 0.0651572
 0.03631499 0.         0.07805008]

rule23: population > 2171.867
probabilities_array:[0.2478575  0.11053704 0.21673562 0.23553215 0.08774578 0.0643317
 0.02341796 0.00043152 0.01341069]

rule3: longitude > -118.230
probabilities_array:[0.09790671 0.11000665 0.17473933 0.2713259  0.17208177 0.10257195
 0.00797882 0.         0.06338891]

rule8: housing_median_age < 20.138
probabilities_array:[0.05250434 0.11339505 0.17321868 0.17297147 0.1936773  0.08864499
 0.10687827 0.         0.09870987]

rule36: ocean_proximity_NEAR BAY = 0.0
probabilities_array:[0.26989645 0.128404   0.05403598 0.00045256 0.00069382 0.0881413
 0.02263412 0.         0.43574175]

rule15: total_rooms > 4090.670
probabilities_array:[0.         0.0805418  0.03754909 0.         0.         0.01600893
 0.1680743  0.55252993 0.14529596]

rule38: ocean_proximity_NEAR OCEAN = 0.0
probabilities_array:[0.2497654  0.10972697 0.02231719 0.10438368 0.11053165 0.01153927
 0.         0.         0.39173594]

rule25: 244.978 < households < 497.506
probabilities_array:[0.21086526 0.11324851 0.15013106 0.03285652 0.00892502 0.01121163
 0.0148476  0.         0.45791447]

rule21: 671.071 < population < 1421.469
probabilities_array:[0.1462209  0.09677008 0.05870578 0.00545105 0.         0.00039935
 0.06186122 0.24536116 0.3852305 ]

rule5: 34.202 < latitude < 35.649
probabilities_array:[0.161549   0.06441286 0.14448078 0.09349065 0.1276494  0.19773334
 0.07907014 0.         0.13161388]

rule24: households < 244.978
probabilities_array:[0.1922109  0.11045083 0.09211199 0.04593991 0.         0.
 0.         0.01865625 0.5406301 ]

rule16: total_bedrooms < 256.316
probabilities_array:[0.12223012 0.09446801 0.05407946 0.08247011 0.10900342 0.
 0.         0.         0.5377489 ]

rule10: 28.639 < housing_median_age < 37.140
probabilities_array:[0.21356043 0.07126389 0.00230874 0.09462226 0.20490743 0.
 0.00052673 0.02025584 0.39255464]


---2---
rule29: 2.589 < median_income < 3.869
probabilities_array:[0.036671   0.18705045 0.2224492  0.22319397 0.15080288 0.10014804
 0.04918554 0.         0.03049889]

rule23: population > 2171.867
probabilities_array:[0.2478575  0.11053704 0.21673562 0.23553215 0.08774578 0.0643317
 0.02341796 0.00043152 0.01341069]

rule12: total_rooms < 1170.636
probabilities_array:[0.2700013  0.14933167 0.20490208 0.19356927 0.06901629 0.06015451
 0.03050616 0.         0.02251881]

rule22: 1421.469 < population < 2171.867
probabilities_array:[0.2296272  0.14149274 0.21527354 0.15424845 0.07983583 0.0651572
 0.03631499 0.         0.07805008]

rule28: median_income < 2.589
probabilities_array:[0.30860847 0.29215336 0.19017607 0.1001686  0.04390749 0.02196889
 0.00390511 0.         0.03911202]

rule3: longitude > -118.230
probabilities_array:[0.09790671 0.11000665 0.17473933 0.2713259  0.17208177 0.10257195
 0.00797882 0.         0.06338891]

rule8: housing_median_age < 20.138
probabilities_array:[0.05250434 0.11339505 0.17321868 0.17297147 0.1936773  0.08864499
 0.10687827 0.         0.09870987]

rule30: 3.869 < median_income < 5.148
probabilities_array:[0.         0.03435874 0.15128241 0.21002094 0.20501137 0.18673705
 0.14295463 0.05612753 0.01350729]

rule7: latitude > 37.096
probabilities_array:[0.         0.3466492  0.21273819 0.0258841  0.02294777 0.0004446
 0.00094679 0.07674748 0.31364185]

rule33: ocean_proximity_INLAND = 1.0
probabilities_array:[3.3871853e-01 2.8074694e-01 1.6289011e-01 0.0000000e+00 1.0969384e-04
 7.8473944e-04 0.0000000e+00 0.0000000e+00 2.1675000e-01]

rule4: latitude < 34.202
probabilities_array:[0.00550093 0.1673719  0.14166994 0.03325495 0.04881418 0.05431994
 0.1893542  0.24770734 0.11200661]

rule5: 34.202 < latitude < 35.649
probabilities_array:[0.161549   0.06441286 0.14448078 0.09349065 0.1276494  0.19773334
 0.07907014 0.         0.13161388]

rule1: -120.941 < longitude < -119.586
probabilities_array:[0.17683202 0.21566449 0.1512122  0.0023453  0.         0.
 0.07829291 0.13574734 0.23990574]

rule25: 244.978 < households < 497.506
probabilities_array:[0.21086526 0.11324851 0.15013106 0.03285652 0.00892502 0.01121163
 0.0148476  0.         0.45791447]

rule39: ocean_proximity_NEAR OCEAN = 1.0
probabilities_array:[0.13695969 0.17952965 0.06593796 0.         0.         0.06692073
 0.162401   0.30612087 0.08213012]

rule13: 1170.636 < total_rooms < 2630.653
probabilities_array:[0.2325114  0.04593687 0.08730291 0.15612637 0.06324343 0.05718005
 0.03841479 0.         0.31928423]

rule32: ocean_proximity_INLAND = 0.0
probabilities_array:[0.         0.0162563  0.04310807 0.10742362 0.18490371 0.22781567
 0.23002732 0.18664345 0.00382187]

rule24: households < 244.978
probabilities_array:[0.1922109  0.11045083 0.09211199 0.04593991 0.         0.
 0.         0.01865625 0.5406301 ]


---3---
rule3: longitude > -118.230
probabilities_array:[0.09790671 0.11000665 0.17473933 0.2713259  0.17208177 0.10257195
 0.00797882 0.         0.06338891]

rule23: population > 2171.867
probabilities_array:[0.2478575  0.11053704 0.21673562 0.23553215 0.08774578 0.0643317
 0.02341796 0.00043152 0.01341069]

rule29: 2.589 < median_income < 3.869
probabilities_array:[0.036671   0.18705045 0.2224492  0.22319397 0.15080288 0.10014804
 0.04918554 0.         0.03049889]

rule30: 3.869 < median_income < 5.148
probabilities_array:[0.         0.03435874 0.15128241 0.21002094 0.20501137 0.18673705
 0.14295463 0.05612753 0.01350729]

rule12: total_rooms < 1170.636
probabilities_array:[0.2700013  0.14933167 0.20490208 0.19356927 0.06901629 0.06015451
 0.03050616 0.         0.02251881]

rule8: housing_median_age < 20.138
probabilities_array:[0.05250434 0.11339505 0.17321868 0.17297147 0.1936773  0.08864499
 0.10687827 0.         0.09870987]

rule22: 1421.469 < population < 2171.867
probabilities_array:[0.2296272  0.14149274 0.21527354 0.15424845 0.07983583 0.0651572
 0.03631499 0.         0.07805008]

rule32: ocean_proximity_INLAND = 0.0
probabilities_array:[0.         0.0162563  0.04310807 0.10742362 0.18490371 0.22781567
 0.23002732 0.18664345 0.00382187]

rule13: 1170.636 < total_rooms < 2630.653
probabilities_array:[0.2325114  0.04593687 0.08730291 0.15612637 0.06324343 0.05718005
 0.03841479 0.         0.31928423]

rule28: median_income < 2.589
probabilities_array:[0.30860847 0.29215336 0.19017607 0.1001686  0.04390749 0.02196889
 0.00390511 0.         0.03911202]

rule5: 34.202 < latitude < 35.649
probabilities_array:[0.161549   0.06441286 0.14448078 0.09349065 0.1276494  0.19773334
 0.07907014 0.         0.13161388]

rule38: ocean_proximity_NEAR OCEAN = 0.0
probabilities_array:[0.2497654  0.10972697 0.02231719 0.10438368 0.11053165 0.01153927
 0.         0.         0.39173594]

rule10: 28.639 < housing_median_age < 37.140
probabilities_array:[0.21356043 0.07126389 0.00230874 0.09462226 0.20490743 0.
 0.00052673 0.02025584 0.39255464]


---4---
rule30: 3.869 < median_income < 5.148
probabilities_array:[0.         0.03435874 0.15128241 0.21002094 0.20501137 0.18673705
 0.14295463 0.05612753 0.01350729]

rule32: ocean_proximity_INLAND = 0.0
probabilities_array:[0.         0.0162563  0.04310807 0.10742362 0.18490371 0.22781567
 0.23002732 0.18664345 0.00382187]

rule8: housing_median_age < 20.138
probabilities_array:[0.05250434 0.11339505 0.17321868 0.17297147 0.1936773  0.08864499
 0.10687827 0.         0.09870987]

rule9: 20.138 < housing_median_age < 28.639
probabilities_array:[0.10061895 0.05634433 0.04462633 0.00513151 0.23626453 0.13203609
 0.10179948 0.0238991  0.29927972]

rule3: longitude > -118.230
probabilities_array:[0.09790671 0.11000665 0.17473933 0.2713259  0.17208177 0.10257195
 0.00797882 0.         0.06338891]

rule29: 2.589 < median_income < 3.869
probabilities_array:[0.036671   0.18705045 0.2224492  0.22319397 0.15080288 0.10014804
 0.04918554 0.         0.03049889]

rule10: 28.639 < housing_median_age < 37.140
probabilities_array:[0.21356043 0.07126389 0.00230874 0.09462226 0.20490743 0.
 0.00052673 0.02025584 0.39255464]

rule5: 34.202 < latitude < 35.649
probabilities_array:[0.161549   0.06441286 0.14448078 0.09349065 0.1276494  0.19773334
 0.07907014 0.         0.13161388]

rule23: population > 2171.867
probabilities_array:[0.2478575  0.11053704 0.21673562 0.23553215 0.08774578 0.0643317
 0.02341796 0.00043152 0.01341069]

rule31: median_income > 5.148
probabilities_array:[0.         0.00693254 0.02332802 0.02321365 0.0773541  0.19981553
 0.29132003 0.37678146 0.00125468]

rule22: 1421.469 < population < 2171.867
probabilities_array:[0.2296272  0.14149274 0.21527354 0.15424845 0.07983583 0.0651572
 0.03631499 0.         0.07805008]

rule20: population < 671.071
probabilities_array:[0.03077912 0.01817626 0.         0.         0.0775396  0.09083509
 0.21905693 0.4667126  0.09690037]

rule12: total_rooms < 1170.636
probabilities_array:[0.2700013  0.14933167 0.20490208 0.19356927 0.06901629 0.06015451
 0.03050616 0.         0.02251881]

rule19: total_bedrooms > 813.318
probabilities_array:[0.02139587 0.00692258 0.01378821 0.         0.09987085 0.114286
 0.17694528 0.24144672 0.3253445 ]

rule38: ocean_proximity_NEAR OCEAN = 0.0
probabilities_array:[0.2497654  0.10972697 0.02231719 0.10438368 0.11053165 0.01153927
 0.         0.         0.39173594]

rule27: households > 750.034
probabilities_array:[0.03772934 0.00940142 0.         0.         0.06459595 0.13946171
 0.22465543 0.3247548  0.19940129]

rule16: total_bedrooms < 256.316
probabilities_array:[0.12223012 0.09446801 0.05407946 0.08247011 0.10900342 0.
 0.         0.         0.5377489 ]

rule4: latitude < 34.202
probabilities_array:[0.00550093 0.1673719  0.14166994 0.03325495 0.04881418 0.05431994
 0.1893542  0.24770734 0.11200661]

rule13: 1170.636 < total_rooms < 2630.653
probabilities_array:[0.2325114  0.04593687 0.08730291 0.15612637 0.06324343 0.05718005
 0.03841479 0.         0.31928423]

rule28: median_income < 2.589
probabilities_array:[0.30860847 0.29215336 0.19017607 0.1001686  0.04390749 0.02196889
 0.00390511 0.         0.03911202]


---5---
rule32: ocean_proximity_INLAND = 0.0
probabilities_array:[0.         0.0162563  0.04310807 0.10742362 0.18490371 0.22781567
 0.23002732 0.18664345 0.00382187]

rule31: median_income > 5.148
probabilities_array:[0.         0.00693254 0.02332802 0.02321365 0.0773541  0.19981553
 0.29132003 0.37678146 0.00125468]

rule30: 3.869 < median_income < 5.148
probabilities_array:[0.         0.03435874 0.15128241 0.21002094 0.20501137 0.18673705
 0.14295463 0.05612753 0.01350729]

rule5: 34.202 < latitude < 35.649
probabilities_array:[0.161549   0.06441286 0.14448078 0.09349065 0.1276494  0.19773334
 0.07907014 0.         0.13161388]

rule0: longitude < -120.941
probabilities_array:[0.03098333 0.         0.03528952 0.01165252 0.03269383 0.21995868
 0.21570513 0.13465859 0.31905836]

rule27: households > 750.034
probabilities_array:[0.03772934 0.00940142 0.         0.         0.06459595 0.13946171
 0.22465543 0.3247548  0.19940129]

rule29: 2.589 < median_income < 3.869
probabilities_array:[0.036671   0.18705045 0.2224492  0.22319397 0.15080288 0.10014804
 0.04918554 0.         0.03049889]

rule3: longitude > -118.230
probabilities_array:[0.09790671 0.11000665 0.17473933 0.2713259  0.17208177 0.10257195
 0.00797882 0.         0.06338891]

rule9: 20.138 < housing_median_age < 28.639
probabilities_array:[0.10061895 0.05634433 0.04462633 0.00513151 0.23626453 0.13203609
 0.10179948 0.0238991  0.29927972]

rule20: population < 671.071
probabilities_array:[0.03077912 0.01817626 0.         0.         0.0775396  0.09083509
 0.21905693 0.4667126  0.09690037]

rule8: housing_median_age < 20.138
probabilities_array:[0.05250434 0.11339505 0.17321868 0.17297147 0.1936773  0.08864499
 0.10687827 0.         0.09870987]

rule19: total_bedrooms > 813.318
probabilities_array:[0.02139587 0.00692258 0.01378821 0.         0.09987085 0.114286
 0.17694528 0.24144672 0.3253445 ]

rule2: -119.586 < longitude < -118.230
probabilities_array:[0.2109486  0.21340041 0.00703288 0.         0.02461276 0.0857177
 0.05979616 0.25742033 0.14107113]

rule23: population > 2171.867
probabilities_array:[0.2478575  0.11053704 0.21673562 0.23553215 0.08774578 0.0643317
 0.02341796 0.00043152 0.01341069]

rule39: ocean_proximity_NEAR OCEAN = 1.0
probabilities_array:[0.13695969 0.17952965 0.06593796 0.         0.         0.06692073
 0.162401   0.30612087 0.08213012]

rule22: 1421.469 < population < 2171.867
probabilities_array:[0.2296272  0.14149274 0.21527354 0.15424845 0.07983583 0.0651572
 0.03631499 0.         0.07805008]

rule12: total_rooms < 1170.636
probabilities_array:[0.2700013  0.14933167 0.20490208 0.19356927 0.06901629 0.06015451
 0.03050616 0.         0.02251881]

rule6: 35.649 < latitude < 37.096
probabilities_array:[0.38358375 0.00980391 0.         0.         0.         0.11258399
 0.         0.         0.49402836]

rule36: ocean_proximity_NEAR BAY = 0.0
probabilities_array:[0.26989645 0.128404   0.05403598 0.00045256 0.00069382 0.0881413
 0.02263412 0.         0.43574175]

rule4: latitude < 34.202
probabilities_array:[0.00550093 0.1673719  0.14166994 0.03325495 0.04881418 0.05431994
 0.1893542  0.24770734 0.11200661]


---6---
rule31: median_income > 5.148
probabilities_array:[0.         0.00693254 0.02332802 0.02321365 0.0773541  0.19981553
 0.29132003 0.37678146 0.00125468]

rule32: ocean_proximity_INLAND = 0.0
probabilities_array:[0.         0.0162563  0.04310807 0.10742362 0.18490371 0.22781567
 0.23002732 0.18664345 0.00382187]

rule20: population < 671.071
probabilities_array:[0.03077912 0.01817626 0.         0.         0.0775396  0.09083509
 0.21905693 0.4667126  0.09690037]

rule27: households > 750.034
probabilities_array:[0.03772934 0.00940142 0.         0.         0.06459595 0.13946171
 0.22465543 0.3247548  0.19940129]

rule4: latitude < 34.202
probabilities_array:[0.00550093 0.1673719  0.14166994 0.03325495 0.04881418 0.05431994
 0.1893542  0.24770734 0.11200661]

rule39: ocean_proximity_NEAR OCEAN = 1.0
probabilities_array:[0.13695969 0.17952965 0.06593796 0.         0.         0.06692073
 0.162401   0.30612087 0.08213012]

rule0: longitude < -120.941
probabilities_array:[0.03098333 0.         0.03528952 0.01165252 0.03269383 0.21995868
 0.21570513 0.13465859 0.31905836]

rule15: total_rooms > 4090.670
probabilities_array:[0.         0.0805418  0.03754909 0.         0.         0.01600893
 0.1680743  0.55252993 0.14529596]

rule30: 3.869 < median_income < 5.148
probabilities_array:[0.         0.03435874 0.15128241 0.21002094 0.20501137 0.18673705
 0.14295463 0.05612753 0.01350729]

rule19: total_bedrooms > 813.318
probabilities_array:[0.02139587 0.00692258 0.01378821 0.         0.09987085 0.114286
 0.17694528 0.24144672 0.3253445 ]

rule35: ocean_proximity_ISLAND = 1.0
probabilities_array:[0.         0.         0.         0.         0.         0.
 0.18688996 0.35169363 0.4614164 ]

rule8: housing_median_age < 20.138
probabilities_array:[0.05250434 0.11339505 0.17321868 0.17297147 0.1936773  0.08864499
 0.10687827 0.         0.09870987]

rule14: 2630.653 < total_rooms < 4090.670
probabilities_array:[0.01752481 0.01468359 0.         0.         0.         0.03905888
 0.14565882 0.41704994 0.3660239 ]

rule26: 497.506 < households < 750.034
probabilities_array:[0.03185811 0.0095838  0.         0.         0.02475262 0.0686333
 0.20841998 0.05653504 0.6002172 ]

rule9: 20.138 < housing_median_age < 28.639
probabilities_array:[0.10061895 0.05634433 0.04462633 0.00513151 0.23626453 0.13203609
 0.10179948 0.0238991  0.29927972]

rule5: 34.202 < latitude < 35.649
probabilities_array:[0.161549   0.06441286 0.14448078 0.09349065 0.1276494  0.19773334
 0.07907014 0.         0.13161388]

rule1: -120.941 < longitude < -119.586
probabilities_array:[0.17683202 0.21566449 0.1512122  0.0023453  0.         0.
 0.07829291 0.13574734 0.23990574]

rule2: -119.586 < longitude < -118.230
probabilities_array:[0.2109486  0.21340041 0.00703288 0.         0.02461276 0.0857177
 0.05979616 0.25742033 0.14107113]

rule29: 2.589 < median_income < 3.869
probabilities_array:[0.036671   0.18705045 0.2224492  0.22319397 0.15080288 0.10014804
 0.04918554 0.         0.03049889]


---7---
rule15: total_rooms > 4090.670
probabilities_array:[0.         0.0805418  0.03754909 0.         0.         0.01600893
 0.1680743  0.55252993 0.14529596]

rule20: population < 671.071
probabilities_array:[0.03077912 0.01817626 0.         0.         0.0775396  0.09083509
 0.21905693 0.4667126  0.09690037]

rule31: median_income > 5.148
probabilities_array:[0.         0.00693254 0.02332802 0.02321365 0.0773541  0.19981553
 0.29132003 0.37678146 0.00125468]

rule39: ocean_proximity_NEAR OCEAN = 1.0
probabilities_array:[0.13695969 0.17952965 0.06593796 0.         0.         0.06692073
 0.162401   0.30612087 0.08213012]

rule14: 2630.653 < total_rooms < 4090.670
probabilities_array:[0.01752481 0.01468359 0.         0.         0.         0.03905888
 0.14565882 0.41704994 0.3660239 ]

rule27: households > 750.034
probabilities_array:[0.03772934 0.00940142 0.         0.         0.06459595 0.13946171
 0.22465543 0.3247548  0.19940129]

rule2: -119.586 < longitude < -118.230
probabilities_array:[0.2109486  0.21340041 0.00703288 0.         0.02461276 0.0857177
 0.05979616 0.25742033 0.14107113]

rule4: latitude < 34.202
probabilities_array:[0.00550093 0.1673719  0.14166994 0.03325495 0.04881418 0.05431994
 0.1893542  0.24770734 0.11200661]

rule35: ocean_proximity_ISLAND = 1.0
probabilities_array:[0.         0.         0.         0.         0.         0.
 0.18688996 0.35169363 0.4614164 ]

rule32: ocean_proximity_INLAND = 0.0
probabilities_array:[0.         0.0162563  0.04310807 0.10742362 0.18490371 0.22781567
 0.23002732 0.18664345 0.00382187]

rule37: ocean_proximity_NEAR BAY = 1.0
probabilities_array:[0.03122363 0.24560419 0.05789332 0.         0.00408222 0.
 0.03861084 0.2685098  0.35407606]

rule19: total_bedrooms > 813.318
probabilities_array:[0.02139587 0.00692258 0.01378821 0.         0.09987085 0.114286
 0.17694528 0.24144672 0.3253445 ]

rule11: housing_median_age > 37.140
probabilities_array:[0.15022889 0.06443997 0.00560528 0.         0.         0.01445167
 0.06787816 0.26861048 0.42878544]

rule21: 671.071 < population < 1421.469
probabilities_array:[0.1462209  0.09677008 0.05870578 0.00545105 0.         0.00039935
 0.06186122 0.24536116 0.3852305 ]

rule1: -120.941 < longitude < -119.586
probabilities_array:[0.17683202 0.21566449 0.1512122  0.0023453  0.         0.
 0.07829291 0.13574734 0.23990574]

rule0: longitude < -120.941
probabilities_array:[0.03098333 0.         0.03528952 0.01165252 0.03269383 0.21995868
 0.21570513 0.13465859 0.31905836]

rule30: 3.869 < median_income < 5.148
probabilities_array:[0.         0.03435874 0.15128241 0.21002094 0.20501137 0.18673705
 0.14295463 0.05612753 0.01350729]

rule18: 534.817 < total_bedrooms < 813.318
probabilities_array:[0.12751648 0.02280725 0.03077038 0.         0.04366881 0.06901917
 0.04821346 0.11917808 0.53882635]

rule7: latitude > 37.096
probabilities_array:[0.         0.3466492  0.21273819 0.0258841  0.02294777 0.0004446
 0.00094679 0.07674748 0.31364185]

