R2: -3.244872926316674

MAE: 206777.1398050279

MSE: 55933019112.611916

Accuracy: 0.3543746330005872

F1: 0.34268970073481153

Confusion Matrix: [[581, 96, 41, 19, 12, 0, 2, 1, 2], [205, 261, 154, 50, 25, 6, 10, 11, 15], [84, 161, 215, 130, 50, 15, 11, 20, 18], [50, 115, 167, 213, 102, 64, 31, 40, 26], [19, 69, 87, 181, 167, 112, 46, 50, 37], [11, 59, 60, 101, 121, 147, 90, 123, 74], [10, 36, 34, 74, 73, 102, 167, 181, 119], [2, 28, 13, 35, 44, 45, 107, 201, 230], [1, 9, 10, 20, 17, 29, 48, 158, 462]]

Uncertainties: {'class0': [0.012638856656849384, 0.013448923826217651, 0.028896531090140343, 0.03930501267313957, 0.06614059209823608], 'class1': [0.012638856656849384, 0.013448923826217651, 0.024158591404557228, 0.028896531090140343, 0.03930501267313957], 'class2': [0.00835890881717205, 0.012638856656849384, 0.013448923826217651, 0.024158591404557228, 0.028896531090140343], 'class3': [0.00041942927055060863, 0.00835890881717205, 0.012638856656849384, 0.013448923826217651, 0.024158591404557228], 'class4': [0.00041942927055060863, 0.0019492246210575104, 0.00835890881717205, 0.012638856656849384, 0.013448923826217651], 'class5': [0.00041942927055060863, 0.0019492246210575104, 0.00835890881717205, 0.012638856656849384, 0.024158591404557228], 'class6': [0.00041942927055060863, 0.0019492246210575104, 0.00835890881717205, 0.012638856656849384, 0.013448923826217651], 'class7': [0.00041942927055060863, 0.0019492246210575104, 0.00835890881717205, 0.024158591404557228, 0.07026899605989456], 'class8': [0.00041942927055060863, 0.0019492246210575104, 0.00835890881717205, 0.09699375182390213, 0.10459966957569122]}

Most important rules
-----------------------------

---0---
rule28: median_income < 2.592
probabilities_array:[0.29181483 0.2784625  0.16529758 0.13370402 0.07245426 0.01869489
 0.01005756 0.00061779 0.         0.02889653]

rule12: total_rooms < 1197.347
probabilities_array:[0.2764611  0.12425971 0.13787565 0.2533847  0.08773336 0.03978055
 0.05272805 0.01432786 0.         0.01344892]

rule22: 1437.744 < population < 2215.085
probabilities_array:[0.26137385 0.09544554 0.14563057 0.22896777 0.08308518 0.04535421
 0.05457895 0.01942335 0.         0.06614059]

rule33: ocean_proximity_INLAND = 1.0
probabilities_array:[0.29398465 0.2408071  0.23143362 0.00380612 0.00279236 0.00743492
 0.         0.         0.         0.2197412 ]

rule23: population > 2215.085
probabilities_array:[2.2833627e-01 9.3734160e-02 1.3100825e-01 2.7214038e-01 1.2292291e-01
 6.4772137e-02 5.8180347e-02 1.6085396e-02 1.8134410e-04 1.2638857e-02]

rule36: ocean_proximity_NEAR BAY = 0.0
probabilities_array:[0.28474918 0.12251651 0.09306002 0.01139361 0.00666053 0.02482453
 0.06198661 0.0433397  0.         0.35146934]

rule17: 257.489 < total_bedrooms < 541.131
probabilities_array:[0.23767233 0.11194952 0.08158264 0.21814728 0.         0.01714219
 0.06007572 0.         0.         0.2734304 ]

rule38: ocean_proximity_NEAR OCEAN = 0.0
probabilities_array:[0.26105946 0.09700663 0.03623704 0.01137867 0.10335965 0.09325797
 0.00846048 0.02923648 0.         0.36000353]

rule6: 35.614 < latitude < 37.051
probabilities_array:[0.3412592  0.07675282 0.         0.         0.         0.04116883
 0.00421459 0.         0.         0.5366045 ]

rule5: 34.178 < latitude < 35.614
probabilities_array:[0.17143007 0.06786865 0.10759901 0.11557934 0.14717755 0.15109184
 0.08980084 0.07140692 0.         0.07804579]

rule13: 1197.347 < total_rooms < 2653.193
probabilities_array:[0.2189406  0.06523834 0.0560834  0.13778184 0.07777306 0.08839656
 0.05759259 0.01097986 0.         0.28721374]

rule1: -120.903 < longitude < -119.553
probabilities_array:[0.18078727 0.18226017 0.16282281 0.0852174  0.         0.
 0.         0.04069701 0.12349211 0.22472319]

rule2: -119.553 < longitude < -118.202
probabilities_array:[0.16367309 0.20039414 0.03164085 0.         0.01805738 0.03369241
 0.04591287 0.06337261 0.26993427 0.17332242]

rule11: housing_median_age > 37.018
probabilities_array:[0.18200564 0.12033841 0.0399338  0.00689147 0.         0.
 0.01176459 0.08279181 0.25597835 0.30029583]

rule25: 245.141 < households < 504.036
probabilities_array:[0.18132712 0.1287206  0.16745937 0.04512044 0.04198998 0.00245271
 0.04221306 0.01804261 0.         0.37267405]

rule21: 660.403 < population < 1437.744
probabilities_array:[1.5433212e-01 1.5331247e-01 4.2033073e-02 5.2246436e-02 0.0000000e+00
 9.3184397e-05 1.8512375e-03 9.4538793e-02 2.2456597e-01 2.7702677e-01]

rule10: 28.512 < housing_median_age < 37.018
probabilities_array:[0.15655199 0.08335773 0.02032883 0.09367752 0.11944745 0.12400167
 0.00616364 0.         0.04541878 0.35105234]

rule34: ocean_proximity_ISLAND = 0.0
probabilities_array:[2.11406291e-01 1.38720319e-01 4.81512323e-02 8.56463565e-04
 3.77856632e-04 1.76444548e-04 2.46474799e-02 9.33521613e-03
 1.53439045e-02 5.50984800e-01]

rule3: longitude > -118.202
probabilities_array:[0.09260125 0.07782212 0.13826822 0.21829724 0.18840529 0.16436327
 0.07066674 0.0102709  0.         0.03930501]

rule24: households < 245.141
probabilities_array:[0.16031253 0.08531185 0.10443956 0.0844798  0.         0.05347792
 0.         0.00682866 0.05039355 0.45475614]

rule16: total_bedrooms < 257.489
probabilities_array:[0.12141489 0.15620965 0.06542086 0.         0.14718468 0.04065601
 0.         0.01206223 0.00719832 0.44985333]

rule26: 504.036 < households < 762.930
probabilities_array:[0.12720878 0.08087233 0.01396237 0.         0.04438746 0.
 0.10158997 0.00669043 0.10732377 0.5179649 ]

rule8: housing_median_age < 20.006
probabilities_array:[0.06145854 0.1197788  0.15950076 0.17022471 0.15463941 0.10835478
 0.0807002  0.07507373 0.         0.070269  ]

rule39: ocean_proximity_NEAR OCEAN = 1.0
probabilities_array:[5.5368729e-02 1.8422085e-01 9.0066738e-02 1.5803936e-04 0.0000000e+00
 1.6610317e-02 8.5815169e-02 1.3819417e-01 3.2496631e-01 1.0459967e-01]

rule18: 541.131 < total_bedrooms < 824.774
probabilities_array:[0.11653377 0.08510135 0.02768284 0.         0.         0.01002028
 0.04613807 0.02840535 0.0677458  0.61837256]


---1---
rule28: median_income < 2.592
probabilities_array:[0.29181483 0.2784625  0.16529758 0.13370402 0.07245426 0.01869489
 0.01005756 0.00061779 0.         0.02889653]

rule33: ocean_proximity_INLAND = 1.0
probabilities_array:[0.29398465 0.2408071  0.23143362 0.00380612 0.00279236 0.00743492
 0.         0.         0.         0.2197412 ]

rule7: latitude > 37.051
probabilities_array:[0.         0.2156484  0.25481322 0.1638609  0.08143751 0.02361194
 0.03922981 0.0355845  0.04229924 0.14351448]

rule37: ocean_proximity_NEAR BAY = 1.0
probabilities_array:[0.02250301 0.24016167 0.12082762 0.         0.04633414 0.03986925
 0.         0.04592407 0.21851644 0.26586384]

rule2: -119.553 < longitude < -118.202
probabilities_array:[0.16367309 0.20039414 0.03164085 0.         0.01805738 0.03369241
 0.04591287 0.06337261 0.26993427 0.17332242]

rule39: ocean_proximity_NEAR OCEAN = 1.0
probabilities_array:[5.5368729e-02 1.8422085e-01 9.0066738e-02 1.5803936e-04 0.0000000e+00
 1.6610317e-02 8.5815169e-02 1.3819417e-01 3.2496631e-01 1.0459967e-01]

rule4: latitude < 34.178
probabilities_array:[0.         0.17533748 0.1721612  0.05059843 0.04346871 0.01464801
 0.04311365 0.16714497 0.22827713 0.1052504 ]

rule1: -120.903 < longitude < -119.553
probabilities_array:[0.18078727 0.18226017 0.16282281 0.0852174  0.         0.
 0.         0.04069701 0.12349211 0.22472319]

rule29: 2.592 < median_income < 3.871
probabilities_array:[0.02239657 0.12671348 0.16951054 0.23364022 0.17621128 0.10918047
 0.08702502 0.05116389 0.         0.02415859]

rule12: total_rooms < 1197.347
probabilities_array:[0.2764611  0.12425971 0.13787565 0.2533847  0.08773336 0.03978055
 0.05272805 0.01432786 0.         0.01344892]

rule8: housing_median_age < 20.006
probabilities_array:[0.06145854 0.1197788  0.15950076 0.17022471 0.15463941 0.10835478
 0.0807002  0.07507373 0.         0.070269  ]

rule21: 660.403 < population < 1437.744
probabilities_array:[1.5433212e-01 1.5331247e-01 4.2033073e-02 5.2246436e-02 0.0000000e+00
 9.3184397e-05 1.8512375e-03 9.4538793e-02 2.2456597e-01 2.7702677e-01]

rule23: population > 2215.085
probabilities_array:[2.2833627e-01 9.3734160e-02 1.3100825e-01 2.7214038e-01 1.2292291e-01
 6.4772137e-02 5.8180347e-02 1.6085396e-02 1.8134410e-04 1.2638857e-02]

rule22: 1437.744 < population < 2215.085
probabilities_array:[0.26137385 0.09544554 0.14563057 0.22896777 0.08308518 0.04535421
 0.05457895 0.01942335 0.         0.06614059]

rule16: total_bedrooms < 257.489
probabilities_array:[0.12141489 0.15620965 0.06542086 0.         0.14718468 0.04065601
 0.         0.01206223 0.00719832 0.44985333]

rule11: housing_median_age > 37.018
probabilities_array:[0.18200564 0.12033841 0.0399338  0.00689147 0.         0.
 0.01176459 0.08279181 0.25597835 0.30029583]

rule17: 257.489 < total_bedrooms < 541.131
probabilities_array:[0.23767233 0.11194952 0.08158264 0.21814728 0.         0.01714219
 0.06007572 0.         0.         0.2734304 ]

rule15: total_rooms > 4109.039
probabilities_array:[0.         0.08992177 0.05407054 0.         0.00161573 0.00583865
 0.02913309 0.25934443 0.46308205 0.09699375]

rule25: 245.141 < households < 504.036
probabilities_array:[0.18132712 0.1287206  0.16745937 0.04512044 0.04198998 0.00245271
 0.04221306 0.01804261 0.         0.37267405]

rule36: ocean_proximity_NEAR BAY = 0.0
probabilities_array:[0.28474918 0.12251651 0.09306002 0.01139361 0.00666053 0.02482453
 0.06198661 0.0433397  0.         0.35146934]

rule3: longitude > -118.202
probabilities_array:[0.09260125 0.07782212 0.13826822 0.21829724 0.18840529 0.16436327
 0.07066674 0.0102709  0.         0.03930501]

rule5: 34.178 < latitude < 35.614
probabilities_array:[0.17143007 0.06786865 0.10759901 0.11557934 0.14717755 0.15109184
 0.08980084 0.07140692 0.         0.07804579]

rule34: ocean_proximity_ISLAND = 0.0
probabilities_array:[2.11406291e-01 1.38720319e-01 4.81512323e-02 8.56463565e-04
 3.77856632e-04 1.76444548e-04 2.46474799e-02 9.33521613e-03
 1.53439045e-02 5.50984800e-01]

rule38: ocean_proximity_NEAR OCEAN = 0.0
probabilities_array:[0.26105946 0.09700663 0.03623704 0.01137867 0.10335965 0.09325797
 0.00846048 0.02923648 0.         0.36000353]

rule9: 20.006 < housing_median_age < 28.512
probabilities_array:[0.05514209 0.08053328 0.07177498 0.00156206 0.14274466 0.15054646
 0.13382013 0.08761845 0.         0.27625778]

rule10: 28.512 < housing_median_age < 37.018
probabilities_array:[0.15655199 0.08335773 0.02032883 0.09367752 0.11944745 0.12400167
 0.00616364 0.         0.04541878 0.35105234]

rule24: households < 245.141
probabilities_array:[0.16031253 0.08531185 0.10443956 0.0844798  0.         0.05347792
 0.         0.00682866 0.05039355 0.45475614]

rule13: 1197.347 < total_rooms < 2653.193
probabilities_array:[0.2189406  0.06523834 0.0560834  0.13778184 0.07777306 0.08839656
 0.05759259 0.01097986 0.         0.28721374]


---2---
rule7: latitude > 37.051
probabilities_array:[0.         0.2156484  0.25481322 0.1638609  0.08143751 0.02361194
 0.03922981 0.0355845  0.04229924 0.14351448]

rule33: ocean_proximity_INLAND = 1.0
probabilities_array:[0.29398465 0.2408071  0.23143362 0.00380612 0.00279236 0.00743492
 0.         0.         0.         0.2197412 ]

rule29: 2.592 < median_income < 3.871
probabilities_array:[0.02239657 0.12671348 0.16951054 0.23364022 0.17621128 0.10918047
 0.08702502 0.05116389 0.         0.02415859]

rule28: median_income < 2.592
probabilities_array:[0.29181483 0.2784625  0.16529758 0.13370402 0.07245426 0.01869489
 0.01005756 0.00061779 0.         0.02889653]

rule4: latitude < 34.178
probabilities_array:[0.         0.17533748 0.1721612  0.05059843 0.04346871 0.01464801
 0.04311365 0.16714497 0.22827713 0.1052504 ]

rule8: housing_median_age < 20.006
probabilities_array:[0.06145854 0.1197788  0.15950076 0.17022471 0.15463941 0.10835478
 0.0807002  0.07507373 0.         0.070269  ]

rule12: total_rooms < 1197.347
probabilities_array:[0.2764611  0.12425971 0.13787565 0.2533847  0.08773336 0.03978055
 0.05272805 0.01432786 0.         0.01344892]

rule22: 1437.744 < population < 2215.085
probabilities_array:[0.26137385 0.09544554 0.14563057 0.22896777 0.08308518 0.04535421
 0.05457895 0.01942335 0.         0.06614059]

rule3: longitude > -118.202
probabilities_array:[0.09260125 0.07782212 0.13826822 0.21829724 0.18840529 0.16436327
 0.07066674 0.0102709  0.         0.03930501]

rule23: population > 2215.085
probabilities_array:[2.2833627e-01 9.3734160e-02 1.3100825e-01 2.7214038e-01 1.2292291e-01
 6.4772137e-02 5.8180347e-02 1.6085396e-02 1.8134410e-04 1.2638857e-02]

rule1: -120.903 < longitude < -119.553
probabilities_array:[0.18078727 0.18226017 0.16282281 0.0852174  0.         0.
 0.         0.04069701 0.12349211 0.22472319]

rule25: 245.141 < households < 504.036
probabilities_array:[0.18132712 0.1287206  0.16745937 0.04512044 0.04198998 0.00245271
 0.04221306 0.01804261 0.         0.37267405]

rule5: 34.178 < latitude < 35.614
probabilities_array:[0.17143007 0.06786865 0.10759901 0.11557934 0.14717755 0.15109184
 0.08980084 0.07140692 0.         0.07804579]

rule37: ocean_proximity_NEAR BAY = 1.0
probabilities_array:[0.02250301 0.24016167 0.12082762 0.         0.04633414 0.03986925
 0.         0.04592407 0.21851644 0.26586384]

rule39: ocean_proximity_NEAR OCEAN = 1.0
probabilities_array:[5.5368729e-02 1.8422085e-01 9.0066738e-02 1.5803936e-04 0.0000000e+00
 1.6610317e-02 8.5815169e-02 1.3819417e-01 3.2496631e-01 1.0459967e-01]

rule30: 3.871 < median_income < 5.149
probabilities_array:[0.         0.01673398 0.07023717 0.15552175 0.20219746 0.1808132
 0.16454428 0.14620942 0.05538382 0.00835891]

rule36: ocean_proximity_NEAR BAY = 0.0
probabilities_array:[0.28474918 0.12251651 0.09306002 0.01139361 0.00666053 0.02482453
 0.06198661 0.0433397  0.         0.35146934]

rule17: 257.489 < total_bedrooms < 541.131
probabilities_array:[0.23767233 0.11194952 0.08158264 0.21814728 0.         0.01714219
 0.06007572 0.         0.         0.2734304 ]

rule24: households < 245.141
probabilities_array:[0.16031253 0.08531185 0.10443956 0.0844798  0.         0.05347792
 0.         0.00682866 0.05039355 0.45475614]

rule14: 2653.193 < total_rooms < 4109.039
probabilities_array:[0.0000000e+00 2.1993559e-02 7.0704445e-02 1.7475113e-04 1.1408666e-02
 1.0600306e-01 7.9043515e-02 1.5806395e-01 3.1997824e-01 2.3262981e-01]

rule9: 20.006 < housing_median_age < 28.512
probabilities_array:[0.05514209 0.08053328 0.07177498 0.00156206 0.14274466 0.15054646
 0.13382013 0.08761845 0.         0.27625778]

rule15: total_rooms > 4109.039
probabilities_array:[0.         0.08992177 0.05407054 0.         0.00161573 0.00583865
 0.02913309 0.25934443 0.46308205 0.09699375]


---3---
rule23: population > 2215.085
probabilities_array:[2.2833627e-01 9.3734160e-02 1.3100825e-01 2.7214038e-01 1.2292291e-01
 6.4772137e-02 5.8180347e-02 1.6085396e-02 1.8134410e-04 1.2638857e-02]

rule12: total_rooms < 1197.347
probabilities_array:[0.2764611  0.12425971 0.13787565 0.2533847  0.08773336 0.03978055
 0.05272805 0.01432786 0.         0.01344892]

rule29: 2.592 < median_income < 3.871
probabilities_array:[0.02239657 0.12671348 0.16951054 0.23364022 0.17621128 0.10918047
 0.08702502 0.05116389 0.         0.02415859]

rule22: 1437.744 < population < 2215.085
probabilities_array:[0.26137385 0.09544554 0.14563057 0.22896777 0.08308518 0.04535421
 0.05457895 0.01942335 0.         0.06614059]

rule3: longitude > -118.202
probabilities_array:[0.09260125 0.07782212 0.13826822 0.21829724 0.18840529 0.16436327
 0.07066674 0.0102709  0.         0.03930501]

rule17: 257.489 < total_bedrooms < 541.131
probabilities_array:[0.23767233 0.11194952 0.08158264 0.21814728 0.         0.01714219
 0.06007572 0.         0.         0.2734304 ]

rule8: housing_median_age < 20.006
probabilities_array:[0.06145854 0.1197788  0.15950076 0.17022471 0.15463941 0.10835478
 0.0807002  0.07507373 0.         0.070269  ]

rule30: 3.871 < median_income < 5.149
probabilities_array:[0.         0.01673398 0.07023717 0.15552175 0.20219746 0.1808132
 0.16454428 0.14620942 0.05538382 0.00835891]

rule7: latitude > 37.051
probabilities_array:[0.         0.2156484  0.25481322 0.1638609  0.08143751 0.02361194
 0.03922981 0.0355845  0.04229924 0.14351448]

rule28: median_income < 2.592
probabilities_array:[0.29181483 0.2784625  0.16529758 0.13370402 0.07245426 0.01869489
 0.01005756 0.00061779 0.         0.02889653]

rule5: 34.178 < latitude < 35.614
probabilities_array:[0.17143007 0.06786865 0.10759901 0.11557934 0.14717755 0.15109184
 0.08980084 0.07140692 0.         0.07804579]

rule13: 1197.347 < total_rooms < 2653.193
probabilities_array:[0.2189406  0.06523834 0.0560834  0.13778184 0.07777306 0.08839656
 0.05759259 0.01097986 0.         0.28721374]

rule1: -120.903 < longitude < -119.553
probabilities_array:[0.18078727 0.18226017 0.16282281 0.0852174  0.         0.
 0.         0.04069701 0.12349211 0.22472319]

rule10: 28.512 < housing_median_age < 37.018
probabilities_array:[0.15655199 0.08335773 0.02032883 0.09367752 0.11944745 0.12400167
 0.00616364 0.         0.04541878 0.35105234]

rule24: households < 245.141
probabilities_array:[0.16031253 0.08531185 0.10443956 0.0844798  0.         0.05347792
 0.         0.00682866 0.05039355 0.45475614]

rule4: latitude < 34.178
probabilities_array:[0.         0.17533748 0.1721612  0.05059843 0.04346871 0.01464801
 0.04311365 0.16714497 0.22827713 0.1052504 ]

rule32: ocean_proximity_INLAND = 0.0
probabilities_array:[0.0004564  0.00870046 0.02586248 0.04474588 0.1225429  0.20970759
 0.19389224 0.21537295 0.17829965 0.00041943]


---4---
rule30: 3.871 < median_income < 5.149
probabilities_array:[0.         0.01673398 0.07023717 0.15552175 0.20219746 0.1808132
 0.16454428 0.14620942 0.05538382 0.00835891]

rule3: longitude > -118.202
probabilities_array:[0.09260125 0.07782212 0.13826822 0.21829724 0.18840529 0.16436327
 0.07066674 0.0102709  0.         0.03930501]

rule29: 2.592 < median_income < 3.871
probabilities_array:[0.02239657 0.12671348 0.16951054 0.23364022 0.17621128 0.10918047
 0.08702502 0.05116389 0.         0.02415859]

rule8: housing_median_age < 20.006
probabilities_array:[0.06145854 0.1197788  0.15950076 0.17022471 0.15463941 0.10835478
 0.0807002  0.07507373 0.         0.070269  ]

rule5: 34.178 < latitude < 35.614
probabilities_array:[0.17143007 0.06786865 0.10759901 0.11557934 0.14717755 0.15109184
 0.08980084 0.07140692 0.         0.07804579]

rule32: ocean_proximity_INLAND = 0.0
probabilities_array:[0.0004564  0.00870046 0.02586248 0.04474588 0.1225429  0.20970759
 0.19389224 0.21537295 0.17829965 0.00041943]

rule23: population > 2215.085
probabilities_array:[2.2833627e-01 9.3734160e-02 1.3100825e-01 2.7214038e-01 1.2292291e-01
 6.4772137e-02 5.8180347e-02 1.6085396e-02 1.8134410e-04 1.2638857e-02]

rule9: 20.006 < housing_median_age < 28.512
probabilities_array:[0.05514209 0.08053328 0.07177498 0.00156206 0.14274466 0.15054646
 0.13382013 0.08761845 0.         0.27625778]

rule12: total_rooms < 1197.347
probabilities_array:[0.2764611  0.12425971 0.13787565 0.2533847  0.08773336 0.03978055
 0.05272805 0.01432786 0.         0.01344892]

rule16: total_bedrooms < 257.489
probabilities_array:[0.12141489 0.15620965 0.06542086 0.         0.14718468 0.04065601
 0.         0.01206223 0.00719832 0.44985333]

rule22: 1437.744 < population < 2215.085
probabilities_array:[0.26137385 0.09544554 0.14563057 0.22896777 0.08308518 0.04535421
 0.05457895 0.01942335 0.         0.06614059]

rule10: 28.512 < housing_median_age < 37.018
probabilities_array:[0.15655199 0.08335773 0.02032883 0.09367752 0.11944745 0.12400167
 0.00616364 0.         0.04541878 0.35105234]

rule28: median_income < 2.592
probabilities_array:[0.29181483 0.2784625  0.16529758 0.13370402 0.07245426 0.01869489
 0.01005756 0.00061779 0.         0.02889653]

rule7: latitude > 37.051
probabilities_array:[0.         0.2156484  0.25481322 0.1638609  0.08143751 0.02361194
 0.03922981 0.0355845  0.04229924 0.14351448]

rule38: ocean_proximity_NEAR OCEAN = 0.0
probabilities_array:[0.26105946 0.09700663 0.03623704 0.01137867 0.10335965 0.09325797
 0.00846048 0.02923648 0.         0.36000353]

rule13: 1197.347 < total_rooms < 2653.193
probabilities_array:[0.2189406  0.06523834 0.0560834  0.13778184 0.07777306 0.08839656
 0.05759259 0.01097986 0.         0.28721374]

rule31: median_income > 5.149
probabilities_array:[0.00117934 0.0054958  0.00821155 0.0357112  0.05388647 0.07936821
 0.2066554  0.27391556 0.33362722 0.00194922]


---5---
rule32: ocean_proximity_INLAND = 0.0
probabilities_array:[0.0004564  0.00870046 0.02586248 0.04474588 0.1225429  0.20970759
 0.19389224 0.21537295 0.17829965 0.00041943]

rule30: 3.871 < median_income < 5.149
probabilities_array:[0.         0.01673398 0.07023717 0.15552175 0.20219746 0.1808132
 0.16454428 0.14620942 0.05538382 0.00835891]

rule3: longitude > -118.202
probabilities_array:[0.09260125 0.07782212 0.13826822 0.21829724 0.18840529 0.16436327
 0.07066674 0.0102709  0.         0.03930501]

rule5: 34.178 < latitude < 35.614
probabilities_array:[0.17143007 0.06786865 0.10759901 0.11557934 0.14717755 0.15109184
 0.08980084 0.07140692 0.         0.07804579]

rule9: 20.006 < housing_median_age < 28.512
probabilities_array:[0.05514209 0.08053328 0.07177498 0.00156206 0.14274466 0.15054646
 0.13382013 0.08761845 0.         0.27625778]

rule27: households > 762.930
probabilities_array:[0.0000000e+00 0.0000000e+00 0.0000000e+00 2.3000757e-05 1.8202265e-03
 1.4763546e-01 1.4803760e-01 1.1137174e-01 3.1435364e-01 2.7675831e-01]

rule29: 2.592 < median_income < 3.871
probabilities_array:[0.02239657 0.12671348 0.16951054 0.23364022 0.17621128 0.10918047
 0.08702502 0.05116389 0.         0.02415859]

rule8: housing_median_age < 20.006
probabilities_array:[0.06145854 0.1197788  0.15950076 0.17022471 0.15463941 0.10835478
 0.0807002  0.07507373 0.         0.070269  ]

rule14: 2653.193 < total_rooms < 4109.039
probabilities_array:[0.0000000e+00 2.1993559e-02 7.0704445e-02 1.7475113e-04 1.1408666e-02
 1.0600306e-01 7.9043515e-02 1.5806395e-01 3.1997824e-01 2.3262981e-01]

rule10: 28.512 < housing_median_age < 37.018
probabilities_array:[0.15655199 0.08335773 0.02032883 0.09367752 0.11944745 0.12400167
 0.00616364 0.         0.04541878 0.35105234]

rule31: median_income > 5.149
probabilities_array:[0.00117934 0.0054958  0.00821155 0.0357112  0.05388647 0.07936821
 0.2066554  0.27391556 0.33362722 0.00194922]

rule23: population > 2215.085
probabilities_array:[2.2833627e-01 9.3734160e-02 1.3100825e-01 2.7214038e-01 1.2292291e-01
 6.4772137e-02 5.8180347e-02 1.6085396e-02 1.8134410e-04 1.2638857e-02]

rule13: 1197.347 < total_rooms < 2653.193
probabilities_array:[0.2189406  0.06523834 0.0560834  0.13778184 0.07777306 0.08839656
 0.05759259 0.01097986 0.         0.28721374]

rule38: ocean_proximity_NEAR OCEAN = 0.0
probabilities_array:[0.26105946 0.09700663 0.03623704 0.01137867 0.10335965 0.09325797
 0.00846048 0.02923648 0.         0.36000353]

rule0: longitude < -120.903
probabilities_array:[0.00730639 0.         0.         0.01464236 0.02850574 0.08780592
 0.21826883 0.1763984  0.12319428 0.34387812]

rule20: population < 660.403
probabilities_array:[0.         0.01210712 0.0034121  0.         0.00552422 0.06190911
 0.08772234 0.21990001 0.50108325 0.10834178]

rule22: 1437.744 < population < 2215.085
probabilities_array:[0.26137385 0.09544554 0.14563057 0.22896777 0.08308518 0.04535421
 0.05457895 0.01942335 0.         0.06614059]


---6---
rule31: median_income > 5.149
probabilities_array:[0.00117934 0.0054958  0.00821155 0.0357112  0.05388647 0.07936821
 0.2066554  0.27391556 0.33362722 0.00194922]

rule32: ocean_proximity_INLAND = 0.0
probabilities_array:[0.0004564  0.00870046 0.02586248 0.04474588 0.1225429  0.20970759
 0.19389224 0.21537295 0.17829965 0.00041943]

rule30: 3.871 < median_income < 5.149
probabilities_array:[0.         0.01673398 0.07023717 0.15552175 0.20219746 0.1808132
 0.16454428 0.14620942 0.05538382 0.00835891]

rule0: longitude < -120.903
probabilities_array:[0.00730639 0.         0.         0.01464236 0.02850574 0.08780592
 0.21826883 0.1763984  0.12319428 0.34387812]

rule27: households > 762.930
probabilities_array:[0.0000000e+00 0.0000000e+00 0.0000000e+00 2.3000757e-05 1.8202265e-03
 1.4763546e-01 1.4803760e-01 1.1137174e-01 3.1435364e-01 2.7675831e-01]

rule9: 20.006 < housing_median_age < 28.512
probabilities_array:[0.05514209 0.08053328 0.07177498 0.00156206 0.14274466 0.15054646
 0.13382013 0.08761845 0.         0.27625778]

rule29: 2.592 < median_income < 3.871
probabilities_array:[0.02239657 0.12671348 0.16951054 0.23364022 0.17621128 0.10918047
 0.08702502 0.05116389 0.         0.02415859]

rule5: 34.178 < latitude < 35.614
probabilities_array:[0.17143007 0.06786865 0.10759901 0.11557934 0.14717755 0.15109184
 0.08980084 0.07140692 0.         0.07804579]

rule20: population < 660.403
probabilities_array:[0.         0.01210712 0.0034121  0.         0.00552422 0.06190911
 0.08772234 0.21990001 0.50108325 0.10834178]

rule39: ocean_proximity_NEAR OCEAN = 1.0
probabilities_array:[5.5368729e-02 1.8422085e-01 9.0066738e-02 1.5803936e-04 0.0000000e+00
 1.6610317e-02 8.5815169e-02 1.3819417e-01 3.2496631e-01 1.0459967e-01]

rule8: housing_median_age < 20.006
probabilities_array:[0.06145854 0.1197788  0.15950076 0.17022471 0.15463941 0.10835478
 0.0807002  0.07507373 0.         0.070269  ]

rule3: longitude > -118.202
probabilities_array:[0.09260125 0.07782212 0.13826822 0.21829724 0.18840529 0.16436327
 0.07066674 0.0102709  0.         0.03930501]

rule14: 2653.193 < total_rooms < 4109.039
probabilities_array:[0.0000000e+00 2.1993559e-02 7.0704445e-02 1.7475113e-04 1.1408666e-02
 1.0600306e-01 7.9043515e-02 1.5806395e-01 3.1997824e-01 2.3262981e-01]

rule23: population > 2215.085
probabilities_array:[2.2833627e-01 9.3734160e-02 1.3100825e-01 2.7214038e-01 1.2292291e-01
 6.4772137e-02 5.8180347e-02 1.6085396e-02 1.8134410e-04 1.2638857e-02]

rule12: total_rooms < 1197.347
probabilities_array:[0.2764611  0.12425971 0.13787565 0.2533847  0.08773336 0.03978055
 0.05272805 0.01432786 0.         0.01344892]

rule22: 1437.744 < population < 2215.085
probabilities_array:[0.26137385 0.09544554 0.14563057 0.22896777 0.08308518 0.04535421
 0.05457895 0.01942335 0.         0.06614059]

rule26: 504.036 < households < 762.930
probabilities_array:[0.12720878 0.08087233 0.01396237 0.         0.04438746 0.
 0.10158997 0.00669043 0.10732377 0.5179649 ]

rule19: total_bedrooms > 824.774
probabilities_array:[0.00700829 0.01168166 0.03124816 0.         0.00274344 0.
 0.08961898 0.09899666 0.25955027 0.49915257]

rule17: 257.489 < total_bedrooms < 541.131
probabilities_array:[0.23767233 0.11194952 0.08158264 0.21814728 0.         0.01714219
 0.06007572 0.         0.         0.2734304 ]

rule13: 1197.347 < total_rooms < 2653.193
probabilities_array:[0.2189406  0.06523834 0.0560834  0.13778184 0.07777306 0.08839656
 0.05759259 0.01097986 0.         0.28721374]

rule36: ocean_proximity_NEAR BAY = 0.0
probabilities_array:[0.28474918 0.12251651 0.09306002 0.01139361 0.00666053 0.02482453
 0.06198661 0.0433397  0.         0.35146934]


---7---
rule31: median_income > 5.149
probabilities_array:[0.00117934 0.0054958  0.00821155 0.0357112  0.05388647 0.07936821
 0.2066554  0.27391556 0.33362722 0.00194922]

rule15: total_rooms > 4109.039
probabilities_array:[0.         0.08992177 0.05407054 0.         0.00161573 0.00583865
 0.02913309 0.25934443 0.46308205 0.09699375]

rule32: ocean_proximity_INLAND = 0.0
probabilities_array:[0.0004564  0.00870046 0.02586248 0.04474588 0.1225429  0.20970759
 0.19389224 0.21537295 0.17829965 0.00041943]

rule20: population < 660.403
probabilities_array:[0.         0.01210712 0.0034121  0.         0.00552422 0.06190911
 0.08772234 0.21990001 0.50108325 0.10834178]

rule4: latitude < 34.178
probabilities_array:[0.         0.17533748 0.1721612  0.05059843 0.04346871 0.01464801
 0.04311365 0.16714497 0.22827713 0.1052504 ]

rule30: 3.871 < median_income < 5.149
probabilities_array:[0.         0.01673398 0.07023717 0.15552175 0.20219746 0.1808132
 0.16454428 0.14620942 0.05538382 0.00835891]

rule35: ocean_proximity_ISLAND = 1.0
probabilities_array:[0.         0.         0.         0.         0.         0.
 0.         0.24861582 0.2560946  0.49528962]

rule39: ocean_proximity_NEAR OCEAN = 1.0
probabilities_array:[5.5368729e-02 1.8422085e-01 9.0066738e-02 1.5803936e-04 0.0000000e+00
 1.6610317e-02 8.5815169e-02 1.3819417e-01 3.2496631e-01 1.0459967e-01]

rule14: 2653.193 < total_rooms < 4109.039
probabilities_array:[0.0000000e+00 2.1993559e-02 7.0704445e-02 1.7475113e-04 1.1408666e-02
 1.0600306e-01 7.9043515e-02 1.5806395e-01 3.1997824e-01 2.3262981e-01]

rule0: longitude < -120.903
probabilities_array:[0.00730639 0.         0.         0.01464236 0.02850574 0.08780592
 0.21826883 0.1763984  0.12319428 0.34387812]

rule27: households > 762.930
probabilities_array:[0.0000000e+00 0.0000000e+00 0.0000000e+00 2.3000757e-05 1.8202265e-03
 1.4763546e-01 1.4803760e-01 1.1137174e-01 3.1435364e-01 2.7675831e-01]

rule8: housing_median_age < 20.006
probabilities_array:[0.06145854 0.1197788  0.15950076 0.17022471 0.15463941 0.10835478
 0.0807002  0.07507373 0.         0.070269  ]

rule21: 660.403 < population < 1437.744
probabilities_array:[1.5433212e-01 1.5331247e-01 4.2033073e-02 5.2246436e-02 0.0000000e+00
 9.3184397e-05 1.8512375e-03 9.4538793e-02 2.2456597e-01 2.7702677e-01]

rule5: 34.178 < latitude < 35.614
probabilities_array:[0.17143007 0.06786865 0.10759901 0.11557934 0.14717755 0.15109184
 0.08980084 0.07140692 0.         0.07804579]

rule9: 20.006 < housing_median_age < 28.512
probabilities_array:[0.05514209 0.08053328 0.07177498 0.00156206 0.14274466 0.15054646
 0.13382013 0.08761845 0.         0.27625778]

rule11: housing_median_age > 37.018
probabilities_array:[0.18200564 0.12033841 0.0399338  0.00689147 0.         0.
 0.01176459 0.08279181 0.25597835 0.30029583]

rule2: -119.553 < longitude < -118.202
probabilities_array:[0.16367309 0.20039414 0.03164085 0.         0.01805738 0.03369241
 0.04591287 0.06337261 0.26993427 0.17332242]

rule29: 2.592 < median_income < 3.871
probabilities_array:[0.02239657 0.12671348 0.16951054 0.23364022 0.17621128 0.10918047
 0.08702502 0.05116389 0.         0.02415859]

rule19: total_bedrooms > 824.774
probabilities_array:[0.00700829 0.01168166 0.03124816 0.         0.00274344 0.
 0.08961898 0.09899666 0.25955027 0.49915257]


---8---
rule20: population < 660.403
probabilities_array:[0.         0.01210712 0.0034121  0.         0.00552422 0.06190911
 0.08772234 0.21990001 0.50108325 0.10834178]

rule15: total_rooms > 4109.039
probabilities_array:[0.         0.08992177 0.05407054 0.         0.00161573 0.00583865
 0.02913309 0.25934443 0.46308205 0.09699375]

rule31: median_income > 5.149
probabilities_array:[0.00117934 0.0054958  0.00821155 0.0357112  0.05388647 0.07936821
 0.2066554  0.27391556 0.33362722 0.00194922]

rule39: ocean_proximity_NEAR OCEAN = 1.0
probabilities_array:[5.5368729e-02 1.8422085e-01 9.0066738e-02 1.5803936e-04 0.0000000e+00
 1.6610317e-02 8.5815169e-02 1.3819417e-01 3.2496631e-01 1.0459967e-01]

rule14: 2653.193 < total_rooms < 4109.039
probabilities_array:[0.0000000e+00 2.1993559e-02 7.0704445e-02 1.7475113e-04 1.1408666e-02
 1.0600306e-01 7.9043515e-02 1.5806395e-01 3.1997824e-01 2.3262981e-01]

rule27: households > 762.930
probabilities_array:[0.0000000e+00 0.0000000e+00 0.0000000e+00 2.3000757e-05 1.8202265e-03
 1.4763546e-01 1.4803760e-01 1.1137174e-01 3.1435364e-01 2.7675831e-01]

rule2: -119.553 < longitude < -118.202
probabilities_array:[0.16367309 0.20039414 0.03164085 0.         0.01805738 0.03369241
 0.04591287 0.06337261 0.26993427 0.17332242]

rule4: latitude < 34.178
probabilities_array:[0.         0.17533748 0.1721612  0.05059843 0.04346871 0.01464801
 0.04311365 0.16714497 0.22827713 0.1052504 ]

rule11: housing_median_age > 37.018
probabilities_array:[0.18200564 0.12033841 0.0399338  0.00689147 0.         0.
 0.01176459 0.08279181 0.25597835 0.30029583]

rule32: ocean_proximity_INLAND = 0.0
probabilities_array:[0.0004564  0.00870046 0.02586248 0.04474588 0.1225429  0.20970759
 0.19389224 0.21537295 0.17829965 0.00041943]

rule21: 660.403 < population < 1437.744
probabilities_array:[1.5433212e-01 1.5331247e-01 4.2033073e-02 5.2246436e-02 0.0000000e+00
 9.3184397e-05 1.8512375e-03 9.4538793e-02 2.2456597e-01 2.7702677e-01]

rule37: ocean_proximity_NEAR BAY = 1.0
probabilities_array:[0.02250301 0.24016167 0.12082762 0.         0.04633414 0.03986925
 0.         0.04592407 0.21851644 0.26586384]

rule19: total_bedrooms > 824.774
probabilities_array:[0.00700829 0.01168166 0.03124816 0.         0.00274344 0.
 0.08961898 0.09899666 0.25955027 0.49915257]

rule35: ocean_proximity_ISLAND = 1.0
probabilities_array:[0.         0.         0.         0.         0.         0.
 0.         0.24861582 0.2560946  0.49528962]

rule1: -120.903 < longitude < -119.553
probabilities_array:[0.18078727 0.18226017 0.16282281 0.0852174  0.         0.
 0.         0.04069701 0.12349211 0.22472319]

rule0: longitude < -120.903
probabilities_array:[0.00730639 0.         0.         0.01464236 0.02850574 0.08780592
 0.21826883 0.1763984  0.12319428 0.34387812]

rule30: 3.871 < median_income < 5.149
probabilities_array:[0.         0.01673398 0.07023717 0.15552175 0.20219746 0.1808132
 0.16454428 0.14620942 0.05538382 0.00835891]

rule26: 504.036 < households < 762.930
probabilities_array:[0.12720878 0.08087233 0.01396237 0.         0.04438746 0.
 0.10158997 0.00669043 0.10732377 0.5179649 ]

