MSE: 34250189.22461971

Accuracy: 0.6221719457013575

F1: 0.5934454569401627

Confusion Matrix: [[68, 7, 0, 0, 0, 0, 0], [8, 54, 8, 0, 0, 0, 0], [0, 11, 42, 0, 2, 0, 0], [1, 0, 27, 11, 19, 0, 0], [2, 0, 1, 16, 23, 1, 0], [4, 8, 4, 8, 16, 29, 8], [0, 0, 2, 3, 6, 5, 48]]

Uncertainties: {'class0': [0.0, 0.008154869079589844, 0.039164088666439056, 0.2022293210029602, 0.25671833753585815], 'class1': [0.0, 0.0, 0.008154869079589844, 0.02752017229795456, 0.02892988920211792], 'class2': [0.0, 0.0, 0.0006518369191326201, 0.02752017229795456, 0.02892988920211792], 'class3': [0.0, 0.0, 0.0, 0.0006518369191326201, 0.02752017229795456], 'class4': [0.0, 0.0, 0.0, 0.02752017229795456, 0.02892988920211792], 'class5': [0.0, 0.0, 0.0006518369191326201, 0.008154869079589844, 0.02752017229795456], 'class6': [0.0, 0.0, 0.0006518369191326201, 0.008154869079589844, 0.02752017229795456]}

y_test: [22462.04375, 10982.5013, 2850.68375, 8023.13545, 26467.09737, 20234.85475, 29186.48236, 15820.699, 5227.98875, 2203.47185, 18328.2381, 21082.16, 6082.405, 5397.6167, 6079.6715, 7160.094, 1748.774, 12949.1554, 4151.0287, 5615.369, 3021.80915, 11944.59435, 1704.70015, 4949.7587, 19719.6947, 18246.4955, 5974.3847, 6117.4945, 3443.064, 10796.35025, 38709.176, 6238.298, 26392.26029, 6282.235, 12609.88702, 14571.8908, 2902.9065, 12029.2867, 47291.055, 3062.50825, 1242.816, 32108.66282, 3393.35635, 27346.04207, 47928.03, 7173.35995, 9617.66245, 3989.841, 19749.38338, 18963.17192, 14349.8544, 11365.952, 13981.85035, 1727.785, 6358.77645, 2699.56835, 6067.12675, 8601.3293, 23045.56616, 1634.5734, 20149.3229, 1980.07, 3935.1799, 23244.7902, 7518.02535, 4391.652, 37607.5277, 14418.2804, 20167.33603, 2480.9791, 21348.706, 4922.9159, 5709.1644, 3994.1778, 4992.3764, 3206.49135, 4243.59005, 10564.8845, 8269.044, 2331.519, 4738.2682, 33907.548, 5699.8375, 1633.9618, 14410.9321, 13607.36875, 11576.13, 9144.565, 14256.1928, 4349.462, 23288.9284, 17178.6824, 6184.2994, 28923.13692, 4762.329, 1621.3402, 1705.6245, 3277.161, 7345.084, 8162.71625, 22412.6485, 4837.5823, 4504.6624, 2128.43105, 35491.64, 4005.4225, 47305.305, 4747.0529, 16455.70785, 2775.19215, 5245.2269, 36197.699, 3554.203, 4906.40965, 8516.829, 5266.3656, 10065.413, 6356.2707, 11938.25595, 18157.876, 21098.55405, 27037.9141, 1984.4533, 3353.284, 8233.0975, 2457.21115, 2741.948, 26125.67477, 4518.82625, 2254.7967, 48673.5588, 2483.736, 7371.772, 19214.70553, 5662.225, 8124.4084, 1731.677, 38282.7495, 4032.2407, 9715.841, 30063.58055, 8932.084, 8964.06055, 6600.361, 11737.84884, 6652.5288, 14119.62, 3906.127, 9991.03765, 3213.62205, 42211.1382, 13012.20865, 11482.63485, 2250.8352, 3484.331, 1875.344, 5031.26955, 43753.33705, 44423.803, 9222.4026, 6571.544, 3757.8448, 2117.33885, 13430.265, 1627.28245, 10381.4787, 9800.8882, 48675.5177, 1121.8739, 15612.19335, 20745.9891, 7147.4728, 8444.474, 12957.118, 33475.81715, 3056.3881, 6986.697, 9880.068, 5729.0053, 6186.127, 23807.2406, 47896.79135, 36950.2567, 4830.63, 10807.4863, 12233.828, 6360.9936, 14711.7438, 46113.511, 1711.0268, 35147.52848, 34472.841, 41949.2441, 12622.1795, 11150.78, 42112.2356, 3556.9223, 23568.272, 12265.5069, 21677.28345, 9877.6077, 22478.6, 16586.49771, 2974.126, 10825.2537, 4189.1131, 2196.4732, 9193.8385, 55135.40209, 48970.2476, 3392.3652, 1263.249, 23241.47453, 3378.91, 5478.0368, 12142.5786, 1633.0444, 1515.3449, 41676.0811, 2680.9493, 13770.0979, 5383.536, 45702.02235, 4562.8421, 12829.4551, 1725.5523, 6877.9801, 8891.1395, 9288.0267, 9778.3472, 37465.34375, 13429.0354, 2221.56445, 5458.04645, 3943.5954, 6837.3687, 8083.9198, 37079.372, 25678.77845, 36580.28216, 14001.2867, 9414.92, 2205.9808, 2362.22905, 12129.61415, 40974.1649, 17626.23951, 32734.1863, 2457.502, 8428.0693, 8825.086, 3537.703, 8827.2099, 40932.4295, 6610.1097, 6338.0756, 19594.80965, 11085.5868, 11396.9002, 11729.6795, 39722.7462, 20277.80751, 17929.30337, 1256.299, 24915.04626, 2719.27975, 4441.21315, 20420.60465, 6113.23105, 34672.1472, 10791.96, 8280.6227, 12105.32, 7789.635, 42303.69215, 42760.5022, 1136.3994, 11987.1682, 5373.36425, 4846.92015, 16138.76205, 8059.6791, 8733.22925, 6933.24225, 11945.1327, 3857.75925, 4433.3877, 6457.8434, 2709.24395, 2755.02095, 48173.361, 15161.5344, 6334.34355, 1712.227, 7640.3092, 2498.4144, 10736.87075, 14474.675, 25992.82104, 7325.0482, 11165.41765, 12323.936, 24915.22085, 63770.42801, 3594.17085, 8413.46305, 10795.93733, 1743.214, 9872.701, 2464.6188, 3972.9247, 10072.05505, 1534.3045, 8871.1517, 8605.3615, 8520.026, 5438.7491, 4827.90495, 11244.3769, 16085.1275, 2789.0574, 6474.013, 7682.67, 16577.7795, 30284.64294, 15230.32405, 2257.47525, 47269.854, 8310.83915, 10435.06525, 44585.45587, 8539.671, 8547.6913, 24869.8368, 24513.09126, 4889.0368, 48824.45, 1967.0227, 9411.005, 2103.08, 9855.1314, 8534.6718, 18955.22017, 14394.5579, 11073.176, 13887.204, 10959.6947, 2166.732, 8527.532, 3481.868, 8556.907, 4536.259, 2352.96845, 17128.42608, 4673.3922, 1694.7964, 14455.64405, 37484.4493, 8283.6807, 22192.43711, 7624.63, 8615.3, 2523.1695, 11381.3254, 1720.3537, 15817.9857, 2201.0971, 23401.30575, 2396.0959, 27941.28758, 30259.99556, 38746.3551, 7201.70085, 3044.2133, 12913.9924, 4889.9995, 2690.1138, 21797.0004, 4564.19145, 21984.47061, 13919.8229, 8835.26495, 2207.69745, 34254.05335, 4466.6214, 2302.3, 4433.9159, 16115.3045, 25309.489, 6770.1925, 7256.7231, 1964.78, 4239.89265, 36898.73308, 43921.1837, 4915.05985, 9549.5651, 1141.4451, 34439.8559, 11013.7119, 14358.36437, 12730.9996, 39836.519, 25081.76784, 4529.477, 7222.78625, 5584.3057, 8252.2843, 1261.442, 6948.7008, 4076.497, 12557.6053, 2899.48935, 14449.8544, 13129.60345, 5472.449, 17748.5062, 10338.9316, 13224.693, 1702.4553, 4266.1658, 12032.326, 36085.219, 28101.33305, 19933.458, 9504.3103, 24393.6224, 8116.26885, 8116.68, 2154.361, 15555.18875, 11345.519, 13224.05705, 7526.70645, 17361.7661, 28868.6639, 8442.667, 3987.926, 3704.3545, 2007.945, 46718.16325, 21195.818]

buck_pred: [5, 4, 0, 2, 3, 5, 3, 5, 1, 0, 5, 6, 1, 2, 1, 2, 0, 4, 1, 1, 0, 4, 0, 2, 6, 6, 1, 1, 1, 4, 6, 1, 2, 2, 0, 5, 0, 4, 6, 0, 0, 2, 1, 4, 6, 2, 3, 2, 4, 0, 3, 4, 4, 0, 2, 0, 1, 4, 4, 0, 5, 1, 1, 5, 2, 1, 6, 3, 5, 0, 5, 1, 2, 2, 1, 0, 1, 4, 2, 1, 1, 5, 2, 0, 4, 3, 3, 4, 4, 1, 1, 5, 2, 4, 1, 0, 0, 1, 2, 2, 5, 1, 0, 0, 6, 1, 6, 1, 4, 0, 1, 6, 0, 1, 2, 2, 3, 2, 4, 1, 5, 5, 0, 0, 2, 0, 0, 5, 1, 0, 6, 0, 2, 2, 2, 4, 0, 6, 0, 2, 4, 4, 2, 2, 2, 2, 3, 1, 4, 0, 6, 4, 0, 0, 1, 0, 1, 6, 6, 3, 1, 1, 0, 4, 0, 4, 4, 6, 0, 4, 5, 2, 4, 4, 6, 1, 2, 4, 2, 2, 5, 6, 6, 1, 3, 4, 2, 5, 6, 0, 6, 6, 6, 4, 3, 6, 0, 6, 4, 5, 4, 5, 0, 0, 3, 1, 0, 2, 6, 6, 1, 0, 1, 1, 1, 3, 0, 0, 6, 0, 4, 1, 6, 1, 5, 0, 1, 2, 3, 3, 6, 4, 0, 1, 0, 2, 2, 6, 5, 4, 4, 2, 0, 1, 4, 6, 1, 5, 0, 2, 2, 1, 4, 6, 2, 1, 5, 4, 4, 3, 6, 1, 2, 0, 2, 1, 1, 1, 2, 6, 3, 2, 4, 2, 6, 6, 0, 3, 1, 1, 5, 2, 2, 2, 3, 1, 1, 2, 1, 0, 6, 3, 2, 0, 2, 0, 2, 4, 3, 2, 3, 3, 6, 6, 1, 2, 0, 0, 3, 0, 1, 4, 0, 2, 2, 2, 2, 1, 3, 4, 0, 2, 2, 5, 3, 4, 0, 6, 2, 4, 6, 2, 2, 5, 4, 1, 6, 0, 2, 0, 3, 2, 0, 3, 4, 4, 4, 0, 2, 1, 2, 1, 0, 1, 2, 0, 5, 6, 2, 3, 2, 2, 0, 4, 0, 5, 1, 5, 0, 4, 4, 6, 2, 0, 3, 2, 0, 4, 1, 2, 3, 4, 0, 6, 1, 0, 1, 5, 6, 2, 2, 0, 1, 6, 6, 1, 4, 0, 6, 3, 1, 4, 6, 0, 1, 2, 1, 2, 0, 2, 1, 4, 0, 4, 3, 1, 5, 4, 3, 0, 1, 3, 6, 5, 6, 4, 6, 2, 4, 0, 4, 4, 3, 2, 5, 6, 3, 1, 1, 0, 6, 5]

bins: [1131.5066, 3176.740442857143, 5480.049957142857, 8215.730885714285, 10976.657414285713, 13855.126285714285, 26031.861738571424, 62592.87309]

Most important rules
-----------------------------

---0---
rule0: age < 30.104
probabilities_array:[0.3404716  0.22364613 0.         0.         0.         0.24595831
 0.18176909 0.00815487]

rule16: smoker_yes = 0.0
probabilities_array:[0.22054812 0.21621232 0.20618929 0.17526588 0.18073735 0.00104708
 0.         0.        ]

rule21: region_southeast = 1.0
probabilities_array:[0.2907329  0.04286341 0.06187952 0.         0.         0.13909142
 0.18058442 0.28484836]

rule8: children = 0.0
probabilities_array:[0.26779073 0.00580287 0.02434584 0.         0.15049523 0.02688329
 0.26796368 0.25671834]

rule23: region_southwest = 1.0
probabilities_array:[0.24267268 0.12228006 0.14419849 0.         0.         0.10691445
 0.18170495 0.20222932]

rule4: bmi < 26.801
probabilities_array:[0.15579386 0.13265027 0.11425861 0.08649819 0.05952189 0.41211304
 0.         0.03916409]

rule15: sex_male = 1.0
probabilities_array:[0.16128883 0.00598146 0.01192038 0.08974752 0.         0.14694788
 0.29426187 0.289852  ]

rule19: region_northwest = 1.0
probabilities_array:[0.12019187 0.         0.12407681 0.         0.0263197  0.21718152
 0.2529645  0.2592656 ]


---1---
rule1: 30.104 < age < 39.509
probabilities_array:[0.         0.35046443 0.3525584  0.         0.         0.11092906
 0.0992863  0.08676178]

rule9: children = 1.0
probabilities_array:[0.03765444 0.29173905 0.14522427 0.07593737 0.         0.15966462
 0.2073734  0.08240683]

rule0: age < 30.104
probabilities_array:[0.3404716  0.22364613 0.         0.         0.         0.24595831
 0.18176909 0.00815487]

rule16: smoker_yes = 0.0
probabilities_array:[0.22054812 0.21621232 0.20618929 0.17526588 0.18073735 0.00104708
 0.         0.        ]

rule10: children = 2.0
probabilities_array:[0.         0.13413244 0.15153526 0.10845573 0.06755401 0.23538126
 0.27542117 0.02752017]

rule4: bmi < 26.801
probabilities_array:[0.15579386 0.13265027 0.11425861 0.08649819 0.05952189 0.41211304
 0.         0.03916409]

rule23: region_southwest = 1.0
probabilities_array:[0.24267268 0.12228006 0.14419849 0.         0.         0.10691445
 0.18170495 0.20222932]

rule11: children = 3.0
probabilities_array:[0.         0.06906522 0.18104006 0.1923431  0.18562919 0.13712922
 0.2347931  0.        ]

rule13: children = 5.0
probabilities_array:[0.         0.06466761 0.12478249 0.2640736  0.28114554 0.23640089
 0.         0.02892989]

rule12: children = 4.0
probabilities_array:[0.         0.06469459 0.06424988 0.05734488 0.32027787 0.32437524
 0.12278678 0.04627071]


---2---
rule1: 30.104 < age < 39.509
probabilities_array:[0.         0.35046443 0.3525584  0.         0.         0.11092906
 0.0992863  0.08676178]

rule2: 39.509 < age < 48.914
probabilities_array:[0.         0.         0.29751977 0.27969718 0.02928392 0.159148
 0.23369922 0.00065184]

rule16: smoker_yes = 0.0
probabilities_array:[0.22054812 0.21621232 0.20618929 0.17526588 0.18073735 0.00104708
 0.         0.        ]

rule11: children = 3.0
probabilities_array:[0.         0.06906522 0.18104006 0.1923431  0.18562919 0.13712922
 0.2347931  0.        ]

rule10: children = 2.0
probabilities_array:[0.         0.13413244 0.15153526 0.10845573 0.06755401 0.23538126
 0.27542117 0.02752017]

rule9: children = 1.0
probabilities_array:[0.03765444 0.29173905 0.14522427 0.07593737 0.         0.15966462
 0.2073734  0.08240683]

rule13: children = 5.0
probabilities_array:[0.         0.06466761 0.12478249 0.2640736  0.28114554 0.23640089
 0.         0.02892989]

rule23: region_southwest = 1.0
probabilities_array:[0.24267268 0.12228006 0.14419849 0.         0.         0.10691445
 0.18170495 0.20222932]

rule4: bmi < 26.801
probabilities_array:[0.15579386 0.13265027 0.11425861 0.08649819 0.05952189 0.41211304
 0.         0.03916409]

rule19: region_northwest = 1.0
probabilities_array:[0.12019187 0.         0.12407681 0.         0.0263197  0.21718152
 0.2529645  0.2592656 ]

rule7: bmi > 34.877
probabilities_array:[0.02973022 0.00071614 0.0864588  0.         0.161074   0.
 0.432297   0.28972396]

rule12: children = 4.0
probabilities_array:[0.         0.06469459 0.06424988 0.05734488 0.32027787 0.32437524
 0.12278678 0.04627071]

rule21: region_southeast = 1.0
probabilities_array:[0.2907329  0.04286341 0.06187952 0.         0.         0.13909142
 0.18058442 0.28484836]


---3---
rule3: age > 48.914
probabilities_array:[0.         0.         0.         0.29519853 0.30318573 0.12731238
 0.27430332 0.        ]

rule2: 39.509 < age < 48.914
probabilities_array:[0.         0.         0.29751977 0.27969718 0.02928392 0.159148
 0.23369922 0.00065184]

rule13: children = 5.0
probabilities_array:[0.         0.06466761 0.12478249 0.2640736  0.28114554 0.23640089
 0.         0.02892989]

rule11: children = 3.0
probabilities_array:[0.         0.06906522 0.18104006 0.1923431  0.18562919 0.13712922
 0.2347931  0.        ]

rule16: smoker_yes = 0.0
probabilities_array:[0.22054812 0.21621232 0.20618929 0.17526588 0.18073735 0.00104708
 0.         0.        ]

rule10: children = 2.0
probabilities_array:[0.         0.13413244 0.15153526 0.10845573 0.06755401 0.23538126
 0.27542117 0.02752017]

rule4: bmi < 26.801
probabilities_array:[0.15579386 0.13265027 0.11425861 0.08649819 0.05952189 0.41211304
 0.         0.03916409]

rule9: children = 1.0
probabilities_array:[0.03765444 0.29173905 0.14522427 0.07593737 0.         0.15966462
 0.2073734  0.08240683]

rule15: sex_male = 1.0
probabilities_array:[0.16128883 0.00598146 0.01192038 0.08974752 0.         0.14694788
 0.29426187 0.289852  ]

rule12: children = 4.0
probabilities_array:[0.         0.06469459 0.06424988 0.05734488 0.32027787 0.32437524
 0.12278678 0.04627071]


---4---
rule12: children = 4.0
probabilities_array:[0.         0.06469459 0.06424988 0.05734488 0.32027787 0.32437524
 0.12278678 0.04627071]

rule3: age > 48.914
probabilities_array:[0.         0.         0.         0.29519853 0.30318573 0.12731238
 0.27430332 0.        ]

rule13: children = 5.0
probabilities_array:[0.         0.06466761 0.12478249 0.2640736  0.28114554 0.23640089
 0.         0.02892989]

rule11: children = 3.0
probabilities_array:[0.         0.06906522 0.18104006 0.1923431  0.18562919 0.13712922
 0.2347931  0.        ]

rule16: smoker_yes = 0.0
probabilities_array:[0.22054812 0.21621232 0.20618929 0.17526588 0.18073735 0.00104708
 0.         0.        ]

rule7: bmi > 34.877
probabilities_array:[0.02973022 0.00071614 0.0864588  0.         0.161074   0.
 0.432297   0.28972396]

rule8: children = 0.0
probabilities_array:[0.26779073 0.00580287 0.02434584 0.         0.15049523 0.02688329
 0.26796368 0.25671834]

rule14: sex_male = 0.0
probabilities_array:[0.0000000e+00 4.1505735e-02 1.8371595e-04 0.0000000e+00 1.5514848e-01
 2.7358988e-01 2.0246302e-01 3.2710913e-01]

rule10: children = 2.0
probabilities_array:[0.         0.13413244 0.15153526 0.10845573 0.06755401 0.23538126
 0.27542117 0.02752017]

rule4: bmi < 26.801
probabilities_array:[0.15579386 0.13265027 0.11425861 0.08649819 0.05952189 0.41211304
 0.         0.03916409]


---5---
rule4: bmi < 26.801
probabilities_array:[0.15579386 0.13265027 0.11425861 0.08649819 0.05952189 0.41211304
 0.         0.03916409]

rule12: children = 4.0
probabilities_array:[0.         0.06469459 0.06424988 0.05734488 0.32027787 0.32437524
 0.12278678 0.04627071]

rule17: smoker_yes = 1.0
probabilities_array:[0.         0.         0.         0.         0.         0.35341707
 0.35887992 0.287703  ]

rule0: age < 30.104
probabilities_array:[0.3404716  0.22364613 0.         0.         0.         0.24595831
 0.18176909 0.00815487]

rule13: children = 5.0
probabilities_array:[0.         0.06466761 0.12478249 0.2640736  0.28114554 0.23640089
 0.         0.02892989]

rule10: children = 2.0
probabilities_array:[0.         0.13413244 0.15153526 0.10845573 0.06755401 0.23538126
 0.27542117 0.02752017]

rule5: 26.801 < bmi < 30.839
probabilities_array:[0.0000000e+00 0.0000000e+00 0.0000000e+00 1.5033092e-02 4.5454665e-04
 4.6824652e-01 0.0000000e+00 5.1626581e-01]

rule22: region_southwest = 0.0
probabilities_array:[0.         0.01432995 0.         0.03094658 0.00232053 0.29930955
 0.35970977 0.2933836 ]

rule20: region_southeast = 0.0
probabilities_array:[0.         0.00558646 0.         0.00851776 0.01038696 0.32338536
 0.25471714 0.39740637]

rule14: sex_male = 0.0
probabilities_array:[0.0000000e+00 4.1505735e-02 1.8371595e-04 0.0000000e+00 1.5514848e-01
 2.7358988e-01 2.0246302e-01 3.2710913e-01]

rule18: region_northwest = 0.0
probabilities_array:[0.00162191 0.04316755 0.00204862 0.         0.         0.27397862
 0.35086462 0.32831866]

rule19: region_northwest = 1.0
probabilities_array:[0.12019187 0.         0.12407681 0.         0.0263197  0.21718152
 0.2529645  0.2592656 ]

rule2: 39.509 < age < 48.914
probabilities_array:[0.         0.         0.29751977 0.27969718 0.02928392 0.159148
 0.23369922 0.00065184]

rule9: children = 1.0
probabilities_array:[0.03765444 0.29173905 0.14522427 0.07593737 0.         0.15966462
 0.2073734  0.08240683]

rule11: children = 3.0
probabilities_array:[0.         0.06906522 0.18104006 0.1923431  0.18562919 0.13712922
 0.2347931  0.        ]

rule3: age > 48.914
probabilities_array:[0.         0.         0.         0.29519853 0.30318573 0.12731238
 0.27430332 0.        ]

rule15: sex_male = 1.0
probabilities_array:[0.16128883 0.00598146 0.01192038 0.08974752 0.         0.14694788
 0.29426187 0.289852  ]

rule1: 30.104 < age < 39.509
probabilities_array:[0.         0.35046443 0.3525584  0.         0.         0.11092906
 0.0992863  0.08676178]

rule21: region_southeast = 1.0
probabilities_array:[0.2907329  0.04286341 0.06187952 0.         0.         0.13909142
 0.18058442 0.28484836]

rule23: region_southwest = 1.0
probabilities_array:[0.24267268 0.12228006 0.14419849 0.         0.         0.10691445
 0.18170495 0.20222932]


---6---
rule7: bmi > 34.877
probabilities_array:[0.02973022 0.00071614 0.0864588  0.         0.161074   0.
 0.432297   0.28972396]

rule3: age > 48.914
probabilities_array:[0.         0.         0.         0.29519853 0.30318573 0.12731238
 0.27430332 0.        ]

rule6: 30.839 < bmi < 34.877
probabilities_array:[0.04204222 0.0649637  0.         0.         0.         0.
 0.46903586 0.4239582 ]

rule10: children = 2.0
probabilities_array:[0.         0.13413244 0.15153526 0.10845573 0.06755401 0.23538126
 0.27542117 0.02752017]

rule17: smoker_yes = 1.0
probabilities_array:[0.         0.         0.         0.         0.         0.35341707
 0.35887992 0.287703  ]

rule22: region_southwest = 0.0
probabilities_array:[0.         0.01432995 0.         0.03094658 0.00232053 0.29930955
 0.35970977 0.2933836 ]

rule18: region_northwest = 0.0
probabilities_array:[0.00162191 0.04316755 0.00204862 0.         0.         0.27397862
 0.35086462 0.32831866]

rule11: children = 3.0
probabilities_array:[0.         0.06906522 0.18104006 0.1923431  0.18562919 0.13712922
 0.2347931  0.        ]

rule2: 39.509 < age < 48.914
probabilities_array:[0.         0.         0.29751977 0.27969718 0.02928392 0.159148
 0.23369922 0.00065184]

rule15: sex_male = 1.0
probabilities_array:[0.16128883 0.00598146 0.01192038 0.08974752 0.         0.14694788
 0.29426187 0.289852  ]

rule8: children = 0.0
probabilities_array:[0.26779073 0.00580287 0.02434584 0.         0.15049523 0.02688329
 0.26796368 0.25671834]

rule9: children = 1.0
probabilities_array:[0.03765444 0.29173905 0.14522427 0.07593737 0.         0.15966462
 0.2073734  0.08240683]

rule19: region_northwest = 1.0
probabilities_array:[0.12019187 0.         0.12407681 0.         0.0263197  0.21718152
 0.2529645  0.2592656 ]

rule0: age < 30.104
probabilities_array:[0.3404716  0.22364613 0.         0.         0.         0.24595831
 0.18176909 0.00815487]

rule20: region_southeast = 0.0
probabilities_array:[0.         0.00558646 0.         0.00851776 0.01038696 0.32338536
 0.25471714 0.39740637]

rule23: region_southwest = 1.0
probabilities_array:[0.24267268 0.12228006 0.14419849 0.         0.         0.10691445
 0.18170495 0.20222932]

rule14: sex_male = 0.0
probabilities_array:[0.0000000e+00 4.1505735e-02 1.8371595e-04 0.0000000e+00 1.5514848e-01
 2.7358988e-01 2.0246302e-01 3.2710913e-01]

rule21: region_southeast = 1.0
probabilities_array:[0.2907329  0.04286341 0.06187952 0.         0.         0.13909142
 0.18058442 0.28484836]

rule12: children = 4.0
probabilities_array:[0.         0.06469459 0.06424988 0.05734488 0.32027787 0.32437524
 0.12278678 0.04627071]

rule1: 30.104 < age < 39.509
probabilities_array:[0.         0.35046443 0.3525584  0.         0.         0.11092906
 0.0992863  0.08676178]

