R2: 0.654202009690541


MAE: 48337.18896963662


MSE: 4565186530.784283


Accuracy: 0.3018071724175603


F1: 0.3178214914856136


Most important rules
-----------------------------

---0---
rule28: median_income < 2.581
probabilities_array:[0.2622357  0.23510459 0.17712028 0.13646197 0.07675733 0.03036469
 0.02185904 0.01911115 0.00150283 0.         0.0394824 ]

rule33: ocean_proximity_INLAND = 1.0
probabilities_array:[0.30384433 0.2318881  0.193015   0.         0.         0.
 0.00449455 0.         0.         0.         0.2667579 ]

rule12: total_rooms < 1162.221
probabilities_array:[2.2523597e-01 1.3314673e-01 1.2507434e-01 1.8434076e-01 1.4245203e-01
 5.5427771e-02 3.3328786e-02 5.2065879e-02 3.3132277e-02 1.9721662e-04
 1.5598156e-02]

rule22: 1437.430 < population < 2221.093
probabilities_array:[0.26626518 0.0634648  0.11697547 0.12943268 0.14321837 0.02545924
 0.00755863 0.02361548 0.00115062 0.         0.22285947]

rule38: ocean_proximity_NEAR OCEAN = 0.0
probabilities_array:[0.279635   0.12646873 0.02541586 0.02510691 0.07974375 0.11589922
 0.02803477 0.02840574 0.01046217 0.         0.2808279 ]

rule36: ocean_proximity_NEAR BAY = 0.0
probabilities_array:[0.27820435 0.11076941 0.10105589 0.04508048 0.         0.00548406
 0.03879175 0.07643168 0.03063492 0.         0.31354746]

rule23: population > 2221.093
probabilities_array:[0.19515978 0.07056084 0.13053218 0.1880162  0.18467051 0.09493242
 0.05366792 0.04791742 0.0084829  0.         0.02605982]

rule11: housing_median_age > 37.073
probabilities_array:[2.6120660e-01 3.2071423e-02 9.8542586e-02 0.0000000e+00 0.0000000e+00
 0.0000000e+00 0.0000000e+00 5.6955409e-06 5.2717362e-02 2.6337555e-01
 2.9208079e-01]

rule5: 34.198 < latitude < 35.634
probabilities_array:[0.17484358 0.06975485 0.04914179 0.13650031 0.07410145 0.13360552
 0.14978866 0.0846863  0.00673599 0.         0.12084146]

rule2: -119.574 < longitude < -118.226
probabilities_array:[1.6471010e-01 1.8295291e-01 6.6669352e-02 1.9541170e-05 0.0000000e+00
 2.0740092e-02 1.2038695e-01 2.1395560e-02 1.2301065e-01 1.9094037e-01
 1.0917446e-01]

rule10: 28.589 < housing_median_age < 37.073
probabilities_array:[0.22829235 0.0853402  0.01957783 0.02079971 0.07747249 0.15203162
 0.00107376 0.00213449 0.         0.04500176 0.3682758 ]

rule13: 1162.221 < total_rooms < 2648.484
probabilities_array:[0.19151123 0.13560009 0.07098989 0.10406689 0.1392051  0.04559404
 0.0186068  0.0244028  0.01607484 0.         0.25394833]

rule1: -120.922 < longitude < -119.574
probabilities_array:[0.18537962 0.16359377 0.13443027 0.06831693 0.         0.
 0.         0.         0.0680922  0.10741314 0.27277407]

rule17: 253.995 < total_bedrooms < 539.193
probabilities_array:[0.21616207 0.08357483 0.05879103 0.06388555 0.0462428  0.
 0.05636215 0.05239276 0.         0.         0.42258883]

rule6: 35.634 < latitude < 37.071
probabilities_array:[0.33081293 0.04349373 0.         0.         0.         0.
 0.00176939 0.         0.         0.         0.62392396]

rule25: 241.239 < households < 501.885
probabilities_array:[0.20319204 0.06652442 0.15139224 0.07239734 0.00665616 0.00827562
 0.         0.01358772 0.03735327 0.         0.44062114]

rule21: 653.767 < population < 1437.430
probabilities_array:[0.14003356 0.10175049 0.01518381 0.01988355 0.02514831 0.
 0.00125631 0.00285504 0.12908146 0.21121666 0.3535908 ]

rule24: households < 241.239
probabilities_array:[0.13184899 0.08755822 0.07397351 0.01928215 0.02022057 0.
 0.0751784  0.         0.         0.11759615 0.47434205]

rule34: ocean_proximity_ISLAND = 0.0
probabilities_array:[0.14477466 0.09192931 0.04255563 0.0484767  0.         0.
 0.0079546  0.03087226 0.00508702 0.04160013 0.58674973]

rule9: 20.105 < housing_median_age < 28.589
probabilities_array:[0.07889283 0.12196118 0.06817672 0.00579608 0.         0.1637959
 0.13896571 0.05899311 0.05195308 0.         0.3114654 ]

rule16: total_bedrooms < 253.995
probabilities_array:[0.11223239 0.09670395 0.01309904 0.0026367  0.01922286 0.04612809
 0.09363154 0.02287591 0.         0.04518383 0.5482856 ]

rule26: 501.885 < households < 762.531
probabilities_array:[0.09600546 0.08094034 0.         0.10250183 0.02512061 0.00997017
 0.10321539 0.04180321 0.00333226 0.01100993 0.5261007 ]


---1---
rule28: median_income < 2.581
probabilities_array:[0.2622357  0.23510459 0.17712028 0.13646197 0.07675733 0.03036469
 0.02185904 0.01911115 0.00150283 0.         0.0394824 ]

rule7: latitude > 37.071
probabilities_array:[0.         0.18969189 0.21772614 0.21648929 0.05491068 0.0398754
 0.04985044 0.05113946 0.0454784  0.05516654 0.0796718 ]

rule33: ocean_proximity_INLAND = 1.0
probabilities_array:[0.30384433 0.2318881  0.193015   0.         0.         0.
 0.00449455 0.         0.         0.         0.2667579 ]

rule2: -119.574 < longitude < -118.226
probabilities_array:[1.6471010e-01 1.8295291e-01 6.6669352e-02 1.9541170e-05 0.0000000e+00
 2.0740092e-02 1.2038695e-01 2.1395560e-02 1.2301065e-01 1.9094037e-01
 1.0917446e-01]

rule39: ocean_proximity_NEAR OCEAN = 1.0
probabilities_array:[0.01546119 0.18084027 0.13393544 0.02637023 0.         0.
 0.02071746 0.09943241 0.12317622 0.29857478 0.10149198]

rule37: ocean_proximity_NEAR BAY = 1.0
probabilities_array:[0.00128734 0.17808887 0.12473186 0.04636778 0.         0.09199116
 0.         0.         0.10354444 0.19266656 0.261322  ]

rule12: total_rooms < 1162.221
probabilities_array:[2.2523597e-01 1.3314673e-01 1.2507434e-01 1.8434076e-01 1.4245203e-01
 5.5427771e-02 3.3328786e-02 5.2065879e-02 3.3132277e-02 1.9721662e-04
 1.5598156e-02]

rule29: 2.581 < median_income < 3.860
probabilities_array:[0.01490481 0.1296217  0.17795514 0.20314537 0.1830133  0.12327901
 0.07344011 0.05448565 0.01727193 0.         0.022883  ]

rule1: -120.922 < longitude < -119.574
probabilities_array:[0.18537962 0.16359377 0.13443027 0.06831693 0.         0.
 0.         0.         0.0680922  0.10741314 0.27277407]

rule13: 1162.221 < total_rooms < 2648.484
probabilities_array:[0.19151123 0.13560009 0.07098989 0.10406689 0.1392051  0.04559404
 0.0186068  0.0244028  0.01607484 0.         0.25394833]

rule27: households > 762.531
probabilities_array:[0.         0.12152212 0.04047915 0.         0.         0.06299528
 0.11310056 0.12894243 0.16260721 0.13536192 0.23499134]

rule38: ocean_proximity_NEAR OCEAN = 0.0
probabilities_array:[0.279635   0.12646873 0.02541586 0.02510691 0.07974375 0.11589922
 0.02803477 0.02840574 0.01046217 0.         0.2808279 ]

rule4: latitude < 34.198
probabilities_array:[0.00121754 0.10000096 0.17618987 0.10410218 0.02403693 0.05280808
 0.02936831 0.094348   0.133541   0.18506044 0.09932665]

rule9: 20.105 < housing_median_age < 28.589
probabilities_array:[0.07889283 0.12196118 0.06817672 0.00579608 0.         0.1637959
 0.13896571 0.05899311 0.05195308 0.         0.3114654 ]

rule36: ocean_proximity_NEAR BAY = 0.0
probabilities_array:[0.27820435 0.11076941 0.10105589 0.04508048 0.         0.00548406
 0.03879175 0.07643168 0.03063492 0.         0.31354746]

rule3: longitude > -118.226
probabilities_array:[0.02718185 0.07646453 0.09013887 0.2055996  0.22210701 0.14078619
 0.15196319 0.01632452 0.         0.         0.06943433]

rule23: population > 2221.093
probabilities_array:[0.19515978 0.07056084 0.13053218 0.1880162  0.18467051 0.09493242
 0.05366792 0.04791742 0.0084829  0.         0.02605982]

rule21: 653.767 < population < 1437.430
probabilities_array:[0.14003356 0.10175049 0.01518381 0.01988355 0.02514831 0.
 0.00125631 0.00285504 0.12908146 0.21121666 0.3535908 ]

rule18: 539.193 < total_bedrooms < 824.391
probabilities_array:[0.04103376 0.12792163 0.09780672 0.00921874 0.         0.00591026
 0.         0.09808387 0.02843568 0.07638965 0.51519966]

rule5: 34.198 < latitude < 35.634
probabilities_array:[0.17484358 0.06975485 0.04914179 0.13650031 0.07410145 0.13360552
 0.14978866 0.0846863  0.00673599 0.         0.12084146]

rule8: housing_median_age < 20.105
probabilities_array:[0.01525038 0.06581312 0.13412865 0.12203956 0.14212506 0.13616543
 0.09060893 0.07885592 0.08409356 0.         0.13091943]

rule10: 28.589 < housing_median_age < 37.073
probabilities_array:[0.22829235 0.0853402  0.01957783 0.02079971 0.07747249 0.15203162
 0.00107376 0.00213449 0.         0.04500176 0.3682758 ]

rule22: 1437.430 < population < 2221.093
probabilities_array:[0.26626518 0.0634648  0.11697547 0.12943268 0.14321837 0.02545924
 0.00755863 0.02361548 0.00115062 0.         0.22285947]

rule17: 253.995 < total_bedrooms < 539.193
probabilities_array:[0.21616207 0.08357483 0.05879103 0.06388555 0.0462428  0.
 0.05636215 0.05239276 0.         0.         0.42258883]

rule24: households < 241.239
probabilities_array:[0.13184899 0.08755822 0.07397351 0.01928215 0.02022057 0.
 0.0751784  0.         0.         0.11759615 0.47434205]

rule16: total_bedrooms < 253.995
probabilities_array:[0.11223239 0.09670395 0.01309904 0.0026367  0.01922286 0.04612809
 0.09363154 0.02287591 0.         0.04518383 0.5482856 ]

rule19: total_bedrooms > 824.391
probabilities_array:[0.0329153  0.06649086 0.09925684 0.06238321 0.         0.08576888
 0.03455981 0.         0.12109392 0.14415081 0.35338038]


---2---
rule7: latitude > 37.071
probabilities_array:[0.         0.18969189 0.21772614 0.21648929 0.05491068 0.0398754
 0.04985044 0.05113946 0.0454784  0.05516654 0.0796718 ]

rule29: 2.581 < median_income < 3.860
probabilities_array:[0.01490481 0.1296217  0.17795514 0.20314537 0.1830133  0.12327901
 0.07344011 0.05448565 0.01727193 0.         0.022883  ]

rule28: median_income < 2.581
probabilities_array:[0.2622357  0.23510459 0.17712028 0.13646197 0.07675733 0.03036469
 0.02185904 0.01911115 0.00150283 0.         0.0394824 ]

rule4: latitude < 34.198
probabilities_array:[0.00121754 0.10000096 0.17618987 0.10410218 0.02403693 0.05280808
 0.02936831 0.094348   0.133541   0.18506044 0.09932665]

rule33: ocean_proximity_INLAND = 1.0
probabilities_array:[0.30384433 0.2318881  0.193015   0.         0.         0.
 0.00449455 0.         0.         0.         0.2667579 ]

rule23: population > 2221.093
probabilities_array:[0.19515978 0.07056084 0.13053218 0.1880162  0.18467051 0.09493242
 0.05366792 0.04791742 0.0084829  0.         0.02605982]

rule12: total_rooms < 1162.221
probabilities_array:[2.2523597e-01 1.3314673e-01 1.2507434e-01 1.8434076e-01 1.4245203e-01
 5.5427771e-02 3.3328786e-02 5.2065879e-02 3.3132277e-02 1.9721662e-04
 1.5598156e-02]

rule39: ocean_proximity_NEAR OCEAN = 1.0
probabilities_array:[0.01546119 0.18084027 0.13393544 0.02637023 0.         0.
 0.02071746 0.09943241 0.12317622 0.29857478 0.10149198]

rule8: housing_median_age < 20.105
probabilities_array:[0.01525038 0.06581312 0.13412865 0.12203956 0.14212506 0.13616543
 0.09060893 0.07885592 0.08409356 0.         0.13091943]

rule1: -120.922 < longitude < -119.574
probabilities_array:[0.18537962 0.16359377 0.13443027 0.06831693 0.         0.
 0.         0.         0.0680922  0.10741314 0.27277407]

rule37: ocean_proximity_NEAR BAY = 1.0
probabilities_array:[0.00128734 0.17808887 0.12473186 0.04636778 0.         0.09199116
 0.         0.         0.10354444 0.19266656 0.261322  ]

rule22: 1437.430 < population < 2221.093
probabilities_array:[0.26626518 0.0634648  0.11697547 0.12943268 0.14321837 0.02545924
 0.00755863 0.02361548 0.00115062 0.         0.22285947]

rule25: 241.239 < households < 501.885
probabilities_array:[0.20319204 0.06652442 0.15139224 0.07239734 0.00665616 0.00827562
 0.         0.01358772 0.03735327 0.         0.44062114]

rule3: longitude > -118.226
probabilities_array:[0.02718185 0.07646453 0.09013887 0.2055996  0.22210701 0.14078619
 0.15196319 0.01632452 0.         0.         0.06943433]

rule30: 3.860 < median_income < 5.138
probabilities_array:[0.         0.0309288  0.08270107 0.15182012 0.18756261 0.16751163
 0.13173692 0.11611302 0.08763517 0.03938529 0.0046054 ]

rule11: housing_median_age > 37.073
probabilities_array:[2.6120660e-01 3.2071423e-02 9.8542586e-02 0.0000000e+00 0.0000000e+00
 0.0000000e+00 0.0000000e+00 5.6955409e-06 5.2717362e-02 2.6337555e-01
 2.9208079e-01]

rule36: ocean_proximity_NEAR BAY = 0.0
probabilities_array:[0.27820435 0.11076941 0.10105589 0.04508048 0.         0.00548406
 0.03879175 0.07643168 0.03063492 0.         0.31354746]

rule19: total_bedrooms > 824.391
probabilities_array:[0.0329153  0.06649086 0.09925684 0.06238321 0.         0.08576888
 0.03455981 0.         0.12109392 0.14415081 0.35338038]

rule2: -119.574 < longitude < -118.226
probabilities_array:[1.6471010e-01 1.8295291e-01 6.6669352e-02 1.9541170e-05 0.0000000e+00
 2.0740092e-02 1.2038695e-01 2.1395560e-02 1.2301065e-01 1.9094037e-01
 1.0917446e-01]

rule13: 1162.221 < total_rooms < 2648.484
probabilities_array:[0.19151123 0.13560009 0.07098989 0.10406689 0.1392051  0.04559404
 0.0186068  0.0244028  0.01607484 0.         0.25394833]

rule18: 539.193 < total_bedrooms < 824.391
probabilities_array:[0.04103376 0.12792163 0.09780672 0.00921874 0.         0.00591026
 0.         0.09808387 0.02843568 0.07638965 0.51519966]

rule9: 20.105 < housing_median_age < 28.589
probabilities_array:[0.07889283 0.12196118 0.06817672 0.00579608 0.         0.1637959
 0.13896571 0.05899311 0.05195308 0.         0.3114654 ]

rule5: 34.198 < latitude < 35.634
probabilities_array:[0.17484358 0.06975485 0.04914179 0.13650031 0.07410145 0.13360552
 0.14978866 0.0846863  0.00673599 0.         0.12084146]


---3---
rule7: latitude > 37.071
probabilities_array:[0.         0.18969189 0.21772614 0.21648929 0.05491068 0.0398754
 0.04985044 0.05113946 0.0454784  0.05516654 0.0796718 ]

rule29: 2.581 < median_income < 3.860
probabilities_array:[0.01490481 0.1296217  0.17795514 0.20314537 0.1830133  0.12327901
 0.07344011 0.05448565 0.01727193 0.         0.022883  ]

rule3: longitude > -118.226
probabilities_array:[0.02718185 0.07646453 0.09013887 0.2055996  0.22210701 0.14078619
 0.15196319 0.01632452 0.         0.         0.06943433]

rule23: population > 2221.093
probabilities_array:[0.19515978 0.07056084 0.13053218 0.1880162  0.18467051 0.09493242
 0.05366792 0.04791742 0.0084829  0.         0.02605982]

rule12: total_rooms < 1162.221
probabilities_array:[2.2523597e-01 1.3314673e-01 1.2507434e-01 1.8434076e-01 1.4245203e-01
 5.5427771e-02 3.3328786e-02 5.2065879e-02 3.3132277e-02 1.9721662e-04
 1.5598156e-02]

rule30: 3.860 < median_income < 5.138
probabilities_array:[0.         0.0309288  0.08270107 0.15182012 0.18756261 0.16751163
 0.13173692 0.11611302 0.08763517 0.03938529 0.0046054 ]

rule28: median_income < 2.581
probabilities_array:[0.2622357  0.23510459 0.17712028 0.13646197 0.07675733 0.03036469
 0.02185904 0.01911115 0.00150283 0.         0.0394824 ]

rule5: 34.198 < latitude < 35.634
probabilities_array:[0.17484358 0.06975485 0.04914179 0.13650031 0.07410145 0.13360552
 0.14978866 0.0846863  0.00673599 0.         0.12084146]

rule8: housing_median_age < 20.105
probabilities_array:[0.01525038 0.06581312 0.13412865 0.12203956 0.14212506 0.13616543
 0.09060893 0.07885592 0.08409356 0.         0.13091943]

rule22: 1437.430 < population < 2221.093
probabilities_array:[0.26626518 0.0634648  0.11697547 0.12943268 0.14321837 0.02545924
 0.00755863 0.02361548 0.00115062 0.         0.22285947]

rule4: latitude < 34.198
probabilities_array:[0.00121754 0.10000096 0.17618987 0.10410218 0.02403693 0.05280808
 0.02936831 0.094348   0.133541   0.18506044 0.09932665]

rule13: 1162.221 < total_rooms < 2648.484
probabilities_array:[0.19151123 0.13560009 0.07098989 0.10406689 0.1392051  0.04559404
 0.0186068  0.0244028  0.01607484 0.         0.25394833]

rule1: -120.922 < longitude < -119.574
probabilities_array:[0.18537962 0.16359377 0.13443027 0.06831693 0.         0.
 0.         0.         0.0680922  0.10741314 0.27277407]

rule26: 501.885 < households < 762.531
probabilities_array:[0.09600546 0.08094034 0.         0.10250183 0.02512061 0.00997017
 0.10321539 0.04180321 0.00333226 0.01100993 0.5261007 ]

rule25: 241.239 < households < 501.885
probabilities_array:[0.20319204 0.06652442 0.15139224 0.07239734 0.00665616 0.00827562
 0.         0.01358772 0.03735327 0.         0.44062114]

rule19: total_bedrooms > 824.391
probabilities_array:[0.0329153  0.06649086 0.09925684 0.06238321 0.         0.08576888
 0.03455981 0.         0.12109392 0.14415081 0.35338038]


---4---
rule3: longitude > -118.226
probabilities_array:[0.02718185 0.07646453 0.09013887 0.2055996  0.22210701 0.14078619
 0.15196319 0.01632452 0.         0.         0.06943433]

rule30: 3.860 < median_income < 5.138
probabilities_array:[0.         0.0309288  0.08270107 0.15182012 0.18756261 0.16751163
 0.13173692 0.11611302 0.08763517 0.03938529 0.0046054 ]

rule23: population > 2221.093
probabilities_array:[0.19515978 0.07056084 0.13053218 0.1880162  0.18467051 0.09493242
 0.05366792 0.04791742 0.0084829  0.         0.02605982]

rule29: 2.581 < median_income < 3.860
probabilities_array:[0.01490481 0.1296217  0.17795514 0.20314537 0.1830133  0.12327901
 0.07344011 0.05448565 0.01727193 0.         0.022883  ]

rule12: total_rooms < 1162.221
probabilities_array:[2.2523597e-01 1.3314673e-01 1.2507434e-01 1.8434076e-01 1.4245203e-01
 5.5427771e-02 3.3328786e-02 5.2065879e-02 3.3132277e-02 1.9721662e-04
 1.5598156e-02]

rule8: housing_median_age < 20.105
probabilities_array:[0.01525038 0.06581312 0.13412865 0.12203956 0.14212506 0.13616543
 0.09060893 0.07885592 0.08409356 0.         0.13091943]

rule22: 1437.430 < population < 2221.093
probabilities_array:[0.26626518 0.0634648  0.11697547 0.12943268 0.14321837 0.02545924
 0.00755863 0.02361548 0.00115062 0.         0.22285947]

rule13: 1162.221 < total_rooms < 2648.484
probabilities_array:[0.19151123 0.13560009 0.07098989 0.10406689 0.1392051  0.04559404
 0.0186068  0.0244028  0.01607484 0.         0.25394833]

rule32: ocean_proximity_INLAND = 0.0
probabilities_array:[0.         0.01215606 0.01976111 0.03908765 0.09089404 0.1478816
 0.18759099 0.18732263 0.17744273 0.13786323 0.        ]

rule28: median_income < 2.581
probabilities_array:[0.2622357  0.23510459 0.17712028 0.13646197 0.07675733 0.03036469
 0.02185904 0.01911115 0.00150283 0.         0.0394824 ]

rule5: 34.198 < latitude < 35.634
probabilities_array:[0.17484358 0.06975485 0.04914179 0.13650031 0.07410145 0.13360552
 0.14978866 0.0846863  0.00673599 0.         0.12084146]

rule38: ocean_proximity_NEAR OCEAN = 0.0
probabilities_array:[0.279635   0.12646873 0.02541586 0.02510691 0.07974375 0.11589922
 0.02803477 0.02840574 0.01046217 0.         0.2808279 ]

rule7: latitude > 37.071
probabilities_array:[0.         0.18969189 0.21772614 0.21648929 0.05491068 0.0398754
 0.04985044 0.05113946 0.0454784  0.05516654 0.0796718 ]

rule10: 28.589 < housing_median_age < 37.073
probabilities_array:[0.22829235 0.0853402  0.01957783 0.02079971 0.07747249 0.15203162
 0.00107376 0.00213449 0.         0.04500176 0.3682758 ]


---5---
rule30: 3.860 < median_income < 5.138
probabilities_array:[0.         0.0309288  0.08270107 0.15182012 0.18756261 0.16751163
 0.13173692 0.11611302 0.08763517 0.03938529 0.0046054 ]

rule32: ocean_proximity_INLAND = 0.0
probabilities_array:[0.         0.01215606 0.01976111 0.03908765 0.09089404 0.1478816
 0.18759099 0.18732263 0.17744273 0.13786323 0.        ]

rule3: longitude > -118.226
probabilities_array:[0.02718185 0.07646453 0.09013887 0.2055996  0.22210701 0.14078619
 0.15196319 0.01632452 0.         0.         0.06943433]

rule29: 2.581 < median_income < 3.860
probabilities_array:[0.01490481 0.1296217  0.17795514 0.20314537 0.1830133  0.12327901
 0.07344011 0.05448565 0.01727193 0.         0.022883  ]

rule8: housing_median_age < 20.105
probabilities_array:[0.01525038 0.06581312 0.13412865 0.12203956 0.14212506 0.13616543
 0.09060893 0.07885592 0.08409356 0.         0.13091943]

rule5: 34.198 < latitude < 35.634
probabilities_array:[0.17484358 0.06975485 0.04914179 0.13650031 0.07410145 0.13360552
 0.14978866 0.0846863  0.00673599 0.         0.12084146]

rule9: 20.105 < housing_median_age < 28.589
probabilities_array:[0.07889283 0.12196118 0.06817672 0.00579608 0.         0.1637959
 0.13896571 0.05899311 0.05195308 0.         0.3114654 ]

rule10: 28.589 < housing_median_age < 37.073
probabilities_array:[0.22829235 0.0853402  0.01957783 0.02079971 0.07747249 0.15203162
 0.00107376 0.00213449 0.         0.04500176 0.3682758 ]

rule23: population > 2221.093
probabilities_array:[0.19515978 0.07056084 0.13053218 0.1880162  0.18467051 0.09493242
 0.05366792 0.04791742 0.0084829  0.         0.02605982]

rule38: ocean_proximity_NEAR OCEAN = 0.0
probabilities_array:[0.279635   0.12646873 0.02541586 0.02510691 0.07974375 0.11589922
 0.02803477 0.02840574 0.01046217 0.         0.2808279 ]

rule20: population < 653.767
probabilities_array:[0.         0.0087209  0.00394459 0.         0.         0.08604926
 0.08217177 0.05729632 0.17842986 0.4414315  0.14195576]

rule37: ocean_proximity_NEAR BAY = 1.0
probabilities_array:[0.00128734 0.17808887 0.12473186 0.04636778 0.         0.09199116
 0.         0.         0.10354444 0.19266656 0.261322  ]

rule19: total_bedrooms > 824.391
probabilities_array:[0.0329153  0.06649086 0.09925684 0.06238321 0.         0.08576888
 0.03455981 0.         0.12109392 0.14415081 0.35338038]

rule12: total_rooms < 1162.221
probabilities_array:[2.2523597e-01 1.3314673e-01 1.2507434e-01 1.8434076e-01 1.4245203e-01
 5.5427771e-02 3.3328786e-02 5.2065879e-02 3.3132277e-02 1.9721662e-04
 1.5598156e-02]

rule27: households > 762.531
probabilities_array:[0.         0.12152212 0.04047915 0.         0.         0.06299528
 0.11310056 0.12894243 0.16260721 0.13536192 0.23499134]

rule4: latitude < 34.198
probabilities_array:[0.00121754 0.10000096 0.17618987 0.10410218 0.02403693 0.05280808
 0.02936831 0.094348   0.133541   0.18506044 0.09932665]


---6---
rule32: ocean_proximity_INLAND = 0.0
probabilities_array:[0.         0.01215606 0.01976111 0.03908765 0.09089404 0.1478816
 0.18759099 0.18732263 0.17744273 0.13786323 0.        ]

rule3: longitude > -118.226
probabilities_array:[0.02718185 0.07646453 0.09013887 0.2055996  0.22210701 0.14078619
 0.15196319 0.01632452 0.         0.         0.06943433]

rule0: longitude < -120.922
probabilities_array:[0.03316493 0.         0.         0.         0.01225069 0.03476245
 0.1733972  0.19546463 0.19367841 0.15912217 0.19815943]

rule5: 34.198 < latitude < 35.634
probabilities_array:[0.17484358 0.06975485 0.04914179 0.13650031 0.07410145 0.13360552
 0.14978866 0.0846863  0.00673599 0.         0.12084146]

rule30: 3.860 < median_income < 5.138
probabilities_array:[0.         0.0309288  0.08270107 0.15182012 0.18756261 0.16751163
 0.13173692 0.11611302 0.08763517 0.03938529 0.0046054 ]

rule31: median_income > 5.138
probabilities_array:[0.         0.         0.00129541 0.00708838 0.00472328 0.03471409
 0.12066496 0.22684893 0.27258176 0.3274454  0.0046378 ]

rule2: -119.574 < longitude < -118.226
probabilities_array:[1.6471010e-01 1.8295291e-01 6.6669352e-02 1.9541170e-05 0.0000000e+00
 2.0740092e-02 1.2038695e-01 2.1395560e-02 1.2301065e-01 1.9094037e-01
 1.0917446e-01]

rule9: 20.105 < housing_median_age < 28.589
probabilities_array:[0.07889283 0.12196118 0.06817672 0.00579608 0.         0.1637959
 0.13896571 0.05899311 0.05195308 0.         0.3114654 ]

rule27: households > 762.531
probabilities_array:[0.         0.12152212 0.04047915 0.         0.         0.06299528
 0.11310056 0.12894243 0.16260721 0.13536192 0.23499134]

rule8: housing_median_age < 20.105
probabilities_array:[0.01525038 0.06581312 0.13412865 0.12203956 0.14212506 0.13616543
 0.09060893 0.07885592 0.08409356 0.         0.13091943]

rule29: 2.581 < median_income < 3.860
probabilities_array:[0.01490481 0.1296217  0.17795514 0.20314537 0.1830133  0.12327901
 0.07344011 0.05448565 0.01727193 0.         0.022883  ]

rule20: population < 653.767
probabilities_array:[0.         0.0087209  0.00394459 0.         0.         0.08604926
 0.08217177 0.05729632 0.17842986 0.4414315  0.14195576]

rule23: population > 2221.093
probabilities_array:[0.19515978 0.07056084 0.13053218 0.1880162  0.18467051 0.09493242
 0.05366792 0.04791742 0.0084829  0.         0.02605982]

rule26: 501.885 < households < 762.531
probabilities_array:[0.09600546 0.08094034 0.         0.10250183 0.02512061 0.00997017
 0.10321539 0.04180321 0.00333226 0.01100993 0.5261007 ]

rule7: latitude > 37.071
probabilities_array:[0.         0.18969189 0.21772614 0.21648929 0.05491068 0.0398754
 0.04985044 0.05113946 0.0454784  0.05516654 0.0796718 ]

rule14: 2648.484 < total_rooms < 4134.748
probabilities_array:[0.         0.02271768 0.00784663 0.00586367 0.02122033 0.
 0.06803293 0.03978119 0.14842717 0.31112954 0.3749809 ]

rule16: total_bedrooms < 253.995
probabilities_array:[0.11223239 0.09670395 0.01309904 0.0026367  0.01922286 0.04612809
 0.09363154 0.02287591 0.         0.04518383 0.5482856 ]

rule15: total_rooms > 4134.748
probabilities_array:[1.7709292e-02 2.4647124e-02 9.4690183e-03 0.0000000e+00 0.0000000e+00
 2.8760399e-04 4.8632428e-02 1.1450748e-01 2.1617657e-01 4.2561689e-01
 1.4295352e-01]


---7---
rule31: median_income > 5.138
probabilities_array:[0.         0.         0.00129541 0.00708838 0.00472328 0.03471409
 0.12066496 0.22684893 0.27258176 0.3274454  0.0046378 ]

rule32: ocean_proximity_INLAND = 0.0
probabilities_array:[0.         0.01215606 0.01976111 0.03908765 0.09089404 0.1478816
 0.18759099 0.18732263 0.17744273 0.13786323 0.        ]

rule0: longitude < -120.922
probabilities_array:[0.03316493 0.         0.         0.         0.01225069 0.03476245
 0.1733972  0.19546463 0.19367841 0.15912217 0.19815943]

rule30: 3.860 < median_income < 5.138
probabilities_array:[0.         0.0309288  0.08270107 0.15182012 0.18756261 0.16751163
 0.13173692 0.11611302 0.08763517 0.03938529 0.0046054 ]

rule27: households > 762.531
probabilities_array:[0.         0.12152212 0.04047915 0.         0.         0.06299528
 0.11310056 0.12894243 0.16260721 0.13536192 0.23499134]

rule15: total_rooms > 4134.748
probabilities_array:[1.7709292e-02 2.4647124e-02 9.4690183e-03 0.0000000e+00 0.0000000e+00
 2.8760399e-04 4.8632428e-02 1.1450748e-01 2.1617657e-01 4.2561689e-01
 1.4295352e-01]

rule39: ocean_proximity_NEAR OCEAN = 1.0
probabilities_array:[0.01546119 0.18084027 0.13393544 0.02637023 0.         0.
 0.02071746 0.09943241 0.12317622 0.29857478 0.10149198]

rule4: latitude < 34.198
probabilities_array:[0.00121754 0.10000096 0.17618987 0.10410218 0.02403693 0.05280808
 0.02936831 0.094348   0.133541   0.18506044 0.09932665]

rule5: 34.198 < latitude < 35.634
probabilities_array:[0.17484358 0.06975485 0.04914179 0.13650031 0.07410145 0.13360552
 0.14978866 0.0846863  0.00673599 0.         0.12084146]

rule35: ocean_proximity_ISLAND = 1.0
probabilities_array:[0.         0.         0.         0.         0.         0.
 0.         0.1286114  0.20883502 0.23084667 0.43170694]

rule8: housing_median_age < 20.105
probabilities_array:[0.01525038 0.06581312 0.13412865 0.12203956 0.14212506 0.13616543
 0.09060893 0.07885592 0.08409356 0.         0.13091943]

rule29: 2.581 < median_income < 3.860
probabilities_array:[0.01490481 0.1296217  0.17795514 0.20314537 0.1830133  0.12327901
 0.07344011 0.05448565 0.01727193 0.         0.022883  ]

rule36: ocean_proximity_NEAR BAY = 0.0
probabilities_array:[0.27820435 0.11076941 0.10105589 0.04508048 0.         0.00548406
 0.03879175 0.07643168 0.03063492 0.         0.31354746]

rule12: total_rooms < 1162.221
probabilities_array:[2.2523597e-01 1.3314673e-01 1.2507434e-01 1.8434076e-01 1.4245203e-01
 5.5427771e-02 3.3328786e-02 5.2065879e-02 3.3132277e-02 1.9721662e-04
 1.5598156e-02]

rule20: population < 653.767
probabilities_array:[0.         0.0087209  0.00394459 0.         0.         0.08604926
 0.08217177 0.05729632 0.17842986 0.4414315  0.14195576]

rule18: 539.193 < total_bedrooms < 824.391
probabilities_array:[0.04103376 0.12792163 0.09780672 0.00921874 0.         0.00591026
 0.         0.09808387 0.02843568 0.07638965 0.51519966]

rule7: latitude > 37.071
probabilities_array:[0.         0.18969189 0.21772614 0.21648929 0.05491068 0.0398754
 0.04985044 0.05113946 0.0454784  0.05516654 0.0796718 ]

rule23: population > 2221.093
probabilities_array:[0.19515978 0.07056084 0.13053218 0.1880162  0.18467051 0.09493242
 0.05366792 0.04791742 0.0084829  0.         0.02605982]

rule9: 20.105 < housing_median_age < 28.589
probabilities_array:[0.07889283 0.12196118 0.06817672 0.00579608 0.         0.1637959
 0.13896571 0.05899311 0.05195308 0.         0.3114654 ]


---8---
rule31: median_income > 5.138
probabilities_array:[0.         0.         0.00129541 0.00708838 0.00472328 0.03471409
 0.12066496 0.22684893 0.27258176 0.3274454  0.0046378 ]

rule15: total_rooms > 4134.748
probabilities_array:[1.7709292e-02 2.4647124e-02 9.4690183e-03 0.0000000e+00 0.0000000e+00
 2.8760399e-04 4.8632428e-02 1.1450748e-01 2.1617657e-01 4.2561689e-01
 1.4295352e-01]

rule32: ocean_proximity_INLAND = 0.0
probabilities_array:[0.         0.01215606 0.01976111 0.03908765 0.09089404 0.1478816
 0.18759099 0.18732263 0.17744273 0.13786323 0.        ]

rule0: longitude < -120.922
probabilities_array:[0.03316493 0.         0.         0.         0.01225069 0.03476245
 0.1733972  0.19546463 0.19367841 0.15912217 0.19815943]

rule20: population < 653.767
probabilities_array:[0.         0.0087209  0.00394459 0.         0.         0.08604926
 0.08217177 0.05729632 0.17842986 0.4414315  0.14195576]

rule27: households > 762.531
probabilities_array:[0.         0.12152212 0.04047915 0.         0.         0.06299528
 0.11310056 0.12894243 0.16260721 0.13536192 0.23499134]

rule4: latitude < 34.198
probabilities_array:[0.00121754 0.10000096 0.17618987 0.10410218 0.02403693 0.05280808
 0.02936831 0.094348   0.133541   0.18506044 0.09932665]

rule35: ocean_proximity_ISLAND = 1.0
probabilities_array:[0.         0.         0.         0.         0.         0.
 0.         0.1286114  0.20883502 0.23084667 0.43170694]

rule39: ocean_proximity_NEAR OCEAN = 1.0
probabilities_array:[0.01546119 0.18084027 0.13393544 0.02637023 0.         0.
 0.02071746 0.09943241 0.12317622 0.29857478 0.10149198]

rule2: -119.574 < longitude < -118.226
probabilities_array:[1.6471010e-01 1.8295291e-01 6.6669352e-02 1.9541170e-05 0.0000000e+00
 2.0740092e-02 1.2038695e-01 2.1395560e-02 1.2301065e-01 1.9094037e-01
 1.0917446e-01]

rule14: 2648.484 < total_rooms < 4134.748
probabilities_array:[0.         0.02271768 0.00784663 0.00586367 0.02122033 0.
 0.06803293 0.03978119 0.14842717 0.31112954 0.3749809 ]

rule30: 3.860 < median_income < 5.138
probabilities_array:[0.         0.0309288  0.08270107 0.15182012 0.18756261 0.16751163
 0.13173692 0.11611302 0.08763517 0.03938529 0.0046054 ]

rule21: 653.767 < population < 1437.430
probabilities_array:[0.14003356 0.10175049 0.01518381 0.01988355 0.02514831 0.
 0.00125631 0.00285504 0.12908146 0.21121666 0.3535908 ]

rule19: total_bedrooms > 824.391
probabilities_array:[0.0329153  0.06649086 0.09925684 0.06238321 0.         0.08576888
 0.03455981 0.         0.12109392 0.14415081 0.35338038]

rule37: ocean_proximity_NEAR BAY = 1.0
probabilities_array:[0.00128734 0.17808887 0.12473186 0.04636778 0.         0.09199116
 0.         0.         0.10354444 0.19266656 0.261322  ]

rule8: housing_median_age < 20.105
probabilities_array:[0.01525038 0.06581312 0.13412865 0.12203956 0.14212506 0.13616543
 0.09060893 0.07885592 0.08409356 0.         0.13091943]

rule1: -120.922 < longitude < -119.574
probabilities_array:[0.18537962 0.16359377 0.13443027 0.06831693 0.         0.
 0.         0.         0.0680922  0.10741314 0.27277407]

rule7: latitude > 37.071
probabilities_array:[0.         0.18969189 0.21772614 0.21648929 0.05491068 0.0398754
 0.04985044 0.05113946 0.0454784  0.05516654 0.0796718 ]


---9---
rule20: population < 653.767
probabilities_array:[0.         0.0087209  0.00394459 0.         0.         0.08604926
 0.08217177 0.05729632 0.17842986 0.4414315  0.14195576]

rule15: total_rooms > 4134.748
probabilities_array:[1.7709292e-02 2.4647124e-02 9.4690183e-03 0.0000000e+00 0.0000000e+00
 2.8760399e-04 4.8632428e-02 1.1450748e-01 2.1617657e-01 4.2561689e-01
 1.4295352e-01]

rule31: median_income > 5.138
probabilities_array:[0.         0.         0.00129541 0.00708838 0.00472328 0.03471409
 0.12066496 0.22684893 0.27258176 0.3274454  0.0046378 ]

rule39: ocean_proximity_NEAR OCEAN = 1.0
probabilities_array:[0.01546119 0.18084027 0.13393544 0.02637023 0.         0.
 0.02071746 0.09943241 0.12317622 0.29857478 0.10149198]

rule14: 2648.484 < total_rooms < 4134.748
probabilities_array:[0.         0.02271768 0.00784663 0.00586367 0.02122033 0.
 0.06803293 0.03978119 0.14842717 0.31112954 0.3749809 ]

rule11: housing_median_age > 37.073
probabilities_array:[2.6120660e-01 3.2071423e-02 9.8542586e-02 0.0000000e+00 0.0000000e+00
 0.0000000e+00 0.0000000e+00 5.6955409e-06 5.2717362e-02 2.6337555e-01
 2.9208079e-01]

rule2: -119.574 < longitude < -118.226
probabilities_array:[1.6471010e-01 1.8295291e-01 6.6669352e-02 1.9541170e-05 0.0000000e+00
 2.0740092e-02 1.2038695e-01 2.1395560e-02 1.2301065e-01 1.9094037e-01
 1.0917446e-01]

rule4: latitude < 34.198
probabilities_array:[0.00121754 0.10000096 0.17618987 0.10410218 0.02403693 0.05280808
 0.02936831 0.094348   0.133541   0.18506044 0.09932665]

rule37: ocean_proximity_NEAR BAY = 1.0
probabilities_array:[0.00128734 0.17808887 0.12473186 0.04636778 0.         0.09199116
 0.         0.         0.10354444 0.19266656 0.261322  ]

rule32: ocean_proximity_INLAND = 0.0
probabilities_array:[0.         0.01215606 0.01976111 0.03908765 0.09089404 0.1478816
 0.18759099 0.18732263 0.17744273 0.13786323 0.        ]

rule21: 653.767 < population < 1437.430
probabilities_array:[0.14003356 0.10175049 0.01518381 0.01988355 0.02514831 0.
 0.00125631 0.00285504 0.12908146 0.21121666 0.3535908 ]

rule35: ocean_proximity_ISLAND = 1.0
probabilities_array:[0.         0.         0.         0.         0.         0.
 0.         0.1286114  0.20883502 0.23084667 0.43170694]

rule0: longitude < -120.922
probabilities_array:[0.03316493 0.         0.         0.         0.01225069 0.03476245
 0.1733972  0.19546463 0.19367841 0.15912217 0.19815943]

rule27: households > 762.531
probabilities_array:[0.         0.12152212 0.04047915 0.         0.         0.06299528
 0.11310056 0.12894243 0.16260721 0.13536192 0.23499134]

rule19: total_bedrooms > 824.391
probabilities_array:[0.0329153  0.06649086 0.09925684 0.06238321 0.         0.08576888
 0.03455981 0.         0.12109392 0.14415081 0.35338038]

rule1: -120.922 < longitude < -119.574
probabilities_array:[0.18537962 0.16359377 0.13443027 0.06831693 0.         0.
 0.         0.         0.0680922  0.10741314 0.27277407]

rule24: households < 241.239
probabilities_array:[0.13184899 0.08755822 0.07397351 0.01928215 0.02022057 0.
 0.0751784  0.         0.         0.11759615 0.47434205]

rule7: latitude > 37.071
probabilities_array:[0.         0.18969189 0.21772614 0.21648929 0.05491068 0.0398754
 0.04985044 0.05113946 0.0454784  0.05516654 0.0796718 ]

