R2: 0.668744500092983


MAE: 47640.07485402769


MSE: 4587541012.967886


Accuracy: 0.28072075589065276


F1: 0.29961832061068705


Most important rules
-----------------------------

---0---
rule12: total_rooms < 1161.402
probabilities_array:[0.26204196 0.11294845 0.09572202 0.1377976  0.19106786 0.0727255
 0.02577916 0.03665824 0.02734643 0.0191808  0.00114849 0.01758347]

rule33: ocean_proximity_INLAND = 1.0
probabilities_array:[0.2745505  0.22441839 0.18721665 0.11577372 0.01580798 0.00635729
 0.01021107 0.01734924 0.         0.         0.         0.14831519]

rule28: median_income < 2.596
probabilities_array:[0.22897159 0.2215207  0.18269826 0.10369239 0.07753063 0.05961936
 0.03391778 0.03546868 0.03267163 0.01865657 0.         0.00525246]

rule22: 1423.420 < population < 2160.794
probabilities_array:[0.20729454 0.11877441 0.11718652 0.14020248 0.14685811 0.07403012
 0.05329697 0.04081235 0.03012732 0.01521823 0.         0.056199  ]

rule23: population > 2160.794
probabilities_array:[0.1874642  0.06941661 0.11026487 0.16666502 0.20110583 0.11448346
 0.04949385 0.04686311 0.02948729 0.00789188 0.00160103 0.01526287]

rule36: ocean_proximity_NEAR BAY = 0.0
probabilities_array:[0.2703622  0.11173661 0.09197737 0.02564178 0.00552615 0.00359705
 0.00853281 0.07011741 0.07957006 0.01412035 0.         0.3188182 ]

rule38: ocean_proximity_NEAR OCEAN = 0.0
probabilities_array:[0.2543952  0.11354654 0.08249818 0.04439463 0.03525155 0.06938006
 0.06976032 0.02209474 0.01043711 0.00059964 0.         0.2976419 ]

rule11: housing_median_age > 36.995
probabilities_array:[0.22723651 0.07811356 0.06811415 0.03320959 0.         0.
 0.         0.0077179  0.05535823 0.06262643 0.23562275 0.23200099]

rule13: 1161.402 < total_rooms < 2631.169
probabilities_array:[0.21775536 0.105271   0.05879321 0.04679913 0.16363025 0.07261644
 0.04974519 0.02000315 0.03159172 0.00677743 0.         0.22701712]

rule10: 28.562 < housing_median_age < 36.995
probabilities_array:[0.21757725 0.08034201 0.03396122 0.         0.09175133 0.09606937
 0.15166524 0.04555397 0.         0.         0.03486143 0.24821816]

rule6: 35.618 < latitude < 37.060
probabilities_array:[3.5732433e-01 6.1262526e-02 0.0000000e+00 0.0000000e+00 0.0000000e+00
 0.0000000e+00 4.4656644e-04 3.2695491e-02 0.0000000e+00 0.0000000e+00
 0.0000000e+00 5.4827100e-01]

rule5: 34.176 < latitude < 35.618
probabilities_array:[0.1812587  0.05062885 0.0696346  0.08586872 0.06704456 0.11090939
 0.15403779 0.10668897 0.02111283 0.02651499 0.         0.1263006 ]

rule17: 254.730 < total_bedrooms < 536.271
probabilities_array:[2.2303215e-01 7.8081273e-02 1.0173983e-01 9.5882483e-02 7.7736020e-02
 2.2176938e-02 7.9587922e-03 1.4587397e-04 4.6559735e-03 2.5551567e-02
 0.0000000e+00 3.6303917e-01]

rule25: 242.214 < households < 498.572
probabilities_array:[0.17977208 0.13683847 0.10171033 0.10447626 0.07944646 0.00437721
 0.00361603 0.07839922 0.         0.00673531 0.         0.30462864]

rule21: 686.045 < population < 1423.420
probabilities_array:[0.16786927 0.15440318 0.08108383 0.0609753  0.04114425 0.
 0.         0.00423643 0.         0.09871494 0.12383106 0.2677417 ]

rule1: -120.910 < longitude < -119.556
probabilities_array:[0.1593214  0.17315628 0.11432645 0.1344723  0.00746101 0.
 0.         0.         0.07377375 0.03538585 0.05603344 0.2460696 ]

rule2: -119.556 < longitude < -118.202
probabilities_array:[0.12738886 0.18917248 0.07960404 0.00860465 0.         0.03153649
 0.03359409 0.06624558 0.         0.11208358 0.18228865 0.1694816 ]

rule24: households < 242.214
probabilities_array:[1.6829595e-01 9.5939130e-02 1.5353392e-01 6.9929520e-03 1.9583309e-02
 6.3931026e-02 5.2482240e-02 1.3019315e-04 0.0000000e+00 0.0000000e+00
 5.2039742e-02 3.8707158e-01]

rule34: ocean_proximity_ISLAND = 0.0
probabilities_array:[1.26504585e-01 1.08440466e-01 6.63283691e-02 4.01797183e-02
 5.68662828e-04 0.00000000e+00 1.87086617e-03 1.50024584e-02
 0.00000000e+00 4.39012796e-03 6.95415353e-03 6.29760563e-01]

rule9: 20.130 < housing_median_age < 28.562
probabilities_array:[0.06422148 0.10073995 0.03078128 0.01518649 0.00303725 0.12605508
 0.11564601 0.14679763 0.11504    0.00245462 0.00214248 0.2778978 ]

rule3: longitude > -118.202
probabilities_array:[0.04240438 0.08069882 0.09389565 0.13733907 0.18592511 0.15266229
 0.1464372  0.08471232 0.03313505 0.00990233 0.         0.03288775]


---1---
rule28: median_income < 2.596
probabilities_array:[0.22897159 0.2215207  0.18269826 0.10369239 0.07753063 0.05961936
 0.03391778 0.03546868 0.03267163 0.01865657 0.         0.00525246]

rule33: ocean_proximity_INLAND = 1.0
probabilities_array:[0.2745505  0.22441839 0.18721665 0.11577372 0.01580798 0.00635729
 0.01021107 0.01734924 0.         0.         0.         0.14831519]

rule37: ocean_proximity_NEAR BAY = 1.0
probabilities_array:[0.00186762 0.2288108  0.16418092 0.04286672 0.00078465 0.
 0.00378489 0.         0.         0.09482195 0.2048214  0.2580611 ]

rule39: ocean_proximity_NEAR OCEAN = 1.0
probabilities_array:[0.01691568 0.18362543 0.12710744 0.07583666 0.         0.
 0.0144877  0.03312197 0.08697198 0.1018578  0.27394608 0.08612928]

rule2: -119.556 < longitude < -118.202
probabilities_array:[0.12738886 0.18917248 0.07960404 0.00860465 0.         0.03153649
 0.03359409 0.06624558 0.         0.11208358 0.18228865 0.1694816 ]

rule1: -120.910 < longitude < -119.556
probabilities_array:[0.1593214  0.17315628 0.11432645 0.1344723  0.00746101 0.
 0.         0.         0.07377375 0.03538585 0.05603344 0.2460696 ]

rule7: latitude > 37.060
probabilities_array:[0.         0.1363111  0.18993102 0.24961565 0.09344334 0.07721242
 0.03984705 0.03495974 0.0338905  0.04013704 0.04078188 0.06387025]

rule21: 686.045 < population < 1423.420
probabilities_array:[0.16786927 0.15440318 0.08108383 0.0609753  0.04114425 0.
 0.         0.00423643 0.         0.09871494 0.12383106 0.2677417 ]

rule22: 1423.420 < population < 2160.794
probabilities_array:[0.20729454 0.11877441 0.11718652 0.14020248 0.14685811 0.07403012
 0.05329697 0.04081235 0.03012732 0.01521823 0.         0.056199  ]

rule12: total_rooms < 1161.402
probabilities_array:[0.26204196 0.11294845 0.09572202 0.1377976  0.19106786 0.0727255
 0.02577916 0.03665824 0.02734643 0.0191808  0.00114849 0.01758347]

rule16: total_bedrooms < 254.730
probabilities_array:[0.06335204 0.18051611 0.09066987 0.00327144 0.00967636 0.08690014
 0.04515404 0.08874087 0.         0.         0.02292926 0.40878993]

rule25: 242.214 < households < 498.572
probabilities_array:[0.17977208 0.13683847 0.10171033 0.10447626 0.07944646 0.00437721
 0.00361603 0.07839922 0.         0.00673531 0.         0.30462864]

rule4: latitude < 34.176
probabilities_array:[0.         0.09955712 0.16087997 0.15061465 0.06045841 0.03017589
 0.02118446 0.00748756 0.05456331 0.13680916 0.1861713  0.09209823]

rule13: 1161.402 < total_rooms < 2631.169
probabilities_array:[0.21775536 0.105271   0.05879321 0.04679913 0.16363025 0.07261644
 0.04974519 0.02000315 0.03159172 0.00677743 0.         0.22701712]

rule29: 2.596 < median_income < 3.865
probabilities_array:[0.         0.08364296 0.13787039 0.13149877 0.16686037 0.12214599
 0.11054036 0.08813336 0.07537595 0.05216549 0.         0.03176637]

rule38: ocean_proximity_NEAR OCEAN = 0.0
probabilities_array:[0.2543952  0.11354654 0.08249818 0.04439463 0.03525155 0.06938006
 0.06976032 0.02209474 0.01043711 0.00059964 0.         0.2976419 ]

rule3: longitude > -118.202
probabilities_array:[0.04240438 0.08069882 0.09389565 0.13733907 0.18592511 0.15266229
 0.1464372  0.08471232 0.03313505 0.00990233 0.         0.03288775]

rule36: ocean_proximity_NEAR BAY = 0.0
probabilities_array:[0.2703622  0.11173661 0.09197737 0.02564178 0.00552615 0.00359705
 0.00853281 0.07011741 0.07957006 0.01412035 0.         0.3188182 ]

rule9: 20.130 < housing_median_age < 28.562
probabilities_array:[0.06422148 0.10073995 0.03078128 0.01518649 0.00303725 0.12605508
 0.11564601 0.14679763 0.11504    0.00245462 0.00214248 0.2778978 ]

rule8: housing_median_age < 20.130
probabilities_array:[0.03618956 0.07898872 0.11305756 0.16000876 0.11534386 0.11886429
 0.08084495 0.07560449 0.07390714 0.05176819 0.         0.09542251]

rule23: population > 2160.794
probabilities_array:[0.1874642  0.06941661 0.11026487 0.16666502 0.20110583 0.11448346
 0.04949385 0.04686311 0.02948729 0.00789188 0.00160103 0.01526287]

rule15: total_rooms > 4100.937
probabilities_array:[0.         0.07296933 0.03351954 0.00117132 0.         0.
 0.0012552  0.05532957 0.08870311 0.233763   0.4189783  0.09431065]

rule10: 28.562 < housing_median_age < 36.995
probabilities_array:[0.21757725 0.08034201 0.03396122 0.         0.09175133 0.09606937
 0.15166524 0.04555397 0.         0.         0.03486143 0.24821816]

rule11: housing_median_age > 36.995
probabilities_array:[0.22723651 0.07811356 0.06811415 0.03320959 0.         0.
 0.         0.0077179  0.05535823 0.06262643 0.23562275 0.23200099]

rule24: households < 242.214
probabilities_array:[1.6829595e-01 9.5939130e-02 1.5353392e-01 6.9929520e-03 1.9583309e-02
 6.3931026e-02 5.2482240e-02 1.3019315e-04 0.0000000e+00 0.0000000e+00
 5.2039742e-02 3.8707158e-01]

rule17: 254.730 < total_bedrooms < 536.271
probabilities_array:[2.2303215e-01 7.8081273e-02 1.0173983e-01 9.5882483e-02 7.7736020e-02
 2.2176938e-02 7.9587922e-03 1.4587397e-04 4.6559735e-03 2.5551567e-02
 0.0000000e+00 3.6303917e-01]

rule26: 498.572 < households < 754.930
probabilities_array:[0.05030846 0.10391168 0.0035441  0.0187397  0.         0.03766295
 0.08651727 0.01621615 0.06412215 0.00547806 0.06564962 0.5478499 ]

rule5: 34.176 < latitude < 35.618
probabilities_array:[0.1812587  0.05062885 0.0696346  0.08586872 0.06704456 0.11090939
 0.15403779 0.10668897 0.02111283 0.02651499 0.         0.1263006 ]

rule34: ocean_proximity_ISLAND = 0.0
probabilities_array:[1.26504585e-01 1.08440466e-01 6.63283691e-02 4.01797183e-02
 5.68662828e-04 0.00000000e+00 1.87086617e-03 1.50024584e-02
 0.00000000e+00 4.39012796e-03 6.95415353e-03 6.29760563e-01]


---2---
rule28: median_income < 2.596
probabilities_array:[0.22897159 0.2215207  0.18269826 0.10369239 0.07753063 0.05961936
 0.03391778 0.03546868 0.03267163 0.01865657 0.         0.00525246]

rule7: latitude > 37.060
probabilities_array:[0.         0.1363111  0.18993102 0.24961565 0.09344334 0.07721242
 0.03984705 0.03495974 0.0338905  0.04013704 0.04078188 0.06387025]

rule33: ocean_proximity_INLAND = 1.0
probabilities_array:[0.2745505  0.22441839 0.18721665 0.11577372 0.01580798 0.00635729
 0.01021107 0.01734924 0.         0.         0.         0.14831519]

rule4: latitude < 34.176
probabilities_array:[0.         0.09955712 0.16087997 0.15061465 0.06045841 0.03017589
 0.02118446 0.00748756 0.05456331 0.13680916 0.1861713  0.09209823]

rule29: 2.596 < median_income < 3.865
probabilities_array:[0.         0.08364296 0.13787039 0.13149877 0.16686037 0.12214599
 0.11054036 0.08813336 0.07537595 0.05216549 0.         0.03176637]

rule37: ocean_proximity_NEAR BAY = 1.0
probabilities_array:[0.00186762 0.2288108  0.16418092 0.04286672 0.00078465 0.
 0.00378489 0.         0.         0.09482195 0.2048214  0.2580611 ]

rule39: ocean_proximity_NEAR OCEAN = 1.0
probabilities_array:[0.01691568 0.18362543 0.12710744 0.07583666 0.         0.
 0.0144877  0.03312197 0.08697198 0.1018578  0.27394608 0.08612928]

rule22: 1423.420 < population < 2160.794
probabilities_array:[0.20729454 0.11877441 0.11718652 0.14020248 0.14685811 0.07403012
 0.05329697 0.04081235 0.03012732 0.01521823 0.         0.056199  ]

rule23: population > 2160.794
probabilities_array:[0.1874642  0.06941661 0.11026487 0.16666502 0.20110583 0.11448346
 0.04949385 0.04686311 0.02948729 0.00789188 0.00160103 0.01526287]

rule8: housing_median_age < 20.130
probabilities_array:[0.03618956 0.07898872 0.11305756 0.16000876 0.11534386 0.11886429
 0.08084495 0.07560449 0.07390714 0.05176819 0.         0.09542251]

rule24: households < 242.214
probabilities_array:[1.6829595e-01 9.5939130e-02 1.5353392e-01 6.9929520e-03 1.9583309e-02
 6.3931026e-02 5.2482240e-02 1.3019315e-04 0.0000000e+00 0.0000000e+00
 5.2039742e-02 3.8707158e-01]

rule12: total_rooms < 1161.402
probabilities_array:[0.26204196 0.11294845 0.09572202 0.1377976  0.19106786 0.0727255
 0.02577916 0.03665824 0.02734643 0.0191808  0.00114849 0.01758347]

rule3: longitude > -118.202
probabilities_array:[0.04240438 0.08069882 0.09389565 0.13733907 0.18592511 0.15266229
 0.1464372  0.08471232 0.03313505 0.00990233 0.         0.03288775]

rule1: -120.910 < longitude < -119.556
probabilities_array:[0.1593214  0.17315628 0.11432645 0.1344723  0.00746101 0.
 0.         0.         0.07377375 0.03538585 0.05603344 0.2460696 ]

rule25: 242.214 < households < 498.572
probabilities_array:[0.17977208 0.13683847 0.10171033 0.10447626 0.07944646 0.00437721
 0.00361603 0.07839922 0.         0.00673531 0.         0.30462864]

rule2: -119.556 < longitude < -118.202
probabilities_array:[0.12738886 0.18917248 0.07960404 0.00860465 0.         0.03153649
 0.03359409 0.06624558 0.         0.11208358 0.18228865 0.1694816 ]

rule17: 254.730 < total_bedrooms < 536.271
probabilities_array:[2.2303215e-01 7.8081273e-02 1.0173983e-01 9.5882483e-02 7.7736020e-02
 2.2176938e-02 7.9587922e-03 1.4587397e-04 4.6559735e-03 2.5551567e-02
 0.0000000e+00 3.6303917e-01]

rule36: ocean_proximity_NEAR BAY = 0.0
probabilities_array:[0.2703622  0.11173661 0.09197737 0.02564178 0.00552615 0.00359705
 0.00853281 0.07011741 0.07957006 0.01412035 0.         0.3188182 ]

rule5: 34.176 < latitude < 35.618
probabilities_array:[0.1812587  0.05062885 0.0696346  0.08586872 0.06704456 0.11090939
 0.15403779 0.10668897 0.02111283 0.02651499 0.         0.1263006 ]

rule21: 686.045 < population < 1423.420
probabilities_array:[0.16786927 0.15440318 0.08108383 0.0609753  0.04114425 0.
 0.         0.00423643 0.         0.09871494 0.12383106 0.2677417 ]

rule38: ocean_proximity_NEAR OCEAN = 0.0
probabilities_array:[0.2543952  0.11354654 0.08249818 0.04439463 0.03525155 0.06938006
 0.06976032 0.02209474 0.01043711 0.00059964 0.         0.2976419 ]

rule16: total_bedrooms < 254.730
probabilities_array:[0.06335204 0.18051611 0.09066987 0.00327144 0.00967636 0.08690014
 0.04515404 0.08874087 0.         0.         0.02292926 0.40878993]

rule11: housing_median_age > 36.995
probabilities_array:[0.22723651 0.07811356 0.06811415 0.03320959 0.         0.
 0.         0.0077179  0.05535823 0.06262643 0.23562275 0.23200099]

rule19: total_bedrooms > 817.811
probabilities_array:[0.00832752 0.03907138 0.0754044  0.0065514  0.         0.
 0.11073563 0.00699782 0.07342307 0.06620188 0.22391005 0.38937685]

rule13: 1161.402 < total_rooms < 2631.169
probabilities_array:[0.21775536 0.105271   0.05879321 0.04679913 0.16363025 0.07261644
 0.04974519 0.02000315 0.03159172 0.00677743 0.         0.22701712]


---3---
rule7: latitude > 37.060
probabilities_array:[0.         0.1363111  0.18993102 0.24961565 0.09344334 0.07721242
 0.03984705 0.03495974 0.0338905  0.04013704 0.04078188 0.06387025]

rule23: population > 2160.794
probabilities_array:[0.1874642  0.06941661 0.11026487 0.16666502 0.20110583 0.11448346
 0.04949385 0.04686311 0.02948729 0.00789188 0.00160103 0.01526287]

rule8: housing_median_age < 20.130
probabilities_array:[0.03618956 0.07898872 0.11305756 0.16000876 0.11534386 0.11886429
 0.08084495 0.07560449 0.07390714 0.05176819 0.         0.09542251]

rule4: latitude < 34.176
probabilities_array:[0.         0.09955712 0.16087997 0.15061465 0.06045841 0.03017589
 0.02118446 0.00748756 0.05456331 0.13680916 0.1861713  0.09209823]

rule12: total_rooms < 1161.402
probabilities_array:[0.26204196 0.11294845 0.09572202 0.1377976  0.19106786 0.0727255
 0.02577916 0.03665824 0.02734643 0.0191808  0.00114849 0.01758347]

rule3: longitude > -118.202
probabilities_array:[0.04240438 0.08069882 0.09389565 0.13733907 0.18592511 0.15266229
 0.1464372  0.08471232 0.03313505 0.00990233 0.         0.03288775]

rule22: 1423.420 < population < 2160.794
probabilities_array:[0.20729454 0.11877441 0.11718652 0.14020248 0.14685811 0.07403012
 0.05329697 0.04081235 0.03012732 0.01521823 0.         0.056199  ]

rule29: 2.596 < median_income < 3.865
probabilities_array:[0.         0.08364296 0.13787039 0.13149877 0.16686037 0.12214599
 0.11054036 0.08813336 0.07537595 0.05216549 0.         0.03176637]

rule28: median_income < 2.596
probabilities_array:[0.22897159 0.2215207  0.18269826 0.10369239 0.07753063 0.05961936
 0.03391778 0.03546868 0.03267163 0.01865657 0.         0.00525246]

rule1: -120.910 < longitude < -119.556
probabilities_array:[0.1593214  0.17315628 0.11432645 0.1344723  0.00746101 0.
 0.         0.         0.07377375 0.03538585 0.05603344 0.2460696 ]

rule33: ocean_proximity_INLAND = 1.0
probabilities_array:[0.2745505  0.22441839 0.18721665 0.11577372 0.01580798 0.00635729
 0.01021107 0.01734924 0.         0.         0.         0.14831519]

rule5: 34.176 < latitude < 35.618
probabilities_array:[0.1812587  0.05062885 0.0696346  0.08586872 0.06704456 0.11090939
 0.15403779 0.10668897 0.02111283 0.02651499 0.         0.1263006 ]

rule25: 242.214 < households < 498.572
probabilities_array:[0.17977208 0.13683847 0.10171033 0.10447626 0.07944646 0.00437721
 0.00361603 0.07839922 0.         0.00673531 0.         0.30462864]

rule30: 3.865 < median_income < 5.133
probabilities_array:[0.00076523 0.01812303 0.03125827 0.07112753 0.10577628 0.14243941
 0.13928427 0.15441991 0.15403233 0.12135576 0.05983528 0.00158277]

rule39: ocean_proximity_NEAR OCEAN = 1.0
probabilities_array:[0.01691568 0.18362543 0.12710744 0.07583666 0.         0.
 0.0144877  0.03312197 0.08697198 0.1018578  0.27394608 0.08612928]

rule17: 254.730 < total_bedrooms < 536.271
probabilities_array:[2.2303215e-01 7.8081273e-02 1.0173983e-01 9.5882483e-02 7.7736020e-02
 2.2176938e-02 7.9587922e-03 1.4587397e-04 4.6559735e-03 2.5551567e-02
 0.0000000e+00 3.6303917e-01]

rule21: 686.045 < population < 1423.420
probabilities_array:[0.16786927 0.15440318 0.08108383 0.0609753  0.04114425 0.
 0.         0.00423643 0.         0.09871494 0.12383106 0.2677417 ]


---4---
rule23: population > 2160.794
probabilities_array:[0.1874642  0.06941661 0.11026487 0.16666502 0.20110583 0.11448346
 0.04949385 0.04686311 0.02948729 0.00789188 0.00160103 0.01526287]

rule12: total_rooms < 1161.402
probabilities_array:[0.26204196 0.11294845 0.09572202 0.1377976  0.19106786 0.0727255
 0.02577916 0.03665824 0.02734643 0.0191808  0.00114849 0.01758347]

rule3: longitude > -118.202
probabilities_array:[0.04240438 0.08069882 0.09389565 0.13733907 0.18592511 0.15266229
 0.1464372  0.08471232 0.03313505 0.00990233 0.         0.03288775]

rule29: 2.596 < median_income < 3.865
probabilities_array:[0.         0.08364296 0.13787039 0.13149877 0.16686037 0.12214599
 0.11054036 0.08813336 0.07537595 0.05216549 0.         0.03176637]

rule22: 1423.420 < population < 2160.794
probabilities_array:[0.20729454 0.11877441 0.11718652 0.14020248 0.14685811 0.07403012
 0.05329697 0.04081235 0.03012732 0.01521823 0.         0.056199  ]

rule13: 1161.402 < total_rooms < 2631.169
probabilities_array:[0.21775536 0.105271   0.05879321 0.04679913 0.16363025 0.07261644
 0.04974519 0.02000315 0.03159172 0.00677743 0.         0.22701712]

rule30: 3.865 < median_income < 5.133
probabilities_array:[0.00076523 0.01812303 0.03125827 0.07112753 0.10577628 0.14243941
 0.13928427 0.15441991 0.15403233 0.12135576 0.05983528 0.00158277]

rule8: housing_median_age < 20.130
probabilities_array:[0.03618956 0.07898872 0.11305756 0.16000876 0.11534386 0.11886429
 0.08084495 0.07560449 0.07390714 0.05176819 0.         0.09542251]

rule7: latitude > 37.060
probabilities_array:[0.         0.1363111  0.18993102 0.24961565 0.09344334 0.07721242
 0.03984705 0.03495974 0.0338905  0.04013704 0.04078188 0.06387025]

rule28: median_income < 2.596
probabilities_array:[0.22897159 0.2215207  0.18269826 0.10369239 0.07753063 0.05961936
 0.03391778 0.03546868 0.03267163 0.01865657 0.         0.00525246]

rule10: 28.562 < housing_median_age < 36.995
probabilities_array:[0.21757725 0.08034201 0.03396122 0.         0.09175133 0.09606937
 0.15166524 0.04555397 0.         0.         0.03486143 0.24821816]

rule5: 34.176 < latitude < 35.618
probabilities_array:[0.1812587  0.05062885 0.0696346  0.08586872 0.06704456 0.11090939
 0.15403779 0.10668897 0.02111283 0.02651499 0.         0.1263006 ]

rule0: longitude < -120.910
probabilities_array:[0.04091581 0.00034378 0.         0.         0.0740772  0.01232274
 0.056344   0.14898148 0.19163194 0.14168045 0.0988953  0.23480728]

rule25: 242.214 < households < 498.572
probabilities_array:[0.17977208 0.13683847 0.10171033 0.10447626 0.07944646 0.00437721
 0.00361603 0.07839922 0.         0.00673531 0.         0.30462864]

rule4: latitude < 34.176
probabilities_array:[0.         0.09955712 0.16087997 0.15061465 0.06045841 0.03017589
 0.02118446 0.00748756 0.05456331 0.13680916 0.1861713  0.09209823]

rule17: 254.730 < total_bedrooms < 536.271
probabilities_array:[2.2303215e-01 7.8081273e-02 1.0173983e-01 9.5882483e-02 7.7736020e-02
 2.2176938e-02 7.9587922e-03 1.4587397e-04 4.6559735e-03 2.5551567e-02
 0.0000000e+00 3.6303917e-01]

rule32: ocean_proximity_INLAND = 0.0
probabilities_array:[0.         0.00511104 0.01203061 0.02756872 0.04804154 0.11740918
 0.15976326 0.16094463 0.17908633 0.15255576 0.13716109 0.00032789]


---5---
rule3: longitude > -118.202
probabilities_array:[0.04240438 0.08069882 0.09389565 0.13733907 0.18592511 0.15266229
 0.1464372  0.08471232 0.03313505 0.00990233 0.         0.03288775]

rule30: 3.865 < median_income < 5.133
probabilities_array:[0.00076523 0.01812303 0.03125827 0.07112753 0.10577628 0.14243941
 0.13928427 0.15441991 0.15403233 0.12135576 0.05983528 0.00158277]

rule29: 2.596 < median_income < 3.865
probabilities_array:[0.         0.08364296 0.13787039 0.13149877 0.16686037 0.12214599
 0.11054036 0.08813336 0.07537595 0.05216549 0.         0.03176637]

rule32: ocean_proximity_INLAND = 0.0
probabilities_array:[0.         0.00511104 0.01203061 0.02756872 0.04804154 0.11740918
 0.15976326 0.16094463 0.17908633 0.15255576 0.13716109 0.00032789]

rule23: population > 2160.794
probabilities_array:[0.1874642  0.06941661 0.11026487 0.16666502 0.20110583 0.11448346
 0.04949385 0.04686311 0.02948729 0.00789188 0.00160103 0.01526287]

rule8: housing_median_age < 20.130
probabilities_array:[0.03618956 0.07898872 0.11305756 0.16000876 0.11534386 0.11886429
 0.08084495 0.07560449 0.07390714 0.05176819 0.         0.09542251]

rule5: 34.176 < latitude < 35.618
probabilities_array:[0.1812587  0.05062885 0.0696346  0.08586872 0.06704456 0.11090939
 0.15403779 0.10668897 0.02111283 0.02651499 0.         0.1263006 ]

rule9: 20.130 < housing_median_age < 28.562
probabilities_array:[0.06422148 0.10073995 0.03078128 0.01518649 0.00303725 0.12605508
 0.11564601 0.14679763 0.11504    0.00245462 0.00214248 0.2778978 ]

rule7: latitude > 37.060
probabilities_array:[0.         0.1363111  0.18993102 0.24961565 0.09344334 0.07721242
 0.03984705 0.03495974 0.0338905  0.04013704 0.04078188 0.06387025]

rule10: 28.562 < housing_median_age < 36.995
probabilities_array:[0.21757725 0.08034201 0.03396122 0.         0.09175133 0.09606937
 0.15166524 0.04555397 0.         0.         0.03486143 0.24821816]

rule12: total_rooms < 1161.402
probabilities_array:[0.26204196 0.11294845 0.09572202 0.1377976  0.19106786 0.0727255
 0.02577916 0.03665824 0.02734643 0.0191808  0.00114849 0.01758347]

rule22: 1423.420 < population < 2160.794
probabilities_array:[0.20729454 0.11877441 0.11718652 0.14020248 0.14685811 0.07403012
 0.05329697 0.04081235 0.03012732 0.01521823 0.         0.056199  ]

rule28: median_income < 2.596
probabilities_array:[0.22897159 0.2215207  0.18269826 0.10369239 0.07753063 0.05961936
 0.03391778 0.03546868 0.03267163 0.01865657 0.         0.00525246]

rule13: 1161.402 < total_rooms < 2631.169
probabilities_array:[0.21775536 0.105271   0.05879321 0.04679913 0.16363025 0.07261644
 0.04974519 0.02000315 0.03159172 0.00677743 0.         0.22701712]

rule16: total_bedrooms < 254.730
probabilities_array:[0.06335204 0.18051611 0.09066987 0.00327144 0.00967636 0.08690014
 0.04515404 0.08874087 0.         0.         0.02292926 0.40878993]

rule38: ocean_proximity_NEAR OCEAN = 0.0
probabilities_array:[0.2543952  0.11354654 0.08249818 0.04439463 0.03525155 0.06938006
 0.06976032 0.02209474 0.01043711 0.00059964 0.         0.2976419 ]


---6---
rule32: ocean_proximity_INLAND = 0.0
probabilities_array:[0.         0.00511104 0.01203061 0.02756872 0.04804154 0.11740918
 0.15976326 0.16094463 0.17908633 0.15255576 0.13716109 0.00032789]

rule3: longitude > -118.202
probabilities_array:[0.04240438 0.08069882 0.09389565 0.13733907 0.18592511 0.15266229
 0.1464372  0.08471232 0.03313505 0.00990233 0.         0.03288775]

rule30: 3.865 < median_income < 5.133
probabilities_array:[0.00076523 0.01812303 0.03125827 0.07112753 0.10577628 0.14243941
 0.13928427 0.15441991 0.15403233 0.12135576 0.05983528 0.00158277]

rule5: 34.176 < latitude < 35.618
probabilities_array:[0.1812587  0.05062885 0.0696346  0.08586872 0.06704456 0.11090939
 0.15403779 0.10668897 0.02111283 0.02651499 0.         0.1263006 ]

rule10: 28.562 < housing_median_age < 36.995
probabilities_array:[0.21757725 0.08034201 0.03396122 0.         0.09175133 0.09606937
 0.15166524 0.04555397 0.         0.         0.03486143 0.24821816]

rule29: 2.596 < median_income < 3.865
probabilities_array:[0.         0.08364296 0.13787039 0.13149877 0.16686037 0.12214599
 0.11054036 0.08813336 0.07537595 0.05216549 0.         0.03176637]

rule27: households > 754.930
probabilities_array:[0.00468262 0.         0.         0.         0.         0.
 0.1385924  0.         0.11035676 0.21571255 0.14936998 0.3812857 ]

rule9: 20.130 < housing_median_age < 28.562
probabilities_array:[0.06422148 0.10073995 0.03078128 0.01518649 0.00303725 0.12605508
 0.11564601 0.14679763 0.11504    0.00245462 0.00214248 0.2778978 ]

rule8: housing_median_age < 20.130
probabilities_array:[0.03618956 0.07898872 0.11305756 0.16000876 0.11534386 0.11886429
 0.08084495 0.07560449 0.07390714 0.05176819 0.         0.09542251]

rule20: population < 686.045
probabilities_array:[0.         0.01752978 0.00064987 0.         0.         0.00727548
 0.080277   0.03883594 0.06764092 0.24691014 0.38989457 0.1509862 ]

rule19: total_bedrooms > 817.811
probabilities_array:[0.00832752 0.03907138 0.0754044  0.0065514  0.         0.
 0.11073563 0.00699782 0.07342307 0.06620188 0.22391005 0.38937685]

rule22: 1423.420 < population < 2160.794
probabilities_array:[0.20729454 0.11877441 0.11718652 0.14020248 0.14685811 0.07403012
 0.05329697 0.04081235 0.03012732 0.01521823 0.         0.056199  ]

rule31: median_income > 5.133
probabilities_array:[0.         0.         0.         0.00246315 0.02081265 0.02944771
 0.05066325 0.11884949 0.20779969 0.25581646 0.2983153  0.01583228]

rule38: ocean_proximity_NEAR OCEAN = 0.0
probabilities_array:[0.2543952  0.11354654 0.08249818 0.04439463 0.03525155 0.06938006
 0.06976032 0.02209474 0.01043711 0.00059964 0.         0.2976419 ]

rule23: population > 2160.794
probabilities_array:[0.1874642  0.06941661 0.11026487 0.16666502 0.20110583 0.11448346
 0.04949385 0.04686311 0.02948729 0.00789188 0.00160103 0.01526287]

rule0: longitude < -120.910
probabilities_array:[0.04091581 0.00034378 0.         0.         0.0740772  0.01232274
 0.056344   0.14898148 0.19163194 0.14168045 0.0988953  0.23480728]


---7---
rule32: ocean_proximity_INLAND = 0.0
probabilities_array:[0.         0.00511104 0.01203061 0.02756872 0.04804154 0.11740918
 0.15976326 0.16094463 0.17908633 0.15255576 0.13716109 0.00032789]

rule30: 3.865 < median_income < 5.133
probabilities_array:[0.00076523 0.01812303 0.03125827 0.07112753 0.10577628 0.14243941
 0.13928427 0.15441991 0.15403233 0.12135576 0.05983528 0.00158277]

rule31: median_income > 5.133
probabilities_array:[0.         0.         0.         0.00246315 0.02081265 0.02944771
 0.05066325 0.11884949 0.20779969 0.25581646 0.2983153  0.01583228]

rule0: longitude < -120.910
probabilities_array:[0.04091581 0.00034378 0.         0.         0.0740772  0.01232274
 0.056344   0.14898148 0.19163194 0.14168045 0.0988953  0.23480728]

rule9: 20.130 < housing_median_age < 28.562
probabilities_array:[0.06422148 0.10073995 0.03078128 0.01518649 0.00303725 0.12605508
 0.11564601 0.14679763 0.11504    0.00245462 0.00214248 0.2778978 ]

rule5: 34.176 < latitude < 35.618
probabilities_array:[0.1812587  0.05062885 0.0696346  0.08586872 0.06704456 0.11090939
 0.15403779 0.10668897 0.02111283 0.02651499 0.         0.1263006 ]

rule29: 2.596 < median_income < 3.865
probabilities_array:[0.         0.08364296 0.13787039 0.13149877 0.16686037 0.12214599
 0.11054036 0.08813336 0.07537595 0.05216549 0.         0.03176637]

rule3: longitude > -118.202
probabilities_array:[0.04240438 0.08069882 0.09389565 0.13733907 0.18592511 0.15266229
 0.1464372  0.08471232 0.03313505 0.00990233 0.         0.03288775]

rule8: housing_median_age < 20.130
probabilities_array:[0.03618956 0.07898872 0.11305756 0.16000876 0.11534386 0.11886429
 0.08084495 0.07560449 0.07390714 0.05176819 0.         0.09542251]

rule14: 2631.169 < total_rooms < 4100.937
probabilities_array:[0.01580445 0.05311833 0.00970673 0.         0.         0.00786985
 0.         0.07580738 0.04147855 0.21684706 0.31792495 0.26144266]

rule2: -119.556 < longitude < -118.202
probabilities_array:[0.12738886 0.18917248 0.07960404 0.00860465 0.         0.03153649
 0.03359409 0.06624558 0.         0.11208358 0.18228865 0.1694816 ]

rule25: 242.214 < households < 498.572
probabilities_array:[0.17977208 0.13683847 0.10171033 0.10447626 0.07944646 0.00437721
 0.00361603 0.07839922 0.         0.00673531 0.         0.30462864]

rule16: total_bedrooms < 254.730
probabilities_array:[0.06335204 0.18051611 0.09066987 0.00327144 0.00967636 0.08690014
 0.04515404 0.08874087 0.         0.         0.02292926 0.40878993]

rule15: total_rooms > 4100.937
probabilities_array:[0.         0.07296933 0.03351954 0.00117132 0.         0.
 0.0012552  0.05532957 0.08870311 0.233763   0.4189783  0.09431065]

rule36: ocean_proximity_NEAR BAY = 0.0
probabilities_array:[0.2703622  0.11173661 0.09197737 0.02564178 0.00552615 0.00359705
 0.00853281 0.07011741 0.07957006 0.01412035 0.         0.3188182 ]

rule23: population > 2160.794
probabilities_array:[0.1874642  0.06941661 0.11026487 0.16666502 0.20110583 0.11448346
 0.04949385 0.04686311 0.02948729 0.00789188 0.00160103 0.01526287]


---8---
rule31: median_income > 5.133
probabilities_array:[0.         0.         0.         0.00246315 0.02081265 0.02944771
 0.05066325 0.11884949 0.20779969 0.25581646 0.2983153  0.01583228]

rule32: ocean_proximity_INLAND = 0.0
probabilities_array:[0.         0.00511104 0.01203061 0.02756872 0.04804154 0.11740918
 0.15976326 0.16094463 0.17908633 0.15255576 0.13716109 0.00032789]

rule30: 3.865 < median_income < 5.133
probabilities_array:[0.00076523 0.01812303 0.03125827 0.07112753 0.10577628 0.14243941
 0.13928427 0.15441991 0.15403233 0.12135576 0.05983528 0.00158277]

rule0: longitude < -120.910
probabilities_array:[0.04091581 0.00034378 0.         0.         0.0740772  0.01232274
 0.056344   0.14898148 0.19163194 0.14168045 0.0988953  0.23480728]

rule35: ocean_proximity_ISLAND = 1.0
probabilities_array:[0.         0.         0.         0.         0.         0.
 0.         0.         0.23211034 0.         0.3595325  0.40835717]

rule9: 20.130 < housing_median_age < 28.562
probabilities_array:[0.06422148 0.10073995 0.03078128 0.01518649 0.00303725 0.12605508
 0.11564601 0.14679763 0.11504    0.00245462 0.00214248 0.2778978 ]

rule15: total_rooms > 4100.937
probabilities_array:[0.         0.07296933 0.03351954 0.00117132 0.         0.
 0.0012552  0.05532957 0.08870311 0.233763   0.4189783  0.09431065]

rule39: ocean_proximity_NEAR OCEAN = 1.0
probabilities_array:[0.01691568 0.18362543 0.12710744 0.07583666 0.         0.
 0.0144877  0.03312197 0.08697198 0.1018578  0.27394608 0.08612928]

rule29: 2.596 < median_income < 3.865
probabilities_array:[0.         0.08364296 0.13787039 0.13149877 0.16686037 0.12214599
 0.11054036 0.08813336 0.07537595 0.05216549 0.         0.03176637]

rule27: households > 754.930
probabilities_array:[0.00468262 0.         0.         0.         0.         0.
 0.1385924  0.         0.11035676 0.21571255 0.14936998 0.3812857 ]

rule8: housing_median_age < 20.130
probabilities_array:[0.03618956 0.07898872 0.11305756 0.16000876 0.11534386 0.11886429
 0.08084495 0.07560449 0.07390714 0.05176819 0.         0.09542251]

rule20: population < 686.045
probabilities_array:[0.         0.01752978 0.00064987 0.         0.         0.00727548
 0.080277   0.03883594 0.06764092 0.24691014 0.38989457 0.1509862 ]

rule1: -120.910 < longitude < -119.556
probabilities_array:[0.1593214  0.17315628 0.11432645 0.1344723  0.00746101 0.
 0.         0.         0.07377375 0.03538585 0.05603344 0.2460696 ]

rule36: ocean_proximity_NEAR BAY = 0.0
probabilities_array:[0.2703622  0.11173661 0.09197737 0.02564178 0.00552615 0.00359705
 0.00853281 0.07011741 0.07957006 0.01412035 0.         0.3188182 ]

rule4: latitude < 34.176
probabilities_array:[0.         0.09955712 0.16087997 0.15061465 0.06045841 0.03017589
 0.02118446 0.00748756 0.05456331 0.13680916 0.1861713  0.09209823]

rule19: total_bedrooms > 817.811
probabilities_array:[0.00832752 0.03907138 0.0754044  0.0065514  0.         0.
 0.11073563 0.00699782 0.07342307 0.06620188 0.22391005 0.38937685]

rule11: housing_median_age > 36.995
probabilities_array:[0.22723651 0.07811356 0.06811415 0.03320959 0.         0.
 0.         0.0077179  0.05535823 0.06262643 0.23562275 0.23200099]


---9---
rule31: median_income > 5.133
probabilities_array:[0.         0.         0.         0.00246315 0.02081265 0.02944771
 0.05066325 0.11884949 0.20779969 0.25581646 0.2983153  0.01583228]

rule15: total_rooms > 4100.937
probabilities_array:[0.         0.07296933 0.03351954 0.00117132 0.         0.
 0.0012552  0.05532957 0.08870311 0.233763   0.4189783  0.09431065]

rule20: population < 686.045
probabilities_array:[0.         0.01752978 0.00064987 0.         0.         0.00727548
 0.080277   0.03883594 0.06764092 0.24691014 0.38989457 0.1509862 ]

rule14: 2631.169 < total_rooms < 4100.937
probabilities_array:[0.01580445 0.05311833 0.00970673 0.         0.         0.00786985
 0.         0.07580738 0.04147855 0.21684706 0.31792495 0.26144266]

rule32: ocean_proximity_INLAND = 0.0
probabilities_array:[0.         0.00511104 0.01203061 0.02756872 0.04804154 0.11740918
 0.15976326 0.16094463 0.17908633 0.15255576 0.13716109 0.00032789]

rule27: households > 754.930
probabilities_array:[0.00468262 0.         0.         0.         0.         0.
 0.1385924  0.         0.11035676 0.21571255 0.14936998 0.3812857 ]

rule4: latitude < 34.176
probabilities_array:[0.         0.09955712 0.16087997 0.15061465 0.06045841 0.03017589
 0.02118446 0.00748756 0.05456331 0.13680916 0.1861713  0.09209823]

rule30: 3.865 < median_income < 5.133
probabilities_array:[0.00076523 0.01812303 0.03125827 0.07112753 0.10577628 0.14243941
 0.13928427 0.15441991 0.15403233 0.12135576 0.05983528 0.00158277]

rule0: longitude < -120.910
probabilities_array:[0.04091581 0.00034378 0.         0.         0.0740772  0.01232274
 0.056344   0.14898148 0.19163194 0.14168045 0.0988953  0.23480728]

rule2: -119.556 < longitude < -118.202
probabilities_array:[0.12738886 0.18917248 0.07960404 0.00860465 0.         0.03153649
 0.03359409 0.06624558 0.         0.11208358 0.18228865 0.1694816 ]

rule39: ocean_proximity_NEAR OCEAN = 1.0
probabilities_array:[0.01691568 0.18362543 0.12710744 0.07583666 0.         0.
 0.0144877  0.03312197 0.08697198 0.1018578  0.27394608 0.08612928]

rule21: 686.045 < population < 1423.420
probabilities_array:[0.16786927 0.15440318 0.08108383 0.0609753  0.04114425 0.
 0.         0.00423643 0.         0.09871494 0.12383106 0.2677417 ]

rule37: ocean_proximity_NEAR BAY = 1.0
probabilities_array:[0.00186762 0.2288108  0.16418092 0.04286672 0.00078465 0.
 0.00378489 0.         0.         0.09482195 0.2048214  0.2580611 ]

rule29: 2.596 < median_income < 3.865
probabilities_array:[0.         0.08364296 0.13787039 0.13149877 0.16686037 0.12214599
 0.11054036 0.08813336 0.07537595 0.05216549 0.         0.03176637]

rule11: housing_median_age > 36.995
probabilities_array:[0.22723651 0.07811356 0.06811415 0.03320959 0.         0.
 0.         0.0077179  0.05535823 0.06262643 0.23562275 0.23200099]

rule8: housing_median_age < 20.130
probabilities_array:[0.03618956 0.07898872 0.11305756 0.16000876 0.11534386 0.11886429
 0.08084495 0.07560449 0.07390714 0.05176819 0.         0.09542251]

rule19: total_bedrooms > 817.811
probabilities_array:[0.00832752 0.03907138 0.0754044  0.0065514  0.         0.
 0.11073563 0.00699782 0.07342307 0.06620188 0.22391005 0.38937685]


---10---
rule15: total_rooms > 4100.937
probabilities_array:[0.         0.07296933 0.03351954 0.00117132 0.         0.
 0.0012552  0.05532957 0.08870311 0.233763   0.4189783  0.09431065]

rule20: population < 686.045
probabilities_array:[0.         0.01752978 0.00064987 0.         0.         0.00727548
 0.080277   0.03883594 0.06764092 0.24691014 0.38989457 0.1509862 ]

rule31: median_income > 5.133
probabilities_array:[0.         0.         0.         0.00246315 0.02081265 0.02944771
 0.05066325 0.11884949 0.20779969 0.25581646 0.2983153  0.01583228]

rule39: ocean_proximity_NEAR OCEAN = 1.0
probabilities_array:[0.01691568 0.18362543 0.12710744 0.07583666 0.         0.
 0.0144877  0.03312197 0.08697198 0.1018578  0.27394608 0.08612928]

rule14: 2631.169 < total_rooms < 4100.937
probabilities_array:[0.01580445 0.05311833 0.00970673 0.         0.         0.00786985
 0.         0.07580738 0.04147855 0.21684706 0.31792495 0.26144266]

rule35: ocean_proximity_ISLAND = 1.0
probabilities_array:[0.         0.         0.         0.         0.         0.
 0.         0.         0.23211034 0.         0.3595325  0.40835717]

rule11: housing_median_age > 36.995
probabilities_array:[0.22723651 0.07811356 0.06811415 0.03320959 0.         0.
 0.         0.0077179  0.05535823 0.06262643 0.23562275 0.23200099]

rule4: latitude < 34.176
probabilities_array:[0.         0.09955712 0.16087997 0.15061465 0.06045841 0.03017589
 0.02118446 0.00748756 0.05456331 0.13680916 0.1861713  0.09209823]

rule37: ocean_proximity_NEAR BAY = 1.0
probabilities_array:[0.00186762 0.2288108  0.16418092 0.04286672 0.00078465 0.
 0.00378489 0.         0.         0.09482195 0.2048214  0.2580611 ]

rule2: -119.556 < longitude < -118.202
probabilities_array:[0.12738886 0.18917248 0.07960404 0.00860465 0.         0.03153649
 0.03359409 0.06624558 0.         0.11208358 0.18228865 0.1694816 ]

rule32: ocean_proximity_INLAND = 0.0
probabilities_array:[0.         0.00511104 0.01203061 0.02756872 0.04804154 0.11740918
 0.15976326 0.16094463 0.17908633 0.15255576 0.13716109 0.00032789]

rule19: total_bedrooms > 817.811
probabilities_array:[0.00832752 0.03907138 0.0754044  0.0065514  0.         0.
 0.11073563 0.00699782 0.07342307 0.06620188 0.22391005 0.38937685]

rule27: households > 754.930
probabilities_array:[0.00468262 0.         0.         0.         0.         0.
 0.1385924  0.         0.11035676 0.21571255 0.14936998 0.3812857 ]

rule21: 686.045 < population < 1423.420
probabilities_array:[0.16786927 0.15440318 0.08108383 0.0609753  0.04114425 0.
 0.         0.00423643 0.         0.09871494 0.12383106 0.2677417 ]

rule0: longitude < -120.910
probabilities_array:[0.04091581 0.00034378 0.         0.         0.0740772  0.01232274
 0.056344   0.14898148 0.19163194 0.14168045 0.0988953  0.23480728]

rule30: 3.865 < median_income < 5.133
probabilities_array:[0.00076523 0.01812303 0.03125827 0.07112753 0.10577628 0.14243941
 0.13928427 0.15441991 0.15403233 0.12135576 0.05983528 0.00158277]

rule1: -120.910 < longitude < -119.556
probabilities_array:[0.1593214  0.17315628 0.11432645 0.1344723  0.00746101 0.
 0.         0.         0.07377375 0.03538585 0.05603344 0.2460696 ]

