MSE: 3076156569989403.5

Accuracy: 0.46030589949016754

F1: 0.453417722431363

Confusion Matrix: [[159, 53, 19, 13, 4], [72, 147, 60, 31, 12], [38, 79, 87, 48, 41], [21, 49, 59, 61, 62], [5, 10, 23, 42, 178]]

Uncertainties: {'class0': [0.04851185530424118, 0.07562776654958725, 0.22521568834781647, 0.2978256344795227, 0.3582242429256439], 'class1': [0.045706868171691895, 0.04851185530424118, 0.07562776654958725, 0.09608925879001617, 0.1256982684135437], 'class2': [0.045706868171691895, 0.04851185530424118, 0.07562776654958725, 0.09608925879001617, 0.1256982684135437], 'class3': [0.045706868171691895, 0.04851185530424118, 0.07562776654958725, 0.09608925879001617, 0.1256982684135437], 'class4': [0.045706868171691895, 0.09608925879001617, 0.1256982684135437, 0.13286170363426208, 0.1426648497581482]}

y_test: [20241395.0, 23618786.0, 14174654.0, 59588068.0, 29062561.0, 59035104.0, 23222861.0, 399793.0, 93375151.0, 44983704.0, 144512310.0, 38087756.0, 3275443.0, 14673301.0, 40687294.0, 73209340.0, 95001343.0, 80021740.0, 54098051.0, 12550242.0, 10941801.0, 274299.0, 2428241.0, 9054736.0, 28501605.0, 26536120.0, 1071240.0, 134904.0, 14359793.0, 20566327.0, 2921738.0, 3335839.0, 47811275.0, 70269171.0, 26583369.0, 464126.0, 10106233.0, 3047539.0, 23000.0, 869325.0, 255108370.0, 23978402.0, 1190018.0, 110000.0, 336530303.0, 12802907.0, 88504640.0, 617840.0, 34636443.0, 35033759.0, 69582.0, 19900000.0, 610991.0, 13000000.0, 45045037.0, 33349949.0, 185577.0, 18195.0, 40041683.0, 59475623.0, 70527.0, 197171806.0, 17797316.0, 49024969.0, 12006514.0, 62700000.0, 35927406.0, 12561.0, 39778599.0, 227965690.0, 8025872.0, 102922376.0, 118471320.0, 14946229.0, 795126.0, 57176582.0, 93417865.0, 21413502.0, 8134217.0, 130727000.0, 25677801.0, 55461307.0, 57744720.0, 56044241.0, 129995817.0, 317040.0, 37036404.0, 16930185.0, 40168080.0, 105264608.0, 75605492.0, 26870825.0, 45996718.0, 25842000.0, 10431220.0, 64359.0, 28837115.0, 1197786.0, 146072.0, 128300000.0, 50921738.0, 10297897.0, 32645546.0, 652526.0, 13401683.0, 17768000.0, 97030725.0, 14378353.0, 153620822.0, 20380.0, 34017854.0, 2975649.0, 4007792.0, 6100000.0, 23838.0, 52277485.0, 12801190.0, 42365600.0, 104374107.0, 47852604.0, 27024.0, 124590960.0, 39026186.0, 13571817.0, 54734.0, 2203641.0, 717753.0, 31199215.0, 24788807.0, 20275446.0, 38590500.0, 37486138.0, 35799026.0, 46563158.0, 87704396.0, 1445366.0, 2812029.0, 18621249.0, 36073232.0, 22245861.0, 4235837.0, 15854988.0, 1098224.0, 94125426.0, 3014541.0, 67344392.0, 219200000.0, 292000866.0, 69772969.0, 871527.0, 334185206.0, 75638743.0, 13493.0, 542860.0, 14612840.0, 4411102.0, 10049886.0, 17986000.0, 1997807.0, 1646664.0, 63260.0, 65804.0, 80197993.0, 398420.0, 29106737.0, 206360018.0, 93749203.0, 74484168.0, 1221261.0, 15561627.0, 71017784.0, 83024900.0, 78845130.0, 24004159.0, 30307804.0, 8129455.0, 673780.0, 16248701.0, 18843314.0, 4496583.0, 6592103.0, 1060591.0, 46700000.0, 52822418.0, 2955039.0, 10137232.0, 7262288.0, 40198710.0, 59365105.0, 101530738.0, 78900000.0, 2073984.0, 111505642.0, 65010106.0, 2047570.0, 158115031.0, 75074950.0, 31937.0, 25600000.0, 17848322.0, 11100000.0, 265107.0, 4756.0, 533316061.0, 14373825.0, 21133087.0, 93815117.0, 18653746.0, 11854694.0, 34468224.0, 44867349.0, 66941559.0, 183635922.0, 110536.0, 37760080.0, 26876529.0, 6940281.0, 40932372.0, 1165104.0, 49122319.0, 20668843.0, 1500000.0, 10174663.0, 4542775.0, 17529157.0, 62321039.0, 39292022.0, 70327868.0, 10499968.0, 16779636.0, 1007962.0, 4556.0, 63270259.0, 8535575.0, 447750.0, 35024475.0, 114195633.0, 116593191.0, 32131483.0, 27338033.0, 206435493.0, 14015786.0, 25138292.0, 42672630.0, 22235901.0, 146405371.0, 623374.0, 5409517.0, 12583510.0, 55673333.0, 10037390.0, 23292105.0, 120620.0, 763044.0, 16842303.0, 6173485.0, 886410.0, 103001286.0, 102308900.0, 176387405.0, 18317151.0, 11900000.0, 289994397.0, 1339152.0, 15709385.0, 61112916.0, 43095600.0, 40247512.0, 42043633.0, 49121934.0, 49474048.0, 33472850.0, 107100855.0, 60338891.0, 31743332.0, 13101142.0, 125320003.0, 35096190.0, 34667015.0, 9176553.0, 44455658.0, 31493782.0, 22168359.0, 5300000.0, 24985612.0, 108360000.0, 10014234.0, 489220.0, 31494270.0, 10300000.0, 11008432.0, 22189039.0, 64933670.0, 7556708.0, 8596914.0, 21378000.0, 31607598.0, 5871603.0, 30920167.0, 9929000.0, 4835968.0, 47748610.0, 4922166.0, 8044906.0, 58885635.0, 20999103.0, 40076438.0, 3571735.0, 3275585.0, 217350219.0, 466702.0, 19348.0, 2912363.0, 1050600.0, 75305995.0, 12282677.0, 2506446.0, 5595428.0, 128769345.0, 41709.0, 34963967.0, 20819129.0, 260031035.0, 1705139.0, 74540762.0, 1818681.0, 5654777.0, 2956000.0, 135381507.0, 396035.0, 70001065.0, 48423368.0, 64423650.0, 72413.0, 227137090.0, 5100000.0, 39440655.0, 70083519.0, 1027749.0, 333658.0, 56702901.0, 28995450.0, 14989761.0, 47592825.0, 9801782.0, 82528097.0, 171383253.0, 2209479.0, 27796042.0, 169692572.0, 174682.0, 11632420.0, 128505958.0, 242589580.0, 42919096.0, 31584722.0, 50728000.0, 425899.0, 9652000.0, 35054909.0, 165500000.0, 62453315.0, 92401.0, 32357532.0, 356784000.0, 50024083.0, 22452209.0, 20433940.0, 89289910.0, 177575142.0, 15155772.0, 22294341.0, 19661987.0, 18324242.0, 99851.0, 187670866.0, 90454043.0, 480314.0, 18378.0, 39177215.0, 26005908.0, 1865774.0, 28341469.0, 1391770.0, 12712093.0, 67631157.0, 9525276.0, 10353690.0, 42660000.0, 10114315.0, 26896744.0, 60923325.0, 4064333.0, 4306697.0, 33771174.0, 53021560.0, 11560259.0, 3826455.0, 21564616.0, 75600000.0, 353743.0, 76846624.0, 20338609.0, 19421271.0, 5725.0, 36283504.0, 29374178.0, 58715510.0, 183436380.0, 112225777.0, 20257000.0, 148213377.0, 363024263.0, 3130592.0, 20915465.0, 12899702.0, 19959.0, 22362500.0, 28637507.0, 21129348.0, 181166115.0, 117559438.0, 3895664.0, 57887882.0, 3193102.0, 3122616.0, 281492479.0, 27296514.0, 7282851.0, 108012170.0, 18593156.0, 407197282.0, 35286428.0, 12232937.0, 27758465.0, 464655.0, 85433.0, 37766350.0, 55184721.0, 3293258.0, 377019252.0, 25000000.0, 30093107.0, 7927.0, 55291815.0, 13650738.0, 41597830.0, 99147.0, 508867.0, 88761720.0, 17266505.0, 13592872.0, 35990505.0, 7186670.0, 37053924.0, 292298923.0, 63034755.0, 17281832.0, 3071947.0, 25482931.0, 153288182.0, 118153533.0, 16025394.0, 27663982.0, 10494147.0, 13300000.0, 33244684.0, 2542264.0, 28031250.0, 55865715.0, 3081925.0, 10955425.0, 6201757.0, 47124400.0, 1039869.0, 278821.0, 17655201.0, 9286314.0, 15278.0, 30212620.0, 15369573.0, 60008303.0, 222487711.0, 21835784.0, 85911262.0, 30259652.0, 533344.0, 768045.0, 189412677.0, 29580087.0, 15549702.0, 69800000.0, 528972.0, 11827301.0, 9166863.0, 52000688.0, 141600000.0, 183875760.0, 7219578.0, 25799043.0, 4426297.0, 28965197.0, 2963012.0, 65452312.0, 15681020.0, 67155742.0, 37023395.0, 2408553.0, 28831145.0, 58401464.0, 1512815.0, 115731542.0, 31968347.0, 82506325.0, 2474000.0, 7022940.0, 68473360.0, 10965209.0, 109713132.0, 60057639.0, 72217000.0, 17324744.0, 6852144.0, 2843.0, 115603980.0, 5308553.0, 2848578.0, 25592632.0, 37479778.0, 7888703.0, 90703745.0, 70405498.0, 45290318.0, 37707719.0, 138614544.0, 22200000.0, 7204138.0, 46280507.0, 2277396.0, 1163508.0, 27277055.0, 1094998.0, 22202612.0, 11802056.0, 200807262.0, 52799004.0, 255950375.0, 101334374.0, 53146000.0, 206400.0, 1029017.0, 61280963.0, 15523168.0, 6755271.0, 12055108.0, 10460089.0, 4599680.0, 4777007.0, 27087695.0, 40559930.0, 12570442.0, 3151130.0, 71277420.0, 258113.0, 18306166.0, 30093107.0, 110197.0, 102515793.0, 31768374.0, 91030827.0, 30651422.0, 381225.0, 399611.0, 163192114.0, 234277056.0, 16831505.0, 66002004.0, 9821335.0, 46815748.0, 79568000.0, 83400000.0, 373377893.0, 54724272.0, 7362100.0, 4234040.0, 449558.0, 379122.0, 12610552.0, 199652.0, 12372410.0, 36020063.0, 87856565.0, 2808000.0, 2833383.0, 7739049.0, 9483821.0, 25277561.0, 290158751.0, 4105123.0, 32222567.0, 80920948.0, 58214.0, 7417210.0, 157299717.0, 107225164.0, 57362581.0, 53680848.0, 5561.0, 665426.0, 28873374.0, 176636816.0, 23272306.0, 30222640.0, 19059018.0, 66207920.0, 5895238.0, 45506619.0, 39380442.0, 2957978.0, 10562387.0, 143492840.0, 32598931.0, 6768055.0, 13960203.0, 15045676.0, 13019253.0, 439162.0, 52287414.0, 828.0, 20186.0, 143704210.0, 3100650.0, 22913677.0, 146282411.0, 17427926.0, 12701880.0, 3034181.0, 60054449.0, 64149837.0, 68208190.0, 4063859.0, 3629758.0, 58800000.0, 36665854.0, 58867694.0, 10214013.0, 9528092.0, 10149779.0, 28747570.0, 40911830.0, 33357476.0, 59735548.0, 80574010.0, 166147885.0, 20113965.0, 46338728.0, 11030963.0, 32721635.0, 548934.0, 107285004.0, 84263837.0, 6543194.0, 6594136.0, 18573791.0, 37035515.0, 313837577.0, 14208384.0, 50800000.0, 70960517.0, 21500000.0, 11956207.0, 17804273.0, 4485485.0, 35324232.0, 1729969.0, 28563179.0, 73000942.0, 24006726.0, 300523113.0, 13829734.0, 26400000.0, 37481242.0, 1064277.0, 39177541.0, 35385560.0, 261437578.0, 4930798.0, 32003620.0, 18636537.0, 6610326.0, 80170146.0, 155181732.0, 1186957.0, 52752475.0, 14983572.0, 11146409.0, 463730.0, 12843.0, 93926386.0, 32600000.0, 18488314.0, 37567440.0, 5032496.0, 15180000.0, 31537320.0, 163192114.0, 29247405.0, 78800000.0, 8026971.0, 52885587.0, 7518876.0, 168213584.0, 18225165.0, 44566004.0, 23020488.0, 262030663.0, 5283379.0, 74098862.0, 108638745.0, 6002756.0, 55845943.0, 38108.0, 21160089.0, 50007168.0, 55461307.0, 100659.0, 193136719.0, 155984.0, 173585516.0, 83640426.0, 131617.0, 37617947.0, 76400000.0, 50549107.0, 35596227.0, 225377.0, 64572496.0, 181798.0, 196573705.0, 24138847.0, 34308901.0, 19783777.0, 25121291.0, 100289690.0, 10105505.0, 6857096.0, 136448821.0, 30199105.0, 234903076.0, 16459004.0, 33386128.0, 84244877.0, 33643461.0, 49875589.0, 5333658.0, 304124.0, 14479776.0, 13763130.0, 37901509.0, 34014398.0, 30981850.0, 57010853.0, 2882062.0, 18642318.0, 206678.0, 13651662.0, 6088249.0, 25078937.0, 14891000.0, 8712564.0, 32368960.0, 703002.0, 17104669.0, 1738692.0, 16300302.0, 62480.0, 8500000.0, 48430.0, 148775460.0, 1046166.0, 60470220.0, 24848292.0, 2964.0, 18439082.0, 1984378.0, 375723.0, 9449219.0, 48114556.0, 13376506.0, 90443603.0, 124870275.0, 25472967.0, 12065985.0, 9203192.0, 51100000.0, 17096053.0, 39532308.0, 1779284.0, 73678.0, 9180275.0, 125603360.0, 3105269.0, 43905746.0, 39880476.0, 8070311.0, 5199.0, 61400000.0, 88915214.0, 65623128.0, 31165421.0, 202007640.0, 2207975.0, 117235247.0, 93571803.0, 86049418.0, 13214030.0, 4157491.0, 13134.0, 13264986.0, 15152879.0, 37738400.0, 29655590.0, 22000.0, 3798532.0, 51185897.0, 211667.0, 16204793.0, 24407944.0, 21371425.0, 7563670.0, 285761243.0, 6144806.0, 126930660.0, 17321573.0, 25528495.0, 37939782.0, 44737059.0, 6462576.0, 12555230.0, 241407328.0, 110008260.0, 59774.0, 10561238.0, 45857453.0, 3073392.0, 31704416.0, 1114943.0, 49002815.0, 23616.0, 20262.0, 16901126.0, 2800000.0, 134218018.0, 2199853.0, 78656813.0, 32774834.0, 1075288.0, 37442180.0, 15281286.0, 69102910.0, 78030.0, 135014968.0, 2643689.0, 44175394.0, 30695227.0, 257756197.0, 25003072.0, 22451.0, 171031347.0, 24741700.0, 64371181.0, 402820.0, 52961.0, 610968.0, 8047690.0, 51178893.0, 52397389.0, 79948113.0, 52200504.0, 63408614.0, 59847242.0, 68642452.0, 116735231.0, 31111260.0, 4651977.0, 34964818.0, 42438300.0, 84518155.0, 18996755.0, 1647780.0, 6706368.0, 167735396.0, 56083966.0, 22108977.0, 46363118.0, 14003141.0, 1950218.0, 17757087.0, 17174870.0, 15126948.0, 83299761.0, 34700000.0, 44450000.0, 49968653.0, 48043505.0, 70492685.0, 10400000.0, 40064955.0, 95632614.0, 69304264.0, 73701902.0, 53302314.0, 197992827.0, 234760500.0, 42194060.0, 32000000.0, 107515297.0, 2000000.0, 101228.0, 243347.0, 4301331.0, 33037754.0, 113745408.0, 229311.0, 32983713.0, 1891821.0, 16017403.0, 25244700.0, 8000000.0, 238371987.0, 163479795.0, 21199.0, 16964743.0, 81350242.0, 57011847.0, 4700361.0, 2605039.0, 14060950.0, 6491350.0, 4771000.0, 21426805.0, 50752337.0, 25926543.0, 3607.0, 36500000.0, 75367693.0, 18535191.0, 3076425.0, 5100937.0, 4142507.0, 56667870.0, 777423.0, 2428883.0, 531806.0, 4884663.0, 106952327.0, 2712293.0, 5792822.0, 10508.0, 14564027.0, 5306447.0, 2148212.0, 34793160.0, 14637490.0, 198655278.0, 51527787.0, 31990064.0, 39103378.0, 2104000.0, 23014504.0, 7156933.0, 53337608.0, 10544143.0, 1754319.0, 302204.0, 170708996.0, 80021740.0, 79363785.0, 16017403.0, 9437933.0, 13801755.0, 1260917.0, 203134.0, 296665.0, 55802754.0, 16115878.0, 26096584.0, 62494975.0, 8324748.0, 25240988.0, 9003011.0, 124051759.0, 10269307.0, 15700000.0, 13782838.0, 10696210.0, 25450527.0, 163947053.0, 5709616.0, 180011740.0, 45857453.0, 33592415.0, 529766.0, 14545844.0, 147637474.0, 414984497.0, 58885635.0, 536767.0, 85707116.0, 25753840.0, 61937495.0, 371897.0, 118666.0, 1506998.0, 13998282.0, 14967182.0, 69700000.0, 188870.0, 460935665.0, 33200000.0, 58183966.0, 183405771.0, 124107476.0, 32122249.0, 42071069.0, 298110.0, 160762022.0, 63939454.0, 2508841.0, 23360779.0, 55350897.0, 27900000.0, 101470202.0, 81525.0, 50150619.0, 119518352.0, 4806750.0, 44484065.0, 77086030.0, 95001351.0, 883887.0, 107917283.0, 6525762.0, 17305211.0, 1677838.0, 18381787.0, 154985087.0, 12667.0, 45250.0, 32416109.0, 75573300.0, 42615685.0, 7501404.0, 121468960.0, 67631157.0, 2283276.0, 45489752.0, 19673424.0, 187165546.0, 17803796.0, 30050028.0, 33565375.0, 84961.0, 17508670.0, 9600000.0, 17278980.0, 77413017.0, 6047856.0, 8662318.0, 7017178.0, 6857503.0, 26505000.0, 57750000.0, 34531832.0, 819939.0, 4903000.0, 240425.0, 112000000.0, 95308367.0, 226792.0, 27000000.0, 3287435.0, 7757130.0, 14793904.0, 7774730.0, 31600000.0, 208543795.0, 82301521.0, 56114221.0, 176997107.0, 18934858.0, 21009180.0, 8355815.0, 42652003.0, 219613391.0, 14018364.0, 2859955.0, 32800000.0, 39825798.0, 13303319.0, 104054514.0, 10443.0, 33864342.0, 3029081.0, 34180954.0, 35617599.0, 35811509.0, 323505540.0, 16295774.0, 2468.0, 37432299.0, 122288.0, 5932060.0, 93952276.0, 127083765.0, 23393765.0, 5997134.0, 96917897.0, 14400000.0, 71442.0, 67128202.0, 43853424.0, 17439163.0, 2507106.0, 251188924.0, 9190525.0, 44328238.0, 4001121.0, 18081626.0, 10139254.0, 85416609.0, 50815288.0, 1877179.0, 7221458.0, 119412921.0, 8600000.0, 531009.0, 15527125.0, 137387272.0, 15408822.0, 7434726.0, 81257845.0, 19316646.0, 35887263.0, 21784432.0, 40066497.0, 48637684.0, 4535117.0, 106635996.0, 6301131.0, 13854000.0, 98780042.0, 109243478.0, 20200.0, 5899797.0, 40542.0, 5660084.0, 26000610.0, 155111815.0, 191449475.0, 13337299.0, 11000000.0, 90800000.0, 177343675.0, 31252964.0, 1200000.0, 7574066.0, 4584.0, 27736779.0, 50300000.0, 128937.0, 39687528.0, 13622333.0, 143523463.0, 4992159.0, 153665036.0, 40219708.0, 24800000.0, 86897182.0, 29233.0, 6157157.0, 53574088.0, 31471430.0, 1984743.0, 55092830.0, 52474616.0, 56684819.0, 80050171.0, 4091.0, 26893.0, 54414716.0, 3500000.0, 37882551.0, 1821983.0, 9059588.0, 10719367.0, 9094451.0, 2222647.0, 592014.0, 22770864.0, 11784000.0, 25077977.0, 56729973.0, 70117571.0, 228830.0, 130174897.0, 18434.0, 31054924.0, 50740078.0, 16252765.0, 7070459.0, 48430355.0, 9213.0, 312057433.0, 34964818.0, 1007535.0, 47396698.0, 337103873.0, 190418803.0, 50000000.0, 61490000.0, 100328194.0, 218051260.0, 11576087.0, 43100000.0, 32541719.0, 2840417.0, 218051260.0, 68750000.0, 105807520.0, 31155435.0, 38105077.0, 33048353.0, 11169531.0, 6851969.0, 136801374.0, 77222184.0, 228430993.0, 5516708.0, 5776314.0, 129734803.0, 16118077.0, 56607223.0, 127968405.0, 233630478.0, 69586544.0, 79043.0, 33201661.0, 173066.0, 43119879.0, 69951824.0, 1050445.0, 66600000.0, 148383780.0, 80150343.0, 5108820.0, 469947.0, 91443253.0, 24944213.0, 330249062.0, 13753931.0, 444354.0, 113006880.0, 89808372.0, 56932305.0, 22858926.0, 352684.0, 41895491.0, 42385520.0, 19351569.0, 94497271.0, 5755286.0, 653621.0, 8855646.0, 17010646.0, 8586376.0, 1796024.0, 50000.0, 3885134.0, 41777564.0, 301305.0, 19445217.0, 5204007.0, 6712451.0, 43290977.0, 105500000.0, 13362308.0, 6563357.0, 141614023.0, 159578352.0, 49000.0, 10411980.0, 32701088.0, 89021735.0, 244052771.0, 11702090.0, 60000000.0, 36874745.0, 17536788.0, 7659747.0, 2201412.0, 7267324.0, 124720.0, 10556196.0, 11546543.0, 4360548.0, 54116191.0, 144812796.0, 6482195.0, 7443007.0, 22877808.0, 11041228.0, 192467.0, 40218903.0, 16671505.0, 26284475.0, 4839383.0, 100003492.0, 458991599.0, 33386128.0, 78651430.0, 8243880.0, 2981638.0, 36381716.0, 22531698.0, 123207194.0, 26830000.0, 116006080.0, 5217498.0, 24381334.0, 652177271.0, 13248477.0, 44134898.0, 267194.0, 356454367.0, 91400000.0, 25440971.0, 23527955.0, 59379.0, 48814909.0, 250863268.0, 41407470.0, 900926.0, 100768056.0, 241816.0, 98017.0, 10991381.0, 41814863.0, 4356743.0, 51317350.0, 36037909.0, 2221809.0, 12996.0, 303001229.0, 144812796.0, 90400000.0, 100012500.0, 7825820.0, 35287788.0, 45089048.0, 316842.0, 12026670.0, 22434.0, 45856732.0, 5480996.0, 20950820.0, 82163317.0, 54967359.0, 90835030.0, 59889948.0, 362645141.0, 25335935.0, 327919.0]

buck_pred: [2, 3, 2, 1, 0, 4, 0, 1, 2, 1, 4, 1, 0, 3, 2, 4, 1, 3, 2, 0, 1, 0, 0, 1, 2, 3, 0, 0, 0, 0, 0, 1, 1, 3, 2, 0, 0, 3, 0, 1, 4, 1, 3, 0, 4, 3, 4, 3, 3, 2, 0, 1, 0, 2, 2, 1, 0, 0, 2, 2, 0, 4, 1, 3, 3, 2, 1, 2, 4, 4, 2, 2, 2, 0, 0, 1, 4, 1, 0, 4, 0, 0, 1, 3, 4, 0, 2, 1, 1, 4, 4, 0, 3, 1, 1, 0, 3, 0, 0, 4, 3, 0, 0, 1, 4, 2, 4, 1, 4, 0, 0, 0, 3, 4, 0, 0, 2, 1, 0, 1, 1, 3, 2, 0, 0, 0, 2, 2, 0, 2, 2, 3, 4, 4, 3, 1, 4, 1, 2, 4, 1, 1, 0, 2, 1, 3, 3, 4, 4, 0, 4, 4, 0, 0, 0, 2, 4, 1, 0, 1, 0, 2, 2, 0, 1, 4, 4, 4, 1, 1, 1, 2, 1, 1, 2, 3, 0, 1, 1, 1, 2, 0, 2, 3, 0, 2, 2, 3, 4, 4, 3, 0, 4, 3, 1, 4, 1, 0, 2, 0, 2, 0, 0, 4, 0, 1, 2, 3, 1, 4, 1, 2, 4, 0, 3, 1, 1, 3, 0, 2, 0, 3, 1, 1, 1, 4, 4, 2, 2, 1, 3, 0, 2, 0, 1, 4, 4, 4, 2, 2, 4, 2, 1, 1, 0, 4, 1, 2, 1, 3, 0, 2, 0, 1, 1, 1, 1, 4, 3, 4, 1, 1, 4, 3, 0, 2, 2, 3, 4, 0, 2, 2, 4, 2, 3, 3, 4, 2, 3, 1, 0, 3, 2, 4, 3, 4, 2, 3, 3, 3, 0, 2, 3, 2, 1, 1, 2, 0, 2, 3, 1, 4, 1, 0, 3, 2, 2, 0, 1, 4, 0, 0, 0, 0, 3, 1, 1, 1, 3, 2, 4, 1, 4, 3, 3, 1, 0, 1, 4, 0, 4, 1, 3, 0, 4, 1, 2, 4, 0, 0, 3, 0, 3, 3, 2, 1, 4, 0, 3, 3, 0, 0, 4, 4, 2, 2, 2, 0, 1, 4, 4, 4, 2, 3, 4, 2, 2, 0, 4, 4, 0, 2, 1, 2, 0, 4, 2, 2, 1, 2, 3, 3, 4, 0, 3, 4, 1, 0, 1, 1, 2, 4, 2, 1, 1, 2, 1, 0, 0, 4, 1, 4, 1, 0, 1, 3, 1, 2, 3, 4, 2, 4, 4, 1, 2, 1, 0, 3, 4, 3, 4, 1, 1, 3, 0, 0, 4, 4, 2, 3, 0, 4, 4, 0, 1, 0, 0, 0, 0, 1, 4, 4, 4, 1, 2, 1, 3, 0, 0, 4, 2, 1, 1, 2, 2, 4, 1, 2, 1, 0, 3, 4, 4, 1, 1, 1, 2, 0, 3, 1, 1, 2, 1, 1, 0, 0, 0, 2, 1, 1, 1, 1, 4, 0, 2, 2, 2, 1, 4, 2, 1, 1, 0, 0, 1, 3, 4, 4, 4, 2, 2, 4, 2, 4, 2, 0, 4, 0, 1, 4, 1, 4, 1, 3, 0, 1, 3, 1, 1, 3, 4, 1, 1, 0, 4, 0, 0, 4, 4, 1, 3, 3, 3, 1, 1, 1, 2, 2, 0, 2, 3, 0, 4, 2, 4, 3, 4, 2, 1, 0, 0, 1, 3, 1, 1, 1, 1, 0, 1, 3, 1, 4, 4, 0, 2, 4, 1, 4, 2, 3, 3, 0, 0, 4, 4, 1, 2, 0, 3, 3, 3, 4, 3, 0, 0, 0, 0, 1, 0, 1, 1, 4, 1, 0, 0, 2, 1, 3, 3, 4, 0, 0, 1, 4, 3, 3, 3, 0, 4, 1, 4, 4, 2, 2, 4, 2, 4, 4, 1, 3, 4, 3, 2, 0, 2, 0, 4, 4, 0, 0, 4, 1, 2, 4, 2, 0, 1, 2, 3, 2, 3, 0, 3, 2, 3, 2, 1, 2, 3, 2, 1, 4, 3, 3, 0, 3, 1, 1, 0, 4, 2, 1, 2, 3, 3, 4, 1, 1, 1, 3, 1, 2, 2, 3, 2, 1, 2, 4, 4, 1, 1, 1, 0, 2, 2, 4, 2, 2, 1, 1, 4, 4, 1, 3, 1, 3, 0, 2, 4, 2, 1, 4, 2, 1, 2, 4, 1, 4, 0, 1, 0, 4, 3, 4, 3, 4, 0, 4, 4, 3, 3, 1, 0, 3, 0, 1, 4, 0, 4, 4, 0, 0, 1, 4, 2, 1, 4, 0, 4, 4, 1, 2, 4, 4, 1, 1, 3, 2, 4, 2, 2, 4, 3, 3, 1, 0, 2, 2, 3, 3, 2, 4, 1, 0, 0, 3, 0, 1, 1, 0, 2, 2, 3, 1, 2, 0, 1, 0, 4, 0, 2, 0, 0, 1, 1, 0, 1, 1, 1, 4, 4, 1, 2, 1, 4, 4, 4, 1, 0, 1, 4, 0, 3, 0, 1, 0, 1, 2, 1, 4, 4, 1, 4, 3, 4, 1, 1, 0, 0, 2, 1, 3, 2, 1, 3, 1, 2, 2, 2, 1, 4, 1, 4, 0, 3, 1, 3, 0, 2, 4, 2, 0, 2, 0, 1, 2, 0, 0, 0, 0, 0, 0, 4, 1, 2, 4, 1, 3, 1, 2, 0, 3, 0, 2, 3, 4, 2, 3, 3, 1, 0, 0, 0, 3, 0, 3, 4, 4, 1, 3, 1, 4, 3, 2, 1, 3, 4, 2, 4, 1, 0, 4, 4, 1, 2, 0, 1, 1, 1, 2, 3, 1, 1, 2, 3, 0, 3, 2, 4, 3, 2, 4, 4, 4, 3, 1, 3, 0, 0, 0, 1, 3, 4, 0, 0, 2, 1, 1, 1, 4, 3, 0, 0, 4, 0, 0, 3, 1, 0, 1, 2, 0, 1, 0, 1, 2, 1, 1, 0, 1, 4, 1, 1, 0, 1, 4, 0, 2, 0, 1, 1, 0, 0, 1, 4, 2, 1, 0, 0, 4, 0, 4, 1, 0, 0, 4, 3, 4, 1, 1, 0, 1, 0, 1, 4, 1, 2, 4, 2, 0, 4, 4, 3, 4, 4, 1, 2, 4, 1, 4, 0, 4, 1, 0, 4, 4, 3, 1, 4, 4, 4, 2, 0, 0, 2, 1, 2, 0, 4, 1, 4, 4, 4, 2, 0, 0, 4, 0, 1, 2, 3, 1, 4, 0, 3, 3, 0, 4, 3, 2, 0, 3, 3, 2, 0, 1, 4, 0, 4, 2, 4, 4, 0, 4, 4, 1, 1, 2, 4, 0, 2, 2, 3, 1, 4, 0, 1, 1, 0, 0, 2, 3, 1, 2, 0, 1, 0, 3, 4, 0, 4, 1, 1, 1, 2, 3, 4, 1, 4, 4, 2, 3, 3, 1, 3, 1, 0, 2, 4, 3, 4, 0, 1, 1, 3, 3, 1, 3, 2, 0, 3, 1, 1, 2, 4, 2, 0, 4, 2, 0, 2, 0, 4, 0, 4, 3, 2, 1, 0, 3, 0, 4, 0, 2, 4, 2, 2, 3, 4, 1, 2, 4, 2, 4, 2, 1, 0, 2, 4, 1, 1, 4, 4, 0, 1, 0, 2, 2, 4, 4, 0, 3, 4, 4, 1, 2, 0, 0, 2, 2, 0, 2, 1, 4, 0, 1, 1, 1, 4, 0, 1, 4, 0, 1, 4, 2, 4, 3, 0, 0, 4, 2, 2, 2, 1, 2, 1, 0, 0, 1, 2, 1, 1, 2, 0, 3, 0, 2, 4, 3, 0, 2, 3, 4, 3, 0, 4, 4, 4, 1, 1, 3, 4, 2, 3, 1, 1, 4, 3, 4, 0, 1, 4, 0, 3, 4, 3, 4, 1, 0, 4, 0, 3, 4, 4, 2, 4, 4, 0, 3, 4, 1, 1, 2, 3, 1, 0, 2, 1, 4, 2, 0, 3, 2, 3, 4, 0, 2, 2, 1, 1, 3, 0, 1, 2, 1, 2, 0, 0, 3, 2, 2, 1, 2, 3, 2, 1, 1, 4, 4, 0, 0, 0, 4, 4, 0, 2, 2, 1, 1, 0, 4, 0, 2, 1, 0, 4, 4, 1, 1, 4, 3, 0, 4, 3, 0, 1, 4, 4, 2, 4, 1, 0, 4, 2, 4, 4, 4, 1, 0, 4, 1, 1, 0, 4, 4, 4, 1, 1, 2, 4, 1, 0, 3, 0, 1, 1, 2, 1, 3, 2, 0, 0, 4, 4, 4, 4, 0, 1, 1, 1, 4, 0, 2, 1, 3, 0, 1, 0, 4, 4, 4, 1]

bins: [162.0, 2835886.0, 16168741.0, 37623143.00000001, 76501438.0, 760505847.0]

Most important rules
-----------------------------

---0---
rule9: 157.542 < num_voted_users < 97441.520
probabilities_array:[0.33810192 0.28257608 0.20207596 0.12873417 0.         0.04851186]

rule22: 781.984 < director_facebook_likes < 2816.665
probabilities_array:[0.28086907 0.05768801 0.15001985 0.28620738 0.         0.22521569]

rule6: 2003.267 < title_year < 2010.044
probabilities_array:[0.39421415 0.11187412 0.         0.00163067 0.         0.4922811 ]

rule8: num_voted_users < 157.542
probabilities_array:[0.43980053 0.         0.         0.         0.         0.56019944]

rule3: imdb_score > 7.222
probabilities_array:[0.28932208 0.22855565 0.         0.         0.1212322  0.36089   ]

rule16: num_user_for_reviews < 46.613
probabilities_array:[0.41098347 0.0017782  0.         0.         0.         0.5872384 ]

rule2: 6.490 < imdb_score < 7.222
probabilities_array:[0.2552466  0.04722036 0.         0.0419952  0.2973136  0.35822424]

rule12: num_critic_for_reviews < 75.257
probabilities_array:[0.34002507 0.12738055 0.         0.         0.         0.5325944 ]

rule49: -20574715.883 < budget < 41662938.862
probabilities_array:[0.15248461 0.30203056 0.30037388 0.16948318 0.         0.07562777]

rule7: title_year > 2010.044
probabilities_array:[0.29507104 0.         0.         0.03691166 0.05592325 0.61209404]

rule41: -5275.408 < movie_facebook_likes < 8877.386
probabilities_array:[0.268802   0.         0.         0.         0.13917513 0.5920229 ]

rule45: 94.542 < duration < 109.607
probabilities_array:[0.19547391 0.14859799 0.         0.00748396 0.14007989 0.5083643 ]

rule44: duration < 94.542
probabilities_array:[0.15827319 0.04294961 0.         0.01059374 0.21076196 0.5774215 ]

rule33: -537.414 < actor_3_facebook_likes < 745.597
probabilities_array:[0.1364485  0.06405973 0.         0.06050251 0.07071922 0.66827005]

rule1: 5.757 < imdb_score < 6.490
probabilities_array:[0.05706463 0.         0.20935827 0.13140781 0.30434367 0.29782563]


---1---
rule49: -20574715.883 < budget < 41662938.862
probabilities_array:[0.15248461 0.30203056 0.30037388 0.16948318 0.         0.07562777]

rule9: 157.542 < num_voted_users < 97441.520
probabilities_array:[0.33810192 0.28257608 0.20207596 0.12873417 0.         0.04851186]

rule17: 46.613 < num_user_for_reviews < 310.447
probabilities_array:[0.         0.2891063  0.24862386 0.18008704 0.0882047  0.19397815]

rule18: 310.447 < num_user_for_reviews < 574.280
probabilities_array:[0.         0.2313579  0.2889497  0.24127643 0.19270904 0.04570687]

rule14: 158.772 < num_critic_for_reviews < 242.287
probabilities_array:[0.00682129 0.2064416  0.22696719 0.16598882 0.25111625 0.14266485]

rule30: 1938.154 < actor_2_facebook_likes < 5068.082
probabilities_array:[0.         0.21828218 0.         0.19173895 0.2875881  0.30239078]

rule3: imdb_score > 7.222
probabilities_array:[0.28932208 0.22855565 0.         0.         0.1212322  0.36089   ]

rule0: imdb_score < 5.757
probabilities_array:[0.         0.15998435 0.3742204  0.18674277 0.15335423 0.12569827]

rule4: title_year < 1996.490
probabilities_array:[0.         0.08086151 0.1451432  0.22743039 0.45047563 0.09608926]

rule45: 94.542 < duration < 109.607
probabilities_array:[0.19547391 0.14859799 0.         0.00748396 0.14007989 0.5083643 ]

rule5: 1996.490 < title_year < 2003.267
probabilities_array:[0.0674773  0.17531416 0.07465832 0.04196419 0.0483129  0.59227306]

rule46: 109.607 < duration < 124.673
probabilities_array:[0.         0.10036027 0.10869425 0.16201374 0.22643404 0.40249768]

rule12: num_critic_for_reviews < 75.257
probabilities_array:[0.34002507 0.12738055 0.         0.         0.         0.5325944 ]

rule6: 2003.267 < title_year < 2010.044
probabilities_array:[0.39421415 0.11187412 0.         0.00163067 0.         0.4922811 ]

rule43: movie_facebook_likes > 23030.180
probabilities_array:[0.         0.09174281 0.         0.29299986 0.20745017 0.4078071 ]

rule27: actor_1_facebook_likes > 18996.233
probabilities_array:[0.07763583 0.12790313 0.         0.14702263 0.03454021 0.6128982 ]

rule22: 781.984 < director_facebook_likes < 2816.665
probabilities_array:[0.28086907 0.05768801 0.15001985 0.28620738 0.         0.22521569]


---2---
rule0: imdb_score < 5.757
probabilities_array:[0.         0.15998435 0.3742204  0.18674277 0.15335423 0.12569827]

rule49: -20574715.883 < budget < 41662938.862
probabilities_array:[0.15248461 0.30203056 0.30037388 0.16948318 0.         0.07562777]

rule18: 310.447 < num_user_for_reviews < 574.280
probabilities_array:[0.         0.2313579  0.2889497  0.24127643 0.19270904 0.04570687]

rule50: 41662938.862 < budget < 103900593.607
probabilities_array:[0.         0.         0.2838618  0.37510166 0.20817482 0.1328617 ]

rule17: 46.613 < num_user_for_reviews < 310.447
probabilities_array:[0.         0.2891063  0.24862386 0.18008704 0.0882047  0.19397815]

rule14: 158.772 < num_critic_for_reviews < 242.287
probabilities_array:[0.00682129 0.2064416  0.22696719 0.16598882 0.25111625 0.14266485]

rule9: 157.542 < num_voted_users < 97441.520
probabilities_array:[0.33810192 0.28257608 0.20207596 0.12873417 0.         0.04851186]

rule1: 5.757 < imdb_score < 6.490
probabilities_array:[0.05706463 0.         0.20935827 0.13140781 0.30434367 0.29782563]

rule10: 97441.520 < num_voted_users < 194725.498
probabilities_array:[0.         0.01136971 0.19856052 0.34134102 0.16387655 0.28485218]

rule42: 8877.386 < movie_facebook_likes < 23030.180
probabilities_array:[0.00816068 0.02004708 0.21977152 0.22531511 0.16179456 0.364911  ]

rule4: title_year < 1996.490
probabilities_array:[0.         0.08086151 0.1451432  0.22743039 0.45047563 0.09608926]

rule15: num_critic_for_reviews > 242.287
probabilities_array:[0.         0.00141947 0.20984326 0.175466   0.2297025  0.3835687 ]

rule22: 781.984 < director_facebook_likes < 2816.665
probabilities_array:[0.28086907 0.05768801 0.15001985 0.28620738 0.         0.22521569]

rule47: duration > 124.673
probabilities_array:[0.01511733 0.         0.17850494 0.18315928 0.16981263 0.45340574]

rule46: 109.607 < duration < 124.673
probabilities_array:[0.         0.10036027 0.10869425 0.16201374 0.22643404 0.40249768]

rule39: cast_total_facebook_likes > 24901.080
probabilities_array:[0.07076301 0.         0.15567388 0.         0.1775458  0.59601736]

rule34: 745.597 < actor_3_facebook_likes < 2028.608
probabilities_array:[0.         0.         0.10123685 0.24165459 0.24733566 0.40977287]

rule38: 11173.631 < cast_total_facebook_likes < 24901.080
probabilities_array:[0.01618291 0.04391609 0.13081256 0.06142806 0.17543334 0.572227  ]

rule19: num_user_for_reviews > 574.280
probabilities_array:[0.         0.         0.08098155 0.3281775  0.24119514 0.34964582]

rule13: 75.257 < num_critic_for_reviews < 158.772
probabilities_array:[0.         0.         0.08328502 0.23153658 0.18433198 0.5008464 ]


---3---
rule50: 41662938.862 < budget < 103900593.607
probabilities_array:[0.         0.         0.2838618  0.37510166 0.20817482 0.1328617 ]

rule10: 97441.520 < num_voted_users < 194725.498
probabilities_array:[0.         0.01136971 0.19856052 0.34134102 0.16387655 0.28485218]

rule18: 310.447 < num_user_for_reviews < 574.280
probabilities_array:[0.         0.2313579  0.2889497  0.24127643 0.19270904 0.04570687]

rule22: 781.984 < director_facebook_likes < 2816.665
probabilities_array:[0.28086907 0.05768801 0.15001985 0.28620738 0.         0.22521569]

rule19: num_user_for_reviews > 574.280
probabilities_array:[0.         0.         0.08098155 0.3281775  0.24119514 0.34964582]

rule4: title_year < 1996.490
probabilities_array:[0.         0.08086151 0.1451432  0.22743039 0.45047563 0.09608926]

rule43: movie_facebook_likes > 23030.180
probabilities_array:[0.         0.09174281 0.         0.29299986 0.20745017 0.4078071 ]

rule0: imdb_score < 5.757
probabilities_array:[0.         0.15998435 0.3742204  0.18674277 0.15335423 0.12569827]

rule49: -20574715.883 < budget < 41662938.862
probabilities_array:[0.15248461 0.30203056 0.30037388 0.16948318 0.         0.07562777]

rule17: 46.613 < num_user_for_reviews < 310.447
probabilities_array:[0.         0.2891063  0.24862386 0.18008704 0.0882047  0.19397815]

rule42: 8877.386 < movie_facebook_likes < 23030.180
probabilities_array:[0.00816068 0.02004708 0.21977152 0.22531511 0.16179456 0.364911  ]

rule34: 745.597 < actor_3_facebook_likes < 2028.608
probabilities_array:[0.         0.         0.10123685 0.24165459 0.24733566 0.40977287]

rule14: 158.772 < num_critic_for_reviews < 242.287
probabilities_array:[0.00682129 0.2064416  0.22696719 0.16598882 0.25111625 0.14266485]

rule30: 1938.154 < actor_2_facebook_likes < 5068.082
probabilities_array:[0.         0.21828218 0.         0.19173895 0.2875881  0.30239078]

rule9: 157.542 < num_voted_users < 97441.520
probabilities_array:[0.33810192 0.28257608 0.20207596 0.12873417 0.         0.04851186]

rule13: 75.257 < num_critic_for_reviews < 158.772
probabilities_array:[0.         0.         0.08328502 0.23153658 0.18433198 0.5008464 ]

rule15: num_critic_for_reviews > 242.287
probabilities_array:[0.         0.00141947 0.20984326 0.175466   0.2297025  0.3835687 ]

rule47: duration > 124.673
probabilities_array:[0.01511733 0.         0.17850494 0.18315928 0.16981263 0.45340574]

rule46: 109.607 < duration < 124.673
probabilities_array:[0.         0.10036027 0.10869425 0.16201374 0.22643404 0.40249768]

rule1: 5.757 < imdb_score < 6.490
probabilities_array:[0.05706463 0.         0.20935827 0.13140781 0.30434367 0.29782563]

rule21: -1252.697 < director_facebook_likes < 781.984
probabilities_array:[0.04005102 0.         0.         0.14382559 0.25829193 0.55783147]

rule27: actor_1_facebook_likes > 18996.233
probabilities_array:[0.07763583 0.12790313 0.         0.14702263 0.03454021 0.6128982 ]


---4---
rule4: title_year < 1996.490
probabilities_array:[0.         0.08086151 0.1451432  0.22743039 0.45047563 0.09608926]

rule14: 158.772 < num_critic_for_reviews < 242.287
probabilities_array:[0.00682129 0.2064416  0.22696719 0.16598882 0.25111625 0.14266485]

rule1: 5.757 < imdb_score < 6.490
probabilities_array:[0.05706463 0.         0.20935827 0.13140781 0.30434367 0.29782563]

rule30: 1938.154 < actor_2_facebook_likes < 5068.082
probabilities_array:[0.         0.21828218 0.         0.19173895 0.2875881  0.30239078]

rule2: 6.490 < imdb_score < 7.222
probabilities_array:[0.2552466  0.04722036 0.         0.0419952  0.2973136  0.35822424]

rule18: 310.447 < num_user_for_reviews < 574.280
probabilities_array:[0.         0.2313579  0.2889497  0.24127643 0.19270904 0.04570687]

rule50: 41662938.862 < budget < 103900593.607
probabilities_array:[0.         0.         0.2838618  0.37510166 0.20817482 0.1328617 ]

rule11: num_voted_users > 194725.498
probabilities_array:[0.         0.         0.         0.         0.39997312 0.6000269 ]

rule19: num_user_for_reviews > 574.280
probabilities_array:[0.         0.         0.08098155 0.3281775  0.24119514 0.34964582]

rule34: 745.597 < actor_3_facebook_likes < 2028.608
probabilities_array:[0.         0.         0.10123685 0.24165459 0.24733566 0.40977287]

rule15: num_critic_for_reviews > 242.287
probabilities_array:[0.         0.00141947 0.20984326 0.175466   0.2297025  0.3835687 ]

rule46: 109.607 < duration < 124.673
probabilities_array:[0.         0.10036027 0.10869425 0.16201374 0.22643404 0.40249768]

rule0: imdb_score < 5.757
probabilities_array:[0.         0.15998435 0.3742204  0.18674277 0.15335423 0.12569827]

rule35: actor_3_facebook_likes > 2028.608
probabilities_array:[0.         0.         0.         0.         0.36196136 0.63803864]

rule51: budget > 103900593.607
probabilities_array:[0.         0.         0.         0.         0.3603346  0.63966537]

rule43: movie_facebook_likes > 23030.180
probabilities_array:[0.         0.09174281 0.         0.29299986 0.20745017 0.4078071 ]

rule23: director_facebook_likes > 2816.665
probabilities_array:[0.         0.06819277 0.02782554 0.         0.30188498 0.6020967 ]

rule10: 97441.520 < num_voted_users < 194725.498
probabilities_array:[0.         0.01136971 0.19856052 0.34134102 0.16387655 0.28485218]

rule21: -1252.697 < director_facebook_likes < 781.984
probabilities_array:[0.04005102 0.         0.         0.14382559 0.25829193 0.55783147]

rule42: 8877.386 < movie_facebook_likes < 23030.180
probabilities_array:[0.00816068 0.02004708 0.21977152 0.22531511 0.16179456 0.364911  ]

rule47: duration > 124.673
probabilities_array:[0.01511733 0.         0.17850494 0.18315928 0.16981263 0.45340574]

rule13: 75.257 < num_critic_for_reviews < 158.772
probabilities_array:[0.         0.         0.08328502 0.23153658 0.18433198 0.5008464 ]

rule26: 7562.292 < actor_1_facebook_likes < 18996.233
probabilities_array:[0.01460748 0.         0.         0.10432988 0.24710193 0.6339607 ]

rule44: duration < 94.542
probabilities_array:[0.15827319 0.04294961 0.         0.01059374 0.21076196 0.5774215 ]

rule3: imdb_score > 7.222
probabilities_array:[0.28932208 0.22855565 0.         0.         0.1212322  0.36089   ]

rule38: 11173.631 < cast_total_facebook_likes < 24901.080
probabilities_array:[0.01618291 0.04391609 0.13081256 0.06142806 0.17543334 0.572227  ]

rule39: cast_total_facebook_likes > 24901.080
probabilities_array:[0.07076301 0.         0.15567388 0.         0.1775458  0.59601736]

rule17: 46.613 < num_user_for_reviews < 310.447
probabilities_array:[0.         0.2891063  0.24862386 0.18008704 0.0882047  0.19397815]

rule31: actor_2_facebook_likes > 5068.082
probabilities_array:[0.         0.         0.         0.         0.26644275 0.7335573 ]

rule45: 94.542 < duration < 109.607
probabilities_array:[0.19547391 0.14859799 0.         0.00748396 0.14007989 0.5083643 ]

rule41: -5275.408 < movie_facebook_likes < 8877.386
probabilities_array:[0.268802   0.         0.         0.         0.13917513 0.5920229 ]

rule37: -2553.818 < cast_total_facebook_likes < 11173.631
probabilities_array:[0.07931142 0.0253098  0.         0.04571554 0.174299   0.67536426]

rule25: -3871.650 < actor_1_facebook_likes < 7562.292
probabilities_array:[0.06320177 0.         0.         0.00097004 0.18441415 0.751414  ]

