R2: 0.6406081795312187

MAE: 0.001060981691091987

MSE: 1.9846849448518693e-06

Accuracy: 0.45526902260426616

F1: 0.3710383628361791

Confusion Matrix: [[260, 45, 138, 23, 0, 0], [131, 53, 205, 40, 0, 1], [101, 46, 359, 158, 0, 3], [19, 5, 135, 612, 11, 72], [1, 2, 14, 294, 5, 68], [0, 0, 7, 183, 9, 141]]

Uncertainties: {'class0': [0.012672251090407372, 0.04192790016531944, 0.055232759565114975, 0.12460601329803467, 0.12471504509449005], 'class1': [0.012672251090407372, 0.04192790016531944, 0.04430780187249184, 0.055232759565114975, 0.12460601329803467], 'class2': [0.0003522536426316947, 0.012672251090407372, 0.04192790016531944, 0.04430780187249184, 0.055232759565114975], 'class3': [0.0003522536426316947, 0.012672251090407372, 0.02919209748506546, 0.04192790016531944, 0.04430780187249184], 'class4': [0.0003522536426316947, 0.02919209748506546, 0.04192790016531944, 0.04430780187249184, 0.055232759565114975], 'class5': [0.0003522536426316947, 0.02919209748506546, 0.04430780187249184, 0.055232759565114975, 0.12460601329803467], 'class6': [], 'class7': []}

Most important rules
-----------------------------

---0---
rule0: climbRate < -3.620
probabilities_array:[0.34546137 0.33650258 0.25696537 0.04839839 0.         0.
 0.         0.         0.01267225]

rule1: -3.620 < climbRate < -0.311
probabilities_array:[0.2863519  0.30199108 0.2468446  0.08099189 0.04189263 0.
 0.         0.         0.0419279 ]

rule16: diffClb < -0.119
probabilities_array:[0.43713972 0.17711358 0.         0.         0.         0.
 0.         0.         0.38574672]

rule23: diffDiffClb = 0.0
probabilities_array:[0.22608244 0.16729484 0.12018396 0.1016432  0.15404782 0.17551494
 0.         0.         0.05523276]

rule9: -0.004 < RollRate < 0.000
probabilities_array:[0.24137363 0.23563056 0.16235436 0.02173571 0.         0.01451012
 0.         0.         0.32439563]

rule6: -12.489 < Altitude < 4.642
probabilities_array:[0.17224959 0.10313682 0.17839858 0.20032415 0.09819143 0.12309343
 0.         0.         0.12460601]

rule10: 0.000 < RollRate < 0.004
probabilities_array:[0.1694767  0.20013097 0.11432683 0.12376356 0.11859475 0.14899221
 0.         0.         0.12471505]

rule5: -29.620 < Altitude < -12.489
probabilities_array:[0.17911212 0.09969108 0.20504701 0.16473863 0.096573   0.07797496
 0.         0.         0.1768631 ]

rule8: RollRate < -0.004
probabilities_array:[0.19468097 0.18258409 0.30759722 0.04571047 0.         0.
 0.         0.         0.26942724]

rule12: curRoll < -0.009
probabilities_array:[0.15769775 0.14553145 0.19470358 0.18011832 0.07962119 0.09224363
 0.         0.         0.1500841 ]

rule15: curRoll > 0.012
probabilities_array:[0.14738773 0.12332033 0.18487099 0.21476316 0.0345303  0.0640936
 0.         0.         0.23103395]

rule4: Altitude < -29.620
probabilities_array:[0.17033713 0.00307779 0.1553623  0.27863577 0.         0.
 0.         0.         0.39258698]

rule7: Altitude > 4.642
probabilities_array:[0.12948652 0.01436522 0.23639473 0.25537226 0.02519234 0.06761754
 0.         0.         0.27157137]

rule14: 0.001 < curRoll < 0.012
probabilities_array:[0.11885919 0.09330592 0.23644471 0.19115828 0.0664053  0.01341436
 0.         0.         0.2804123 ]


---1---
rule0: climbRate < -3.620
probabilities_array:[0.34546137 0.33650258 0.25696537 0.04839839 0.         0.
 0.         0.         0.01267225]

rule1: -3.620 < climbRate < -0.311
probabilities_array:[0.2863519  0.30199108 0.2468446  0.08099189 0.04189263 0.
 0.         0.         0.0419279 ]

rule17: -0.119 < diffClb < -0.000
probabilities_array:[0.02955073 0.32224664 0.3100256  0.1594339  0.01355853 0.
 0.         0.         0.16518465]

rule10: 0.000 < RollRate < 0.004
probabilities_array:[0.1694767  0.20013097 0.11432683 0.12376356 0.11859475 0.14899221
 0.         0.         0.12471505]

rule9: -0.004 < RollRate < 0.000
probabilities_array:[0.24137363 0.23563056 0.16235436 0.02173571 0.         0.01451012
 0.         0.         0.32439563]

rule23: diffDiffClb = 0.0
probabilities_array:[0.22608244 0.16729484 0.12018396 0.1016432  0.15404782 0.17551494
 0.         0.         0.05523276]

rule8: RollRate < -0.004
probabilities_array:[0.19468097 0.18258409 0.30759722 0.04571047 0.         0.
 0.         0.         0.26942724]

rule12: curRoll < -0.009
probabilities_array:[0.15769775 0.14553145 0.19470358 0.18011832 0.07962119 0.09224363
 0.         0.         0.1500841 ]

rule16: diffClb < -0.119
probabilities_array:[0.43713972 0.17711358 0.         0.         0.         0.
 0.         0.         0.38574672]

rule15: curRoll > 0.012
probabilities_array:[0.14738773 0.12332033 0.18487099 0.21476316 0.0345303  0.0640936
 0.         0.         0.23103395]

rule6: -12.489 < Altitude < 4.642
probabilities_array:[0.17224959 0.10313682 0.17839858 0.20032415 0.09819143 0.12309343
 0.         0.         0.12460601]

rule5: -29.620 < Altitude < -12.489
probabilities_array:[0.17911212 0.09969108 0.20504701 0.16473863 0.096573   0.07797496
 0.         0.         0.1768631 ]

rule18: -0.000 < diffClb < 0.119
probabilities_array:[0.         0.08427577 0.13404529 0.29783654 0.31214926 0.12738541
 0.         0.         0.0443078 ]

rule14: 0.001 < curRoll < 0.012
probabilities_array:[0.11885919 0.09330592 0.23644471 0.19115828 0.0664053  0.01341436
 0.         0.         0.2804123 ]


---2---
rule17: -0.119 < diffClb < -0.000
probabilities_array:[0.02955073 0.32224664 0.3100256  0.1594339  0.01355853 0.
 0.         0.         0.16518465]

rule0: climbRate < -3.620
probabilities_array:[0.34546137 0.33650258 0.25696537 0.04839839 0.         0.
 0.         0.         0.01267225]

rule1: -3.620 < climbRate < -0.311
probabilities_array:[0.2863519  0.30199108 0.2468446  0.08099189 0.04189263 0.
 0.         0.         0.0419279 ]

rule8: RollRate < -0.004
probabilities_array:[0.19468097 0.18258409 0.30759722 0.04571047 0.         0.
 0.         0.         0.26942724]

rule7: Altitude > 4.642
probabilities_array:[0.12948652 0.01436522 0.23639473 0.25537226 0.02519234 0.06761754
 0.         0.         0.27157137]

rule14: 0.001 < curRoll < 0.012
probabilities_array:[0.11885919 0.09330592 0.23644471 0.19115828 0.0664053  0.01341436
 0.         0.         0.2804123 ]

rule5: -29.620 < Altitude < -12.489
probabilities_array:[0.17911212 0.09969108 0.20504701 0.16473863 0.096573   0.07797496
 0.         0.         0.1768631 ]

rule12: curRoll < -0.009
probabilities_array:[0.15769775 0.14553145 0.19470358 0.18011832 0.07962119 0.09224363
 0.         0.         0.1500841 ]

rule6: -12.489 < Altitude < 4.642
probabilities_array:[0.17224959 0.10313682 0.17839858 0.20032415 0.09819143 0.12309343
 0.         0.         0.12460601]

rule15: curRoll > 0.012
probabilities_array:[0.14738773 0.12332033 0.18487099 0.21476316 0.0345303  0.0640936
 0.         0.         0.23103395]

rule18: -0.000 < diffClb < 0.119
probabilities_array:[0.         0.08427577 0.13404529 0.29783654 0.31214926 0.12738541
 0.         0.         0.0443078 ]

rule2: -0.311 < climbRate < 2.998
probabilities_array:[0.00077963 0.         0.15180418 0.29178336 0.26327342 0.12260981
 0.         0.         0.16974963]

rule23: diffDiffClb = 0.0
probabilities_array:[0.22608244 0.16729484 0.12018396 0.1016432  0.15404782 0.17551494
 0.         0.         0.05523276]

rule9: -0.004 < RollRate < 0.000
probabilities_array:[0.24137363 0.23563056 0.16235436 0.02173571 0.         0.01451012
 0.         0.         0.32439563]

rule10: 0.000 < RollRate < 0.004
probabilities_array:[0.1694767  0.20013097 0.11432683 0.12376356 0.11859475 0.14899221
 0.         0.         0.12471505]

rule4: Altitude < -29.620
probabilities_array:[0.17033713 0.00307779 0.1553623  0.27863577 0.         0.
 0.         0.         0.39258698]

rule13: -0.009 < curRoll < 0.001
probabilities_array:[0.06024808 0.         0.1478823  0.29810038 0.         0.07086051
 0.         0.         0.42290872]

rule19: diffClb > 0.119
probabilities_array:[0.0000000e+00 2.9424776e-03 4.8638586e-02 2.0777687e-01 3.3109945e-01
 4.0919036e-01 0.0000000e+00 0.0000000e+00 3.5225364e-04]


---3---
rule18: -0.000 < diffClb < 0.119
probabilities_array:[0.         0.08427577 0.13404529 0.29783654 0.31214926 0.12738541
 0.         0.         0.0443078 ]

rule3: climbRate > 2.998
probabilities_array:[0.         0.         0.04090499 0.2512266  0.32420745 0.3544689
 0.         0.         0.0291921 ]

rule2: -0.311 < climbRate < 2.998
probabilities_array:[0.00077963 0.         0.15180418 0.29178336 0.26327342 0.12260981
 0.         0.         0.16974963]

rule11: RollRate > 0.004
probabilities_array:[0.         0.         0.         0.28764126 0.28165713 0.16915596
 0.         0.         0.26154572]

rule19: diffClb > 0.119
probabilities_array:[0.0000000e+00 2.9424776e-03 4.8638586e-02 2.0777687e-01 3.3109945e-01
 4.0919036e-01 0.0000000e+00 0.0000000e+00 3.5225364e-04]

rule7: Altitude > 4.642
probabilities_array:[0.12948652 0.01436522 0.23639473 0.25537226 0.02519234 0.06761754
 0.         0.         0.27157137]

rule6: -12.489 < Altitude < 4.642
probabilities_array:[0.17224959 0.10313682 0.17839858 0.20032415 0.09819143 0.12309343
 0.         0.         0.12460601]

rule13: -0.009 < curRoll < 0.001
probabilities_array:[0.06024808 0.         0.1478823  0.29810038 0.         0.07086051
 0.         0.         0.42290872]

rule4: Altitude < -29.620
probabilities_array:[0.17033713 0.00307779 0.1553623  0.27863577 0.         0.
 0.         0.         0.39258698]

rule15: curRoll > 0.012
probabilities_array:[0.14738773 0.12332033 0.18487099 0.21476316 0.0345303  0.0640936
 0.         0.         0.23103395]

rule12: curRoll < -0.009
probabilities_array:[0.15769775 0.14553145 0.19470358 0.18011832 0.07962119 0.09224363
 0.         0.         0.1500841 ]

rule14: 0.001 < curRoll < 0.012
probabilities_array:[0.11885919 0.09330592 0.23644471 0.19115828 0.0664053  0.01341436
 0.         0.         0.2804123 ]

rule5: -29.620 < Altitude < -12.489
probabilities_array:[0.17911212 0.09969108 0.20504701 0.16473863 0.096573   0.07797496
 0.         0.         0.1768631 ]

rule17: -0.119 < diffClb < -0.000
probabilities_array:[0.02955073 0.32224664 0.3100256  0.1594339  0.01355853 0.
 0.         0.         0.16518465]

rule10: 0.000 < RollRate < 0.004
probabilities_array:[0.1694767  0.20013097 0.11432683 0.12376356 0.11859475 0.14899221
 0.         0.         0.12471505]

rule23: diffDiffClb = 0.0
probabilities_array:[0.22608244 0.16729484 0.12018396 0.1016432  0.15404782 0.17551494
 0.         0.         0.05523276]

rule1: -3.620 < climbRate < -0.311
probabilities_array:[0.2863519  0.30199108 0.2468446  0.08099189 0.04189263 0.
 0.         0.         0.0419279 ]

rule0: climbRate < -3.620
probabilities_array:[0.34546137 0.33650258 0.25696537 0.04839839 0.         0.
 0.         0.         0.01267225]


---4---
rule19: diffClb > 0.119
probabilities_array:[0.0000000e+00 2.9424776e-03 4.8638586e-02 2.0777687e-01 3.3109945e-01
 4.0919036e-01 0.0000000e+00 0.0000000e+00 3.5225364e-04]

rule3: climbRate > 2.998
probabilities_array:[0.         0.         0.04090499 0.2512266  0.32420745 0.3544689
 0.         0.         0.0291921 ]

rule18: -0.000 < diffClb < 0.119
probabilities_array:[0.         0.08427577 0.13404529 0.29783654 0.31214926 0.12738541
 0.         0.         0.0443078 ]

rule2: -0.311 < climbRate < 2.998
probabilities_array:[0.00077963 0.         0.15180418 0.29178336 0.26327342 0.12260981
 0.         0.         0.16974963]

rule11: RollRate > 0.004
probabilities_array:[0.         0.         0.         0.28764126 0.28165713 0.16915596
 0.         0.         0.26154572]

rule23: diffDiffClb = 0.0
probabilities_array:[0.22608244 0.16729484 0.12018396 0.1016432  0.15404782 0.17551494
 0.         0.         0.05523276]

rule10: 0.000 < RollRate < 0.004
probabilities_array:[0.1694767  0.20013097 0.11432683 0.12376356 0.11859475 0.14899221
 0.         0.         0.12471505]

rule6: -12.489 < Altitude < 4.642
probabilities_array:[0.17224959 0.10313682 0.17839858 0.20032415 0.09819143 0.12309343
 0.         0.         0.12460601]

rule5: -29.620 < Altitude < -12.489
probabilities_array:[0.17911212 0.09969108 0.20504701 0.16473863 0.096573   0.07797496
 0.         0.         0.1768631 ]

rule12: curRoll < -0.009
probabilities_array:[0.15769775 0.14553145 0.19470358 0.18011832 0.07962119 0.09224363
 0.         0.         0.1500841 ]

rule14: 0.001 < curRoll < 0.012
probabilities_array:[0.11885919 0.09330592 0.23644471 0.19115828 0.0664053  0.01341436
 0.         0.         0.2804123 ]

rule1: -3.620 < climbRate < -0.311
probabilities_array:[0.2863519  0.30199108 0.2468446  0.08099189 0.04189263 0.
 0.         0.         0.0419279 ]


---5---
rule19: diffClb > 0.119
probabilities_array:[0.0000000e+00 2.9424776e-03 4.8638586e-02 2.0777687e-01 3.3109945e-01
 4.0919036e-01 0.0000000e+00 0.0000000e+00 3.5225364e-04]

rule3: climbRate > 2.998
probabilities_array:[0.         0.         0.04090499 0.2512266  0.32420745 0.3544689
 0.         0.         0.0291921 ]

rule23: diffDiffClb = 0.0
probabilities_array:[0.22608244 0.16729484 0.12018396 0.1016432  0.15404782 0.17551494
 0.         0.         0.05523276]

rule10: 0.000 < RollRate < 0.004
probabilities_array:[0.1694767  0.20013097 0.11432683 0.12376356 0.11859475 0.14899221
 0.         0.         0.12471505]

rule11: RollRate > 0.004
probabilities_array:[0.         0.         0.         0.28764126 0.28165713 0.16915596
 0.         0.         0.26154572]

rule18: -0.000 < diffClb < 0.119
probabilities_array:[0.         0.08427577 0.13404529 0.29783654 0.31214926 0.12738541
 0.         0.         0.0443078 ]

rule6: -12.489 < Altitude < 4.642
probabilities_array:[0.17224959 0.10313682 0.17839858 0.20032415 0.09819143 0.12309343
 0.         0.         0.12460601]

rule2: -0.311 < climbRate < 2.998
probabilities_array:[0.00077963 0.         0.15180418 0.29178336 0.26327342 0.12260981
 0.         0.         0.16974963]

rule12: curRoll < -0.009
probabilities_array:[0.15769775 0.14553145 0.19470358 0.18011832 0.07962119 0.09224363
 0.         0.         0.1500841 ]

rule5: -29.620 < Altitude < -12.489
probabilities_array:[0.17911212 0.09969108 0.20504701 0.16473863 0.096573   0.07797496
 0.         0.         0.1768631 ]

rule15: curRoll > 0.012
probabilities_array:[0.14738773 0.12332033 0.18487099 0.21476316 0.0345303  0.0640936
 0.         0.         0.23103395]

rule7: Altitude > 4.642
probabilities_array:[0.12948652 0.01436522 0.23639473 0.25537226 0.02519234 0.06761754
 0.         0.         0.27157137]

rule13: -0.009 < curRoll < 0.001
probabilities_array:[0.06024808 0.         0.1478823  0.29810038 0.         0.07086051
 0.         0.         0.42290872]


---6---

---7---
