MSE: 2432882379309906.5

Accuracy: 0.27239621267297887

F1: 0.2528990408945575

Confusion Matrix: [[93, 29, 14, 4, 2, 6, 2, 1, 3, 3], [51, 36, 18, 14, 10, 3, 2, 2, 2, 2], [20, 31, 34, 15, 9, 13, 7, 6, 4, 2], [19, 17, 17, 26, 11, 12, 3, 3, 1, 6], [14, 13, 10, 30, 19, 11, 13, 8, 11, 5], [10, 9, 16, 22, 12, 17, 11, 12, 12, 7], [10, 15, 10, 22, 18, 17, 9, 9, 17, 11], [2, 6, 16, 13, 16, 18, 10, 15, 33, 18], [4, 5, 6, 7, 11, 17, 9, 19, 43, 27], [1, 4, 2, 0, 3, 2, 2, 3, 26, 82]]

Uncertainties: {'class0': [0.014056511223316193, 0.01989760249853134, 0.10230360925197601, 0.12678027153015137, 0.18943819403648376], 'class1': [0.014056511223316193, 0.01989760249853134, 0.04403190314769745, 0.06204918771982193, 0.12678027153015137], 'class2': [0.014056511223316193, 0.015033171512186527, 0.01989760249853134, 0.04403190314769745, 0.06204918771982193], 'class3': [0.014056511223316193, 0.015033171512186527, 0.01989760249853134, 0.03858271613717079, 0.04403190314769745], 'class4': [0.014056511223316193, 0.015033171512186527, 0.01989760249853134, 0.03858271613717079, 0.04403190314769745], 'class5': [0.014056511223316193, 0.015033171512186527, 0.01989760249853134, 0.03858271613717079, 0.04403190314769745], 'class6': [0.014056511223316193, 0.015033171512186527, 0.01989760249853134, 0.03858271613717079, 0.04403190314769745], 'class7': [0.015033171512186527, 0.01989760249853134, 0.03858271613717079, 0.04403190314769745, 0.044185955077409744], 'class8': [0.015033171512186527, 0.03858271613717079, 0.04403190314769745, 0.044185955077409744, 0.06204918771982193], 'class9': [0.015033171512186527, 0.03858271613717079, 0.04403190314769745, 0.044185955077409744, 0.10230360925197601]}

y_test: [54700065.0, 39825798.0, 402820.0, 106369117.0, 3076425.0, 93375151.0, 145771527.0, 75727.0, 108706165.0, 7267324.0, 4398392.0, 30523568.0, 16377274.0, 7918283.0, 268488329.0, 82389560.0, 4946250.0, 46978995.0, 1141829.0, 173381405.0, 57362581.0, 4584.0, 11835.0, 60400856.0, 35024475.0, 20627372.0, 40905277.0, 27736779.0, 36385763.0, 84518155.0, 49002815.0, 137340146.0, 542860.0, 81593527.0, 4771000.0, 102981571.0, 1309849.0, 13920741.0, 14793904.0, 16118077.0, 403706375.0, 36665854.0, 1060591.0, 11634362.0, 58214.0, 15500000.0, 26003149.0, 9402410.0, 2276368.0, 100446895.0, 4291965.0, 80150343.0, 43818159.0, 18663911.0, 116593191.0, 36833473.0, 466702.0, 1200000.0, 229094.0, 243768.0, 119219978.0, 163947053.0, 35927406.0, 32645546.0, 26871.0, 71904.0, 7757130.0, 27457409.0, 22451.0, 183132370.0, 279282.0, 31662.0, 179020854.0, 3100650.0, 76137505.0, 148213377.0, 46363118.0, 34290142.0, 75573300.0, 64148.0, 150350192.0, 3273588.0, 75274748.0, 33864342.0, 28014536.0, 16969390.0, 1046166.0, 47000000.0, 116643346.0, 20400913.0, 5900000.0, 190562.0, 22202612.0, 223615.0, 1939441.0, 52320979.0, 66950483.0, 100685880.0, 10105505.0, 53846915.0, 131144183.0, 6719300.0, 80021740.0, 102678089.0, 60057639.0, 454255.0, 2283276.0, 10996440.0, 9059588.0, 13750556.0, 145540.0, 4693919.0, 36733909.0, 17411331.0, 16779636.0, 19693891.0, 42880.0, 6157157.0, 30859000.0, 2412045.0, 21283440.0, 21564616.0, 14000000.0, 10965209.0, 6301131.0, 217387997.0, 18996755.0, 176387405.0, 14334645.0, 9166863.0, 578527.0, 32051917.0, 7219578.0, 2975649.0, 703002.0, 135014968.0, 4556.0, 72601713.0, 13008928.0, 43060566.0, 50024083.0, 4914.0, 66862068.0, 45500797.0, 26539321.0, 7455447.0, 105807520.0, 117698894.0, 568695.0, 33201661.0, 49968653.0, 60008303.0, 44566004.0, 57750000.0, 75817994.0, 134218018.0, 96917897.0, 12626905.0, 62318875.0, 377420.0, 41609593.0, 1221261.0, 2712293.0, 32095318.0, 15091542.0, 317011114.0, 20991497.0, 9950.0, 12549485.0, 126203320.0, 20550712.0, 10134754.0, 54000000.0, 23618786.0, 138795342.0, 49122319.0, 3049135.0, 13060843.0, 52937130.0, 28133159.0, 4835968.0, 163192114.0, 7204138.0, 1000000.0, 1071240.0, 60874615.0, 77862546.0, 55942830.0, 3034181.0, 57262492.0, 19097994.0, 19819494.0, 150315155.0, 20772796.0, 124494.0, 46451.0, 336530303.0, 83640426.0, 65500000.0, 14821531.0, 119793567.0, 17843379.0, 62700000.0, 28563926.0, 3278611.0, 10139254.0, 3219029.0, 6739141.0, 242589580.0, 3000000.0, 65012000.0, 11632420.0, 123777.0, 121972.0, 400736600.0, 25000000.0, 37788228.0, 10494147.0, 84961.0, 395592.0, 44484065.0, 62480.0, 15408822.0, 46875468.0, 26616590.0, 533316061.0, 4250320.0, 40168080.0, 2694973.0, 20285518.0, 13214255.0, 60443237.0, 18252684.0, 7496522.0, 22294341.0, 11034436.0, 7097125.0, 33598.0, 78747585.0, 86930411.0, 4581222.0, 8406264.0, 828.0, 37566230.0, 15278.0, 3151130.0, 15062898.0, 74608545.0, 82931301.0, 133228348.0, 2000000.0, 128486.0, 23000.0, 91547205.0, 20803237.0, 9396487.0, 228430993.0, 31973840.0, 4651977.0, 6857096.0, 176997107.0, 1028658.0, 187991439.0, 447093.0, 35794166.0, 25003072.0, 108662.0, 10411980.0, 33000000.0, 9821335.0, 115802596.0, 11854694.0, 33583175.0, 3799339.0, 52885587.0, 37188667.0, 128505958.0, 130127620.0, 96793.0, 6563357.0, 52691009.0, 4301331.0, 12831121.0, 258113.0, 1282084.0, 35007180.0, 1512815.0, 39532308.0, 7871693.0, 41102171.0, 33386128.0, 198332128.0, 1260917.0, 21197315.0, 1984743.0, 30050028.0, 8044906.0, 37721949.0, 77032279.0, 10049886.0, 18761993.0, 50150619.0, 81517441.0, 99462.0, 89296573.0, 14218868.0, 190871240.0, 145118.0, 103812241.0, 191616238.0, 39514713.0, 2221809.0, 112703470.0, 5005.0, 1027749.0, 6755271.0, 101217900.0, 120620.0, 3517797.0, 1292119.0, 671240.0, 49185998.0, 63992328.0, 120523073.0, 71277420.0, 69951824.0, 24127895.0, 61644321.0, 25359200.0, 52700832.0, 121468960.0, 41482207.0, 3108216.0, 53146000.0, 8596914.0, 83348920.0, 6923891.0, 201573391.0, 53082743.0, 502028.0, 5283379.0, 217326336.0, 58607007.0, 38119483.0, 39737645.0, 66734992.0, 3335839.0, 179982968.0, 41997790.0, 47852604.0, 79948113.0, 31836745.0, 48856.0, 24792061.0, 5881504.0, 2201412.0, 334658.0, 10200000.0, 37738400.0, 7060876.0, 753501.0, 4394936.0, 6002756.0, 11642254.0, 305388685.0, 548712.0, 60072596.0, 36696761.0, 45489752.0, 28927720.0, 39177541.0, 1089445.0, 31607598.0, 22843047.0, 76400000.0, 197992827.0, 14998070.0, 34700000.0, 72077000.0, 59699513.0, 75072454.0, 82301521.0, 93607673.0, 190666.0, 100125340.0, 19184015.0, 4443403.0, 296665.0, 23947.0, 13493.0, 31487293.0, 6565495.0, 54322273.0, 5018450.0, 766487.0, 1900725.0, 64998368.0, 130727000.0, 27689474.0, 464126.0, 50213619.0, 52799004.0, 182204440.0, 17100000.0, 10400000.0, 1094998.0, 24881000.0, 39440655.0, 12712093.0, 231186.0, 334185206.0, 3650677.0, 25842000.0, 60491560.0, 19719930.0, 336467.0, 60786269.0, 1075288.0, 76806312.0, 6013.0, 5400000.0, 68218041.0, 24848292.0, 34014398.0, 43337279.0, 112000000.0, 39778599.0, 39989008.0, 4829497.0, 4884663.0, 10018.0, 26903709.0, 10824921.0, 17605861.0, 25863915.0, 68642452.0, 2344847.0, 11466088.0, 2483955.0, 665426.0, 43247140.0, 165230261.0, 32453345.0, 34522221.0, 28772222.0, 78009155.0, 3014541.0, 14337579.0, 182618434.0, 83299761.0, 73661010.0, 978908.0, 55210049.0, 2203641.0, 30920167.0, 6543194.0, 247740.0, 18967571.0, 23324666.0, 34468224.0, 12947763.0, 8786715.0, 5725.0, 2964.0, 79363785.0, 513836.0, 104374107.0, 52293982.0, 16671505.0, 11900000.0, 95001343.0, 124976634.0, 476270.0, 34151.0, 4476235.0, 795126.0, 100292856.0, 6114237.0, 131175.0, 706622.0, 26536120.0, 992238.0, 1316074.0, 105263257.0, 64933670.0, 7518876.0, 3029081.0, 94125426.0, 59735548.0, 7059537.0, 121248145.0, 5000000.0, 8579684.0, 92115211.0, 39825798.0, 145000989.0, 84689.0, 1001437.0, 24629916.0, 122512052.0, 38413606.0, 83813460.0, 227965690.0, 4046737.0, 7556708.0, 13903262.0, 1752214.0, 2843.0, 9190525.0, 18225165.0, 144512310.0, 676698.0, 25592632.0, 13558739.0, 55682070.0, 322157.0, 56729973.0, 6420319.0, 42672630.0, 5949693.0, 6390032.0, 202351611.0, 51317350.0, 31704416.0, 17474107.0, 77264926.0, 118099659.0, 47124400.0, 17750583.0, 5000000.0, 92969824.0, 1043487.0, 7382993.0, 33631221.0, 183088.0, 56715371.0, 31397498.0, 7458269.0, 1339152.0, 84263837.0, 8586376.0, 6491350.0, 119412921.0, 17536788.0, 132541238.0, 93452056.0, 26435.0, 32701088.0, 104632573.0, 18306166.0, 410241.0, 31990064.0, 38105077.0, 1477002.0, 26421314.0, 53245055.0, 750100.0, 200807262.0, 673780.0, 4357000.0, 23993605.0, 1330827.0, 4170647.0, 540085.0, 52474616.0, 43982842.0, 3275443.0, 11501093.0, 63910583.0, 3105269.0, 4234040.0, 63695760.0, 15911333.0, 9910.0, 22466994.0, 1007535.0, 50041732.0, 17797316.0, 410388.0, 113165635.0, 26494611.0, 9525276.0, 10214013.0, 2181290.0, 14448589.0, 30093107.0, 138396624.0, 78800000.0, 17439163.0, 45089048.0, 60984028.0, 14946229.0, 16501785.0, 5308553.0, 35799026.0, 306124059.0, 3275585.0, 8460995.0, 56505065.0, 12899702.0, 47285499.0, 43095600.0, 66002004.0, 49874933.0, 52580895.0, 137748063.0, 5409517.0, 16252765.0, 29655590.0, 18434.0, 20733485.0, 22331028.0, 38543473.0, 83574831.0, 56724080.0, 176636816.0, 27779888.0, 5990075.0, 3478.0, 62321039.0, 617228.0, 53991137.0, 20101861.0, 141614023.0, 22531698.0, 36965395.0, 4958.0, 85222.0, 5654777.0, 16027866.0, 9203192.0, 402076689.0, 712294.0, 29113588.0, 4239767.0, 40158000.0, 17473245.0, 19057024.0, 30102717.0, 4535117.0, 37516013.0, 177343675.0, 139852971.0, 1227324.0, 16991902.0, 281492479.0, 16204793.0, 9694105.0, 71500556.0, 60128566.0, 17683670.0, 29975979.0, 118683135.0, 4930798.0, 80014842.0, 2428241.0, 43022524.0, 1954202.0, 30226144.0, 233103.0, 188870.0, 110197.0, 100358.0, 4308981.0, 19959.0, 4806750.0, 603943.0, 24381334.0, 37911876.0, 24530513.0, 1646664.0, 27000000.0, 9449219.0, 34180954.0, 22770.0, 32616869.0, 2775593.0, 12550242.0, 102300000.0, 101785482.0, 21589307.0, 162001186.0, 36500000.0, 227946274.0, 117235247.0, 379643.0, 244052771.0, 51053787.0, 54132596.0, 38168022.0, 16153600.0, 186336103.0, 89706988.0, 83024900.0, 55202.0, 9109322.0, 27053815.0, 116006080.0, 102310175.0, 3293258.0, 73343413.0, 1400000.0, 33472850.0, 7825820.0, 20380.0, 30691439.0, 36497.0, 181655.0, 100240.0, 66462600.0, 95308367.0, 53481.0, 40846082.0, 349618.0, 6619173.0, 5923044.0, 64286.0, 2850263.0, 16097842.0, 60962878.0, 74540762.0, 83025853.0, 7362100.0, 1508689.0, 12987647.0, 25450527.0, 50752337.0, 31691811.0, 78745923.0, 10515579.0, 92401.0, 20422207.0, 51872378.0, 29959436.0, 13987482.0, 5348317.0, 10297897.0, 134904.0, 99147.0, 43853424.0, 32416109.0, 6601079.0, 30084.0, 34636443.0, 32853640.0, 11278.0, 143523463.0, 72413.0, 32391374.0, 146072.0, 63536011.0, 16235293.0, 548934.0, 52929168.0, 33987757.0, 9437933.0, 62494975.0, 42660000.0, 1100000.0, 22406362.0, 9658370.0, 334185206.0, 295468.0, 51814190.0, 480314.0, 17000000.0, 8326035.0, 52008288.0, 13960203.0, 155181732.0, 120776832.0, 27012.0, 2246000.0, 32368960.0, 104792.0, 128200012.0, 6373693.0, 28563179.0, 87704396.0, 51100000.0, 2000000.0, 28424210.0, 800000.0, 2835886.0, 84185387.0, 181015141.0, 106807667.0, 70492685.0, 85911262.0, 4485485.0, 1997807.0, 31051126.0, 18324242.0, 217536138.0, 172825435.0, 94900000.0, 62300000.0, 32279955.0, 17791031.0, 14983572.0, 132373442.0, 41067398.0, 47781388.0, 245428137.0, 13391174.0, 31199215.0, 110416702.0, 35168395.0, 76382.0, 11614236.0, 14060950.0, 88761720.0, 10719367.0, 148337537.0, 144512310.0, 14294842.0, 4414535.0, 4018695.0, 55291815.0, 12232937.0, 94822707.0, 44606335.0, 1227508.0, 9639242.0, 25857987.0, 39552600.0, 137963328.0, 191309.0, 35688.0, 26870825.0, 2955039.0, 20384136.0, 375474.0, 18535191.0, 31165421.0, 54910560.0, 29106737.0, 24741700.0, 67286731.0, 318759914.0, 33574332.0, 58885635.0, 47806295.0, 11576087.0, 102515793.0, 118471320.0, 32131830.0, 44867349.0, 53715611.0, 58607007.0, 20186.0, 7002255.0, 177200000.0, 54540525.0, 6531491.0, 78656813.0, 836641.0, 127968405.0, 82569532.0, 5100000.0, 10696210.0, 238371987.0, 13998282.0, 79100000.0, 17305211.0, 28328132.0, 2300000.0, 3500000.0, 3000000.0, 65007045.0, 37617947.0, 37567440.0, 44134898.0, 123307945.0, 15427192.0, 1114943.0, 28501651.0, 72306065.0, 46300000.0, 3468572.0, 19067631.0, 69102910.0, 59379.0, 54200000.0, 112521.0, 67253092.0, 2331318.0, 381225.0, 17508670.0, 36658108.0, 101978840.0, 87341380.0, 30105968.0, 37707719.0, 165500000.0, 44087387.0, 126088877.0, 25167270.0, 312057433.0, 2275557.0, 352786.0, 58885635.0, 153620822.0, 3707794.0, 56443482.0, 234277056.0, 43771291.0, 61490000.0, 50820940.0, 10431220.0, 34293771.0, 28501651.0, 133668525.0, 2245.0, 191450875.0, 98711404.0, 26830000.0, 447750.0, 64371181.0, 47456450.0, 82234139.0, 18298649.0, 49994804.0, 5974653.0, 44737059.0, 34746109.0, 46975183.0, 95632614.0, 18381787.0, 100289690.0, 170708996.0, 108521835.0, 2408553.0, 154985087.0, 277313371.0, 10161099.0, 2643689.0, 66600000.0, 75280058.0, 171320.0, 71017784.0, 150832203.0, 18642318.0, 12902790.0, 3060858.0, 259746958.0, 15608545.0, 25296447.0, 233630478.0, 195000874.0, 373060.0, 53300852.0, 43601508.0, 143653.0, 39852.0, 19118247.0, 42272747.0, 74273505.0, 20981633.0, 73215310.0, 148170000.0, 130058047.0, 77222184.0, 18090181.0, 10070000.0, 186739919.0, 1654367.0, 65182182.0, 29077547.0, 17508936.0, 17718223.0, 139225854.0, 5032496.0, 63143812.0, 21378000.0, 72000000.0, 365734.0, 38432823.0, 3130592.0, 93050117.0, 21300000.0, 1738692.0, 16842303.0, 499263.0, 80197993.0, 80034302.0, 4000304.0, 22927390.0, 32131483.0, 236266.0, 101736215.0, 20035310.0, 71148699.0, 14967182.0, 70496802.0, 19900000.0, 3442820.0, 886410.0, 33631221.0, 4600000.0, 4244155.0, 198655278.0, 9353573.0, 61400000.0, 26345.0, 15988876.0, 92900.0, 107458785.0, 8508843.0, 3607.0, 7659747.0, 25093607.0, 32721635.0, 171988.0, 44455658.0, 94999143.0, 32721635.0, 177343675.0, 592014.0, 72217000.0, 64685359.0, 18843314.0, 2507106.0, 100169068.0, 438653.0, 185577.0, 108638745.0, 40911830.0, 18378.0, 33349949.0, 27052167.0, 763044.0, 39511038.0, 75638743.0, 58867694.0, 29302097.0, 371897.0, 14637490.0, 146083.0, 2209479.0, 70117571.0, 1000000.0, 18472363.0, 3588432.0, 4306697.0, 49413.0, 9600000.0, 17174870.0, 10562387.0, 42335698.0, 70269171.0, 231417.0, 132122995.0, 162792677.0, 5100937.0, 31600000.0, 45857453.0, 263365.0, 22434.0, 116735231.0, 26896744.0, 7826.0, 201148159.0, 46611204.0, 50807639.0, 168368427.0, 131920333.0, 29997095.0, 34964818.0, 84244877.0, 403649.0, 194568.0, 175370.0, 195888.0, 38317535.0, 20773070.0, 71069884.0, 58571513.0, 36581633.0, 3205244.0, 594904.0, 49851591.0, 54696902.0, 3571735.0, 51774002.0, 43290977.0, 4131640.0, 12693621.0, 28747570.0, 24004159.0, 171031347.0, 1891821.0, 80170146.0, 32598931.0, 405614.0, 37939782.0, 7070459.0, 40485039.0, 6855137.0, 21160089.0, 62453315.0, 33422806.0, 32600000.0, 2708188.0, 101111837.0, 350123553.0, 60338891.0, 63319509.0, 79363785.0, 30659817.0, 11284657.0, 30093107.0, 23650000.0, 12055108.0, 53789313.0, 50668906.0, 135381507.0, 13214030.0, 2119994.0, 5595428.0, 37479778.0, 31501218.0, 57176582.0, 10042266.0, 126149655.0, 10037390.0, 1310270.0, 28870.0, 925402.0, 51768623.0, 48423368.0, 34700000.0, 90485233.0, 5702083.0, 57504069.0, 100422786.0, 73023275.0, 10654581.0, 11227940.0, 58328680.0, 46455802.0, 98017.0, 1877179.0, 59992760.0, 79883359.0, 118823091.0, 6940281.0, 52822418.0, 66636385.0, 22723.0, 252652.0, 9795017.0, 90400000.0, 14400000.0, 16684352.0, 124720.0, 48546578.0, 51109400.0, 5561.0, 59617068.0, 50628009.0, 70527.0, 12836.0, 9123834.0, 51527787.0, 73103784.0, 18488314.0, 309125409.0, 36874745.0, 23472900.0, 63260.0, 15047419.0, 6517198.0, 25615792.0, 10508.0, 17114882.0, 43568507.0, 653621.0, 34604054.0, 79900000.0, 198539855.0, 155019340.0, 21199.0, 17757087.0, 81292135.0, 110029.0, 28341469.0, 10174663.0, 19661987.0, 27024.0, 14208384.0, 58936.0, 49797148.0, 2319187.0, 39659.0, 181798.0, 24004159.0, 45045037.0, 18595716.0, 2833383.0, 51432423.0, 3333823.0, 35010192.0, 190871240.0, 2199853.0, 19783777.0, 56154094.0, 50026353.0, 78030.0, 162495848.0, 53215979.0, 41382841.0, 22108977.0, 3386698.0, 30307804.0, 4839383.0, 158348400.0, 14479776.0, 67128202.0, 109243478.0, 79568000.0, 103738726.0, 52850.0, 27829874.0, 41954997.0, 1292527.0, 51697449.0, 43097652.0, 183635922.0, 2899970.0, 58183966.0, 214202.0, 18317151.0, 368049635.0, 7739049.0, 220914.0, 8114507.0, 17120019.0, 47000485.0, 37188667.0, 116724075.0, 31452765.0, 37877959.0, 91188905.0, 32048809.0, 83000000.0, 371081.0, 10725228.0, 8880705.0, 86300000.0, 40076438.0, 12212417.0, 3590010.0, 180011740.0, 70098138.0, 7774730.0, 32000000.0, 82506325.0, 78900000.0, 20167424.0, 27669413.0, 6448817.0, 342936.0, 40218903.0, 1487477.0, 24800000.0, 25339117.0, 22264487.0, 14942422.0, 100018837.0, 177575142.0, 25000000.0, 111936400.0, 31598308.0, 67325559.0, 178739.0, 37623143.0, 728.0, 20763013.0, 1206135.0, 3753806.0, 7605668.0, 4919896.0, 43982842.0, 94497271.0, 71346930.0, 2840417.0, 1181197.0, 118311368.0, 61280963.0, 25900000.0, 121463226.0, 20801344.0, 15962471.0, 7994115.0, 2869369.0, 166225040.0, 1768416.0, 20433940.0, 58800000.0, 132014112.0, 6592103.0, 37766350.0, 109712885.0, 6754898.0, 83077470.0, 7443007.0, 463730.0, 103338338.0, 10268846.0, 448130642.0, 212285.0, 15126948.0, 18882880.0, 21005329.0, 37442180.0, 32101000.0, 18272447.0, 90556401.0, 100491683.0, 82522790.0, 3325638.0, 13464388.0, 34308901.0, 62877175.0, 23091.0, 108229.0, 56876365.0, 13555988.0, 67344392.0, 134006721.0, 304137.0, 21501098.0, 128937.0, 37432299.0, 41256277.0, 143704210.0, 5518918.0, 80050171.0, 291709845.0, 38536376.0, 876671.0, 92930005.0, 26876529.0, 55461307.0, 134518390.0, 9016377.0, 1779284.0, 2154540.0, 582024.0, 234903076.0, 422783777.0, 11169531.0, 47375327.0, 42640890.0, 5199.0, 28995450.0, 1029017.0, 329691196.0, 19421271.0, 41814863.0, 4001121.0, 23292105.0, 69586544.0, 6471394.0, 141600000.0, 12055.0, 10494494.0, 25977365.0, 27400000.0, 25047631.0, 43800000.0, 3798532.0]

buck_pred: [9, 9, 1, 9, 1, 5, 8, 0, 8, 5, 2, 5, 8, 1, 9, 7, 1, 9, 1, 6, 5, 0, 0, 3, 8, 2, 5, 3, 9, 5, 0, 9, 0, 2, 2, 9, 4, 1, 3, 0, 9, 5, 1, 1, 1, 1, 7, 0, 0, 5, 1, 7, 3, 2, 8, 1, 1, 3, 0, 0, 8, 2, 3, 0, 8, 0, 9, 0, 5, 9, 0, 0, 9, 2, 7, 8, 4, 1, 8, 1, 9, 1, 8, 1, 1, 4, 3, 6, 8, 4, 8, 0, 8, 9, 2, 7, 5, 7, 1, 8, 9, 1, 7, 6, 5, 1, 2, 4, 1, 9, 1, 2, 2, 4, 3, 3, 2, 2, 4, 8, 5, 0, 5, 1, 2, 9, 9, 9, 3, 2, 0, 2, 9, 0, 0, 4, 0, 6, 3, 7, 4, 0, 7, 3, 0, 5, 8, 9, 0, 9, 2, 2, 9, 2, 5, 8, 8, 4, 9, 0, 8, 2, 0, 5, 3, 9, 4, 1, 0, 8, 8, 0, 5, 6, 9, 5, 3, 7, 5, 4, 2, 9, 5, 0, 0, 7, 9, 8, 2, 3, 1, 5, 7, 3, 1, 0, 9, 8, 8, 1, 7, 0, 6, 5, 1, 7, 1, 4, 9, 2, 8, 2, 0, 2, 9, 8, 3, 3, 9, 1, 8, 0, 1, 7, 9, 9, 1, 3, 3, 3, 1, 3, 1, 2, 4, 1, 6, 0, 4, 2, 1, 2, 0, 2, 1, 7, 3, 8, 7, 9, 0, 1, 0, 1, 8, 2, 9, 8, 2, 2, 9, 8, 9, 0, 5, 4, 0, 0, 1, 0, 6, 7, 6, 1, 2, 3, 0, 9, 2, 2, 1, 4, 1, 0, 1, 4, 5, 8, 7, 3, 3, 9, 1, 5, 2, 6, 1, 0, 9, 9, 4, 5, 8, 0, 8, 5, 9, 1, 8, 8, 2, 0, 6, 0, 0, 2, 7, 1, 1, 2, 0, 1, 7, 9, 7, 9, 9, 9, 9, 8, 9, 4, 0, 3, 1, 2, 7, 9, 9, 1, 1, 4, 8, 8, 0, 5, 2, 9, 8, 3, 9, 3, 0, 7, 3, 1, 1, 1, 3, 2, 2, 3, 5, 3, 9, 1, 3, 0, 3, 5, 4, 0, 5, 6, 5, 7, 4, 2, 3, 1, 3, 3, 7, 0, 8, 0, 2, 1, 9, 0, 2, 6, 7, 2, 3, 1, 8, 8, 4, 1, 6, 5, 9, 3, 6, 0, 4, 5, 4, 0, 9, 5, 2, 2, 6, 2, 7, 3, 8, 2, 7, 5, 1, 7, 4, 9, 8, 4, 6, 3, 0, 8, 9, 6, 3, 4, 1, 4, 1, 9, 8, 8, 3, 1, 5, 8, 1, 5, 9, 8, 4, 3, 5, 1, 5, 2, 1, 2, 5, 8, 5, 4, 1, 0, 7, 0, 1, 2, 7, 2, 3, 9, 2, 0, 4, 1, 6, 1, 4, 0, 7, 0, 2, 5, 4, 0, 1, 4, 9, 3, 8, 6, 2, 8, 9, 9, 0, 0, 0, 8, 5, 4, 9, 3, 2, 0, 4, 0, 6, 7, 9, 1, 9, 3, 8, 1, 3, 1, 2, 7, 1, 9, 7, 4, 1, 0, 0, 3, 4, 2, 5, 1, 2, 5, 0, 9, 3, 2, 7, 3, 3, 0, 8, 2, 1, 8, 8, 1, 4, 5, 1, 3, 3, 3, 3, 5, 7, 9, 0, 3, 3, 2, 1, 4, 6, 9, 0, 9, 8, 0, 1, 7, 2, 2, 7, 1, 4, 3, 1, 9, 1, 2, 5, 9, 5, 7, 8, 9, 9, 3, 9, 0, 8, 0, 9, 9, 3, 3, 4, 1, 3, 7, 4, 8, 4, 1, 5, 5, 7, 1, 2, 3, 3, 8, 8, 9, 5, 2, 1, 8, 0, 9, 6, 9, 4, 8, 0, 0, 0, 3, 2, 9, 1, 6, 1, 5, 7, 8, 3, 6, 7, 1, 8, 1, 7, 9, 3, 3, 8, 8, 3, 7, 7, 5, 5, 0, 3, 2, 2, 1, 0, 2, 0, 0, 0, 1, 0, 0, 5, 2, 2, 8, 3, 6, 0, 5, 0, 0, 8, 9, 8, 8, 2, 9, 8, 0, 9, 4, 3, 1, 0, 9, 9, 5, 0, 2, 3, 8, 1, 2, 9, 0, 4, 0, 0, 4, 0, 1, 0, 9, 8, 0, 4, 6, 1, 8, 9, 4, 2, 9, 7, 9, 0, 1, 1, 6, 3, 4, 5, 2, 5, 3, 1, 4, 5, 3, 0, 0, 0, 1, 6, 0, 0, 6, 0, 0, 9, 7, 9, 0, 3, 3, 1, 2, 7, 3, 7, 3, 0, 6, 0, 9, 0, 8, 4, 4, 0, 5, 0, 8, 8, 0, 0, 5, 2, 8, 3, 2, 6, 8, 3, 2, 3, 1, 6, 9, 7, 0, 5, 5, 1, 5, 4, 9, 8, 3, 6, 8, 7, 3, 9, 0, 7, 9, 0, 6, 9, 6, 0, 5, 1, 8, 3, 9, 9, 5, 5, 2, 5, 0, 9, 8, 1, 3, 8, 0, 8, 0, 3, 0, 0, 3, 0, 1, 8, 6, 2, 1, 4, 9, 6, 7, 4, 3, 9, 5, 7, 3, 8, 8, 0, 2, 5, 5, 6, 4, 0, 9, 4, 3, 3, 8, 3, 8, 5, 7, 2, 8, 4, 9, 1, 8, 1, 5, 3, 0, 4, 8, 4, 1, 1, 5, 1, 8, 0, 2, 3, 0, 2, 5, 1, 8, 3, 1, 8, 0, 5, 5, 9, 4, 1, 7, 8, 1, 9, 9, 1, 2, 5, 2, 9, 3, 7, 0, 9, 8, 8, 1, 2, 8, 8, 1, 6, 3, 7, 0, 9, 9, 1, 9, 9, 1, 0, 9, 9, 2, 1, 5, 9, 1, 7, 9, 0, 1, 0, 9, 3, 8, 9, 9, 1, 8, 2, 0, 1, 3, 7, 9, 4, 5, 8, 5, 4, 4, 3, 9, 0, 0, 0, 1, 8, 4, 6, 8, 3, 5, 5, 2, 2, 9, 3, 1, 3, 6, 4, 0, 8, 4, 3, 5, 7, 2, 1, 5, 9, 3, 0, 3, 5, 3, 5, 9, 4, 3, 5, 0, 0, 2, 0, 0, 5, 8, 2, 0, 1, 9, 2, 1, 1, 8, 8, 3, 0, 5, 9, 0, 9, 5, 3, 3, 0, 2, 3, 8, 4, 2, 2, 3, 0, 0, 4, 0, 4, 1, 2, 0, 8, 1, 6, 8, 6, 1, 9, 9, 1, 4, 1, 0, 1, 7, 2, 0, 8, 4, 5, 9, 9, 4, 5, 9, 0, 0, 3, 1, 1, 3, 8, 2, 2, 1, 0, 0, 8, 4, 4, 6, 0, 5, 7, 6, 9, 4, 8, 6, 1, 1, 0, 5, 4, 0, 8, 5, 3, 0, 9, 9, 2, 4, 7, 3, 9, 7, 5, 2, 7, 2, 2, 1, 0, 2, 8, 2, 1, 0, 8, 1, 1, 0, 1, 6, 5, 2, 1, 4, 2, 6, 3, 4, 3, 2, 7, 5, 0, 9, 8, 8, 2, 8, 4, 0, 1, 4, 8, 3, 6, 0, 0, 4, 0, 8, 6, 0, 0, 0, 4, 8, 3, 8, 5, 9, 1, 9, 1, 3, 0, 7, 8, 0, 1, 1, 9, 8, 0, 3, 8, 0, 8, 2, 3, 2, 1, 0, 4, 1, 0, 1, 6, 8, 3, 0, 3, 0, 0, 9, 1, 4, 2, 4, 0, 6, 8, 4, 3, 1, 3, 2, 8, 2, 4, 8, 6, 7, 0, 7, 8, 0, 2, 3, 9, 2, 4, 2, 2, 9, 1, 6, 1, 5, 4, 3, 7, 1, 1, 5, 3, 6, 1, 4, 0, 7, 4, 1, 0, 8, 6, 4, 9, 4, 5, 6, 0, 0, 0, 9, 3, 3, 1, 3, 3, 8, 8, 6, 3, 8, 2, 0, 9, 0, 4, 5, 2, 7, 5, 9, 3, 1, 3, 0, 8, 3, 8, 4, 3, 0, 2, 6, 8, 0, 0, 6, 9, 5, 1, 8, 0, 8, 2, 0, 4, 3, 9, 0, 4, 4, 5, 6, 3, 0, 2, 0, 9, 1, 2, 2, 8, 0, 2, 6, 0, 7, 8, 1, 6, 0, 1, 6, 9, 0, 7, 9, 5, 1, 9, 3, 4, 9, 0, 1, 4, 0, 9, 9, 2, 9, 1, 0, 0, 4, 9, 0, 5, 2, 3, 5, 4, 8, 0, 5, 5, 6, 1, 6, 3]

bins: [162.0, 427217.0, 3122616.0, 8785516.00000001, 15935068.0, 25522997.5, 36200000.0, 51508778.500000015, 75605492.0, 126571973.0, 760505847.0]

Most important rules
-----------------------------

---0---
rule9: -407.932 < num_voted_users < 98393.566
probabilities_array:[0.18413047 0.17224562 0.13591099 0.16510613 0.14388603 0.08793845
 0.0549821  0.03837366 0.00337005 0.         0.01405651]

rule6: 2003.186 < title_year < 2009.784
probabilities_array:[0.20114267 0.08027586 0.12174959 0.09491868 0.09927328 0.
 0.06801028 0.03124828 0.         0.17660116 0.12678027]

rule7: title_year > 2009.784
probabilities_array:[0.28046173 0.05183074 0.         0.         0.         0.00960788
 0.         0.02577835 0.01823247 0.2284418  0.38564712]

rule12: num_critic_for_reviews < 75.444
probabilities_array:[0.26097882 0.16537637 0.15091635 0.02714969 0.         0.
 0.         0.01136462 0.01275363 0.         0.3714606 ]

rule16: num_user_for_reviews < 44.261
probabilities_array:[0.28748032 0.21760026 0.         0.         0.         0.
 0.         0.         0.         0.         0.49491942]

rule2: 6.481 < imdb_score < 7.226
probabilities_array:[0.1476863  0.17200522 0.03625438 0.         0.         0.
 0.08664582 0.04954046 0.18219024 0.13623936 0.1894382 ]

rule49: -30607129.968 < budget < 41761154.930
probabilities_array:[0.09797375 0.07322527 0.1281839  0.15555535 0.15511401 0.13283816
 0.11058977 0.08880448 0.03781777 0.         0.0198976 ]

rule1: 5.737 < imdb_score < 6.481
probabilities_array:[0.10139226 0.         0.         0.01518107 0.08786749 0.08376615
 0.15458609 0.17015807 0.18018866 0.10455658 0.10230361]

rule44: duration < 94.453
probabilities_array:[0.21494474 0.         0.         0.         0.01773845 0.
 0.         0.         0.00648269 0.17032322 0.5905109 ]

rule41: -5367.120 < movie_facebook_likes < 8805.099
probabilities_array:[0.24520904 0.01925089 0.         0.         0.02108816 0.
 0.         0.         0.0076656  0.04138437 0.665402  ]

rule33: -507.437 < actor_3_facebook_likes < 736.401
probabilities_array:[0.07565674 0.1249781  0.12848504 0.         0.         0.
 0.10434948 0.13689373 0.17426397 0.05283833 0.20253466]

rule45: 94.453 < duration < 110.059
probabilities_array:[0.07415568 0.18983859 0.0356285  0.14347911 0.07968701 0.
 0.         0.15159185 0.00222135 0.04394875 0.27944922]

rule3: imdb_score > 7.226
probabilities_array:[0.08229607 0.21678972 0.13137408 0.         0.         0.
 0.         0.         0.         0.18868946 0.38085067]

rule37: -2562.541 < cast_total_facebook_likes < 11041.458
probabilities_array:[0.09638805 0.10168687 0.         0.         0.         0.
 0.         0.00631035 0.08351191 0.16007346 0.5520294 ]


---1---
rule9: -407.932 < num_voted_users < 98393.566
probabilities_array:[0.18413047 0.17224562 0.13591099 0.16510613 0.14388603 0.08793845
 0.0549821  0.03837366 0.00337005 0.         0.01405651]

rule2: 6.481 < imdb_score < 7.226
probabilities_array:[0.1476863  0.17200522 0.03625438 0.         0.         0.
 0.08664582 0.04954046 0.18219024 0.13623936 0.1894382 ]

rule45: 94.453 < duration < 110.059
probabilities_array:[0.07415568 0.18983859 0.0356285  0.14347911 0.07968701 0.
 0.         0.15159185 0.00222135 0.04394875 0.27944922]

rule3: imdb_score > 7.226
probabilities_array:[0.08229607 0.21678972 0.13137408 0.         0.         0.
 0.         0.         0.         0.18868946 0.38085067]

rule16: num_user_for_reviews < 44.261
probabilities_array:[0.28748032 0.21760026 0.         0.         0.         0.
 0.         0.         0.         0.         0.49491942]

rule17: 44.261 < num_user_for_reviews < 314.681
probabilities_array:[0.         0.11545864 0.1545313  0.13012113 0.08838445 0.13786599
 0.0833561  0.07164672 0.12352864 0.03305776 0.06204919]

rule12: num_critic_for_reviews < 75.444
probabilities_array:[0.26097882 0.16537637 0.15091635 0.02714969 0.         0.
 0.         0.01136462 0.01275363 0.         0.3714606 ]

rule33: -507.437 < actor_3_facebook_likes < 736.401
probabilities_array:[0.07565674 0.1249781  0.12848504 0.         0.         0.
 0.10434948 0.13689373 0.17426397 0.05283833 0.20253466]

rule5: 1996.588 < title_year < 2003.186
probabilities_array:[0.0111533  0.10630289 0.15481913 0.11329552 0.         0.11444008
 0.03647053 0.00468521 0.01257681 0.19180562 0.25445092]

rule49: -30607129.968 < budget < 41761154.930
probabilities_array:[0.09797375 0.07322527 0.1281839  0.15555535 0.15511401 0.13283816
 0.11058977 0.08880448 0.03781777 0.         0.0198976 ]

rule6: 2003.186 < title_year < 2009.784
probabilities_array:[0.20114267 0.08027586 0.12174959 0.09491868 0.09927328 0.
 0.06801028 0.03124828 0.         0.17660116 0.12678027]

rule25: -3821.072 < actor_1_facebook_likes < 7430.466
probabilities_array:[8.9085013e-02 1.1954781e-01 0.0000000e+00 0.0000000e+00 0.0000000e+00
 0.0000000e+00 1.5248367e-05 2.7165035e-02 2.0909756e-02 1.8045126e-01
 5.6282592e-01]

rule14: 159.674 < num_critic_for_reviews < 243.903
probabilities_array:[0.         0.05062512 0.08481833 0.14465933 0.08690138 0.13995653
 0.06747347 0.1114633  0.13923554 0.13083504 0.0440319 ]

rule37: -2562.541 < cast_total_facebook_likes < 11041.458
probabilities_array:[0.09638805 0.10168687 0.         0.         0.         0.
 0.         0.00631035 0.08351191 0.16007346 0.5520294 ]


---2---
rule22: 804.775 < director_facebook_likes < 2861.164
probabilities_array:[0.044849   0.         0.24084827 0.         0.00762405 0.0951514
 0.17395021 0.0156303  0.01884173 0.1476366  0.2554685 ]

rule17: 44.261 < num_user_for_reviews < 314.681
probabilities_array:[0.         0.11545864 0.1545313  0.13012113 0.08838445 0.13786599
 0.0833561  0.07164672 0.12352864 0.03305776 0.06204919]

rule9: -407.932 < num_voted_users < 98393.566
probabilities_array:[0.18413047 0.17224562 0.13591099 0.16510613 0.14388603 0.08793845
 0.0549821  0.03837366 0.00337005 0.         0.01405651]

rule49: -30607129.968 < budget < 41761154.930
probabilities_array:[0.09797375 0.07322527 0.1281839  0.15555535 0.15511401 0.13283816
 0.11058977 0.08880448 0.03781777 0.         0.0198976 ]

rule42: 8805.099 < movie_facebook_likes < 22977.319
probabilities_array:[0.         0.03850344 0.1417621  0.02536762 0.11735409 0.15584186
 0.15688775 0.06422493 0.06022732 0.10824979 0.13158117]

rule5: 1996.588 < title_year < 2003.186
probabilities_array:[0.0111533  0.10630289 0.15481913 0.11329552 0.         0.11444008
 0.03647053 0.00468521 0.01257681 0.19180562 0.25445092]

rule6: 2003.186 < title_year < 2009.784
probabilities_array:[0.20114267 0.08027586 0.12174959 0.09491868 0.09927328 0.
 0.06801028 0.03124828 0.         0.17660116 0.12678027]

rule33: -507.437 < actor_3_facebook_likes < 736.401
probabilities_array:[0.07565674 0.1249781  0.12848504 0.         0.         0.
 0.10434948 0.13689373 0.17426397 0.05283833 0.20253466]

rule18: 314.681 < num_user_for_reviews < 585.100
probabilities_array:[0.         0.         0.09661104 0.16681334 0.16567034 0.12314809
 0.08495066 0.12475209 0.14129779 0.08172348 0.01503317]

rule12: num_critic_for_reviews < 75.444
probabilities_array:[0.26097882 0.16537637 0.15091635 0.02714969 0.         0.
 0.         0.01136462 0.01275363 0.         0.3714606 ]

rule23: director_facebook_likes > 2861.164
probabilities_array:[0.0172367  0.         0.1187911  0.0679152  0.         0.00055287
 0.17749114 0.07172667 0.15593116 0.1309972  0.25935793]

rule3: imdb_score > 7.226
probabilities_array:[0.08229607 0.21678972 0.13137408 0.         0.         0.
 0.         0.         0.         0.18868946 0.38085067]

rule14: 159.674 < num_critic_for_reviews < 243.903
probabilities_array:[0.         0.05062512 0.08481833 0.14465933 0.08690138 0.13995653
 0.06747347 0.1114633  0.13923554 0.13083504 0.0440319 ]

rule38: 11041.458 < cast_total_facebook_likes < 24645.457
probabilities_array:[0.01961202 0.         0.07392266 0.0655127  0.04274864 0.14158349
 0.03626925 0.03069298 0.09028627 0.13323858 0.36613348]

rule0: imdb_score < 5.737
probabilities_array:[0.         0.         0.04416524 0.16110449 0.1626575  0.1915005
 0.15277088 0.13764486 0.03073707 0.0268053  0.09261411]


---3---
rule30: 1909.009 < actor_2_facebook_likes < 5011.653
probabilities_array:[0.         0.03047738 0.         0.19642824 0.         0.
 0.13035353 0.20229135 0.11452318 0.1783265  0.14759979]

rule18: 314.681 < num_user_for_reviews < 585.100
probabilities_array:[0.         0.         0.09661104 0.16681334 0.16567034 0.12314809
 0.08495066 0.12475209 0.14129779 0.08172348 0.01503317]

rule9: -407.932 < num_voted_users < 98393.566
probabilities_array:[0.18413047 0.17224562 0.13591099 0.16510613 0.14388603 0.08793845
 0.0549821  0.03837366 0.00337005 0.         0.01405651]

rule49: -30607129.968 < budget < 41761154.930
probabilities_array:[0.09797375 0.07322527 0.1281839  0.15555535 0.15511401 0.13283816
 0.11058977 0.08880448 0.03781777 0.         0.0198976 ]

rule0: imdb_score < 5.737
probabilities_array:[0.         0.         0.04416524 0.16110449 0.1626575  0.1915005
 0.15277088 0.13764486 0.03073707 0.0268053  0.09261411]

rule14: 159.674 < num_critic_for_reviews < 243.903
probabilities_array:[0.         0.05062512 0.08481833 0.14465933 0.08690138 0.13995653
 0.06747347 0.1114633  0.13923554 0.13083504 0.0440319 ]

rule17: 44.261 < num_user_for_reviews < 314.681
probabilities_array:[0.         0.11545864 0.1545313  0.13012113 0.08838445 0.13786599
 0.0833561  0.07164672 0.12352864 0.03305776 0.06204919]

rule45: 94.453 < duration < 110.059
probabilities_array:[0.07415568 0.18983859 0.0356285  0.14347911 0.07968701 0.
 0.         0.15159185 0.00222135 0.04394875 0.27944922]

rule4: title_year < 1996.588
probabilities_array:[0.         0.         0.02798153 0.088621   0.09225452 0.08922964
 0.09678051 0.08889037 0.22420093 0.2534587  0.03858272]

rule5: 1996.588 < title_year < 2003.186
probabilities_array:[0.0111533  0.10630289 0.15481913 0.11329552 0.         0.11444008
 0.03647053 0.00468521 0.01257681 0.19180562 0.25445092]

rule6: 2003.186 < title_year < 2009.784
probabilities_array:[0.20114267 0.08027586 0.12174959 0.09491868 0.09927328 0.
 0.06801028 0.03124828 0.         0.17660116 0.12678027]

rule23: director_facebook_likes > 2861.164
probabilities_array:[0.0172367  0.         0.1187911  0.0679152  0.         0.00055287
 0.17749114 0.07172667 0.15593116 0.1309972  0.25935793]

rule43: movie_facebook_likes > 22977.319
probabilities_array:[0.         0.         0.         0.06659116 0.         0.06175965
 0.00553977 0.18106267 0.14799409 0.19561358 0.34143907]

rule38: 11041.458 < cast_total_facebook_likes < 24645.457
probabilities_array:[0.01961202 0.         0.07392266 0.0655127  0.04274864 0.14158349
 0.03626925 0.03069298 0.09028627 0.13323858 0.36613348]


---4---
rule50: 41761154.930 < budget < 114129439.829
probabilities_array:[0.         0.         0.         0.         0.17180917 0.13851318
 0.20062982 0.19193144 0.15467916 0.09825128 0.04418596]

rule18: 314.681 < num_user_for_reviews < 585.100
probabilities_array:[0.         0.         0.09661104 0.16681334 0.16567034 0.12314809
 0.08495066 0.12475209 0.14129779 0.08172348 0.01503317]

rule49: -30607129.968 < budget < 41761154.930
probabilities_array:[0.09797375 0.07322527 0.1281839  0.15555535 0.15511401 0.13283816
 0.11058977 0.08880448 0.03781777 0.         0.0198976 ]

rule0: imdb_score < 5.737
probabilities_array:[0.         0.         0.04416524 0.16110449 0.1626575  0.1915005
 0.15277088 0.13764486 0.03073707 0.0268053  0.09261411]

rule9: -407.932 < num_voted_users < 98393.566
probabilities_array:[0.18413047 0.17224562 0.13591099 0.16510613 0.14388603 0.08793845
 0.0549821  0.03837366 0.00337005 0.         0.01405651]

rule34: 736.401 < actor_3_facebook_likes < 1980.238
probabilities_array:[0.00357948 0.00749695 0.         0.         0.15891717 0.0037488
 0.14413837 0.14535452 0.18894394 0.15693545 0.1908853 ]

rule42: 8805.099 < movie_facebook_likes < 22977.319
probabilities_array:[0.         0.03850344 0.1417621  0.02536762 0.11735409 0.15584186
 0.15688775 0.06422493 0.06022732 0.10824979 0.13158117]

rule4: title_year < 1996.588
probabilities_array:[0.         0.         0.02798153 0.088621   0.09225452 0.08922964
 0.09678051 0.08889037 0.22420093 0.2534587  0.03858272]

rule6: 2003.186 < title_year < 2009.784
probabilities_array:[0.20114267 0.08027586 0.12174959 0.09491868 0.09927328 0.
 0.06801028 0.03124828 0.         0.17660116 0.12678027]

rule14: 159.674 < num_critic_for_reviews < 243.903
probabilities_array:[0.         0.05062512 0.08481833 0.14465933 0.08690138 0.13995653
 0.06747347 0.1114633  0.13923554 0.13083504 0.0440319 ]

rule17: 44.261 < num_user_for_reviews < 314.681
probabilities_array:[0.         0.11545864 0.1545313  0.13012113 0.08838445 0.13786599
 0.0833561  0.07164672 0.12352864 0.03305776 0.06204919]

rule1: 5.737 < imdb_score < 6.481
probabilities_array:[0.10139226 0.         0.         0.01518107 0.08786749 0.08376615
 0.15458609 0.17015807 0.18018866 0.10455658 0.10230361]

rule31: actor_2_facebook_likes > 5011.653
probabilities_array:[0.01744094 0.         0.00102235 0.         0.11331186 0.
 0.         0.         0.24219261 0.19993703 0.42609528]

rule45: 94.453 < duration < 110.059
probabilities_array:[0.07415568 0.18983859 0.0356285  0.14347911 0.07968701 0.
 0.         0.15159185 0.00222135 0.04394875 0.27944922]

rule13: 75.444 < num_critic_for_reviews < 159.674
probabilities_array:[0.01652494 0.02448147 0.04849983 0.00277619 0.06097499 0.13515297
 0.145314   0.17738183 0.16591369 0.00758198 0.21539818]


---5---
rule0: imdb_score < 5.737
probabilities_array:[0.         0.         0.04416524 0.16110449 0.1626575  0.1915005
 0.15277088 0.13764486 0.03073707 0.0268053  0.09261411]

rule10: 98393.566 < num_voted_users < 197195.063
probabilities_array:[0.         0.         0.02023361 0.0009898  0.         0.18977006
 0.21413587 0.18756571 0.16513811 0.03365587 0.18851107]

rule42: 8805.099 < movie_facebook_likes < 22977.319
probabilities_array:[0.         0.03850344 0.1417621  0.02536762 0.11735409 0.15584186
 0.15688775 0.06422493 0.06022732 0.10824979 0.13158117]

rule14: 159.674 < num_critic_for_reviews < 243.903
probabilities_array:[0.         0.05062512 0.08481833 0.14465933 0.08690138 0.13995653
 0.06747347 0.1114633  0.13923554 0.13083504 0.0440319 ]

rule50: 41761154.930 < budget < 114129439.829
probabilities_array:[0.         0.         0.         0.         0.17180917 0.13851318
 0.20062982 0.19193144 0.15467916 0.09825128 0.04418596]

rule49: -30607129.968 < budget < 41761154.930
probabilities_array:[0.09797375 0.07322527 0.1281839  0.15555535 0.15511401 0.13283816
 0.11058977 0.08880448 0.03781777 0.         0.0198976 ]

rule17: 44.261 < num_user_for_reviews < 314.681
probabilities_array:[0.         0.11545864 0.1545313  0.13012113 0.08838445 0.13786599
 0.0833561  0.07164672 0.12352864 0.03305776 0.06204919]

rule18: 314.681 < num_user_for_reviews < 585.100
probabilities_array:[0.         0.         0.09661104 0.16681334 0.16567034 0.12314809
 0.08495066 0.12475209 0.14129779 0.08172348 0.01503317]

rule13: 75.444 < num_critic_for_reviews < 159.674
probabilities_array:[0.01652494 0.02448147 0.04849983 0.00277619 0.06097499 0.13515297
 0.145314   0.17738183 0.16591369 0.00758198 0.21539818]

rule38: 11041.458 < cast_total_facebook_likes < 24645.457
probabilities_array:[0.01961202 0.         0.07392266 0.0655127  0.04274864 0.14158349
 0.03626925 0.03069298 0.09028627 0.13323858 0.36613348]

rule9: -407.932 < num_voted_users < 98393.566
probabilities_array:[0.18413047 0.17224562 0.13591099 0.16510613 0.14388603 0.08793845
 0.0549821  0.03837366 0.00337005 0.         0.01405651]

rule4: title_year < 1996.588
probabilities_array:[0.         0.         0.02798153 0.088621   0.09225452 0.08922964
 0.09678051 0.08889037 0.22420093 0.2534587  0.03858272]

rule5: 1996.588 < title_year < 2003.186
probabilities_array:[0.0111533  0.10630289 0.15481913 0.11329552 0.         0.11444008
 0.03647053 0.00468521 0.01257681 0.19180562 0.25445092]

rule27: actor_1_facebook_likes > 18682.004
probabilities_array:[0.04132676 0.01334674 0.         0.         0.         0.15318891
 0.04098504 0.09554097 0.         0.1755758  0.48003575]

rule1: 5.737 < imdb_score < 6.481
probabilities_array:[0.10139226 0.         0.         0.01518107 0.08786749 0.08376615
 0.15458609 0.17015807 0.18018866 0.10455658 0.10230361]

rule22: 804.775 < director_facebook_likes < 2861.164
probabilities_array:[0.044849   0.         0.24084827 0.         0.00762405 0.0951514
 0.17395021 0.0156303  0.01884173 0.1476366  0.2554685 ]

rule29: -1193.635 < actor_2_facebook_likes < 1909.009
probabilities_array:[0.07005168 0.03247343 0.         0.         0.         0.1431358
 0.05009706 0.         0.         0.15182383 0.55241823]

rule46: 110.059 < duration < 125.664
probabilities_array:[0.00028677 0.         0.03254068 0.01046295 0.         0.08234309
 0.1764402  0.12264025 0.18608254 0.11981887 0.26938468]

rule26: 7430.466 < actor_1_facebook_likes < 18682.004
probabilities_array:[0.01779836 0.         0.03209968 0.         0.01972722 0.10459165
 0.03895072 0.04582337 0.21215174 0.04676846 0.4820887 ]

rule43: movie_facebook_likes > 22977.319
probabilities_array:[0.         0.         0.         0.06659116 0.         0.06175965
 0.00553977 0.18106267 0.14799409 0.19561358 0.34143907]


---6---
rule50: 41761154.930 < budget < 114129439.829
probabilities_array:[0.         0.         0.         0.         0.17180917 0.13851318
 0.20062982 0.19193144 0.15467916 0.09825128 0.04418596]

rule10: 98393.566 < num_voted_users < 197195.063
probabilities_array:[0.         0.         0.02023361 0.0009898  0.         0.18977006
 0.21413587 0.18756571 0.16513811 0.03365587 0.18851107]

rule1: 5.737 < imdb_score < 6.481
probabilities_array:[0.10139226 0.         0.         0.01518107 0.08786749 0.08376615
 0.15458609 0.17015807 0.18018866 0.10455658 0.10230361]

rule0: imdb_score < 5.737
probabilities_array:[0.         0.         0.04416524 0.16110449 0.1626575  0.1915005
 0.15277088 0.13764486 0.03073707 0.0268053  0.09261411]

rule47: duration > 125.664
probabilities_array:[0.         0.         0.00700755 0.         0.         0.04842806
 0.21593314 0.05422035 0.14010349 0.17626573 0.3580416 ]

rule42: 8805.099 < movie_facebook_likes < 22977.319
probabilities_array:[0.         0.03850344 0.1417621  0.02536762 0.11735409 0.15584186
 0.15688775 0.06422493 0.06022732 0.10824979 0.13158117]

rule23: director_facebook_likes > 2861.164
probabilities_array:[0.0172367  0.         0.1187911  0.0679152  0.         0.00055287
 0.17749114 0.07172667 0.15593116 0.1309972  0.25935793]

rule22: 804.775 < director_facebook_likes < 2861.164
probabilities_array:[0.044849   0.         0.24084827 0.         0.00762405 0.0951514
 0.17395021 0.0156303  0.01884173 0.1476366  0.2554685 ]

rule46: 110.059 < duration < 125.664
probabilities_array:[0.00028677 0.         0.03254068 0.01046295 0.         0.08234309
 0.1764402  0.12264025 0.18608254 0.11981887 0.26938468]

rule34: 736.401 < actor_3_facebook_likes < 1980.238
probabilities_array:[0.00357948 0.00749695 0.         0.         0.15891717 0.0037488
 0.14413837 0.14535452 0.18894394 0.15693545 0.1908853 ]

rule13: 75.444 < num_critic_for_reviews < 159.674
probabilities_array:[0.01652494 0.02448147 0.04849983 0.00277619 0.06097499 0.13515297
 0.145314   0.17738183 0.16591369 0.00758198 0.21539818]

rule30: 1909.009 < actor_2_facebook_likes < 5011.653
probabilities_array:[0.         0.03047738 0.         0.19642824 0.         0.
 0.13035353 0.20229135 0.11452318 0.1783265  0.14759979]

rule49: -30607129.968 < budget < 41761154.930
probabilities_array:[0.09797375 0.07322527 0.1281839  0.15555535 0.15511401 0.13283816
 0.11058977 0.08880448 0.03781777 0.         0.0198976 ]

rule4: title_year < 1996.588
probabilities_array:[0.         0.         0.02798153 0.088621   0.09225452 0.08922964
 0.09678051 0.08889037 0.22420093 0.2534587  0.03858272]

rule18: 314.681 < num_user_for_reviews < 585.100
probabilities_array:[0.         0.         0.09661104 0.16681334 0.16567034 0.12314809
 0.08495066 0.12475209 0.14129779 0.08172348 0.01503317]

rule33: -507.437 < actor_3_facebook_likes < 736.401
probabilities_array:[0.07565674 0.1249781  0.12848504 0.         0.         0.
 0.10434948 0.13689373 0.17426397 0.05283833 0.20253466]

rule17: 44.261 < num_user_for_reviews < 314.681
probabilities_array:[0.         0.11545864 0.1545313  0.13012113 0.08838445 0.13786599
 0.0833561  0.07164672 0.12352864 0.03305776 0.06204919]

rule2: 6.481 < imdb_score < 7.226
probabilities_array:[0.1476863  0.17200522 0.03625438 0.         0.         0.
 0.08664582 0.04954046 0.18219024 0.13623936 0.1894382 ]

rule14: 159.674 < num_critic_for_reviews < 243.903
probabilities_array:[0.         0.05062512 0.08481833 0.14465933 0.08690138 0.13995653
 0.06747347 0.1114633  0.13923554 0.13083504 0.0440319 ]

rule6: 2003.186 < title_year < 2009.784
probabilities_array:[0.20114267 0.08027586 0.12174959 0.09491868 0.09927328 0.
 0.06801028 0.03124828 0.         0.17660116 0.12678027]

rule15: num_critic_for_reviews > 243.903
probabilities_array:[0.         0.         0.         0.         0.06163936 0.03362539
 0.11095346 0.         0.09200273 0.2078791  0.49389997]

rule9: -407.932 < num_voted_users < 98393.566
probabilities_array:[0.18413047 0.17224562 0.13591099 0.16510613 0.14388603 0.08793845
 0.0549821  0.03837366 0.00337005 0.         0.01405651]

rule19: num_user_for_reviews > 585.100
probabilities_array:[0.         0.         0.         0.         0.00346616 0.03355174
 0.09486128 0.17256027 0.011542   0.22611792 0.4579006 ]

rule39: cast_total_facebook_likes > 24645.457
probabilities_array:[0.04533421 0.         0.         0.         0.         0.00462291
 0.08297542 0.13604592 0.04932499 0.20799074 0.47370583]


---7---
rule50: 41761154.930 < budget < 114129439.829
probabilities_array:[0.         0.         0.         0.         0.17180917 0.13851318
 0.20062982 0.19193144 0.15467916 0.09825128 0.04418596]

rule30: 1909.009 < actor_2_facebook_likes < 5011.653
probabilities_array:[0.         0.03047738 0.         0.19642824 0.         0.
 0.13035353 0.20229135 0.11452318 0.1783265  0.14759979]

rule1: 5.737 < imdb_score < 6.481
probabilities_array:[0.10139226 0.         0.         0.01518107 0.08786749 0.08376615
 0.15458609 0.17015807 0.18018866 0.10455658 0.10230361]

rule10: 98393.566 < num_voted_users < 197195.063
probabilities_array:[0.         0.         0.02023361 0.0009898  0.         0.18977006
 0.21413587 0.18756571 0.16513811 0.03365587 0.18851107]

rule13: 75.444 < num_critic_for_reviews < 159.674
probabilities_array:[0.01652494 0.02448147 0.04849983 0.00277619 0.06097499 0.13515297
 0.145314   0.17738183 0.16591369 0.00758198 0.21539818]

rule0: imdb_score < 5.737
probabilities_array:[0.         0.         0.04416524 0.16110449 0.1626575  0.1915005
 0.15277088 0.13764486 0.03073707 0.0268053  0.09261411]

rule18: 314.681 < num_user_for_reviews < 585.100
probabilities_array:[0.         0.         0.09661104 0.16681334 0.16567034 0.12314809
 0.08495066 0.12475209 0.14129779 0.08172348 0.01503317]

rule43: movie_facebook_likes > 22977.319
probabilities_array:[0.         0.         0.         0.06659116 0.         0.06175965
 0.00553977 0.18106267 0.14799409 0.19561358 0.34143907]

rule34: 736.401 < actor_3_facebook_likes < 1980.238
probabilities_array:[0.00357948 0.00749695 0.         0.         0.15891717 0.0037488
 0.14413837 0.14535452 0.18894394 0.15693545 0.1908853 ]

rule45: 94.453 < duration < 110.059
probabilities_array:[0.07415568 0.18983859 0.0356285  0.14347911 0.07968701 0.
 0.         0.15159185 0.00222135 0.04394875 0.27944922]

rule33: -507.437 < actor_3_facebook_likes < 736.401
probabilities_array:[0.07565674 0.1249781  0.12848504 0.         0.         0.
 0.10434948 0.13689373 0.17426397 0.05283833 0.20253466]

rule14: 159.674 < num_critic_for_reviews < 243.903
probabilities_array:[0.         0.05062512 0.08481833 0.14465933 0.08690138 0.13995653
 0.06747347 0.1114633  0.13923554 0.13083504 0.0440319 ]

rule19: num_user_for_reviews > 585.100
probabilities_array:[0.         0.         0.         0.         0.00346616 0.03355174
 0.09486128 0.17256027 0.011542   0.22611792 0.4579006 ]

rule46: 110.059 < duration < 125.664
probabilities_array:[0.00028677 0.         0.03254068 0.01046295 0.         0.08234309
 0.1764402  0.12264025 0.18608254 0.11981887 0.26938468]

rule49: -30607129.968 < budget < 41761154.930
probabilities_array:[0.09797375 0.07322527 0.1281839  0.15555535 0.15511401 0.13283816
 0.11058977 0.08880448 0.03781777 0.         0.0198976 ]

rule4: title_year < 1996.588
probabilities_array:[0.         0.         0.02798153 0.088621   0.09225452 0.08922964
 0.09678051 0.08889037 0.22420093 0.2534587  0.03858272]

rule39: cast_total_facebook_likes > 24645.457
probabilities_array:[0.04533421 0.         0.         0.         0.         0.00462291
 0.08297542 0.13604592 0.04932499 0.20799074 0.47370583]

rule17: 44.261 < num_user_for_reviews < 314.681
probabilities_array:[0.         0.11545864 0.1545313  0.13012113 0.08838445 0.13786599
 0.0833561  0.07164672 0.12352864 0.03305776 0.06204919]

rule42: 8805.099 < movie_facebook_likes < 22977.319
probabilities_array:[0.         0.03850344 0.1417621  0.02536762 0.11735409 0.15584186
 0.15688775 0.06422493 0.06022732 0.10824979 0.13158117]

rule23: director_facebook_likes > 2861.164
probabilities_array:[0.0172367  0.         0.1187911  0.0679152  0.         0.00055287
 0.17749114 0.07172667 0.15593116 0.1309972  0.25935793]

rule21: -1251.614 < director_facebook_likes < 804.775
probabilities_array:[0.         0.01300909 0.         0.         0.         0.
 0.         0.09967045 0.14186034 0.27729943 0.4681607 ]

rule27: actor_1_facebook_likes > 18682.004
probabilities_array:[0.04132676 0.01334674 0.         0.         0.         0.15318891
 0.04098504 0.09554097 0.         0.1755758  0.48003575]

rule2: 6.481 < imdb_score < 7.226
probabilities_array:[0.1476863  0.17200522 0.03625438 0.         0.         0.
 0.08664582 0.04954046 0.18219024 0.13623936 0.1894382 ]


---8---
rule4: title_year < 1996.588
probabilities_array:[0.         0.         0.02798153 0.088621   0.09225452 0.08922964
 0.09678051 0.08889037 0.22420093 0.2534587  0.03858272]

rule1: 5.737 < imdb_score < 6.481
probabilities_array:[0.10139226 0.         0.         0.01518107 0.08786749 0.08376615
 0.15458609 0.17015807 0.18018866 0.10455658 0.10230361]

rule34: 736.401 < actor_3_facebook_likes < 1980.238
probabilities_array:[0.00357948 0.00749695 0.         0.         0.15891717 0.0037488
 0.14413837 0.14535452 0.18894394 0.15693545 0.1908853 ]

rule50: 41761154.930 < budget < 114129439.829
probabilities_array:[0.         0.         0.         0.         0.17180917 0.13851318
 0.20062982 0.19193144 0.15467916 0.09825128 0.04418596]

rule2: 6.481 < imdb_score < 7.226
probabilities_array:[0.1476863  0.17200522 0.03625438 0.         0.         0.
 0.08664582 0.04954046 0.18219024 0.13623936 0.1894382 ]

rule18: 314.681 < num_user_for_reviews < 585.100
probabilities_array:[0.         0.         0.09661104 0.16681334 0.16567034 0.12314809
 0.08495066 0.12475209 0.14129779 0.08172348 0.01503317]

rule31: actor_2_facebook_likes > 5011.653
probabilities_array:[0.01744094 0.         0.00102235 0.         0.11331186 0.
 0.         0.         0.24219261 0.19993703 0.42609528]

rule33: -507.437 < actor_3_facebook_likes < 736.401
probabilities_array:[0.07565674 0.1249781  0.12848504 0.         0.         0.
 0.10434948 0.13689373 0.17426397 0.05283833 0.20253466]

rule46: 110.059 < duration < 125.664
probabilities_array:[0.00028677 0.         0.03254068 0.01046295 0.         0.08234309
 0.1764402  0.12264025 0.18608254 0.11981887 0.26938468]

rule10: 98393.566 < num_voted_users < 197195.063
probabilities_array:[0.         0.         0.02023361 0.0009898  0.         0.18977006
 0.21413587 0.18756571 0.16513811 0.03365587 0.18851107]

rule14: 159.674 < num_critic_for_reviews < 243.903
probabilities_array:[0.         0.05062512 0.08481833 0.14465933 0.08690138 0.13995653
 0.06747347 0.1114633  0.13923554 0.13083504 0.0440319 ]

rule13: 75.444 < num_critic_for_reviews < 159.674
probabilities_array:[0.01652494 0.02448147 0.04849983 0.00277619 0.06097499 0.13515297
 0.145314   0.17738183 0.16591369 0.00758198 0.21539818]

rule11: num_voted_users > 197195.063
probabilities_array:[0.         0.         0.         0.         0.         0.
 0.         0.         0.24148838 0.2553872  0.50312436]

rule17: 44.261 < num_user_for_reviews < 314.681
probabilities_array:[0.         0.11545864 0.1545313  0.13012113 0.08838445 0.13786599
 0.0833561  0.07164672 0.12352864 0.03305776 0.06204919]

rule23: director_facebook_likes > 2861.164
probabilities_array:[0.0172367  0.         0.1187911  0.0679152  0.         0.00055287
 0.17749114 0.07172667 0.15593116 0.1309972  0.25935793]

rule26: 7430.466 < actor_1_facebook_likes < 18682.004
probabilities_array:[0.01779836 0.         0.03209968 0.         0.01972722 0.10459165
 0.03895072 0.04582337 0.21215174 0.04676846 0.4820887 ]

rule30: 1909.009 < actor_2_facebook_likes < 5011.653
probabilities_array:[0.         0.03047738 0.         0.19642824 0.         0.
 0.13035353 0.20229135 0.11452318 0.1783265  0.14759979]

rule43: movie_facebook_likes > 22977.319
probabilities_array:[0.         0.         0.         0.06659116 0.         0.06175965
 0.00553977 0.18106267 0.14799409 0.19561358 0.34143907]

rule47: duration > 125.664
probabilities_array:[0.         0.         0.00700755 0.         0.         0.04842806
 0.21593314 0.05422035 0.14010349 0.17626573 0.3580416 ]

rule21: -1251.614 < director_facebook_likes < 804.775
probabilities_array:[0.         0.01300909 0.         0.         0.         0.
 0.         0.09967045 0.14186034 0.27729943 0.4681607 ]

rule38: 11041.458 < cast_total_facebook_likes < 24645.457
probabilities_array:[0.01961202 0.         0.07392266 0.0655127  0.04274864 0.14158349
 0.03626925 0.03069298 0.09028627 0.13323858 0.36613348]

rule42: 8805.099 < movie_facebook_likes < 22977.319
probabilities_array:[0.         0.03850344 0.1417621  0.02536762 0.11735409 0.15584186
 0.15688775 0.06422493 0.06022732 0.10824979 0.13158117]

rule15: num_critic_for_reviews > 243.903
probabilities_array:[0.         0.         0.         0.         0.06163936 0.03362539
 0.11095346 0.         0.09200273 0.2078791  0.49389997]


---9---
rule4: title_year < 1996.588
probabilities_array:[0.         0.         0.02798153 0.088621   0.09225452 0.08922964
 0.09678051 0.08889037 0.22420093 0.2534587  0.03858272]

rule6: 2003.186 < title_year < 2009.784
probabilities_array:[0.20114267 0.08027586 0.12174959 0.09491868 0.09927328 0.
 0.06801028 0.03124828 0.         0.17660116 0.12678027]

rule30: 1909.009 < actor_2_facebook_likes < 5011.653
probabilities_array:[0.         0.03047738 0.         0.19642824 0.         0.
 0.13035353 0.20229135 0.11452318 0.1783265  0.14759979]

rule21: -1251.614 < director_facebook_likes < 804.775
probabilities_array:[0.         0.01300909 0.         0.         0.         0.
 0.         0.09967045 0.14186034 0.27729943 0.4681607 ]

rule5: 1996.588 < title_year < 2003.186
probabilities_array:[0.0111533  0.10630289 0.15481913 0.11329552 0.         0.11444008
 0.03647053 0.00468521 0.01257681 0.19180562 0.25445092]

rule7: title_year > 2009.784
probabilities_array:[0.28046173 0.05183074 0.         0.         0.         0.00960788
 0.         0.02577835 0.01823247 0.2284418  0.38564712]

rule43: movie_facebook_likes > 22977.319
probabilities_array:[0.         0.         0.         0.06659116 0.         0.06175965
 0.00553977 0.18106267 0.14799409 0.19561358 0.34143907]

rule34: 736.401 < actor_3_facebook_likes < 1980.238
probabilities_array:[0.00357948 0.00749695 0.         0.         0.15891717 0.0037488
 0.14413837 0.14535452 0.18894394 0.15693545 0.1908853 ]

rule11: num_voted_users > 197195.063
probabilities_array:[0.         0.         0.         0.         0.         0.
 0.         0.         0.24148838 0.2553872  0.50312436]

rule14: 159.674 < num_critic_for_reviews < 243.903
probabilities_array:[0.         0.05062512 0.08481833 0.14465933 0.08690138 0.13995653
 0.06747347 0.1114633  0.13923554 0.13083504 0.0440319 ]

rule19: num_user_for_reviews > 585.100
probabilities_array:[0.         0.         0.         0.         0.00346616 0.03355174
 0.09486128 0.17256027 0.011542   0.22611792 0.4579006 ]

rule3: imdb_score > 7.226
probabilities_array:[0.08229607 0.21678972 0.13137408 0.         0.         0.
 0.         0.         0.         0.18868946 0.38085067]

rule31: actor_2_facebook_likes > 5011.653
probabilities_array:[0.01744094 0.         0.00102235 0.         0.11331186 0.
 0.         0.         0.24219261 0.19993703 0.42609528]

rule47: duration > 125.664
probabilities_array:[0.         0.         0.00700755 0.         0.         0.04842806
 0.21593314 0.05422035 0.14010349 0.17626573 0.3580416 ]

rule2: 6.481 < imdb_score < 7.226
probabilities_array:[0.1476863  0.17200522 0.03625438 0.         0.         0.
 0.08664582 0.04954046 0.18219024 0.13623936 0.1894382 ]

rule22: 804.775 < director_facebook_likes < 2861.164
probabilities_array:[0.044849   0.         0.24084827 0.         0.00762405 0.0951514
 0.17395021 0.0156303  0.01884173 0.1476366  0.2554685 ]

rule39: cast_total_facebook_likes > 24645.457
probabilities_array:[0.04533421 0.         0.         0.         0.         0.00462291
 0.08297542 0.13604592 0.04932499 0.20799074 0.47370583]

rule15: num_critic_for_reviews > 243.903
probabilities_array:[0.         0.         0.         0.         0.06163936 0.03362539
 0.11095346 0.         0.09200273 0.2078791  0.49389997]

rule23: director_facebook_likes > 2861.164
probabilities_array:[0.0172367  0.         0.1187911  0.0679152  0.         0.00055287
 0.17749114 0.07172667 0.15593116 0.1309972  0.25935793]

rule42: 8805.099 < movie_facebook_likes < 22977.319
probabilities_array:[0.         0.03850344 0.1417621  0.02536762 0.11735409 0.15584186
 0.15688775 0.06422493 0.06022732 0.10824979 0.13158117]

rule50: 41761154.930 < budget < 114129439.829
probabilities_array:[0.         0.         0.         0.         0.17180917 0.13851318
 0.20062982 0.19193144 0.15467916 0.09825128 0.04418596]

rule1: 5.737 < imdb_score < 6.481
probabilities_array:[0.10139226 0.         0.         0.01518107 0.08786749 0.08376615
 0.15458609 0.17015807 0.18018866 0.10455658 0.10230361]

rule27: actor_1_facebook_likes > 18682.004
probabilities_array:[0.04132676 0.01334674 0.         0.         0.         0.15318891
 0.04098504 0.09554097 0.         0.1755758  0.48003575]

rule46: 110.059 < duration < 125.664
probabilities_array:[0.00028677 0.         0.03254068 0.01046295 0.         0.08234309
 0.1764402  0.12264025 0.18608254 0.11981887 0.26938468]

rule38: 11041.458 < cast_total_facebook_likes < 24645.457
probabilities_array:[0.01961202 0.         0.07392266 0.0655127  0.04274864 0.14158349
 0.03626925 0.03069298 0.09028627 0.13323858 0.36613348]

rule18: 314.681 < num_user_for_reviews < 585.100
probabilities_array:[0.         0.         0.09661104 0.16681334 0.16567034 0.12314809
 0.08495066 0.12475209 0.14129779 0.08172348 0.01503317]

rule35: actor_3_facebook_likes > 1980.238
probabilities_array:[0.         0.         0.         0.00720452 0.03126578 0.
 0.         0.         0.         0.26344675 0.6980829 ]

rule51: budget > 114129439.829
probabilities_array:[0.        0.        0.        0.        0.        0.        0.
 0.        0.        0.2818092 0.7181908]

rule25: -3821.072 < actor_1_facebook_likes < 7430.466
probabilities_array:[8.9085013e-02 1.1954781e-01 0.0000000e+00 0.0000000e+00 0.0000000e+00
 0.0000000e+00 1.5248367e-05 2.7165035e-02 2.0909756e-02 1.8045126e-01
 5.6282592e-01]

rule37: -2562.541 < cast_total_facebook_likes < 11041.458
probabilities_array:[0.09638805 0.10168687 0.         0.         0.         0.
 0.         0.00631035 0.08351191 0.16007346 0.5520294 ]

rule44: duration < 94.453
probabilities_array:[0.21494474 0.         0.         0.         0.01773845 0.
 0.         0.         0.00648269 0.17032322 0.5905109 ]

rule29: -1193.635 < actor_2_facebook_likes < 1909.009
probabilities_array:[0.07005168 0.03247343 0.         0.         0.         0.1431358
 0.05009706 0.         0.         0.15182383 0.55241823]

rule33: -507.437 < actor_3_facebook_likes < 736.401
probabilities_array:[0.07565674 0.1249781  0.12848504 0.         0.         0.
 0.10434948 0.13689373 0.17426397 0.05283833 0.20253466]

