R2: -61.53820289109433

MAE: 127.893

MSE: 16682.868921764708

Accuracy: 0.32941176470588235

F1: 0.30731086799207646

Confusion Matrix: [[28, 16, 4, 2, 1, 0, 0, 0, 0], [7, 14, 8, 3, 2, 0, 1, 0, 0], [3, 4, 5, 4, 4, 0, 3, 1, 2], [2, 9, 10, 9, 10, 1, 2, 6, 2], [2, 2, 6, 3, 5, 4, 6, 8, 2], [2, 1, 3, 5, 0, 6, 4, 4, 7], [2, 1, 3, 1, 1, 5, 7, 14, 6], [0, 1, 0, 4, 1, 3, 5, 11, 9], [1, 0, 0, 0, 2, 0, 2, 1, 27]]

Uncertainties: {'class0': [0.0, 0.009291399270296097, 0.011796671897172928, 0.014637619256973267, 0.01613534241914749], 'class1': [0.0, 0.011796671897172928, 0.014637619256973267, 0.01613534241914749, 0.020680509507656097], 'class2': [0.009291399270296097, 0.011796671897172928, 0.014637619256973267, 0.01613534241914749, 0.020680509507656097], 'class3': [0.0, 0.009291399270296097, 0.011796671897172928, 0.014637619256973267, 0.01613534241914749], 'class4': [0.009291399270296097, 0.011796671897172928, 0.014637619256973267, 0.01613534241914749, 0.05332964286208153], 'class5': [0.0005156284896656871, 0.009291399270296097, 0.011796671897172928, 0.020680509507656097, 0.027359800413250923], 'class6': [0.0005156284896656871, 0.009291399270296097, 0.011796671897172928, 0.01613534241914749, 0.020680509507656097], 'class7': [0.0, 0.0005156284896656871, 0.009291399270296097, 0.014637619256973267, 0.01613534241914749], 'class8': [0.0, 0.0005156284896656871, 0.05332964286208153, 0.05682465061545372, 0.0669107437133789]}

Most important rules
-----------------------------

---0---
rule0: cement < 211.258
probabilities_array:[0.32073712 0.26605794 0.05841071 0.07518035 0.13675645 0.01707389
 0.03612027 0.07502565 0.         0.01463762]

rule28: age < 3.334
probabilities_array:[0.33495432 0.31842119 0.         0.         0.11849751 0.
 0.         0.         0.         0.228127  ]

rule15: water > 195.372
probabilities_array:[0.25225085 0.07738697 0.07090515 0.24559516 0.11879123 0.15398107
 0.05047569 0.01881719 0.         0.01179667]

rule27: fine_aggregate > 829.603
probabilities_array:[0.3170248  0.         0.09176757 0.         0.30527017 0.
 0.04780765 0.         0.         0.23812975]

rule4: blast_furnace_slag < 15.038
probabilities_array:[0.27583316 0.12462677 0.06834229 0.19747217 0.1132884  0.
 0.03721897 0.         0.00621638 0.1770019 ]

rule14: 180.790 < water < 195.372
probabilities_array:[0.22942792 0.14343904 0.1357237  0.17599913 0.01272135 0.18058272
 0.07326525 0.         0.02148103 0.0273598 ]

rule9: 11.757 < fly_ash < 54.761
probabilities_array:[0.20165357 0.12480801 0.         0.19291656 0.00276799 0.
 0.         0.27709296 0.20076093 0.        ]

rule16: superplasticizer < 2.255
probabilities_array:[0.21189207 0.15736651 0.2970122  0.00470371 0.01212565 0.
 0.15492696 0.06216404 0.         0.09980883]

rule23: coarse_aggregate > 1024.611
probabilities_array:[0.19135799 0.08086152 0.03745373 0.         0.17197272 0.09614937
 0.03015869 0.         0.27522305 0.11682293]

rule20: coarse_aggregate < 920.970
probabilities_array:[0.16559704 0.         0.         0.00366754 0.21179609 0.02134342
 0.03279074 0.2597701  0.24821045 0.05682465]

rule8: fly_ash < 11.757
probabilities_array:[0.19925271 0.         0.         0.         0.05182999 0.
 0.         0.17648189 0.28716156 0.28527385]

rule11: fly_ash > 97.766
probabilities_array:[0.14417017 0.03887147 0.23300089 0.09944913 0.05361377 0.20022796
 0.09033638 0.         0.04286322 0.09746703]

rule1: 211.258 < cement < 282.293
probabilities_array:[0.13224652 0.2668886  0.0496267  0.17284293 0.08752766 0.02859487
 0.10078436 0.14535294 0.         0.01613534]

rule21: 920.970 < coarse_aggregate < 972.790
probabilities_array:[0.14521758 0.03752466 0.05742331 0.29845518 0.         0.05115622
 0.         0.15100041 0.1075407  0.15168191]

rule13: 166.209 < water < 180.790
probabilities_array:[0.151918   0.         0.1843921  0.08173449 0.15319346 0.04202565
 0.08600502 0.         0.06269161 0.23803964]

rule10: 54.761 < fly_ash < 97.766
probabilities_array:[0.09173942 0.01340005 0.18429287 0.04589599 0.1747198  0.24143942
 0.1584013  0.08081971 0.         0.0092914 ]

rule26: 775.032 < fine_aggregate < 829.603
probabilities_array:[0.08213872 0.08624268 0.12078805 0.06994899 0.         0.26688412
 0.13058971 0.         0.14664876 0.09675892]

rule7: blast_furnace_slag > 131.425
probabilities_array:[0.05621303 0.         0.10767934 0.07517248 0.35778832 0.12481685
 0.10111279 0.00751925 0.09733421 0.07236379]

rule22: 972.790 < coarse_aggregate < 1024.611
probabilities_array:[0.05961106 0.2775193  0.0652449  0.03788349 0.0711349  0.0309616
 0.15115236 0.13954172 0.         0.16695067]


---1---
rule1: 211.258 < cement < 282.293
probabilities_array:[0.13224652 0.2668886  0.0496267  0.17284293 0.08752766 0.02859487
 0.10078436 0.14535294 0.         0.01613534]

rule0: cement < 211.258
probabilities_array:[0.32073712 0.26605794 0.05841071 0.07518035 0.13675645 0.01707389
 0.03612027 0.07502565 0.         0.01463762]

rule28: age < 3.334
probabilities_array:[0.33495432 0.31842119 0.         0.         0.11849751 0.
 0.         0.         0.         0.228127  ]

rule22: 972.790 < coarse_aggregate < 1024.611
probabilities_array:[0.05961106 0.2775193  0.0652449  0.03788349 0.0711349  0.0309616
 0.15115236 0.13954172 0.         0.16695067]

rule2: 282.293 < cement < 353.328
probabilities_array:[0.0268115  0.21461393 0.0316553  0.17901549 0.         0.15117638
 0.0648462  0.21360853 0.03287343 0.08539926]

rule29: 3.334 < age < 46.254
probabilities_array:[0.         0.16037709 0.2323751  0.17739058 0.02041878 0.11907083
 0.12672606 0.1050152  0.03794586 0.02068051]

rule16: superplasticizer < 2.255
probabilities_array:[0.21189207 0.15736651 0.2970122  0.00470371 0.01212565 0.
 0.15492696 0.06216404 0.         0.09980883]

rule14: 180.790 < water < 195.372
probabilities_array:[0.22942792 0.14343904 0.1357237  0.17599913 0.01272135 0.18058272
 0.07326525 0.         0.02148103 0.0273598 ]

rule9: 11.757 < fly_ash < 54.761
probabilities_array:[0.20165357 0.12480801 0.         0.19291656 0.00276799 0.
 0.         0.27709296 0.20076093 0.        ]

rule4: blast_furnace_slag < 15.038
probabilities_array:[0.27583316 0.12462677 0.06834229 0.19747217 0.1132884  0.
 0.03721897 0.         0.00621638 0.1770019 ]

rule26: 775.032 < fine_aggregate < 829.603
probabilities_array:[0.08213872 0.08624268 0.12078805 0.06994899 0.         0.26688412
 0.13058971 0.         0.14664876 0.09675892]

rule15: water > 195.372
probabilities_array:[0.25225085 0.07738697 0.07090515 0.24559516 0.11879123 0.15398107
 0.05047569 0.01881719 0.         0.01179667]

rule24: fine_aggregate < 720.460
probabilities_array:[0.00103541 0.08283103 0.         0.         0.         0.03907733
 0.13117296 0.2853377  0.33017975 0.13036579]

rule23: coarse_aggregate > 1024.611
probabilities_array:[0.19135799 0.08086152 0.03745373 0.         0.17197272 0.09614937
 0.03015869 0.         0.27522305 0.11682293]


---2---
rule16: superplasticizer < 2.255
probabilities_array:[0.21189207 0.15736651 0.2970122  0.00470371 0.01212565 0.
 0.15492696 0.06216404 0.         0.09980883]

rule29: 3.334 < age < 46.254
probabilities_array:[0.         0.16037709 0.2323751  0.17739058 0.02041878 0.11907083
 0.12672606 0.1050152  0.03794586 0.02068051]

rule17: 2.255 < superplasticizer < 6.295
probabilities_array:[0.00118802 0.02113294 0.23606351 0.         0.26350713 0.13704418
 0.         0.         0.28773454 0.05332964]

rule11: fly_ash > 97.766
probabilities_array:[0.14417017 0.03887147 0.23300089 0.09944913 0.05361377 0.20022796
 0.09033638 0.         0.04286322 0.09746703]

rule10: 54.761 < fly_ash < 97.766
probabilities_array:[0.09173942 0.01340005 0.18429287 0.04589599 0.1747198  0.24143942
 0.1584013  0.08081971 0.         0.0092914 ]

rule13: 166.209 < water < 180.790
probabilities_array:[0.151918   0.         0.1843921  0.08173449 0.15319346 0.04202565
 0.08600502 0.         0.06269161 0.23803964]

rule14: 180.790 < water < 195.372
probabilities_array:[0.22942792 0.14343904 0.1357237  0.17599913 0.01272135 0.18058272
 0.07326525 0.         0.02148103 0.0273598 ]

rule26: 775.032 < fine_aggregate < 829.603
probabilities_array:[0.08213872 0.08624268 0.12078805 0.06994899 0.         0.26688412
 0.13058971 0.         0.14664876 0.09675892]

rule18: 6.295 < superplasticizer < 10.336
probabilities_array:[0.         0.03266506 0.11117568 0.05846018 0.01131378 0.02864134
 0.26131144 0.24528517 0.18423663 0.06691074]

rule7: blast_furnace_slag > 131.425
probabilities_array:[0.05621303 0.         0.10767934 0.07517248 0.35778832 0.12481685
 0.10111279 0.00751925 0.09733421 0.07236379]

rule15: water > 195.372
probabilities_array:[0.25225085 0.07738697 0.07090515 0.24559516 0.11879123 0.15398107
 0.05047569 0.01881719 0.         0.01179667]

rule27: fine_aggregate > 829.603
probabilities_array:[0.3170248  0.         0.09176757 0.         0.30527017 0.
 0.04780765 0.         0.         0.23812975]

rule0: cement < 211.258
probabilities_array:[0.32073712 0.26605794 0.05841071 0.07518035 0.13675645 0.01707389
 0.03612027 0.07502565 0.         0.01463762]

rule4: blast_furnace_slag < 15.038
probabilities_array:[0.27583316 0.12462677 0.06834229 0.19747217 0.1132884  0.
 0.03721897 0.         0.00621638 0.1770019 ]

rule22: 972.790 < coarse_aggregate < 1024.611
probabilities_array:[0.05961106 0.2775193  0.0652449  0.03788349 0.0711349  0.0309616
 0.15115236 0.13954172 0.         0.16695067]

rule1: 211.258 < cement < 282.293
probabilities_array:[0.13224652 0.2668886  0.0496267  0.17284293 0.08752766 0.02859487
 0.10078436 0.14535294 0.         0.01613534]

rule21: 920.970 < coarse_aggregate < 972.790
probabilities_array:[0.14521758 0.03752466 0.05742331 0.29845518 0.         0.05115622
 0.         0.15100041 0.1075407  0.15168191]


---3---
rule21: 920.970 < coarse_aggregate < 972.790
probabilities_array:[0.14521758 0.03752466 0.05742331 0.29845518 0.         0.05115622
 0.         0.15100041 0.1075407  0.15168191]

rule15: water > 195.372
probabilities_array:[0.25225085 0.07738697 0.07090515 0.24559516 0.11879123 0.15398107
 0.05047569 0.01881719 0.         0.01179667]

rule9: 11.757 < fly_ash < 54.761
probabilities_array:[0.20165357 0.12480801 0.         0.19291656 0.00276799 0.
 0.         0.27709296 0.20076093 0.        ]

rule29: 3.334 < age < 46.254
probabilities_array:[0.         0.16037709 0.2323751  0.17739058 0.02041878 0.11907083
 0.12672606 0.1050152  0.03794586 0.02068051]

rule14: 180.790 < water < 195.372
probabilities_array:[0.22942792 0.14343904 0.1357237  0.17599913 0.01272135 0.18058272
 0.07326525 0.         0.02148103 0.0273598 ]

rule1: 211.258 < cement < 282.293
probabilities_array:[0.13224652 0.2668886  0.0496267  0.17284293 0.08752766 0.02859487
 0.10078436 0.14535294 0.         0.01613534]

rule2: 282.293 < cement < 353.328
probabilities_array:[0.0268115  0.21461393 0.0316553  0.17901549 0.         0.15117638
 0.0648462  0.21360853 0.03287343 0.08539926]

rule4: blast_furnace_slag < 15.038
probabilities_array:[0.27583316 0.12462677 0.06834229 0.19747217 0.1132884  0.
 0.03721897 0.         0.00621638 0.1770019 ]

rule11: fly_ash > 97.766
probabilities_array:[0.14417017 0.03887147 0.23300089 0.09944913 0.05361377 0.20022796
 0.09033638 0.         0.04286322 0.09746703]

rule19: superplasticizer > 10.336
probabilities_array:[2.0915857e-02 2.4956896e-04 0.0000000e+00 9.5500998e-02 1.0035020e-01
 7.1432725e-02 2.1481873e-01 1.6142948e-01 2.6064700e-01 7.4655473e-02]

rule0: cement < 211.258
probabilities_array:[0.32073712 0.26605794 0.05841071 0.07518035 0.13675645 0.01707389
 0.03612027 0.07502565 0.         0.01463762]

rule7: blast_furnace_slag > 131.425
probabilities_array:[0.05621303 0.         0.10767934 0.07517248 0.35778832 0.12481685
 0.10111279 0.00751925 0.09733421 0.07236379]

rule26: 775.032 < fine_aggregate < 829.603
probabilities_array:[0.08213872 0.08624268 0.12078805 0.06994899 0.         0.26688412
 0.13058971 0.         0.14664876 0.09675892]

rule13: 166.209 < water < 180.790
probabilities_array:[0.151918   0.         0.1843921  0.08173449 0.15319346 0.04202565
 0.08600502 0.         0.06269161 0.23803964]

rule25: 720.460 < fine_aggregate < 775.032
probabilities_array:[0.         0.04533276 0.00975903 0.07031877 0.30988777 0.03300406
 0.03211347 0.13635117 0.22198415 0.14124885]

rule18: 6.295 < superplasticizer < 10.336
probabilities_array:[0.         0.03266506 0.11117568 0.05846018 0.01131378 0.02864134
 0.26131144 0.24528517 0.18423663 0.06691074]

rule10: 54.761 < fly_ash < 97.766
probabilities_array:[0.09173942 0.01340005 0.18429287 0.04589599 0.1747198  0.24143942
 0.1584013  0.08081971 0.         0.0092914 ]


---4---
rule7: blast_furnace_slag > 131.425
probabilities_array:[0.05621303 0.         0.10767934 0.07517248 0.35778832 0.12481685
 0.10111279 0.00751925 0.09733421 0.07236379]

rule25: 720.460 < fine_aggregate < 775.032
probabilities_array:[0.         0.04533276 0.00975903 0.07031877 0.30988777 0.03300406
 0.03211347 0.13635117 0.22198415 0.14124885]

rule17: 2.255 < superplasticizer < 6.295
probabilities_array:[0.00118802 0.02113294 0.23606351 0.         0.26350713 0.13704418
 0.         0.         0.28773454 0.05332964]

rule27: fine_aggregate > 829.603
probabilities_array:[0.3170248  0.         0.09176757 0.         0.30527017 0.
 0.04780765 0.         0.         0.23812975]

rule3: cement > 353.328
probabilities_array:[0.         0.         0.00223715 0.         0.24293885 0.17484988
 0.19888441 0.04848667 0.2613173  0.07128572]

rule20: coarse_aggregate < 920.970
probabilities_array:[0.16559704 0.         0.         0.00366754 0.21179609 0.02134342
 0.03279074 0.2597701  0.24821045 0.05682465]

rule10: 54.761 < fly_ash < 97.766
probabilities_array:[0.09173942 0.01340005 0.18429287 0.04589599 0.1747198  0.24143942
 0.1584013  0.08081971 0.         0.0092914 ]

rule23: coarse_aggregate > 1024.611
probabilities_array:[0.19135799 0.08086152 0.03745373 0.         0.17197272 0.09614937
 0.03015869 0.         0.27522305 0.11682293]

rule0: cement < 211.258
probabilities_array:[0.32073712 0.26605794 0.05841071 0.07518035 0.13675645 0.01707389
 0.03612027 0.07502565 0.         0.01463762]

rule15: water > 195.372
probabilities_array:[0.25225085 0.07738697 0.07090515 0.24559516 0.11879123 0.15398107
 0.05047569 0.01881719 0.         0.01179667]

rule13: 166.209 < water < 180.790
probabilities_array:[0.151918   0.         0.1843921  0.08173449 0.15319346 0.04202565
 0.08600502 0.         0.06269161 0.23803964]

rule6: 73.231 < blast_furnace_slag < 131.425
probabilities_array:[0.         0.02351082 0.02009761 0.         0.13406959 0.28201032
 0.03150933 0.25319287 0.0702446  0.18536492]

rule12: water < 166.209
probabilities_array:[0.         0.         0.         0.         0.14297573 0.
 0.         0.25603086 0.27881905 0.32217443]

rule4: blast_furnace_slag < 15.038
probabilities_array:[0.27583316 0.12462677 0.06834229 0.19747217 0.1132884  0.
 0.03721897 0.         0.00621638 0.1770019 ]

rule19: superplasticizer > 10.336
probabilities_array:[2.0915857e-02 2.4956896e-04 0.0000000e+00 9.5500998e-02 1.0035020e-01
 7.1432725e-02 2.1481873e-01 1.6142948e-01 2.6064700e-01 7.4655473e-02]

rule28: age < 3.334
probabilities_array:[0.33495432 0.31842119 0.         0.         0.11849751 0.
 0.         0.         0.         0.228127  ]

rule1: 211.258 < cement < 282.293
probabilities_array:[0.13224652 0.2668886  0.0496267  0.17284293 0.08752766 0.02859487
 0.10078436 0.14535294 0.         0.01613534]

rule22: 972.790 < coarse_aggregate < 1024.611
probabilities_array:[0.05961106 0.2775193  0.0652449  0.03788349 0.0711349  0.0309616
 0.15115236 0.13954172 0.         0.16695067]

rule11: fly_ash > 97.766
probabilities_array:[0.14417017 0.03887147 0.23300089 0.09944913 0.05361377 0.20022796
 0.09033638 0.         0.04286322 0.09746703]


---5---
rule26: 775.032 < fine_aggregate < 829.603
probabilities_array:[0.08213872 0.08624268 0.12078805 0.06994899 0.         0.26688412
 0.13058971 0.         0.14664876 0.09675892]

rule10: 54.761 < fly_ash < 97.766
probabilities_array:[0.09173942 0.01340005 0.18429287 0.04589599 0.1747198  0.24143942
 0.1584013  0.08081971 0.         0.0092914 ]

rule31: age > 89.173
probabilities_array:[0.         0.0027666  0.0014459  0.03176754 0.03851756 0.23018737
 0.20979705 0.22244832 0.262554   0.00051563]

rule6: 73.231 < blast_furnace_slag < 131.425
probabilities_array:[0.         0.02351082 0.02009761 0.         0.13406959 0.28201032
 0.03150933 0.25319287 0.0702446  0.18536492]

rule11: fly_ash > 97.766
probabilities_array:[0.14417017 0.03887147 0.23300089 0.09944913 0.05361377 0.20022796
 0.09033638 0.         0.04286322 0.09746703]

rule14: 180.790 < water < 195.372
probabilities_array:[0.22942792 0.14343904 0.1357237  0.17599913 0.01272135 0.18058272
 0.07326525 0.         0.02148103 0.0273598 ]

rule3: cement > 353.328
probabilities_array:[0.         0.         0.00223715 0.         0.24293885 0.17484988
 0.19888441 0.04848667 0.2613173  0.07128572]

rule15: water > 195.372
probabilities_array:[0.25225085 0.07738697 0.07090515 0.24559516 0.11879123 0.15398107
 0.05047569 0.01881719 0.         0.01179667]

rule2: 282.293 < cement < 353.328
probabilities_array:[0.0268115  0.21461393 0.0316553  0.17901549 0.         0.15117638
 0.0648462  0.21360853 0.03287343 0.08539926]

rule17: 2.255 < superplasticizer < 6.295
probabilities_array:[0.00118802 0.02113294 0.23606351 0.         0.26350713 0.13704418
 0.         0.         0.28773454 0.05332964]

rule29: 3.334 < age < 46.254
probabilities_array:[0.         0.16037709 0.2323751  0.17739058 0.02041878 0.11907083
 0.12672606 0.1050152  0.03794586 0.02068051]

rule7: blast_furnace_slag > 131.425
probabilities_array:[0.05621303 0.         0.10767934 0.07517248 0.35778832 0.12481685
 0.10111279 0.00751925 0.09733421 0.07236379]

rule23: coarse_aggregate > 1024.611
probabilities_array:[0.19135799 0.08086152 0.03745373 0.         0.17197272 0.09614937
 0.03015869 0.         0.27522305 0.11682293]

rule19: superplasticizer > 10.336
probabilities_array:[2.0915857e-02 2.4956896e-04 0.0000000e+00 9.5500998e-02 1.0035020e-01
 7.1432725e-02 2.1481873e-01 1.6142948e-01 2.6064700e-01 7.4655473e-02]

rule21: 920.970 < coarse_aggregate < 972.790
probabilities_array:[0.14521758 0.03752466 0.05742331 0.29845518 0.         0.05115622
 0.         0.15100041 0.1075407  0.15168191]


---6---
rule18: 6.295 < superplasticizer < 10.336
probabilities_array:[0.         0.03266506 0.11117568 0.05846018 0.01131378 0.02864134
 0.26131144 0.24528517 0.18423663 0.06691074]

rule31: age > 89.173
probabilities_array:[0.         0.0027666  0.0014459  0.03176754 0.03851756 0.23018737
 0.20979705 0.22244832 0.262554   0.00051563]

rule19: superplasticizer > 10.336
probabilities_array:[2.0915857e-02 2.4956896e-04 0.0000000e+00 9.5500998e-02 1.0035020e-01
 7.1432725e-02 2.1481873e-01 1.6142948e-01 2.6064700e-01 7.4655473e-02]

rule3: cement > 353.328
probabilities_array:[0.         0.         0.00223715 0.         0.24293885 0.17484988
 0.19888441 0.04848667 0.2613173  0.07128572]

rule10: 54.761 < fly_ash < 97.766
probabilities_array:[0.09173942 0.01340005 0.18429287 0.04589599 0.1747198  0.24143942
 0.1584013  0.08081971 0.         0.0092914 ]

rule16: superplasticizer < 2.255
probabilities_array:[0.21189207 0.15736651 0.2970122  0.00470371 0.01212565 0.
 0.15492696 0.06216404 0.         0.09980883]

rule22: 972.790 < coarse_aggregate < 1024.611
probabilities_array:[0.05961106 0.2775193  0.0652449  0.03788349 0.0711349  0.0309616
 0.15115236 0.13954172 0.         0.16695067]

rule29: 3.334 < age < 46.254
probabilities_array:[0.         0.16037709 0.2323751  0.17739058 0.02041878 0.11907083
 0.12672606 0.1050152  0.03794586 0.02068051]

rule26: 775.032 < fine_aggregate < 829.603
probabilities_array:[0.08213872 0.08624268 0.12078805 0.06994899 0.         0.26688412
 0.13058971 0.         0.14664876 0.09675892]

rule24: fine_aggregate < 720.460
probabilities_array:[0.00103541 0.08283103 0.         0.         0.         0.03907733
 0.13117296 0.2853377  0.33017975 0.13036579]

rule1: 211.258 < cement < 282.293
probabilities_array:[0.13224652 0.2668886  0.0496267  0.17284293 0.08752766 0.02859487
 0.10078436 0.14535294 0.         0.01613534]

rule7: blast_furnace_slag > 131.425
probabilities_array:[0.05621303 0.         0.10767934 0.07517248 0.35778832 0.12481685
 0.10111279 0.00751925 0.09733421 0.07236379]

rule11: fly_ash > 97.766
probabilities_array:[0.14417017 0.03887147 0.23300089 0.09944913 0.05361377 0.20022796
 0.09033638 0.         0.04286322 0.09746703]

rule14: 180.790 < water < 195.372
probabilities_array:[0.22942792 0.14343904 0.1357237  0.17599913 0.01272135 0.18058272
 0.07326525 0.         0.02148103 0.0273598 ]

rule13: 166.209 < water < 180.790
probabilities_array:[0.151918   0.         0.1843921  0.08173449 0.15319346 0.04202565
 0.08600502 0.         0.06269161 0.23803964]

rule2: 282.293 < cement < 353.328
probabilities_array:[0.0268115  0.21461393 0.0316553  0.17901549 0.         0.15117638
 0.0648462  0.21360853 0.03287343 0.08539926]

rule30: 46.254 < age < 89.173
probabilities_array:[0.         0.         0.         0.00300888 0.         0.
 0.07130514 0.30815512 0.36499146 0.25253946]

rule15: water > 195.372
probabilities_array:[0.25225085 0.07738697 0.07090515 0.24559516 0.11879123 0.15398107
 0.05047569 0.01881719 0.         0.01179667]


---7---
rule9: 11.757 < fly_ash < 54.761
probabilities_array:[0.20165357 0.12480801 0.         0.19291656 0.00276799 0.
 0.         0.27709296 0.20076093 0.        ]

rule24: fine_aggregate < 720.460
probabilities_array:[0.00103541 0.08283103 0.         0.         0.         0.03907733
 0.13117296 0.2853377  0.33017975 0.13036579]

rule20: coarse_aggregate < 920.970
probabilities_array:[0.16559704 0.         0.         0.00366754 0.21179609 0.02134342
 0.03279074 0.2597701  0.24821045 0.05682465]

rule30: 46.254 < age < 89.173
probabilities_array:[0.         0.         0.         0.00300888 0.         0.
 0.07130514 0.30815512 0.36499146 0.25253946]

rule18: 6.295 < superplasticizer < 10.336
probabilities_array:[0.         0.03266506 0.11117568 0.05846018 0.01131378 0.02864134
 0.26131144 0.24528517 0.18423663 0.06691074]

rule31: age > 89.173
probabilities_array:[0.         0.0027666  0.0014459  0.03176754 0.03851756 0.23018737
 0.20979705 0.22244832 0.262554   0.00051563]

rule6: 73.231 < blast_furnace_slag < 131.425
probabilities_array:[0.         0.02351082 0.02009761 0.         0.13406959 0.28201032
 0.03150933 0.25319287 0.0702446  0.18536492]

rule5: 15.038 < blast_furnace_slag < 73.231
probabilities_array:[0.01284916 0.         0.         0.         0.         0.
 0.         0.2925415  0.39308545 0.30152383]

rule2: 282.293 < cement < 353.328
probabilities_array:[0.0268115  0.21461393 0.0316553  0.17901549 0.         0.15117638
 0.0648462  0.21360853 0.03287343 0.08539926]

rule12: water < 166.209
probabilities_array:[0.         0.         0.         0.         0.14297573 0.
 0.         0.25603086 0.27881905 0.32217443]

rule19: superplasticizer > 10.336
probabilities_array:[2.0915857e-02 2.4956896e-04 0.0000000e+00 9.5500998e-02 1.0035020e-01
 7.1432725e-02 2.1481873e-01 1.6142948e-01 2.6064700e-01 7.4655473e-02]

rule1: 211.258 < cement < 282.293
probabilities_array:[0.13224652 0.2668886  0.0496267  0.17284293 0.08752766 0.02859487
 0.10078436 0.14535294 0.         0.01613534]

rule21: 920.970 < coarse_aggregate < 972.790
probabilities_array:[0.14521758 0.03752466 0.05742331 0.29845518 0.         0.05115622
 0.         0.15100041 0.1075407  0.15168191]

rule8: fly_ash < 11.757
probabilities_array:[0.19925271 0.         0.         0.         0.05182999 0.
 0.         0.17648189 0.28716156 0.28527385]

rule25: 720.460 < fine_aggregate < 775.032
probabilities_array:[0.         0.04533276 0.00975903 0.07031877 0.30988777 0.03300406
 0.03211347 0.13635117 0.22198415 0.14124885]

rule22: 972.790 < coarse_aggregate < 1024.611
probabilities_array:[0.05961106 0.2775193  0.0652449  0.03788349 0.0711349  0.0309616
 0.15115236 0.13954172 0.         0.16695067]

rule29: 3.334 < age < 46.254
probabilities_array:[0.         0.16037709 0.2323751  0.17739058 0.02041878 0.11907083
 0.12672606 0.1050152  0.03794586 0.02068051]

rule10: 54.761 < fly_ash < 97.766
probabilities_array:[0.09173942 0.01340005 0.18429287 0.04589599 0.1747198  0.24143942
 0.1584013  0.08081971 0.         0.0092914 ]

rule0: cement < 211.258
probabilities_array:[0.32073712 0.26605794 0.05841071 0.07518035 0.13675645 0.01707389
 0.03612027 0.07502565 0.         0.01463762]

rule16: superplasticizer < 2.255
probabilities_array:[0.21189207 0.15736651 0.2970122  0.00470371 0.01212565 0.
 0.15492696 0.06216404 0.         0.09980883]

rule3: cement > 353.328
probabilities_array:[0.         0.         0.00223715 0.         0.24293885 0.17484988
 0.19888441 0.04848667 0.2613173  0.07128572]


---8---
rule24: fine_aggregate < 720.460
probabilities_array:[0.00103541 0.08283103 0.         0.         0.         0.03907733
 0.13117296 0.2853377  0.33017975 0.13036579]

rule5: 15.038 < blast_furnace_slag < 73.231
probabilities_array:[0.01284916 0.         0.         0.         0.         0.
 0.         0.2925415  0.39308545 0.30152383]

rule30: 46.254 < age < 89.173
probabilities_array:[0.         0.         0.         0.00300888 0.         0.
 0.07130514 0.30815512 0.36499146 0.25253946]

rule17: 2.255 < superplasticizer < 6.295
probabilities_array:[0.00118802 0.02113294 0.23606351 0.         0.26350713 0.13704418
 0.         0.         0.28773454 0.05332964]

rule31: age > 89.173
probabilities_array:[0.         0.0027666  0.0014459  0.03176754 0.03851756 0.23018737
 0.20979705 0.22244832 0.262554   0.00051563]

rule23: coarse_aggregate > 1024.611
probabilities_array:[0.19135799 0.08086152 0.03745373 0.         0.17197272 0.09614937
 0.03015869 0.         0.27522305 0.11682293]

rule3: cement > 353.328
probabilities_array:[0.         0.         0.00223715 0.         0.24293885 0.17484988
 0.19888441 0.04848667 0.2613173  0.07128572]

rule19: superplasticizer > 10.336
probabilities_array:[2.0915857e-02 2.4956896e-04 0.0000000e+00 9.5500998e-02 1.0035020e-01
 7.1432725e-02 2.1481873e-01 1.6142948e-01 2.6064700e-01 7.4655473e-02]

rule20: coarse_aggregate < 920.970
probabilities_array:[0.16559704 0.         0.         0.00366754 0.21179609 0.02134342
 0.03279074 0.2597701  0.24821045 0.05682465]

rule8: fly_ash < 11.757
probabilities_array:[0.19925271 0.         0.         0.         0.05182999 0.
 0.         0.17648189 0.28716156 0.28527385]

rule9: 11.757 < fly_ash < 54.761
probabilities_array:[0.20165357 0.12480801 0.         0.19291656 0.00276799 0.
 0.         0.27709296 0.20076093 0.        ]

rule25: 720.460 < fine_aggregate < 775.032
probabilities_array:[0.         0.04533276 0.00975903 0.07031877 0.30988777 0.03300406
 0.03211347 0.13635117 0.22198415 0.14124885]

rule12: water < 166.209
probabilities_array:[0.         0.         0.         0.         0.14297573 0.
 0.         0.25603086 0.27881905 0.32217443]

rule18: 6.295 < superplasticizer < 10.336
probabilities_array:[0.         0.03266506 0.11117568 0.05846018 0.01131378 0.02864134
 0.26131144 0.24528517 0.18423663 0.06691074]

rule26: 775.032 < fine_aggregate < 829.603
probabilities_array:[0.08213872 0.08624268 0.12078805 0.06994899 0.         0.26688412
 0.13058971 0.         0.14664876 0.09675892]

rule21: 920.970 < coarse_aggregate < 972.790
probabilities_array:[0.14521758 0.03752466 0.05742331 0.29845518 0.         0.05115622
 0.         0.15100041 0.1075407  0.15168191]

rule7: blast_furnace_slag > 131.425
probabilities_array:[0.05621303 0.         0.10767934 0.07517248 0.35778832 0.12481685
 0.10111279 0.00751925 0.09733421 0.07236379]

rule6: 73.231 < blast_furnace_slag < 131.425
probabilities_array:[0.         0.02351082 0.02009761 0.         0.13406959 0.28201032
 0.03150933 0.25319287 0.0702446  0.18536492]

rule13: 166.209 < water < 180.790
probabilities_array:[0.151918   0.         0.1843921  0.08173449 0.15319346 0.04202565
 0.08600502 0.         0.06269161 0.23803964]

