R2: -60.11666468025686

MAE: 127.2494117647059

MSE: 16561.422351764708

Accuracy: 0.3411764705882353

F1: 0.32437202644099195

Confusion Matrix: [[22, 7, 1, 0, 0, 1, 0, 0, 0, 0], [9, 12, 5, 3, 1, 4, 1, 1, 0, 0], [10, 9, 6, 4, 0, 7, 2, 0, 1, 1], [4, 9, 8, 10, 4, 5, 3, 2, 0, 1], [2, 6, 3, 1, 8, 2, 5, 1, 0, 3], [0, 3, 0, 6, 1, 5, 7, 1, 4, 4], [0, 3, 3, 3, 0, 2, 10, 2, 6, 6], [0, 3, 0, 3, 0, 0, 6, 9, 6, 7], [0, 0, 0, 1, 2, 1, 4, 3, 5, 3], [0, 0, 0, 0, 1, 0, 2, 1, 4, 29]]

Uncertainties: {'class0': [0.0004250235215295106, 0.015408368781208992, 0.027833107858896255, 0.03275151923298836, 0.03659218177199364], 'class1': [0.0004250235215295106, 0.027833107858896255, 0.03275151923298836, 0.03659218177199364, 0.04095933958888054], 'class2': [0.0004250235215295106, 0.015005034394562244, 0.015408368781208992, 0.027833107858896255, 0.03275151923298836], 'class3': [0.0004250235215295106, 0.004983425140380859, 0.015005034394562244, 0.027833107858896255, 0.03275151923298836], 'class4': [0.0004250235215295106, 0.002972722053527832, 0.004983425140380859, 0.015005034394562244, 0.015408368781208992], 'class5': [0.002972722053527832, 0.004983425140380859, 0.015005034394562244, 0.015408368781208992, 0.019422676414251328], 'class6': [0.002972722053527832, 0.004983425140380859, 0.015005034394562244, 0.015408368781208992, 0.019422676414251328], 'class7': [0.0004250235215295106, 0.002972722053527832, 0.004983425140380859, 0.015005034394562244, 0.019422676414251328], 'class8': [0.002972722053527832, 0.004983425140380859, 0.015005034394562244, 0.019422676414251328, 0.03659218177199364], 'class9': [0.002972722053527832, 0.004983425140380859, 0.015408368781208992, 0.019422676414251328, 0.04311799257993698]}

Most important rules
-----------------------------

---0---
rule0: cement < 212.661
probabilities_array:[0.34160388 0.17648606 0.16295701 0.07169598 0.09877163 0.07916719
 0.00902047 0.0199296  0.0076167  0.         0.03275152]

rule15: water > 196.686
probabilities_array:[0.29604292 0.13236944 0.09926774 0.17114274 0.19029523 0.02553845
 0.03154809 0.04182224 0.00943195 0.00211608 0.00042502]

rule28: age < 3.556
probabilities_array:[0.35059738 0.35861748 0.04816203 0.         0.05579464 0.01725669
 0.         0.         0.         0.         0.16957173]

rule14: 182.110 < water < 196.686
probabilities_array:[0.267655   0.11725377 0.09840793 0.21947955 0.05554178 0.04140551
 0.17242345 0.         0.         0.         0.02783311]

rule27: fine_aggregate > 824.093
probabilities_array:[0.32131875 0.         0.08341521 0.00220501 0.02574448 0.02533988
 0.06352129 0.28701997 0.         0.         0.19143544]

rule9: 9.530 < fly_ash < 52.438
probabilities_array:[0.28367874 0.         0.         0.295397   0.         0.
 0.         0.1311329  0.02035729 0.16262424 0.10680987]

rule16: superplasticizer < 2.055
probabilities_array:[0.28635004 0.30412892 0.         0.01551736 0.03200503 0.
 0.08116589 0.         0.         0.         0.28083277]

rule8: fly_ash < 9.530
probabilities_array:[0.22162847 0.1610429  0.         0.         0.03771642 0.0183986
 0.07707541 0.00209526 0.12980533 0.24534005 0.10689748]

rule11: fly_ash > 95.345
probabilities_array:[0.20624642 0.1544109  0.07564432 0.29461193 0.01603216 0.05959895
 0.01032841 0.07893686 0.06323077 0.         0.04095934]

rule23: coarse_aggregate > 1028.057
probabilities_array:[2.3878777e-01 1.2526467e-01 1.5810370e-01 4.8595499e-02 2.3153130e-02
 4.7142124e-03 1.9980897e-04 3.2599378e-02 4.8799146e-02 9.0738311e-02
 2.2904445e-01]

rule4: blast_furnace_slag < 16.159
probabilities_array:[0.24794783 0.24538137 0.11869063 0.         0.0096227  0.10117114
 0.         0.         0.00672165 0.         0.27046472]

rule1: 212.661 < cement < 283.547
probabilities_array:[0.13891764 0.34332868 0.         0.00263923 0.09021151 0.
 0.         0.10326731 0.12882671 0.00882784 0.18398105]

rule20: coarse_aggregate < 923.246
probabilities_array:[0.13086013 0.03099552 0.         0.         0.25287393 0.
 0.         0.03780319 0.0986758  0.26316985 0.18562163]

rule10: 52.438 < fly_ash < 95.345
probabilities_array:[0.10011038 0.04583067 0.23764381 0.         0.2195578  0.00754631
 0.09764975 0.20508826 0.04998091 0.         0.03659218]

rule18: 6.062 < superplasticizer < 10.070
probabilities_array:[0.10064775 0.         0.16326645 0.00925534 0.         0.03457963
 0.30244628 0.00624492 0.22106828 0.08263294 0.0798584 ]

rule21: 923.246 < coarse_aggregate < 975.651
probabilities_array:[0.10384735 0.0224021  0.2242639  0.27711472 0.         0.08090185
 0.07620394 0.00722112 0.03111564 0.01941417 0.15751515]

rule5: 16.159 < blast_furnace_slag < 75.192
probabilities_array:[0.081009   0.         0.06888182 0.         0.14790702 0.05513114
 0.00904939 0.01557859 0.19708699 0.29714233 0.12821372]

rule26: 769.104 < fine_aggregate < 824.093
probabilities_array:[0.07810122 0.26445946 0.11903035 0.06388479 0.01212589 0.0152264
 0.18282479 0.         0.         0.07252419 0.19182284]

rule17: 2.055 < superplasticizer < 6.062
probabilities_array:[0.0470716  0.00805428 0.23165622 0.01856369 0.13224488 0.09175559
 0.30611312 0.03016164 0.         0.11897058 0.01540837]

rule13: 167.533 < water < 182.110
probabilities_array:[0.05225702 0.06745222 0.         0.08875138 0.08770592 0.01366785
 0.23561162 0.15411386 0.         0.18430638 0.11613376]


---1---
rule28: age < 3.556
probabilities_array:[0.35059738 0.35861748 0.04816203 0.         0.05579464 0.01725669
 0.         0.         0.         0.         0.16957173]

rule1: 212.661 < cement < 283.547
probabilities_array:[0.13891764 0.34332868 0.         0.00263923 0.09021151 0.
 0.         0.10326731 0.12882671 0.00882784 0.18398105]

rule22: 975.651 < coarse_aggregate < 1028.057
probabilities_array:[0.03573031 0.28458926 0.         0.11918885 0.         0.23373729
 0.04748223 0.05426463 0.1432058  0.00161715 0.0801845 ]

rule16: superplasticizer < 2.055
probabilities_array:[0.28635004 0.30412892 0.         0.01551736 0.03200503 0.
 0.08116589 0.         0.         0.         0.28083277]

rule26: 769.104 < fine_aggregate < 824.093
probabilities_array:[0.07810122 0.26445946 0.11903035 0.06388479 0.01212589 0.0152264
 0.18282479 0.         0.         0.07252419 0.19182284]

rule4: blast_furnace_slag < 16.159
probabilities_array:[0.24794783 0.24538137 0.11869063 0.         0.0096227  0.10117114
 0.         0.         0.00672165 0.         0.27046472]

rule0: cement < 212.661
probabilities_array:[0.34160388 0.17648606 0.16295701 0.07169598 0.09877163 0.07916719
 0.00902047 0.0199296  0.0076167  0.         0.03275152]

rule6: 75.192 < blast_furnace_slag < 134.225
probabilities_array:[0.03848021 0.17645186 0.01090542 0.         0.10024229 0.0022442
 0.1801412  0.21439925 0.14582716 0.08819047 0.04311799]

rule11: fly_ash > 95.345
probabilities_array:[0.20624642 0.1544109  0.07564432 0.29461193 0.01603216 0.05959895
 0.01032841 0.07893686 0.06323077 0.         0.04095934]

rule8: fly_ash < 9.530
probabilities_array:[0.22162847 0.1610429  0.         0.         0.03771642 0.0183986
 0.07707541 0.00209526 0.12980533 0.24534005 0.10689748]

rule15: water > 196.686
probabilities_array:[0.29604292 0.13236944 0.09926774 0.17114274 0.19029523 0.02553845
 0.03154809 0.04182224 0.00943195 0.00211608 0.00042502]

rule14: 182.110 < water < 196.686
probabilities_array:[0.267655   0.11725377 0.09840793 0.21947955 0.05554178 0.04140551
 0.17242345 0.         0.         0.         0.02783311]

rule2: 283.547 < cement < 354.433
probabilities_array:[0.         0.10561268 0.1203661  0.09176783 0.16673848 0.11949825
 0.05375248 0.14398798 0.06400552 0.08515687 0.04911379]

rule23: coarse_aggregate > 1028.057
probabilities_array:[2.3878777e-01 1.2526467e-01 1.5810370e-01 4.8595499e-02 2.3153130e-02
 4.7142124e-03 1.9980897e-04 3.2599378e-02 4.8799146e-02 9.0738311e-02
 2.2904445e-01]

rule13: 167.533 < water < 182.110
probabilities_array:[0.05225702 0.06745222 0.         0.08875138 0.08770592 0.01366785
 0.23561162 0.15411386 0.         0.18430638 0.11613376]

rule12: water < 167.533
probabilities_array:[0.00000000e+00 6.06557503e-02 1.81550882e-03 0.00000000e+00
 4.59131443e-05 1.80060729e-01 0.00000000e+00 1.59481257e-01
 2.52587557e-01 2.40107238e-01 1.05245985e-01]

rule19: superplasticizer > 10.070
probabilities_array:[0.02597512 0.05678613 0.         0.         0.2899511  0.08837792
 0.         0.14088665 0.07759742 0.20377055 0.11665516]

rule10: 52.438 < fly_ash < 95.345
probabilities_array:[0.10011038 0.04583067 0.23764381 0.         0.2195578  0.00754631
 0.09764975 0.20508826 0.04998091 0.         0.03659218]

rule7: blast_furnace_slag > 134.225
probabilities_array:[0.         0.04858828 0.         0.20625171 0.17059661 0.12493509
 0.0897608  0.00077247 0.02612886 0.15669149 0.1762747 ]


---2---
rule10: 52.438 < fly_ash < 95.345
probabilities_array:[0.10011038 0.04583067 0.23764381 0.         0.2195578  0.00754631
 0.09764975 0.20508826 0.04998091 0.         0.03659218]

rule17: 2.055 < superplasticizer < 6.062
probabilities_array:[0.0470716  0.00805428 0.23165622 0.01856369 0.13224488 0.09175559
 0.30611312 0.03016164 0.         0.11897058 0.01540837]

rule21: 923.246 < coarse_aggregate < 975.651
probabilities_array:[0.10384735 0.0224021  0.2242639  0.27711472 0.         0.08090185
 0.07620394 0.00722112 0.03111564 0.01941417 0.15751515]

rule29: 3.556 < age < 46.826
probabilities_array:[0.         0.01807191 0.16646561 0.17430542 0.10536826 0.16931303
 0.04785059 0.16158335 0.1021467  0.03989009 0.01500503]

rule0: cement < 212.661
probabilities_array:[0.34160388 0.17648606 0.16295701 0.07169598 0.09877163 0.07916719
 0.00902047 0.0199296  0.0076167  0.         0.03275152]

rule18: 6.062 < superplasticizer < 10.070
probabilities_array:[0.10064775 0.         0.16326645 0.00925534 0.         0.03457963
 0.30244628 0.00624492 0.22106828 0.08263294 0.0798584 ]

rule25: 714.115 < fine_aggregate < 769.104
probabilities_array:[0.         0.04372852 0.14673847 0.03231142 0.18549058 0.16534288
 0.         0.10515884 0.04618012 0.18679526 0.08825387]

rule23: coarse_aggregate > 1028.057
probabilities_array:[2.3878777e-01 1.2526467e-01 1.5810370e-01 4.8595499e-02 2.3153130e-02
 4.7142124e-03 1.9980897e-04 3.2599378e-02 4.8799146e-02 9.0738311e-02
 2.2904445e-01]

rule2: 283.547 < cement < 354.433
probabilities_array:[0.         0.10561268 0.1203661  0.09176783 0.16673848 0.11949825
 0.05375248 0.14398798 0.06400552 0.08515687 0.04911379]

rule15: water > 196.686
probabilities_array:[0.29604292 0.13236944 0.09926774 0.17114274 0.19029523 0.02553845
 0.03154809 0.04182224 0.00943195 0.00211608 0.00042502]

rule26: 769.104 < fine_aggregate < 824.093
probabilities_array:[0.07810122 0.26445946 0.11903035 0.06388479 0.01212589 0.0152264
 0.18282479 0.         0.         0.07252419 0.19182284]

rule14: 182.110 < water < 196.686
probabilities_array:[0.267655   0.11725377 0.09840793 0.21947955 0.05554178 0.04140551
 0.17242345 0.         0.         0.         0.02783311]

rule4: blast_furnace_slag < 16.159
probabilities_array:[0.24794783 0.24538137 0.11869063 0.         0.0096227  0.10117114
 0.         0.         0.00672165 0.         0.27046472]

rule11: fly_ash > 95.345
probabilities_array:[0.20624642 0.1544109  0.07564432 0.29461193 0.01603216 0.05959895
 0.01032841 0.07893686 0.06323077 0.         0.04095934]

rule27: fine_aggregate > 824.093
probabilities_array:[0.32131875 0.         0.08341521 0.00220501 0.02574448 0.02533988
 0.06352129 0.28701997 0.         0.         0.19143544]

rule5: 16.159 < blast_furnace_slag < 75.192
probabilities_array:[0.081009   0.         0.06888182 0.         0.14790702 0.05513114
 0.00904939 0.01557859 0.19708699 0.29714233 0.12821372]


---3---
rule11: fly_ash > 95.345
probabilities_array:[0.20624642 0.1544109  0.07564432 0.29461193 0.01603216 0.05959895
 0.01032841 0.07893686 0.06323077 0.         0.04095934]

rule9: 9.530 < fly_ash < 52.438
probabilities_array:[0.28367874 0.         0.         0.295397   0.         0.
 0.         0.1311329  0.02035729 0.16262424 0.10680987]

rule21: 923.246 < coarse_aggregate < 975.651
probabilities_array:[0.10384735 0.0224021  0.2242639  0.27711472 0.         0.08090185
 0.07620394 0.00722112 0.03111564 0.01941417 0.15751515]

rule14: 182.110 < water < 196.686
probabilities_array:[0.267655   0.11725377 0.09840793 0.21947955 0.05554178 0.04140551
 0.17242345 0.         0.         0.         0.02783311]

rule29: 3.556 < age < 46.826
probabilities_array:[0.         0.01807191 0.16646561 0.17430542 0.10536826 0.16931303
 0.04785059 0.16158335 0.1021467  0.03989009 0.01500503]

rule15: water > 196.686
probabilities_array:[0.29604292 0.13236944 0.09926774 0.17114274 0.19029523 0.02553845
 0.03154809 0.04182224 0.00943195 0.00211608 0.00042502]

rule7: blast_furnace_slag > 134.225
probabilities_array:[0.         0.04858828 0.         0.20625171 0.17059661 0.12493509
 0.0897608  0.00077247 0.02612886 0.15669149 0.1762747 ]

rule22: 975.651 < coarse_aggregate < 1028.057
probabilities_array:[0.03573031 0.28458926 0.         0.11918885 0.         0.23373729
 0.04748223 0.05426463 0.1432058  0.00161715 0.0801845 ]

rule2: 283.547 < cement < 354.433
probabilities_array:[0.         0.10561268 0.1203661  0.09176783 0.16673848 0.11949825
 0.05375248 0.14398798 0.06400552 0.08515687 0.04911379]

rule13: 167.533 < water < 182.110
probabilities_array:[0.05225702 0.06745222 0.         0.08875138 0.08770592 0.01366785
 0.23561162 0.15411386 0.         0.18430638 0.11613376]

rule0: cement < 212.661
probabilities_array:[0.34160388 0.17648606 0.16295701 0.07169598 0.09877163 0.07916719
 0.00902047 0.0199296  0.0076167  0.         0.03275152]

rule31: age > 90.096
probabilities_array:[0.         0.         0.         0.05710655 0.06790344 0.10034461
 0.14669459 0.16884483 0.2012807  0.25284183 0.00498343]

rule26: 769.104 < fine_aggregate < 824.093
probabilities_array:[0.07810122 0.26445946 0.11903035 0.06388479 0.01212589 0.0152264
 0.18282479 0.         0.         0.07252419 0.19182284]


---4---
rule19: superplasticizer > 10.070
probabilities_array:[0.02597512 0.05678613 0.         0.         0.2899511  0.08837792
 0.         0.14088665 0.07759742 0.20377055 0.11665516]

rule10: 52.438 < fly_ash < 95.345
probabilities_array:[0.10011038 0.04583067 0.23764381 0.         0.2195578  0.00754631
 0.09764975 0.20508826 0.04998091 0.         0.03659218]

rule20: coarse_aggregate < 923.246
probabilities_array:[0.13086013 0.03099552 0.         0.         0.25287393 0.
 0.         0.03780319 0.0986758  0.26316985 0.18562163]

rule15: water > 196.686
probabilities_array:[0.29604292 0.13236944 0.09926774 0.17114274 0.19029523 0.02553845
 0.03154809 0.04182224 0.00943195 0.00211608 0.00042502]

rule25: 714.115 < fine_aggregate < 769.104
probabilities_array:[0.         0.04372852 0.14673847 0.03231142 0.18549058 0.16534288
 0.         0.10515884 0.04618012 0.18679526 0.08825387]

rule2: 283.547 < cement < 354.433
probabilities_array:[0.         0.10561268 0.1203661  0.09176783 0.16673848 0.11949825
 0.05375248 0.14398798 0.06400552 0.08515687 0.04911379]

rule7: blast_furnace_slag > 134.225
probabilities_array:[0.         0.04858828 0.         0.20625171 0.17059661 0.12493509
 0.0897608  0.00077247 0.02612886 0.15669149 0.1762747 ]

rule17: 2.055 < superplasticizer < 6.062
probabilities_array:[0.0470716  0.00805428 0.23165622 0.01856369 0.13224488 0.09175559
 0.30611312 0.03016164 0.         0.11897058 0.01540837]

rule5: 16.159 < blast_furnace_slag < 75.192
probabilities_array:[0.081009   0.         0.06888182 0.         0.14790702 0.05513114
 0.00904939 0.01557859 0.19708699 0.29714233 0.12821372]

rule29: 3.556 < age < 46.826
probabilities_array:[0.         0.01807191 0.16646561 0.17430542 0.10536826 0.16931303
 0.04785059 0.16158335 0.1021467  0.03989009 0.01500503]

rule6: 75.192 < blast_furnace_slag < 134.225
probabilities_array:[0.03848021 0.17645186 0.01090542 0.         0.10024229 0.0022442
 0.1801412  0.21439925 0.14582716 0.08819047 0.04311799]

rule0: cement < 212.661
probabilities_array:[0.34160388 0.17648606 0.16295701 0.07169598 0.09877163 0.07916719
 0.00902047 0.0199296  0.0076167  0.         0.03275152]

rule13: 167.533 < water < 182.110
probabilities_array:[0.05225702 0.06745222 0.         0.08875138 0.08770592 0.01366785
 0.23561162 0.15411386 0.         0.18430638 0.11613376]

rule1: 212.661 < cement < 283.547
probabilities_array:[0.13891764 0.34332868 0.         0.00263923 0.09021151 0.
 0.         0.10326731 0.12882671 0.00882784 0.18398105]

rule31: age > 90.096
probabilities_array:[0.         0.         0.         0.05710655 0.06790344 0.10034461
 0.14669459 0.16884483 0.2012807  0.25284183 0.00498343]

rule30: 46.826 < age < 90.096
probabilities_array:[0.         0.         0.00195415 0.03714543 0.06022265 0.13650395
 0.12702832 0.2049351  0.1754483  0.25378942 0.00297272]

rule14: 182.110 < water < 196.686
probabilities_array:[0.267655   0.11725377 0.09840793 0.21947955 0.05554178 0.04140551
 0.17242345 0.         0.         0.         0.02783311]

rule28: age < 3.556
probabilities_array:[0.35059738 0.35861748 0.04816203 0.         0.05579464 0.01725669
 0.         0.         0.         0.         0.16957173]


---5---
rule22: 975.651 < coarse_aggregate < 1028.057
probabilities_array:[0.03573031 0.28458926 0.         0.11918885 0.         0.23373729
 0.04748223 0.05426463 0.1432058  0.00161715 0.0801845 ]

rule3: cement > 354.433
probabilities_array:[0.         0.00518243 0.         0.01198219 0.00808495 0.20303158
 0.09393834 0.08327848 0.20054597 0.26542574 0.12853044]

rule29: 3.556 < age < 46.826
probabilities_array:[0.         0.01807191 0.16646561 0.17430542 0.10536826 0.16931303
 0.04785059 0.16158335 0.1021467  0.03989009 0.01500503]

rule12: water < 167.533
probabilities_array:[0.00000000e+00 6.06557503e-02 1.81550882e-03 0.00000000e+00
 4.59131443e-05 1.80060729e-01 0.00000000e+00 1.59481257e-01
 2.52587557e-01 2.40107238e-01 1.05245985e-01]

rule25: 714.115 < fine_aggregate < 769.104
probabilities_array:[0.         0.04372852 0.14673847 0.03231142 0.18549058 0.16534288
 0.         0.10515884 0.04618012 0.18679526 0.08825387]

rule30: 46.826 < age < 90.096
probabilities_array:[0.         0.         0.00195415 0.03714543 0.06022265 0.13650395
 0.12702832 0.2049351  0.1754483  0.25378942 0.00297272]

rule24: fine_aggregate < 714.115
probabilities_array:[0.         0.02573556 0.         0.00901879 0.01238367 0.1191133
 0.177304   0.15209103 0.3270254  0.15790556 0.01942268]

rule2: 283.547 < cement < 354.433
probabilities_array:[0.         0.10561268 0.1203661  0.09176783 0.16673848 0.11949825
 0.05375248 0.14398798 0.06400552 0.08515687 0.04911379]

rule7: blast_furnace_slag > 134.225
probabilities_array:[0.         0.04858828 0.         0.20625171 0.17059661 0.12493509
 0.0897608  0.00077247 0.02612886 0.15669149 0.1762747 ]

rule31: age > 90.096
probabilities_array:[0.         0.         0.         0.05710655 0.06790344 0.10034461
 0.14669459 0.16884483 0.2012807  0.25284183 0.00498343]

rule17: 2.055 < superplasticizer < 6.062
probabilities_array:[0.0470716  0.00805428 0.23165622 0.01856369 0.13224488 0.09175559
 0.30611312 0.03016164 0.         0.11897058 0.01540837]

rule19: superplasticizer > 10.070
probabilities_array:[0.02597512 0.05678613 0.         0.         0.2899511  0.08837792
 0.         0.14088665 0.07759742 0.20377055 0.11665516]

rule0: cement < 212.661
probabilities_array:[0.34160388 0.17648606 0.16295701 0.07169598 0.09877163 0.07916719
 0.00902047 0.0199296  0.0076167  0.         0.03275152]

rule4: blast_furnace_slag < 16.159
probabilities_array:[0.24794783 0.24538137 0.11869063 0.         0.0096227  0.10117114
 0.         0.         0.00672165 0.         0.27046472]

rule21: 923.246 < coarse_aggregate < 975.651
probabilities_array:[0.10384735 0.0224021  0.2242639  0.27711472 0.         0.08090185
 0.07620394 0.00722112 0.03111564 0.01941417 0.15751515]

rule11: fly_ash > 95.345
probabilities_array:[0.20624642 0.1544109  0.07564432 0.29461193 0.01603216 0.05959895
 0.01032841 0.07893686 0.06323077 0.         0.04095934]

rule5: 16.159 < blast_furnace_slag < 75.192
probabilities_array:[0.081009   0.         0.06888182 0.         0.14790702 0.05513114
 0.00904939 0.01557859 0.19708699 0.29714233 0.12821372]

rule14: 182.110 < water < 196.686
probabilities_array:[0.267655   0.11725377 0.09840793 0.21947955 0.05554178 0.04140551
 0.17242345 0.         0.         0.         0.02783311]


---6---
rule17: 2.055 < superplasticizer < 6.062
probabilities_array:[0.0470716  0.00805428 0.23165622 0.01856369 0.13224488 0.09175559
 0.30611312 0.03016164 0.         0.11897058 0.01540837]

rule18: 6.062 < superplasticizer < 10.070
probabilities_array:[0.10064775 0.         0.16326645 0.00925534 0.         0.03457963
 0.30244628 0.00624492 0.22106828 0.08263294 0.0798584 ]

rule13: 167.533 < water < 182.110
probabilities_array:[0.05225702 0.06745222 0.         0.08875138 0.08770592 0.01366785
 0.23561162 0.15411386 0.         0.18430638 0.11613376]

rule24: fine_aggregate < 714.115
probabilities_array:[0.         0.02573556 0.         0.00901879 0.01238367 0.1191133
 0.177304   0.15209103 0.3270254  0.15790556 0.01942268]

rule6: 75.192 < blast_furnace_slag < 134.225
probabilities_array:[0.03848021 0.17645186 0.01090542 0.         0.10024229 0.0022442
 0.1801412  0.21439925 0.14582716 0.08819047 0.04311799]

rule14: 182.110 < water < 196.686
probabilities_array:[0.267655   0.11725377 0.09840793 0.21947955 0.05554178 0.04140551
 0.17242345 0.         0.         0.         0.02783311]

rule26: 769.104 < fine_aggregate < 824.093
probabilities_array:[0.07810122 0.26445946 0.11903035 0.06388479 0.01212589 0.0152264
 0.18282479 0.         0.         0.07252419 0.19182284]

rule31: age > 90.096
probabilities_array:[0.         0.         0.         0.05710655 0.06790344 0.10034461
 0.14669459 0.16884483 0.2012807  0.25284183 0.00498343]

rule30: 46.826 < age < 90.096
probabilities_array:[0.         0.         0.00195415 0.03714543 0.06022265 0.13650395
 0.12702832 0.2049351  0.1754483  0.25378942 0.00297272]

rule10: 52.438 < fly_ash < 95.345
probabilities_array:[0.10011038 0.04583067 0.23764381 0.         0.2195578  0.00754631
 0.09764975 0.20508826 0.04998091 0.         0.03659218]

rule3: cement > 354.433
probabilities_array:[0.         0.00518243 0.         0.01198219 0.00808495 0.20303158
 0.09393834 0.08327848 0.20054597 0.26542574 0.12853044]

rule7: blast_furnace_slag > 134.225
probabilities_array:[0.         0.04858828 0.         0.20625171 0.17059661 0.12493509
 0.0897608  0.00077247 0.02612886 0.15669149 0.1762747 ]

rule8: fly_ash < 9.530
probabilities_array:[0.22162847 0.1610429  0.         0.         0.03771642 0.0183986
 0.07707541 0.00209526 0.12980533 0.24534005 0.10689748]

rule21: 923.246 < coarse_aggregate < 975.651
probabilities_array:[0.10384735 0.0224021  0.2242639  0.27711472 0.         0.08090185
 0.07620394 0.00722112 0.03111564 0.01941417 0.15751515]

rule16: superplasticizer < 2.055
probabilities_array:[0.28635004 0.30412892 0.         0.01551736 0.03200503 0.
 0.08116589 0.         0.         0.         0.28083277]

rule27: fine_aggregate > 824.093
probabilities_array:[0.32131875 0.         0.08341521 0.00220501 0.02574448 0.02533988
 0.06352129 0.28701997 0.         0.         0.19143544]

rule2: 283.547 < cement < 354.433
probabilities_array:[0.         0.10561268 0.1203661  0.09176783 0.16673848 0.11949825
 0.05375248 0.14398798 0.06400552 0.08515687 0.04911379]

rule29: 3.556 < age < 46.826
probabilities_array:[0.         0.01807191 0.16646561 0.17430542 0.10536826 0.16931303
 0.04785059 0.16158335 0.1021467  0.03989009 0.01500503]

rule22: 975.651 < coarse_aggregate < 1028.057
probabilities_array:[0.03573031 0.28458926 0.         0.11918885 0.         0.23373729
 0.04748223 0.05426463 0.1432058  0.00161715 0.0801845 ]


---7---
rule27: fine_aggregate > 824.093
probabilities_array:[0.32131875 0.         0.08341521 0.00220501 0.02574448 0.02533988
 0.06352129 0.28701997 0.         0.         0.19143544]

rule6: 75.192 < blast_furnace_slag < 134.225
probabilities_array:[0.03848021 0.17645186 0.01090542 0.         0.10024229 0.0022442
 0.1801412  0.21439925 0.14582716 0.08819047 0.04311799]

rule30: 46.826 < age < 90.096
probabilities_array:[0.         0.         0.00195415 0.03714543 0.06022265 0.13650395
 0.12702832 0.2049351  0.1754483  0.25378942 0.00297272]

rule10: 52.438 < fly_ash < 95.345
probabilities_array:[0.10011038 0.04583067 0.23764381 0.         0.2195578  0.00754631
 0.09764975 0.20508826 0.04998091 0.         0.03659218]

rule31: age > 90.096
probabilities_array:[0.         0.         0.         0.05710655 0.06790344 0.10034461
 0.14669459 0.16884483 0.2012807  0.25284183 0.00498343]

rule29: 3.556 < age < 46.826
probabilities_array:[0.         0.01807191 0.16646561 0.17430542 0.10536826 0.16931303
 0.04785059 0.16158335 0.1021467  0.03989009 0.01500503]

rule24: fine_aggregate < 714.115
probabilities_array:[0.         0.02573556 0.         0.00901879 0.01238367 0.1191133
 0.177304   0.15209103 0.3270254  0.15790556 0.01942268]

rule12: water < 167.533
probabilities_array:[0.00000000e+00 6.06557503e-02 1.81550882e-03 0.00000000e+00
 4.59131443e-05 1.80060729e-01 0.00000000e+00 1.59481257e-01
 2.52587557e-01 2.40107238e-01 1.05245985e-01]

rule2: 283.547 < cement < 354.433
probabilities_array:[0.         0.10561268 0.1203661  0.09176783 0.16673848 0.11949825
 0.05375248 0.14398798 0.06400552 0.08515687 0.04911379]

rule13: 167.533 < water < 182.110
probabilities_array:[0.05225702 0.06745222 0.         0.08875138 0.08770592 0.01366785
 0.23561162 0.15411386 0.         0.18430638 0.11613376]

rule19: superplasticizer > 10.070
probabilities_array:[0.02597512 0.05678613 0.         0.         0.2899511  0.08837792
 0.         0.14088665 0.07759742 0.20377055 0.11665516]

rule9: 9.530 < fly_ash < 52.438
probabilities_array:[0.28367874 0.         0.         0.295397   0.         0.
 0.         0.1311329  0.02035729 0.16262424 0.10680987]

rule25: 714.115 < fine_aggregate < 769.104
probabilities_array:[0.         0.04372852 0.14673847 0.03231142 0.18549058 0.16534288
 0.         0.10515884 0.04618012 0.18679526 0.08825387]

rule1: 212.661 < cement < 283.547
probabilities_array:[0.13891764 0.34332868 0.         0.00263923 0.09021151 0.
 0.         0.10326731 0.12882671 0.00882784 0.18398105]

rule11: fly_ash > 95.345
probabilities_array:[0.20624642 0.1544109  0.07564432 0.29461193 0.01603216 0.05959895
 0.01032841 0.07893686 0.06323077 0.         0.04095934]

rule3: cement > 354.433
probabilities_array:[0.         0.00518243 0.         0.01198219 0.00808495 0.20303158
 0.09393834 0.08327848 0.20054597 0.26542574 0.12853044]

rule22: 975.651 < coarse_aggregate < 1028.057
probabilities_array:[0.03573031 0.28458926 0.         0.11918885 0.         0.23373729
 0.04748223 0.05426463 0.1432058  0.00161715 0.0801845 ]

rule15: water > 196.686
probabilities_array:[0.29604292 0.13236944 0.09926774 0.17114274 0.19029523 0.02553845
 0.03154809 0.04182224 0.00943195 0.00211608 0.00042502]


---8---
rule24: fine_aggregate < 714.115
probabilities_array:[0.         0.02573556 0.         0.00901879 0.01238367 0.1191133
 0.177304   0.15209103 0.3270254  0.15790556 0.01942268]

rule12: water < 167.533
probabilities_array:[0.00000000e+00 6.06557503e-02 1.81550882e-03 0.00000000e+00
 4.59131443e-05 1.80060729e-01 0.00000000e+00 1.59481257e-01
 2.52587557e-01 2.40107238e-01 1.05245985e-01]

rule18: 6.062 < superplasticizer < 10.070
probabilities_array:[0.10064775 0.         0.16326645 0.00925534 0.         0.03457963
 0.30244628 0.00624492 0.22106828 0.08263294 0.0798584 ]

rule31: age > 90.096
probabilities_array:[0.         0.         0.         0.05710655 0.06790344 0.10034461
 0.14669459 0.16884483 0.2012807  0.25284183 0.00498343]

rule30: 46.826 < age < 90.096
probabilities_array:[0.         0.         0.00195415 0.03714543 0.06022265 0.13650395
 0.12702832 0.2049351  0.1754483  0.25378942 0.00297272]

rule3: cement > 354.433
probabilities_array:[0.         0.00518243 0.         0.01198219 0.00808495 0.20303158
 0.09393834 0.08327848 0.20054597 0.26542574 0.12853044]

rule5: 16.159 < blast_furnace_slag < 75.192
probabilities_array:[0.081009   0.         0.06888182 0.         0.14790702 0.05513114
 0.00904939 0.01557859 0.19708699 0.29714233 0.12821372]

rule6: 75.192 < blast_furnace_slag < 134.225
probabilities_array:[0.03848021 0.17645186 0.01090542 0.         0.10024229 0.0022442
 0.1801412  0.21439925 0.14582716 0.08819047 0.04311799]

rule22: 975.651 < coarse_aggregate < 1028.057
probabilities_array:[0.03573031 0.28458926 0.         0.11918885 0.         0.23373729
 0.04748223 0.05426463 0.1432058  0.00161715 0.0801845 ]

rule8: fly_ash < 9.530
probabilities_array:[0.22162847 0.1610429  0.         0.         0.03771642 0.0183986
 0.07707541 0.00209526 0.12980533 0.24534005 0.10689748]

rule1: 212.661 < cement < 283.547
probabilities_array:[0.13891764 0.34332868 0.         0.00263923 0.09021151 0.
 0.         0.10326731 0.12882671 0.00882784 0.18398105]

rule29: 3.556 < age < 46.826
probabilities_array:[0.         0.01807191 0.16646561 0.17430542 0.10536826 0.16931303
 0.04785059 0.16158335 0.1021467  0.03989009 0.01500503]

rule20: coarse_aggregate < 923.246
probabilities_array:[0.13086013 0.03099552 0.         0.         0.25287393 0.
 0.         0.03780319 0.0986758  0.26316985 0.18562163]

rule19: superplasticizer > 10.070
probabilities_array:[0.02597512 0.05678613 0.         0.         0.2899511  0.08837792
 0.         0.14088665 0.07759742 0.20377055 0.11665516]

rule2: 283.547 < cement < 354.433
probabilities_array:[0.         0.10561268 0.1203661  0.09176783 0.16673848 0.11949825
 0.05375248 0.14398798 0.06400552 0.08515687 0.04911379]

rule11: fly_ash > 95.345
probabilities_array:[0.20624642 0.1544109  0.07564432 0.29461193 0.01603216 0.05959895
 0.01032841 0.07893686 0.06323077 0.         0.04095934]

rule10: 52.438 < fly_ash < 95.345
probabilities_array:[0.10011038 0.04583067 0.23764381 0.         0.2195578  0.00754631
 0.09764975 0.20508826 0.04998091 0.         0.03659218]

rule25: 714.115 < fine_aggregate < 769.104
probabilities_array:[0.         0.04372852 0.14673847 0.03231142 0.18549058 0.16534288
 0.         0.10515884 0.04618012 0.18679526 0.08825387]


---9---
rule5: 16.159 < blast_furnace_slag < 75.192
probabilities_array:[0.081009   0.         0.06888182 0.         0.14790702 0.05513114
 0.00904939 0.01557859 0.19708699 0.29714233 0.12821372]

rule30: 46.826 < age < 90.096
probabilities_array:[0.         0.         0.00195415 0.03714543 0.06022265 0.13650395
 0.12702832 0.2049351  0.1754483  0.25378942 0.00297272]

rule31: age > 90.096
probabilities_array:[0.         0.         0.         0.05710655 0.06790344 0.10034461
 0.14669459 0.16884483 0.2012807  0.25284183 0.00498343]

rule3: cement > 354.433
probabilities_array:[0.         0.00518243 0.         0.01198219 0.00808495 0.20303158
 0.09393834 0.08327848 0.20054597 0.26542574 0.12853044]

rule8: fly_ash < 9.530
probabilities_array:[0.22162847 0.1610429  0.         0.         0.03771642 0.0183986
 0.07707541 0.00209526 0.12980533 0.24534005 0.10689748]

rule12: water < 167.533
probabilities_array:[0.00000000e+00 6.06557503e-02 1.81550882e-03 0.00000000e+00
 4.59131443e-05 1.80060729e-01 0.00000000e+00 1.59481257e-01
 2.52587557e-01 2.40107238e-01 1.05245985e-01]

rule20: coarse_aggregate < 923.246
probabilities_array:[0.13086013 0.03099552 0.         0.         0.25287393 0.
 0.         0.03780319 0.0986758  0.26316985 0.18562163]

rule19: superplasticizer > 10.070
probabilities_array:[0.02597512 0.05678613 0.         0.         0.2899511  0.08837792
 0.         0.14088665 0.07759742 0.20377055 0.11665516]

rule25: 714.115 < fine_aggregate < 769.104
probabilities_array:[0.         0.04372852 0.14673847 0.03231142 0.18549058 0.16534288
 0.         0.10515884 0.04618012 0.18679526 0.08825387]

rule13: 167.533 < water < 182.110
probabilities_array:[0.05225702 0.06745222 0.         0.08875138 0.08770592 0.01366785
 0.23561162 0.15411386 0.         0.18430638 0.11613376]

rule24: fine_aggregate < 714.115
probabilities_array:[0.         0.02573556 0.         0.00901879 0.01238367 0.1191133
 0.177304   0.15209103 0.3270254  0.15790556 0.01942268]

rule9: 9.530 < fly_ash < 52.438
probabilities_array:[0.28367874 0.         0.         0.295397   0.         0.
 0.         0.1311329  0.02035729 0.16262424 0.10680987]

rule7: blast_furnace_slag > 134.225
probabilities_array:[0.         0.04858828 0.         0.20625171 0.17059661 0.12493509
 0.0897608  0.00077247 0.02612886 0.15669149 0.1762747 ]

rule17: 2.055 < superplasticizer < 6.062
probabilities_array:[0.0470716  0.00805428 0.23165622 0.01856369 0.13224488 0.09175559
 0.30611312 0.03016164 0.         0.11897058 0.01540837]

rule6: 75.192 < blast_furnace_slag < 134.225
probabilities_array:[0.03848021 0.17645186 0.01090542 0.         0.10024229 0.0022442
 0.1801412  0.21439925 0.14582716 0.08819047 0.04311799]

rule2: 283.547 < cement < 354.433
probabilities_array:[0.         0.10561268 0.1203661  0.09176783 0.16673848 0.11949825
 0.05375248 0.14398798 0.06400552 0.08515687 0.04911379]

rule18: 6.062 < superplasticizer < 10.070
probabilities_array:[0.10064775 0.         0.16326645 0.00925534 0.         0.03457963
 0.30244628 0.00624492 0.22106828 0.08263294 0.0798584 ]

rule23: coarse_aggregate > 1028.057
probabilities_array:[2.3878777e-01 1.2526467e-01 1.5810370e-01 4.8595499e-02 2.3153130e-02
 4.7142124e-03 1.9980897e-04 3.2599378e-02 4.8799146e-02 9.0738311e-02
 2.2904445e-01]

rule26: 769.104 < fine_aggregate < 824.093
probabilities_array:[0.07810122 0.26445946 0.11903035 0.06388479 0.01212589 0.0152264
 0.18282479 0.         0.         0.07252419 0.19182284]

