R2: -64.24180521821731

MAE: 130.3060588235294

MSE: 17359.058533529413

Accuracy: 0.3176470588235294

F1: 0.30638935165886744

Confusion Matrix: [[28, 12, 3, 4, 0, 0, 1, 0], [13, 11, 8, 8, 6, 0, 0, 0], [9, 3, 13, 8, 2, 2, 1, 4], [6, 3, 8, 6, 2, 0, 3, 4], [3, 6, 5, 6, 5, 7, 8, 9], [2, 3, 2, 5, 8, 12, 10, 1], [0, 1, 0, 1, 3, 10, 15, 13], [0, 0, 0, 1, 5, 12, 1, 18]]

Uncertainties: {'class0': [0.005549687426537275, 0.017512798309326172, 0.019133824855089188, 0.02741321362555027, 0.037469618022441864], 'class1': [0.005549687426537275, 0.017512798309326172, 0.019133824855089188, 0.02741321362555027, 0.034490201622247696], 'class2': [0.005549687426537275, 0.009339094161987305, 0.017512798309326172, 0.019133824855089188, 0.02741321362555027], 'class3': [0.005549687426537275, 0.017512798309326172, 0.019133824855089188, 0.02741321362555027, 0.034490201622247696], 'class4': [0.005549687426537275, 0.009339094161987305, 0.017512798309326172, 0.019133824855089188, 0.034490201622247696], 'class5': [0.005549687426537275, 0.009339094161987305, 0.017512798309326172, 0.019133824855089188, 0.034490201622247696], 'class6': [0.009339094161987305, 0.017512798309326172, 0.019133824855089188, 0.02741321362555027, 0.034490201622247696], 'class7': [0.009339094161987305, 0.04798543453216553, 0.05011444911360741, 0.07201441377401352, 0.08169305324554443]}

Most important rules
-----------------------------

---0---
rule28: age < 3.710
probabilities_array:[0.43506262 0.38749808 0.         0.         0.         0.00213971
 0.         0.         0.17529953]

rule0: cement < 214.334
probabilities_array:[0.34943393 0.31601682 0.11732221 0.08386797 0.         0.00415334
 0.10179255 0.         0.02741321]

rule27: fine_aggregate > 827.739
probabilities_array:[0.36909774 0.11600773 0.23251277 0.00064766 0.05368888 0.0578149
 0.         0.         0.17023031]

rule14: 181.001 < water < 195.183
probabilities_array:[0.2885837  0.16258356 0.16167958 0.07513076 0.22249018 0.04962665
 0.00243597 0.         0.03746962]

rule15: water > 195.183
probabilities_array:[0.27744704 0.10506415 0.20983961 0.20683877 0.09508421 0.07602357
 0.02335478 0.00079825 0.00554969]

rule16: superplasticizer < 2.259
probabilities_array:[0.25732416 0.12670891 0.21570092 0.17088357 0.07368086 0.04085822
 0.09570952 0.         0.01913382]

rule13: 166.819 < water < 181.001
probabilities_array:[0.24625166 0.         0.06259241 0.03192441 0.13230933 0.17558897
 0.10086811 0.12029225 0.1301728 ]

rule11: fly_ash > 97.414
probabilities_array:[0.18945342 0.05578907 0.17190768 0.13220891 0.2631667  0.12059823
 0.04629022 0.00307301 0.0175128 ]

rule20: coarse_aggregate < 921.203
probabilities_array:[0.20102736 0.07141197 0.         0.203231   0.00342917 0.18061814
 0.         0.25597104 0.08431128]

rule8: fly_ash < 11.337
probabilities_array:[1.9865032e-01 4.5604210e-02 0.0000000e+00 6.2092254e-04 0.0000000e+00
 1.7548022e-01 8.6017732e-05 3.0563137e-01 2.7392697e-01]

rule1: 214.334 < cement < 285.555
probabilities_array:[0.14251539 0.24171971 0.07829411 0.15716442 0.         0.11360218
 0.13888793 0.07770182 0.05011445]

rule4: blast_furnace_slag < 11.882
probabilities_array:[0.16619219 0.13008347 0.01581252 0.         0.28624123 0.02996063
 0.00990474 0.06517347 0.29663172]

rule23: coarse_aggregate > 1027.121
probabilities_array:[0.10816035 0.0636488  0.         0.01204328 0.         0.21095438
 0.173105   0.31629783 0.1157903 ]

rule21: 921.203 < coarse_aggregate < 974.162
probabilities_array:[0.12571877 0.07026358 0.         0.01075092 0.18559977 0.00452163
 0.312667   0.02197322 0.26850516]

rule6: 68.941 < blast_furnace_slag < 126.000
probabilities_array:[0.09769234 0.00042897 0.         0.07128064 0.         0.10161155
 0.30576566 0.22313285 0.20008792]

rule5: 11.882 < blast_furnace_slag < 68.941
probabilities_array:[0.0773864  0.0731161  0.         0.02054427 0.11491184 0.
 0.25878707 0.36195657 0.09329771]

rule2: 285.555 < cement < 356.776
probabilities_array:[0.06726798 0.04765091 0.         0.13431703 0.24001285 0.13334931
 0.12649769 0.13391462 0.11698957]

rule26: 774.532 < fine_aggregate < 827.739
probabilities_array:[0.06379043 0.16477987 0.04496383 0.06028634 0.06110087 0.261424
 0.         0.21267703 0.13097765]


---1---
rule28: age < 3.710
probabilities_array:[0.43506262 0.38749808 0.         0.         0.         0.00213971
 0.         0.         0.17529953]

rule0: cement < 214.334
probabilities_array:[0.34943393 0.31601682 0.11732221 0.08386797 0.         0.00415334
 0.10179255 0.         0.02741321]

rule1: 214.334 < cement < 285.555
probabilities_array:[0.14251539 0.24171971 0.07829411 0.15716442 0.         0.11360218
 0.13888793 0.07770182 0.05011445]

rule29: 3.710 < age < 46.272
probabilities_array:[0.         0.19863005 0.28187048 0.24202769 0.10564604 0.04171016
 0.06672035 0.02890497 0.0344902 ]

rule14: 181.001 < water < 195.183
probabilities_array:[0.2885837  0.16258356 0.16167958 0.07513076 0.22249018 0.04962665
 0.00243597 0.         0.03746962]

rule26: 774.532 < fine_aggregate < 827.739
probabilities_array:[0.06379043 0.16477987 0.04496383 0.06028634 0.06110087 0.261424
 0.         0.21267703 0.13097765]

rule16: superplasticizer < 2.259
probabilities_array:[0.25732416 0.12670891 0.21570092 0.17088357 0.07368086 0.04085822
 0.09570952 0.         0.01913382]

rule15: water > 195.183
probabilities_array:[0.27744704 0.10506415 0.20983961 0.20683877 0.09508421 0.07602357
 0.02335478 0.00079825 0.00554969]

rule27: fine_aggregate > 827.739
probabilities_array:[0.36909774 0.11600773 0.23251277 0.00064766 0.05368888 0.0578149
 0.         0.         0.17023031]

rule4: blast_furnace_slag < 11.882
probabilities_array:[0.16619219 0.13008347 0.01581252 0.         0.28624123 0.02996063
 0.00990474 0.06517347 0.29663172]

rule18: 6.342 < superplasticizer < 10.424
probabilities_array:[0.         0.09856001 0.21221796 0.         0.09276664 0.16771923
 0.2629916  0.07472098 0.0910236 ]

rule5: 11.882 < blast_furnace_slag < 68.941
probabilities_array:[0.0773864  0.0731161  0.         0.02054427 0.11491184 0.
 0.25878707 0.36195657 0.09329771]

rule20: coarse_aggregate < 921.203
probabilities_array:[0.20102736 0.07141197 0.         0.203231   0.00342917 0.18061814
 0.         0.25597104 0.08431128]

rule23: coarse_aggregate > 1027.121
probabilities_array:[0.10816035 0.0636488  0.         0.01204328 0.         0.21095438
 0.173105   0.31629783 0.1157903 ]

rule11: fly_ash > 97.414
probabilities_array:[0.18945342 0.05578907 0.17190768 0.13220891 0.2631667  0.12059823
 0.04629022 0.00307301 0.0175128 ]

rule21: 921.203 < coarse_aggregate < 974.162
probabilities_array:[0.12571877 0.07026358 0.         0.01075092 0.18559977 0.00452163
 0.312667   0.02197322 0.26850516]

rule2: 285.555 < cement < 356.776
probabilities_array:[0.06726798 0.04765091 0.         0.13431703 0.24001285 0.13334931
 0.12649769 0.13391462 0.11698957]


---2---
rule17: 2.259 < superplasticizer < 6.342
probabilities_array:[0.         0.01049296 0.33898133 0.         0.10777494 0.1730242
 0.         0.2616792  0.10804731]

rule29: 3.710 < age < 46.272
probabilities_array:[0.         0.19863005 0.28187048 0.24202769 0.10564604 0.04171016
 0.06672035 0.02890497 0.0344902 ]

rule16: superplasticizer < 2.259
probabilities_array:[0.25732416 0.12670891 0.21570092 0.17088357 0.07368086 0.04085822
 0.09570952 0.         0.01913382]

rule15: water > 195.183
probabilities_array:[0.27744704 0.10506415 0.20983961 0.20683877 0.09508421 0.07602357
 0.02335478 0.00079825 0.00554969]

rule27: fine_aggregate > 827.739
probabilities_array:[0.36909774 0.11600773 0.23251277 0.00064766 0.05368888 0.0578149
 0.         0.         0.17023031]

rule18: 6.342 < superplasticizer < 10.424
probabilities_array:[0.         0.09856001 0.21221796 0.         0.09276664 0.16771923
 0.2629916  0.07472098 0.0910236 ]

rule11: fly_ash > 97.414
probabilities_array:[0.18945342 0.05578907 0.17190768 0.13220891 0.2631667  0.12059823
 0.04629022 0.00307301 0.0175128 ]

rule14: 181.001 < water < 195.183
probabilities_array:[0.2885837  0.16258356 0.16167958 0.07513076 0.22249018 0.04962665
 0.00243597 0.         0.03746962]

rule0: cement < 214.334
probabilities_array:[0.34943393 0.31601682 0.11732221 0.08386797 0.         0.00415334
 0.10179255 0.         0.02741321]

rule1: 214.334 < cement < 285.555
probabilities_array:[0.14251539 0.24171971 0.07829411 0.15716442 0.         0.11360218
 0.13888793 0.07770182 0.05011445]

rule10: 54.376 < fly_ash < 97.414
probabilities_array:[0.         0.01701953 0.08014337 0.20098212 0.17031385 0.2255738
 0.22890796 0.         0.07705943]

rule13: 166.819 < water < 181.001
probabilities_array:[0.24625166 0.         0.06259241 0.03192441 0.13230933 0.17558897
 0.10086811 0.12029225 0.1301728 ]

rule7: blast_furnace_slag > 126.000
probabilities_array:[0.02239038 0.02108063 0.05721687 0.1963838  0.         0.27003735
 0.         0.21516734 0.2177236 ]

rule31: age > 88.835
probabilities_array:[0.         0.00238204 0.04263524 0.01652696 0.09790153 0.25224686
 0.26519838 0.31376994 0.00933909]


---3---
rule25: 721.324 < fine_aggregate < 774.532
probabilities_array:[0.         0.00965424 0.         0.31727836 0.         0.00450069
 0.16101497 0.31974798 0.18780372]

rule29: 3.710 < age < 46.272
probabilities_array:[0.         0.19863005 0.28187048 0.24202769 0.10564604 0.04171016
 0.06672035 0.02890497 0.0344902 ]

rule15: water > 195.183
probabilities_array:[0.27744704 0.10506415 0.20983961 0.20683877 0.09508421 0.07602357
 0.02335478 0.00079825 0.00554969]

rule20: coarse_aggregate < 921.203
probabilities_array:[0.20102736 0.07141197 0.         0.203231   0.00342917 0.18061814
 0.         0.25597104 0.08431128]

rule10: 54.376 < fly_ash < 97.414
probabilities_array:[0.         0.01701953 0.08014337 0.20098212 0.17031385 0.2255738
 0.22890796 0.         0.07705943]

rule16: superplasticizer < 2.259
probabilities_array:[0.25732416 0.12670891 0.21570092 0.17088357 0.07368086 0.04085822
 0.09570952 0.         0.01913382]

rule7: blast_furnace_slag > 126.000
probabilities_array:[0.02239038 0.02108063 0.05721687 0.1963838  0.         0.27003735
 0.         0.21516734 0.2177236 ]

rule1: 214.334 < cement < 285.555
probabilities_array:[0.14251539 0.24171971 0.07829411 0.15716442 0.         0.11360218
 0.13888793 0.07770182 0.05011445]

rule22: 974.162 < coarse_aggregate < 1027.121
probabilities_array:[0.         0.03768397 0.         0.18771432 0.3414644  0.15136096
 0.0025777  0.00259643 0.27660227]

rule11: fly_ash > 97.414
probabilities_array:[0.18945342 0.05578907 0.17190768 0.13220891 0.2631667  0.12059823
 0.04629022 0.00307301 0.0175128 ]

rule19: superplasticizer > 10.424
probabilities_array:[0.01169703 0.         0.         0.18423507 0.         0.02776445
 0.14728577 0.27409327 0.3549244 ]

rule2: 285.555 < cement < 356.776
probabilities_array:[0.06726798 0.04765091 0.         0.13431703 0.24001285 0.13334931
 0.12649769 0.13391462 0.11698957]

rule0: cement < 214.334
probabilities_array:[0.34943393 0.31601682 0.11732221 0.08386797 0.         0.00415334
 0.10179255 0.         0.02741321]

rule14: 181.001 < water < 195.183
probabilities_array:[0.2885837  0.16258356 0.16167958 0.07513076 0.22249018 0.04962665
 0.00243597 0.         0.03746962]

rule6: 68.941 < blast_furnace_slag < 126.000
probabilities_array:[0.09769234 0.00042897 0.         0.07128064 0.         0.10161155
 0.30576566 0.22313285 0.20008792]

rule26: 774.532 < fine_aggregate < 827.739
probabilities_array:[0.06379043 0.16477987 0.04496383 0.06028634 0.06110087 0.261424
 0.         0.21267703 0.13097765]

rule9: 11.337 < fly_ash < 54.376
probabilities_array:[0.00194925 0.         0.         0.04998522 0.         0.
 0.4497145  0.30329788 0.19505312]


---4---
rule11: fly_ash > 97.414
probabilities_array:[0.18945342 0.05578907 0.17190768 0.13220891 0.2631667  0.12059823
 0.04629022 0.00307301 0.0175128 ]

rule22: 974.162 < coarse_aggregate < 1027.121
probabilities_array:[0.         0.03768397 0.         0.18771432 0.3414644  0.15136096
 0.0025777  0.00259643 0.27660227]

rule14: 181.001 < water < 195.183
probabilities_array:[0.2885837  0.16258356 0.16167958 0.07513076 0.22249018 0.04962665
 0.00243597 0.         0.03746962]

rule2: 285.555 < cement < 356.776
probabilities_array:[0.06726798 0.04765091 0.         0.13431703 0.24001285 0.13334931
 0.12649769 0.13391462 0.11698957]

rule30: 46.272 < age < 88.835
probabilities_array:[0.0000000e+00 0.0000000e+00 0.0000000e+00 2.2195695e-02 2.2478862e-01
 2.4153467e-04 3.2548541e-01 3.5527432e-01 7.2014414e-02]

rule4: blast_furnace_slag < 11.882
probabilities_array:[0.16619219 0.13008347 0.01581252 0.         0.28624123 0.02996063
 0.00990474 0.06517347 0.29663172]

rule3: cement > 356.776
probabilities_array:[0.         0.         0.03955086 0.0064589  0.20731887 0.3321947
 0.01205931 0.32072428 0.08169305]

rule10: 54.376 < fly_ash < 97.414
probabilities_array:[0.         0.01701953 0.08014337 0.20098212 0.17031385 0.2255738
 0.22890796 0.         0.07705943]

rule21: 921.203 < coarse_aggregate < 974.162
probabilities_array:[0.12571877 0.07026358 0.         0.01075092 0.18559977 0.00452163
 0.312667   0.02197322 0.26850516]

rule13: 166.819 < water < 181.001
probabilities_array:[0.24625166 0.         0.06259241 0.03192441 0.13230933 0.17558897
 0.10086811 0.12029225 0.1301728 ]

rule5: 11.882 < blast_furnace_slag < 68.941
probabilities_array:[0.0773864  0.0731161  0.         0.02054427 0.11491184 0.
 0.25878707 0.36195657 0.09329771]

rule29: 3.710 < age < 46.272
probabilities_array:[0.         0.19863005 0.28187048 0.24202769 0.10564604 0.04171016
 0.06672035 0.02890497 0.0344902 ]

rule31: age > 88.835
probabilities_array:[0.         0.00238204 0.04263524 0.01652696 0.09790153 0.25224686
 0.26519838 0.31376994 0.00933909]

rule17: 2.259 < superplasticizer < 6.342
probabilities_array:[0.         0.01049296 0.33898133 0.         0.10777494 0.1730242
 0.         0.2616792  0.10804731]

rule15: water > 195.183
probabilities_array:[0.27744704 0.10506415 0.20983961 0.20683877 0.09508421 0.07602357
 0.02335478 0.00079825 0.00554969]

rule18: 6.342 < superplasticizer < 10.424
probabilities_array:[0.         0.09856001 0.21221796 0.         0.09276664 0.16771923
 0.2629916  0.07472098 0.0910236 ]

rule16: superplasticizer < 2.259
probabilities_array:[0.25732416 0.12670891 0.21570092 0.17088357 0.07368086 0.04085822
 0.09570952 0.         0.01913382]

rule26: 774.532 < fine_aggregate < 827.739
probabilities_array:[0.06379043 0.16477987 0.04496383 0.06028634 0.06110087 0.261424
 0.         0.21267703 0.13097765]

rule27: fine_aggregate > 827.739
probabilities_array:[0.36909774 0.11600773 0.23251277 0.00064766 0.05368888 0.0578149
 0.         0.         0.17023031]


---5---
rule3: cement > 356.776
probabilities_array:[0.         0.         0.03955086 0.0064589  0.20731887 0.3321947
 0.01205931 0.32072428 0.08169305]

rule31: age > 88.835
probabilities_array:[0.         0.00238204 0.04263524 0.01652696 0.09790153 0.25224686
 0.26519838 0.31376994 0.00933909]

rule26: 774.532 < fine_aggregate < 827.739
probabilities_array:[0.06379043 0.16477987 0.04496383 0.06028634 0.06110087 0.261424
 0.         0.21267703 0.13097765]

rule7: blast_furnace_slag > 126.000
probabilities_array:[0.02239038 0.02108063 0.05721687 0.1963838  0.         0.27003735
 0.         0.21516734 0.2177236 ]

rule10: 54.376 < fly_ash < 97.414
probabilities_array:[0.         0.01701953 0.08014337 0.20098212 0.17031385 0.2255738
 0.22890796 0.         0.07705943]

rule23: coarse_aggregate > 1027.121
probabilities_array:[0.10816035 0.0636488  0.         0.01204328 0.         0.21095438
 0.173105   0.31629783 0.1157903 ]

rule20: coarse_aggregate < 921.203
probabilities_array:[0.20102736 0.07141197 0.         0.203231   0.00342917 0.18061814
 0.         0.25597104 0.08431128]

rule17: 2.259 < superplasticizer < 6.342
probabilities_array:[0.         0.01049296 0.33898133 0.         0.10777494 0.1730242
 0.         0.2616792  0.10804731]

rule13: 166.819 < water < 181.001
probabilities_array:[0.24625166 0.         0.06259241 0.03192441 0.13230933 0.17558897
 0.10086811 0.12029225 0.1301728 ]

rule18: 6.342 < superplasticizer < 10.424
probabilities_array:[0.         0.09856001 0.21221796 0.         0.09276664 0.16771923
 0.2629916  0.07472098 0.0910236 ]

rule8: fly_ash < 11.337
probabilities_array:[1.9865032e-01 4.5604210e-02 0.0000000e+00 6.2092254e-04 0.0000000e+00
 1.7548022e-01 8.6017732e-05 3.0563137e-01 2.7392697e-01]

rule24: fine_aggregate < 721.324
probabilities_array:[0.         0.03543249 0.00560018 0.         0.0181212  0.13320132
 0.33899418 0.4206652  0.04798543]

rule11: fly_ash > 97.414
probabilities_array:[0.18945342 0.05578907 0.17190768 0.13220891 0.2631667  0.12059823
 0.04629022 0.00307301 0.0175128 ]

rule2: 285.555 < cement < 356.776
probabilities_array:[0.06726798 0.04765091 0.         0.13431703 0.24001285 0.13334931
 0.12649769 0.13391462 0.11698957]

rule22: 974.162 < coarse_aggregate < 1027.121
probabilities_array:[0.         0.03768397 0.         0.18771432 0.3414644  0.15136096
 0.0025777  0.00259643 0.27660227]

rule1: 214.334 < cement < 285.555
probabilities_array:[0.14251539 0.24171971 0.07829411 0.15716442 0.         0.11360218
 0.13888793 0.07770182 0.05011445]

rule6: 68.941 < blast_furnace_slag < 126.000
probabilities_array:[0.09769234 0.00042897 0.         0.07128064 0.         0.10161155
 0.30576566 0.22313285 0.20008792]

rule15: water > 195.183
probabilities_array:[0.27744704 0.10506415 0.20983961 0.20683877 0.09508421 0.07602357
 0.02335478 0.00079825 0.00554969]

rule27: fine_aggregate > 827.739
probabilities_array:[0.36909774 0.11600773 0.23251277 0.00064766 0.05368888 0.0578149
 0.         0.         0.17023031]

rule14: 181.001 < water < 195.183
probabilities_array:[0.2885837  0.16258356 0.16167958 0.07513076 0.22249018 0.04962665
 0.00243597 0.         0.03746962]

rule29: 3.710 < age < 46.272
probabilities_array:[0.         0.19863005 0.28187048 0.24202769 0.10564604 0.04171016
 0.06672035 0.02890497 0.0344902 ]

rule16: superplasticizer < 2.259
probabilities_array:[0.25732416 0.12670891 0.21570092 0.17088357 0.07368086 0.04085822
 0.09570952 0.         0.01913382]


---6---
rule9: 11.337 < fly_ash < 54.376
probabilities_array:[0.00194925 0.         0.         0.04998522 0.         0.
 0.4497145  0.30329788 0.19505312]

rule24: fine_aggregate < 721.324
probabilities_array:[0.         0.03543249 0.00560018 0.         0.0181212  0.13320132
 0.33899418 0.4206652  0.04798543]

rule30: 46.272 < age < 88.835
probabilities_array:[0.0000000e+00 0.0000000e+00 0.0000000e+00 2.2195695e-02 2.2478862e-01
 2.4153467e-04 3.2548541e-01 3.5527432e-01 7.2014414e-02]

rule31: age > 88.835
probabilities_array:[0.         0.00238204 0.04263524 0.01652696 0.09790153 0.25224686
 0.26519838 0.31376994 0.00933909]

rule6: 68.941 < blast_furnace_slag < 126.000
probabilities_array:[0.09769234 0.00042897 0.         0.07128064 0.         0.10161155
 0.30576566 0.22313285 0.20008792]

rule18: 6.342 < superplasticizer < 10.424
probabilities_array:[0.         0.09856001 0.21221796 0.         0.09276664 0.16771923
 0.2629916  0.07472098 0.0910236 ]

rule5: 11.882 < blast_furnace_slag < 68.941
probabilities_array:[0.0773864  0.0731161  0.         0.02054427 0.11491184 0.
 0.25878707 0.36195657 0.09329771]

rule21: 921.203 < coarse_aggregate < 974.162
probabilities_array:[0.12571877 0.07026358 0.         0.01075092 0.18559977 0.00452163
 0.312667   0.02197322 0.26850516]

rule12: water < 166.819
probabilities_array:[0.         0.01214289 0.         0.         0.         0.04260825
 0.3007382  0.3540302  0.29048052]

rule10: 54.376 < fly_ash < 97.414
probabilities_array:[0.         0.01701953 0.08014337 0.20098212 0.17031385 0.2255738
 0.22890796 0.         0.07705943]

rule23: coarse_aggregate > 1027.121
probabilities_array:[0.10816035 0.0636488  0.         0.01204328 0.         0.21095438
 0.173105   0.31629783 0.1157903 ]

rule1: 214.334 < cement < 285.555
probabilities_array:[0.14251539 0.24171971 0.07829411 0.15716442 0.         0.11360218
 0.13888793 0.07770182 0.05011445]

rule25: 721.324 < fine_aggregate < 774.532
probabilities_array:[0.         0.00965424 0.         0.31727836 0.         0.00450069
 0.16101497 0.31974798 0.18780372]

rule2: 285.555 < cement < 356.776
probabilities_array:[0.06726798 0.04765091 0.         0.13431703 0.24001285 0.13334931
 0.12649769 0.13391462 0.11698957]

rule0: cement < 214.334
probabilities_array:[0.34943393 0.31601682 0.11732221 0.08386797 0.         0.00415334
 0.10179255 0.         0.02741321]

rule19: superplasticizer > 10.424
probabilities_array:[0.01169703 0.         0.         0.18423507 0.         0.02776445
 0.14728577 0.27409327 0.3549244 ]

rule16: superplasticizer < 2.259
probabilities_array:[0.25732416 0.12670891 0.21570092 0.17088357 0.07368086 0.04085822
 0.09570952 0.         0.01913382]

rule13: 166.819 < water < 181.001
probabilities_array:[0.24625166 0.         0.06259241 0.03192441 0.13230933 0.17558897
 0.10086811 0.12029225 0.1301728 ]

rule29: 3.710 < age < 46.272
probabilities_array:[0.         0.19863005 0.28187048 0.24202769 0.10564604 0.04171016
 0.06672035 0.02890497 0.0344902 ]

rule11: fly_ash > 97.414
probabilities_array:[0.18945342 0.05578907 0.17190768 0.13220891 0.2631667  0.12059823
 0.04629022 0.00307301 0.0175128 ]


---7---
rule24: fine_aggregate < 721.324
probabilities_array:[0.         0.03543249 0.00560018 0.         0.0181212  0.13320132
 0.33899418 0.4206652  0.04798543]

rule30: 46.272 < age < 88.835
probabilities_array:[0.0000000e+00 0.0000000e+00 0.0000000e+00 2.2195695e-02 2.2478862e-01
 2.4153467e-04 3.2548541e-01 3.5527432e-01 7.2014414e-02]

rule5: 11.882 < blast_furnace_slag < 68.941
probabilities_array:[0.0773864  0.0731161  0.         0.02054427 0.11491184 0.
 0.25878707 0.36195657 0.09329771]

rule31: age > 88.835
probabilities_array:[0.         0.00238204 0.04263524 0.01652696 0.09790153 0.25224686
 0.26519838 0.31376994 0.00933909]

rule3: cement > 356.776
probabilities_array:[0.         0.         0.03955086 0.0064589  0.20731887 0.3321947
 0.01205931 0.32072428 0.08169305]

rule23: coarse_aggregate > 1027.121
probabilities_array:[0.10816035 0.0636488  0.         0.01204328 0.         0.21095438
 0.173105   0.31629783 0.1157903 ]

rule25: 721.324 < fine_aggregate < 774.532
probabilities_array:[0.         0.00965424 0.         0.31727836 0.         0.00450069
 0.16101497 0.31974798 0.18780372]

rule12: water < 166.819
probabilities_array:[0.         0.01214289 0.         0.         0.         0.04260825
 0.3007382  0.3540302  0.29048052]

rule9: 11.337 < fly_ash < 54.376
probabilities_array:[0.00194925 0.         0.         0.04998522 0.         0.
 0.4497145  0.30329788 0.19505312]

rule20: coarse_aggregate < 921.203
probabilities_array:[0.20102736 0.07141197 0.         0.203231   0.00342917 0.18061814
 0.         0.25597104 0.08431128]

rule17: 2.259 < superplasticizer < 6.342
probabilities_array:[0.         0.01049296 0.33898133 0.         0.10777494 0.1730242
 0.         0.2616792  0.10804731]

rule8: fly_ash < 11.337
probabilities_array:[1.9865032e-01 4.5604210e-02 0.0000000e+00 6.2092254e-04 0.0000000e+00
 1.7548022e-01 8.6017732e-05 3.0563137e-01 2.7392697e-01]

rule26: 774.532 < fine_aggregate < 827.739
probabilities_array:[0.06379043 0.16477987 0.04496383 0.06028634 0.06110087 0.261424
 0.         0.21267703 0.13097765]

rule6: 68.941 < blast_furnace_slag < 126.000
probabilities_array:[0.09769234 0.00042897 0.         0.07128064 0.         0.10161155
 0.30576566 0.22313285 0.20008792]

rule19: superplasticizer > 10.424
probabilities_array:[0.01169703 0.         0.         0.18423507 0.         0.02776445
 0.14728577 0.27409327 0.3549244 ]

rule7: blast_furnace_slag > 126.000
probabilities_array:[0.02239038 0.02108063 0.05721687 0.1963838  0.         0.27003735
 0.         0.21516734 0.2177236 ]

rule2: 285.555 < cement < 356.776
probabilities_array:[0.06726798 0.04765091 0.         0.13431703 0.24001285 0.13334931
 0.12649769 0.13391462 0.11698957]

rule13: 166.819 < water < 181.001
probabilities_array:[0.24625166 0.         0.06259241 0.03192441 0.13230933 0.17558897
 0.10086811 0.12029225 0.1301728 ]

rule1: 214.334 < cement < 285.555
probabilities_array:[0.14251539 0.24171971 0.07829411 0.15716442 0.         0.11360218
 0.13888793 0.07770182 0.05011445]

rule18: 6.342 < superplasticizer < 10.424
probabilities_array:[0.         0.09856001 0.21221796 0.         0.09276664 0.16771923
 0.2629916  0.07472098 0.0910236 ]

rule4: blast_furnace_slag < 11.882
probabilities_array:[0.16619219 0.13008347 0.01581252 0.         0.28624123 0.02996063
 0.00990474 0.06517347 0.29663172]

