MSE: 3771861153175676.5

Accuracy: 0.7567370721048798

F1: 0.7560090321701897

Confusion Matrix: [[557, 112], [222, 482]]

Uncertainties: {'class0': [0.5381465554237366, 0.56764817237854, 0.5771545767784119, 0.598463773727417, 0.6913989186286926], 'class1': [0.46231526136398315, 0.5451328158378601, 0.5847868919372559, 0.5948027968406677, 0.6069929003715515]}

y_test: [22452209.0, 58255287.0, 32800000.0, 1752214.0, 8735529.0, 6842058.0, 52418902.0, 568695.0, 418268.0, 21078145.0, 17314483.0, 7680.0, 43060566.0, 40566655.0, 2035566.0, 40559930.0, 2025238.0, 49875589.0, 15131330.0, 72660029.0, 508867.0, 118099659.0, 75590286.0, 475000.0, 25472967.0, 82569532.0, 77086030.0, 279167575.0, 1712111.0, 18947630.0, 177343675.0, 8691.0, 9473382.0, 21501098.0, 78120196.0, 113330342.0, 325491.0, 134218018.0, 1127331.0, 13801755.0, 34703228.0, 55210049.0, 83000000.0, 75072454.0, 43426961.0, 10941801.0, 47034272.0, 13650738.0, 255950375.0, 12055108.0, 116724075.0, 169692572.0, 46012734.0, 35063732.0, 27829874.0, 4301331.0, 44087387.0, 408992272.0, 2954405.0, 17848322.0, 5430822.0, 9639242.0, 80021740.0, 1554566.0, 43337279.0, 141319195.0, 71975611.0, 39687528.0, 32222567.0, 13558739.0, 10431220.0, 2086345.0, 55461307.0, 138339411.0, 1186957.0, 55585389.0, 19100000.0, 9213.0, 8712564.0, 1711.0, 50728000.0, 13060843.0, 84689.0, 124590960.0, 16247775.0, 220914.0, 176483808.0, 2859955.0, 274084951.0, 102300000.0, 71277420.0, 71309760.0, 62321039.0, 113745408.0, 326308.0, 32721635.0, 15911333.0, 43792641.0, 12081447.0, 36500000.0, 33000000.0, 80574010.0, 33000377.0, 26284475.0, 42365600.0, 115603980.0, 27441122.0, 51185897.0, 52822418.0, 9950.0, 225377.0, 17529157.0, 55153403.0, 13103828.0, 64736114.0, 14587732.0, 2073984.0, 14108518.0, 27067160.0, 6239558.0, 38120554.0, 56007.0, 81638674.0, 4007792.0, 5484375.0, 70236496.0, 2507106.0, 102310175.0, 22717758.0, 23014504.0, 42168445.0, 6409206.0, 79568000.0, 95632614.0, 50815288.0, 75274748.0, 17114882.0, 116006080.0, 110476776.0, 17071230.0, 52277485.0, 27087695.0, 159578352.0, 190666.0, 10105505.0, 25590119.0, 20433940.0, 138447667.0, 73648142.0, 830210.0, 26400000.0, 5002310.0, 195000874.0, 19179969.0, 93417865.0, 2126511.0, 869325.0, 18821279.0, 12583510.0, 6601079.0, 16930884.0, 2835886.0, 154077.0, 28927720.0, 47379090.0, 1200000.0, 126247.0, 97030725.0, 4280577.0, 81350242.0, 28328132.0, 18112929.0, 76400000.0, 83287363.0, 634277.0, 7563670.0, 243347.0, 141614023.0, 112950721.0, 100018837.0, 23159305.0, 17218080.0, 45507053.0, 9059588.0, 38916903.0, 7156725.0, 47000485.0, 33328051.0, 3293258.0, 39514713.0, 34151.0, 128486.0, 65557989.0, 3895664.0, 8080116.0, 66636385.0, 105263257.0, 40363530.0, 25675765.0, 46729374.0, 39511038.0, 1181197.0, 174682.0, 180191634.0, 51853450.0, 5701643.0, 90636983.0, 46377022.0, 350123553.0, 56702901.0, 42700000.0, 1330827.0, 21500000.0, 64459316.0, 27000000.0, 4914.0, 12610731.0, 112703470.0, 148337537.0, 29247405.0, 18090181.0, 101736215.0, 131175.0, 5997134.0, 3216970.0, 12995673.0, 1602466.0, 17738570.0, 43771291.0, 7017178.0, 11204499.0, 6857503.0, 4756.0, 25440971.0, 36830.0, 60054449.0, 32051917.0, 90353764.0, 29959436.0, 17544812.0, 75280058.0, 380838870.0, 191309.0, 82522790.0, 31487293.0, 111760631.0, 7221458.0, 1163508.0, 43490057.0, 4063238.0, 118471320.0, 42615685.0, 12134420.0, 30127963.0, 10198766.0, 7186670.0, 300523113.0, 160762022.0, 118311368.0, 18472363.0, 46495.0, 22734486.0, 2000000.0, 15519841.0, 22751979.0, 15962471.0, 95236.0, 2148212.0, 42385520.0, 58918501.0, 62300000.0, 268488329.0, 13082288.0, 245823397.0, 47375327.0, 51045801.0, 10555348.0, 1425993.0, 58336565.0, 24788807.0, 9203192.0, 16067035.0, 6670712.0, 117559438.0, 686383.0, 12188642.0, 114968774.0, 190418803.0, 78747585.0, 116593191.0, 6879730.0, 42919096.0, 3219029.0, 217631306.0, 119420252.0, 80270227.0, 56068547.0, 10569071.0, 27854896.0, 2899970.0, 42672630.0, 2542264.0, 7369373.0, 36965395.0, 36830057.0, 3447339.0, 279282.0, 98711404.0, 32154410.0, 14821531.0, 4814244.0, 669276.0, 542860.0, 24475416.0, 1027119.0, 528972.0, 171383253.0, 3094687.0, 52850.0, 106593296.0, 130058047.0, 52752475.0, 19067631.0, 43982842.0, 14095303.0, 108638745.0, 291021565.0, 7070459.0, 16284360.0, 598645.0, 2964.0, 170708996.0, 30981850.0, 15935068.0, 14348123.0, 1754319.0, 169076745.0, 29106737.0, 30691439.0, 9600000.0, 2833383.0, 33687630.0, 91457688.0, 5480318.0, 260000000.0, 16377274.0, 382946.0, 2319187.0, 18967571.0, 5005.0, 3478.0, 1050445.0, 37295394.0, 179020854.0, 34531832.0, 29302097.0, 93607673.0, 77413017.0, 101470202.0, 12232937.0, 15171475.0, 25871834.0, 55802754.0, 37911876.0, 40118420.0, 34180954.0, 152149590.0, 4857376.0, 289907418.0, 11008432.0, 101702060.0, 21160089.0, 3713002.0, 37672350.0, 9013113.0, 1316074.0, 214966.0, 3468572.0, 43848100.0, 35231365.0, 36658108.0, 51432423.0, 59847242.0, 4064333.0, 25200412.0, 54800000.0, 90485233.0, 45802315.0, 1134049.0, 819852.0, 20218921.0, 189412677.0, 100669.0, 89706988.0, 402820.0, 7204138.0, 76501438.0, 24276500.0, 1738692.0, 298110.0, 139259759.0, 760505847.0, 12398628.0, 7292175.0, 197171806.0, 9714482.0, 65703412.0, 4068087.0, 126805112.0, 5283379.0, 306124059.0, 34566746.0, 2197331.0, 9628751.0, 1984378.0, 116866727.0, 16938179.0, 4131640.0, 2300000.0, 26871.0, 25799043.0, 68856263.0, 113155.0, 22770.0, 30993544.0, 48114556.0, 32853640.0, 86049418.0, 133382309.0, 223615.0, 115731542.0, 172071312.0, 26421314.0, 20916309.0, 31655091.0, 164435221.0, 46455802.0, 26297.0, 81525.0, 140987.0, 7000000.0, 16115878.0, 39825798.0, 86930411.0, 51600000.0, 184925485.0, 126149655.0, 44328238.0, 6167817.0, 23089926.0, 8535575.0, 54239856.0, 532988.0, 25000000.0, 3071947.0, 41867960.0, 180011740.0, 95001343.0, 2808000.0, 34543701.0, 2154540.0, 798341.0, 4414535.0, 127083765.0, 64255243.0, 73215310.0, 399879.0, 25266129.0, 26183197.0, 15045676.0, 23070045.0, 14448589.0, 1110186.0, 12550242.0, 28064226.0, 7825820.0, 144512310.0, 14673301.0, 47952020.0, 100358.0, 42272747.0, 36985501.0, 27979400.0, 7774730.0, 58885635.0, 37752931.0, 17382982.0, 118666.0, 12793213.0, 39659.0, 8054280.0, 35385560.0, 72515360.0, 3607.0, 206456431.0, 295468.0, 251501645.0, 12831121.0, 161317423.0, 109712885.0, 41102171.0, 46800000.0, 613556.0, 32741596.0, 66009973.0, 69304264.0, 56692.0, 108360000.0, 64955956.0, 3047539.0, 13052741.0, 80150343.0, 26288320.0, 20950820.0, 40247512.0, 217536138.0, 13684949.0, 198539855.0, 89808372.0, 6047856.0, 88504640.0, 128978.0, 717753.0, 90755643.0, 67155742.0, 71904.0, 193136719.0, 54322273.0, 12985267.0, 26415649.0, 30212620.0, 37877959.0, 39263506.0, 60443237.0, 125305545.0, 100446895.0, 180011740.0, 58163.0, 227241.0, 70405498.0, 83503161.0, 74205.0, 48814909.0, 115802596.0, 124868837.0, 11827301.0, 750100.0, 42057340.0, 12065985.0, 58715510.0, 11703287.0, 281666058.0, 53955614.0, 8000000.0, 94822707.0, 13751.0, 1028337.0, 33860010.0, 40270895.0, 35286428.0, 65500000.0, 713413.0, 40048332.0, 4040588.0, 3645438.0, 41997790.0, 10106233.0, 61644321.0, 35324232.0, 13391174.0, 410241.0, 52474616.0, 2483955.0, 84244877.0, 13838130.0, 687081.0, 34350553.0, 1000000.0, 32519322.0, 3074838.0, 13903262.0, 1325073.0, 2912363.0, 10725228.0, 73103784.0, 56114221.0, 5400000.0, 17518220.0, 5128124.0, 26870825.0, 134455175.0, 7267324.0, 100169068.0, 84749884.0, 14637490.0, 58183966.0, 4328294.0, 17750583.0, 241688385.0, 82506325.0, 6462576.0, 1569918.0, 281492479.0, 4771000.0, 49185998.0, 52320979.0, 144583.0, 529766.0, 5773519.0, 26236603.0, 80281096.0, 26903709.0, 18435.0, 33682273.0, 6531491.0, 1196752.0, 11956207.0, 252726.0, 100125340.0, 48430.0, 85017401.0, 548712.0, 81517441.0, 32391374.0, 20733485.0, 10769960.0, 56505065.0, 46280507.0, 94125426.0, 22108977.0, 56443482.0, 3064356.0, 3902679.0, 14888028.0, 14218868.0, 30084.0, 50562555.0, 43853424.0, 50628009.0, 6105175.0, 70496802.0, 112225777.0, 35096190.0, 41252428.0, 9528092.0, 32055248.0, 28435406.0, 5004648.0, 157299717.0, 1110286.0, 31585300.0, 1512815.0, 229074524.0, 25117498.0, 60269340.0, 50461335.0, 23091.0, 21199.0, 56724080.0, 37721949.0, 37652565.0, 79043.0, 129734803.0, 31452765.0, 925402.0, 3169424.0, 76657000.0, 16298046.0, 9525276.0, 12006514.0, 53021560.0, 19059018.0, 23527955.0, 638476.0, 14589444.0, 163214286.0, 5895238.0, 155019340.0, 403706375.0, 952620.0, 66862068.0, 137945.0, 92173235.0, 14000000.0, 125531634.0, 34350553.0, 77032279.0, 14378353.0, 285761243.0, 56876365.0, 4563029.0, 800000.0, 32368960.0, 20915465.0, 30538669.0, 7001720.0, 54696902.0, 54228104.0, 20300000.0, 209019489.0, 6719300.0, 23106.0, 10956379.0, 47000000.0, 75573300.0, 23222861.0, 51676606.0, 77264926.0, 21176322.0, 2175312.0, 36279230.0, 125548685.0, 1697956.0, 22913677.0, 3193102.0, 8324748.0, 145109.0, 113502246.0, 33643461.0, 59068786.0, 51431160.0, 78009155.0, 68218041.0, 131144183.0, 39568996.0, 32048809.0, 240425.0, 405614.0, 13651662.0, 17411331.0, 13854000.0, 323505540.0, 316842.0, 2800000.0, 147637474.0, 56729973.0, 65012000.0, 24848292.0, 14373825.0, 33244684.0, 88200225.0, 8742261.0, 50859889.0, 1646664.0, 29500000.0, 34290142.0, 11860839.0, 1292527.0, 4734235.0, 70269171.0, 658672302.0, 70083519.0, 87856565.0, 267652016.0, 447093.0, 17951431.0, 39399750.0, 102797150.0, 11900000.0, 215185.0, 6262942.0, 99147.0, 51774002.0, 3519627.0, 72217000.0, 2926565.0, 22927390.0, 28772222.0, 84049211.0, 7262288.0, 107285004.0, 100328194.0, 24381334.0, 4440055.0, 47285499.0, 40962534.0, 9821335.0, 25615792.0, 14891000.0, 21800302.0, 6498000.0, 70960517.0, 43247140.0, 38400000.0, 8114507.0, 137748063.0, 10411980.0, 12712093.0, 18469.0, 58220776.0, 22201636.0, 11642254.0, 841206.0, 49024969.0, 6923891.0, 59365105.0, 33987757.0, 23000.0, 5199.0, 7501404.0, 1292119.0, 33685268.0, 381186.0, 73678.0, 10166502.0, 2712293.0, 626809.0, 44983704.0, 1089365.0, 540085.0, 1997807.0, 40542.0, 218051260.0, 434417.0, 1276984.0, 76600000.0, 57010853.0, 66676062.0, 15062898.0, 107100855.0, 11806119.0, 112935.0, 5702083.0, 63260.0, 35400000.0, 2874.0, 70011073.0, 142614158.0, 80050171.0, 101228.0, 222487711.0, 42643187.0, 64149837.0, 4946250.0, 32701088.0, 41008532.0, 126975169.0, 119518352.0, 231186.0, 1011054.0, 278821.0, 6755271.0, 65007045.0, 132541238.0, 30063805.0, 5308553.0, 1987762.0, 1089445.0, 36883539.0, 62563543.0, 25809813.0, 22406362.0, 29997095.0, 2775593.0, 47811275.0, 37879996.0, 92930005.0, 1744858.0, 56607223.0, 41543207.0, 58006147.0, 454255.0, 8108247.0, 7563397.0, 30859000.0, 4170647.0, 262030663.0, 4903000.0, 38119483.0, 1865774.0, 12026670.0, 42610000.0, 49121934.0, 10174663.0, 73000942.0, 13337299.0, 55865715.0, 9353573.0, 90820.0, 110029.0, 18317151.0, 24708699.0, 52000688.0, 69772969.0, 256386216.0, 43575716.0, 38048637.0, 150167630.0, 57750000.0, 132122995.0, 1000000.0, 119938730.0, 1768416.0, 71442.0, 102922376.0, 24332324.0, 72000000.0, 161087183.0, 22531698.0, 37566230.0, 17237244.0, 39532308.0, 90356857.0, 20801344.0, 469947.0, 9094451.0, 14500000.0, 17473245.0, 8396942.0, 126203320.0, 21378000.0, 56437947.0, 78616689.0, 5900000.0, 4360548.0, 12514138.0, 37899638.0, 117235247.0, 13987482.0, 56362352.0, 19348.0, 10230.0, 296623634.0, 54724272.0, 1666262.0, 511920.0, 114324072.0, 5516708.0, 67128202.0, 87100000.0, 18488314.0, 2849142.0, 10049886.0, 101643008.0, 7060876.0, 7994115.0, 148775460.0, 101157447.0, 16684352.0, 37035845.0, 30059386.0, 133228348.0, 13763130.0, 860002.0, 48546578.0, 199228.0, 2892582.0, 64148.0, 8828771.0, 5725.0, 13269963.0, 128505958.0, 69586544.0, 4930798.0, 234760500.0, 21129348.0, 15700000.0, 65807024.0, 108200000.0, 10814185.0, 140080850.0, 62480.0, 40990055.0, 18081626.0, 22406362.0, 982214.0, 9483821.0, 9609.0, 44540956.0, 25482931.0, 13569248.0, 37035515.0, 8104069.0, 76418654.0, 150415432.0, 5108820.0, 26494611.0, 15155772.0, 144512310.0, 183436380.0, 1028658.0, 35794166.0, 480314.0, 379643.0, 1939441.0, 13303319.0, 318759914.0, 114195633.0, 181395380.0, 19480739.0, 21200000.0, 10017041.0, 13555988.0, 16574731.0, 2963012.0, 53884821.0, 352358779.0, 59588068.0, 51758599.0, 134520804.0, 6855137.0, 68473360.0, 422783777.0, 81687587.0, 57859105.0, 44134898.0, 67263182.0, 2468.0, 37754208.0, 14983572.0, 246574.0, 499263.0, 43894863.0, 34507079.0, 34017854.0, 89021735.0, 71038190.0, 103812241.0, 37339525.0, 50693162.0, 333658.0, 13782838.0, 12339633.0, 40557.0, 6088249.0, 48745150.0, 3029081.0, 21413105.0, 70625986.0, 16235293.0, 15785632.0, 2856622.0, 81257845.0, 127706877.0, 444354.0, 5881504.0, 65948711.0, 60328558.0, 34604054.0, 377420.0, 55202.0, 237301.0, 59073773.0, 856942.0, 277233.0, 54967359.0, 191796233.0, 502028.0, 78656813.0, 183405771.0, 16964743.0, 172620724.0, 70117571.0, 1007535.0, 19661987.0, 34912982.0, 107225164.0, 2040920.0, 7739049.0, 104374107.0, 16929123.0, 120620.0, 1523883.0, 20998709.0, 2807854.0, 37901509.0, 11434867.0, 103001286.0, 173066.0, 186336103.0, 104077.0, 11631245.0, 66365290.0, 57504069.0, 2643689.0, 77324422.0, 3254172.0, 16831505.0, 123777.0, 1001437.0, 18329466.0, 25977365.0, 20668843.0, 100685880.0, 37470017.0, 197148.0, 410388.0, 121945720.0, 5501940.0, 8460995.0, 105943.0, 1796024.0, 35799026.0, 27545445.0, 20763013.0, 16501785.0, 33305037.0, 21088568.0, 70100000.0, 60008303.0, 6543194.0, 45857453.0, 60338891.0, 4306697.0, 38230435.0, 3830.0, 30050028.0, 32541719.0, 15447.0, 49994804.0, 69582.0, 50818750.0, 434949459.0, 55682070.0, 167007184.0, 9664316.0, 22905674.0, 447750.0, 38536376.0, 8508843.0, 126930660.0, 11576087.0, 2957978.0, 242589580.0, 41067398.0, 26049082.0, 50024083.0, 2203641.0, 3420871.0, 8231.0, 4235837.0, 5998971.0, 14249005.0, 28014536.0, 123922370.0, 19377727.0, 44886089.0, 1729969.0, 11560259.0, 45506619.0, 60522097.0, 59735548.0, 162.0, 836641.0, 22518325.0, 16153600.0, 22800000.0, 19170001.0, 7518876.0, 15156200.0, 49392095.0, 241437427.0, 31607598.0, 233103.0, 38201895.0, 26384919.0, 13220.0, 14375181.0, 126546825.0, 29580087.0, 27669413.0, 119219978.0, 197992827.0, 83299761.0, 1474508.0, 19719930.0, 91030827.0, 32279955.0, 42592530.0, 14564027.0, 34963967.0, 5664251.0, 560512.0, 37023395.0, 18882880.0, 51768623.0, 66488090.0, 66207920.0, 330249062.0, 149234747.0, 31569268.0, 155984.0, 31493782.0, 83025853.0, 403932.0, 28972187.0, 19692608.0, 35024475.0, 71346930.0, 50740078.0, 30400000.0, 21557240.0, 44455658.0, 34468224.0, 79100000.0, 91188905.0, 46300000.0, 6940281.0, 162495848.0, 136801374.0, 1050600.0, 32178777.0, 7605668.0, 28424210.0, 1304837.0, 17508670.0, 85200000.0, 13401683.0, 176387405.0, 16671505.0, 3108216.0, 13746550.0, 18352454.0, 83077470.0, 92191.0, 35183792.0, 64238770.0, 16842303.0, 15818967.0, 8579684.0, 292568851.0, 34014398.0, 2426851.0, 51109400.0, 274385.0, 27758465.0, 100289690.0, 123070338.0, 41709.0, 60154431.0, 40076438.0, 353743.0, 247740.0, 33472850.0, 26896744.0, 128200012.0, 2276368.0, 37707719.0, 27052167.0, 72219395.0, 234903076.0, 3500000.0, 39200000.0, 819939.0, 116643346.0, 20246959.0, 7871693.0, 2436.0, 8326035.0, 5694401.0, 115862.0, 1677838.0, 61112916.0, 20259297.0, 611709.0, 23179303.0, 191449475.0, 13005485.0, 24343673.0, 82163317.0, 28871190.0, 137963328.0, 53868030.0, 64998368.0, 5459824.0, 37304950.0, 40687294.0, 33771174.0, 31968347.0, 15988876.0, 32983713.0, 100292856.0, 617172.0, 2955039.0, 163591.0, 72755517.0, 24705.0, 88246220.0, 35010192.0, 7009668.0, 80034302.0, 3151130.0, 5000000.0, 190871240.0, 36000000.0, 176049130.0, 54257433.0, 41400000.0, 26096584.0, 6000000.0, 96917897.0, 695229.0, 1229197.0, 38087756.0, 1506998.0, 53481.0, 24042490.0, 117224271.0, 334658.0, 104792.0, 40219708.0, 69688384.0, 1029017.0, 340478898.0, 27779888.0, 3950029.0, 66950483.0, 13630226.0, 25450527.0, 793352.0, 125320003.0, 19673424.0, 30093107.0, 444044.0, 37479778.0, 90703745.0, 60652036.0, 65173160.0, 20113965.0, 28873374.0, 93571803.0, 34964818.0, 12801190.0, 70163652.0, 107458785.0, 22494487.0, 13235267.0, 3500000.0, 166112167.0, 43097652.0, 27900000.0, 21994911.0, 16988996.0, 13973532.0, 712294.0, 47000000.0, 906666.0, 62494975.0, 12276810.0, 37788228.0, 202007640.0, 3749061.0, 35754555.0, 37939782.0, 24362501.0, 31165421.0, 32631.0, 40983001.0, 94175854.0, 101160529.0, 310675583.0, 31598308.0, 14123773.0, 250863268.0, 900926.0, 10076136.0, 31501218.0, 46875468.0, 864959.0, 35168677.0, 11100000.0, 16290976.0, 133103929.0, 766487.0, 66466372.0, 194568.0, 60923325.0, 77222184.0, 38297305.0, 137850096.0, 1987287.0, 5348317.0, 20275446.0]

buck_pred: [0, 1, 0, 0, 0, 0, 1, 0, 0, 0, 0, 0, 1, 1, 0, 1, 0, 1, 1, 1, 0, 1, 1, 0, 0, 1, 1, 1, 0, 0, 1, 0, 0, 1, 1, 1, 0, 1, 0, 0, 0, 1, 1, 0, 1, 0, 0, 0, 1, 0, 1, 1, 0, 1, 1, 0, 0, 1, 0, 0, 0, 0, 1, 0, 1, 1, 1, 1, 1, 0, 0, 0, 0, 1, 0, 1, 1, 1, 0, 0, 1, 1, 0, 1, 0, 1, 1, 0, 1, 1, 1, 1, 1, 1, 1, 0, 0, 0, 0, 0, 0, 1, 1, 0, 0, 1, 0, 1, 1, 0, 0, 0, 0, 0, 0, 0, 0, 0, 1, 0, 0, 0, 1, 1, 0, 1, 0, 0, 0, 1, 0, 0, 1, 1, 1, 1, 1, 1, 1, 0, 0, 0, 1, 0, 0, 0, 0, 1, 1, 0, 1, 0, 1, 0, 1, 0, 0, 1, 0, 0, 0, 0, 0, 0, 1, 0, 0, 1, 0, 1, 1, 0, 0, 0, 0, 0, 0, 1, 1, 1, 1, 1, 1, 0, 0, 0, 1, 1, 0, 0, 0, 0, 0, 0, 0, 1, 0, 0, 0, 1, 0, 0, 0, 1, 0, 0, 0, 0, 1, 1, 0, 0, 1, 0, 1, 0, 0, 1, 1, 0, 1, 1, 0, 0, 1, 0, 0, 1, 0, 0, 0, 1, 0, 1, 0, 1, 0, 1, 1, 0, 1, 1, 0, 1, 0, 1, 1, 0, 0, 0, 1, 1, 1, 0, 0, 0, 1, 1, 1, 1, 1, 0, 0, 0, 1, 1, 0, 0, 0, 1, 1, 1, 1, 1, 1, 1, 0, 0, 1, 0, 0, 1, 0, 0, 0, 0, 1, 1, 1, 1, 0, 1, 0, 1, 1, 1, 0, 0, 1, 0, 0, 0, 0, 1, 0, 0, 0, 1, 1, 0, 0, 0, 0, 0, 0, 0, 1, 0, 0, 0, 1, 1, 0, 1, 0, 1, 1, 0, 0, 0, 0, 1, 0, 1, 0, 0, 1, 0, 0, 1, 0, 1, 1, 0, 1, 1, 0, 0, 0, 0, 0, 0, 0, 1, 1, 0, 1, 0, 1, 0, 0, 0, 1, 0, 0, 1, 1, 0, 1, 0, 0, 0, 0, 0, 0, 0, 0, 0, 1, 0, 0, 0, 0, 0, 0, 0, 0, 0, 0, 0, 0, 1, 0, 1, 0, 0, 0, 0, 0, 0, 1, 1, 0, 0, 1, 0, 0, 0, 0, 0, 1, 1, 0, 0, 0, 1, 0, 0, 0, 1, 0, 0, 0, 0, 0, 0, 0, 1, 1, 1, 1, 1, 0, 0, 0, 1, 1, 0, 0, 0, 0, 0, 1, 0, 1, 1, 1, 1, 0, 1, 0, 1, 0, 1, 0, 0, 1, 1, 0, 1, 0, 0, 0, 1, 0, 1, 0, 0, 0, 0, 0, 0, 0, 1, 0, 0, 1, 1, 1, 0, 1, 0, 1, 0, 1, 0, 0, 0, 0, 0, 0, 0, 1, 0, 1, 0, 1, 0, 1, 1, 1, 1, 0, 1, 1, 1, 1, 1, 0, 0, 0, 1, 1, 1, 1, 1, 0, 1, 0, 0, 1, 0, 1, 1, 1, 0, 1, 1, 0, 0, 1, 0, 0, 0, 1, 1, 1, 0, 0, 1, 1, 0, 0, 1, 1, 0, 1, 1, 1, 0, 0, 1, 0, 0, 1, 0, 0, 0, 1, 1, 1, 0, 1, 0, 0, 1, 0, 1, 1, 0, 0, 1, 0, 1, 1, 0, 1, 0, 1, 0, 0, 0, 0, 0, 1, 1, 1, 0, 0, 1, 1, 1, 1, 1, 0, 1, 0, 1, 1, 1, 0, 0, 1, 0, 0, 1, 0, 0, 0, 0, 1, 1, 0, 1, 1, 0, 0, 0, 1, 0, 1, 0, 1, 1, 0, 0, 1, 1, 0, 0, 1, 0, 0, 0, 1, 0, 0, 0, 1, 1, 1, 1, 1, 1, 0, 0, 0, 0, 1, 0, 0, 0, 1, 0, 0, 0, 0, 0, 1, 0, 1, 0, 1, 0, 0, 0, 0, 0, 0, 1, 0, 1, 0, 0, 1, 1, 0, 1, 1, 0, 1, 0, 1, 1, 1, 1, 1, 0, 1, 1, 1, 0, 0, 0, 1, 0, 1, 1, 1, 1, 0, 0, 0, 1, 1, 0, 1, 0, 0, 1, 1, 1, 0, 0, 0, 0, 0, 0, 1, 0, 0, 1, 1, 1, 1, 0, 0, 0, 1, 0, 1, 1, 0, 0, 1, 0, 1, 0, 0, 1, 1, 0, 1, 0, 1, 0, 0, 0, 0, 1, 1, 1, 1, 1, 0, 0, 0, 1, 0, 0, 0, 0, 1, 0, 1, 0, 0, 1, 1, 1, 1, 1, 0, 0, 0, 1, 0, 0, 0, 0, 0, 0, 1, 1, 0, 1, 0, 0, 0, 1, 0, 1, 0, 1, 0, 1, 1, 0, 0, 0, 0, 1, 0, 0, 1, 0, 0, 0, 0, 1, 0, 0, 1, 0, 0, 1, 1, 1, 0, 1, 0, 0, 1, 0, 1, 0, 1, 1, 1, 0, 1, 0, 1, 0, 0, 0, 1, 1, 0, 0, 0, 0, 1, 0, 1, 0, 0, 0, 1, 1, 1, 1, 0, 0, 0, 1, 1, 0, 1, 1, 0, 0, 0, 1, 1, 0, 1, 0, 1, 0, 1, 1, 0, 0, 1, 0, 0, 0, 0, 0, 0, 0, 1, 1, 1, 1, 0, 1, 0, 1, 0, 1, 0, 0, 1, 1, 0, 1, 1, 0, 0, 1, 1, 0, 0, 0, 0, 1, 0, 1, 1, 0, 1, 1, 0, 0, 1, 1, 1, 1, 0, 0, 1, 1, 0, 0, 1, 0, 1, 0, 0, 0, 1, 1, 0, 1, 1, 1, 1, 1, 1, 1, 1, 0, 0, 0, 0, 0, 1, 0, 0, 1, 0, 0, 1, 1, 1, 1, 1, 0, 1, 0, 0, 0, 1, 0, 1, 0, 1, 0, 0, 0, 0, 1, 1, 0, 0, 0, 1, 1, 1, 0, 0, 0, 0, 1, 1, 1, 0, 1, 0, 0, 0, 0, 1, 0, 1, 0, 0, 1, 0, 1, 1, 1, 0, 0, 1, 0, 1, 0, 0, 1, 0, 0, 0, 1, 0, 1, 1, 1, 0, 1, 1, 0, 0, 1, 0, 0, 1, 0, 0, 0, 1, 1, 0, 0, 1, 1, 0, 0, 0, 1, 1, 0, 0, 0, 1, 0, 0, 1, 0, 1, 1, 0, 0, 1, 1, 0, 0, 0, 0, 0, 0, 0, 0, 1, 0, 1, 0, 1, 0, 0, 1, 0, 0, 1, 1, 0, 0, 0, 1, 1, 0, 1, 1, 0, 0, 1, 1, 0, 0, 0, 1, 1, 1, 1, 0, 0, 0, 0, 0, 0, 0, 0, 0, 0, 1, 0, 0, 1, 0, 1, 1, 1, 1, 0, 1, 0, 0, 0, 1, 0, 0, 1, 0, 0, 1, 0, 0, 0, 0, 0, 0, 0, 0, 1, 0, 0, 0, 1, 1, 1, 0, 0, 1, 0, 1, 1, 0, 0, 1, 1, 0, 0, 1, 1, 0, 1, 1, 1, 0, 1, 1, 1, 0, 0, 0, 1, 0, 1, 1, 0, 0, 1, 0, 0, 1, 1, 1, 1, 1, 0, 1, 1, 0, 0, 0, 1, 0, 1, 0, 1, 0, 1, 1, 1, 0, 0, 1, 1, 0, 1, 1, 0, 0, 0, 1, 1, 1, 1, 0, 0, 1, 1, 0, 1, 1, 0, 0, 0, 1, 1, 0, 0, 0, 0, 1, 1, 0, 1, 1, 0, 0, 1, 0, 1, 0, 0, 0, 1, 1, 1, 1, 0, 1, 0, 1, 0, 0, 1, 0, 0, 1, 0, 0, 0, 1, 0, 0, 0, 1, 1, 1, 1, 0, 1, 1, 0, 1, 0, 0, 1, 0, 0, 0, 0, 0, 1, 0, 0, 1, 1, 0, 1, 0, 1, 0, 0, 0, 1, 1, 0, 1, 0, 0, 0, 0, 0, 0, 0, 0, 1, 0, 1, 1, 0, 1, 1, 1, 0, 1, 1, 1, 0, 1, 0, 1, 1, 0, 0, 1, 1, 0, 0, 0, 1, 0, 0, 1, 0, 0, 0, 0, 0, 0, 1, 0, 1, 1, 0, 1, 0, 1, 0, 1, 1, 0, 1, 0, 1, 1, 1, 1, 1, 0, 0, 0, 1, 0, 1, 1, 0, 1, 0, 0, 0, 1, 1, 1, 1, 0, 0, 0]

bins: [703.0, 25152781.0, 652177271.0]

Most important rules
-----------------------------

---0---
rule51: budget > 227360892.592
probabilities_array:[0.46185347 0.         0.53814656]

rule16: num_user_for_reviews < 44.305
probabilities_array:[0.43235183 0.         0.5676482 ]

rule9: -2975.473 < num_voted_users < 99124.728
probabilities_array:[0.42284542 0.         0.5771546 ]

rule49: -131430704.735 < budget < 47965093.928
probabilities_array:[0.40153626 0.         0.5984638 ]

rule6: 2003.184 < title_year < 2009.841
probabilities_array:[0.3086011 0.        0.6913989]

rule3: imdb_score > 7.237
probabilities_array:[0.28534833 0.         0.7146517 ]

rule12: num_critic_for_reviews < 75.751
probabilities_array:[0.2740004 0.        0.7259996]

rule22: 791.566 < director_facebook_likes < 2842.889
probabilities_array:[0.26240402 0.         0.737596  ]

rule41: -5566.728 < movie_facebook_likes < 9129.095
probabilities_array:[0.25525573 0.00272375 0.74202055]

rule45: 94.650 < duration < 110.115
probabilities_array:[0.22971232 0.         0.7702877 ]


---1---
rule4: title_year < 1996.527
probabilities_array:[0.         0.53768474 0.46231526]

rule1: 5.745 < imdb_score < 6.491
probabilities_array:[0.        0.4548672 0.5451328]

rule19: num_user_for_reviews > 581.960
probabilities_array:[0.         0.41521308 0.5847869 ]

rule10: 99124.728 < num_voted_users < 201224.930
probabilities_array:[0.         0.40519723 0.5948028 ]

rule50: 47965093.928 < budget < 227360892.592
probabilities_array:[0.        0.3930071 0.6069929]

rule11: num_voted_users > 201224.930
probabilities_array:[0.         0.3656579  0.63434213]

rule0: imdb_score < 5.745
probabilities_array:[0.         0.3631132  0.63688684]

rule13: 75.751 < num_critic_for_reviews < 160.311
probabilities_array:[0.         0.32170126 0.6782987 ]

rule14: 160.311 < num_critic_for_reviews < 244.872
probabilities_array:[0.         0.30124417 0.6987558 ]

rule15: num_critic_for_reviews > 244.872
probabilities_array:[0.        0.2979727 0.7020273]

rule18: 313.132 < num_user_for_reviews < 581.960
probabilities_array:[0.         0.29743898 0.702561  ]

rule30: 1847.345 < actor_2_facebook_likes < 4437.197
probabilities_array:[0.         0.26772666 0.73227334]

rule47: duration > 125.580
probabilities_array:[0.         0.2584574  0.74154264]

rule43: movie_facebook_likes > 23824.917
probabilities_array:[0.         0.23013411 0.7698659 ]

rule34: 721.146 < actor_3_facebook_likes < 1945.500
probabilities_array:[0.         0.21427476 0.78572524]

rule35: actor_3_facebook_likes > 1945.500
probabilities_array:[0.         0.20884383 0.7911562 ]

