R2: 0.5347983502807587

MAE: 55088.98018203171

MSE: 6305862695.087052

Accuracy: 0.3499706400469759

F1: 0.33166778518093004

Confusion Matrix: [[595, 97, 45, 12, 10, 5, 4, 1, 6], [233, 256, 150, 31, 30, 10, 11, 11, 7], [72, 200, 224, 116, 49, 23, 29, 24, 12], [37, 97, 163, 187, 112, 61, 48, 33, 26], [7, 72, 93, 151, 159, 103, 69, 55, 43], [8, 64, 60, 85, 155, 124, 118, 71, 75], [3, 41, 39, 23, 105, 88, 148, 132, 132], [2, 21, 22, 17, 35, 66, 143, 160, 289], [2, 11, 15, 13, 23, 33, 51, 128, 531]]

Uncertainties: {'class0': [0.01166484970599413, 0.013974912464618683, 0.029795130714774132, 0.04718209058046341, 0.07788047939538956], 'class1': [0.01166484970599413, 0.013974912464618683, 0.02695164456963539, 0.029795130714774132, 0.04718209058046341], 'class2': [0.0036565144546329975, 0.01166484970599413, 0.013974912464618683, 0.02695164456963539, 0.029795130714774132], 'class3': [0.0, 0.0036565144546329975, 0.01166484970599413, 0.013974912464618683, 0.02695164456963539], 'class4': [0.0, 0.0036565144546329975, 0.01166484970599413, 0.013974912464618683, 0.02695164456963539], 'class5': [0.0, 0.00015480733418371528, 0.0036565144546329975, 0.02695164456963539, 0.029795130714774132], 'class6': [0.0, 0.00015480733418371528, 0.0036565144546329975, 0.01166484970599413, 0.02695164456963539], 'class7': [0.0, 0.00015480733418371528, 0.0036565144546329975, 0.02695164456963539, 0.07788047939538956], 'class8': [0.0, 0.00015480733418371528, 0.0036565144546329975, 0.08104667067527771, 0.09450279176235199]}

Most important rules
-----------------------------

---0---
rule12: total_rooms < 1192.401
probabilities_array:[0.27712908 0.1260679  0.12234747 0.27872342 0.07438987 0.03693563
 0.05516405 0.01702811 0.00054962 0.01166485]

rule28: median_income < 2.591
probabilities_array:[0.27375636 0.2690043  0.1855947  0.11559457 0.07571288 0.02586621
 0.02523804 0.01525807 0.         0.01397491]

rule33: ocean_proximity_INLAND = 1.0
probabilities_array:[0.2954749  0.24060144 0.22041024 0.00911862 0.         0.00379294
 0.         0.         0.         0.2306019 ]

rule22: 1425.483 < population < 2183.691
probabilities_array:[0.24429972 0.11610974 0.11904328 0.23539309 0.05014106 0.0266014
 0.05808219 0.01627341 0.         0.13405618]

rule23: population > 2183.691
probabilities_array:[0.20247243 0.11288682 0.13774496 0.27460286 0.10337279 0.04933621
 0.07254038 0.01724846 0.         0.02979513]

rule10: 28.638 < housing_median_age < 37.107
probabilities_array:[0.23696928 0.08941218 0.02843741 0.08879828 0.07437002 0.1623706
 0.00507845 0.0026622  0.04912759 0.2627739 ]

rule11: housing_median_age > 37.107
probabilities_array:[0.24080087 0.0766108  0.03214176 0.         0.         0.
 0.01431616 0.08367228 0.27382883 0.27862915]

rule6: 35.635 < latitude < 37.081
probabilities_array:[4.0185133e-01 5.5483826e-03 0.0000000e+00 0.0000000e+00 0.0000000e+00
 7.6993275e-04 3.7735561e-04 0.0000000e+00 0.0000000e+00 5.9145308e-01]

rule1: -120.922 < longitude < -119.567
probabilities_array:[0.19772619 0.18341962 0.17965926 0.05773216 0.         0.
 0.         0.09105637 0.08954366 0.20086272]

rule25: 245.564 < households < 500.179
probabilities_array:[0.22158843 0.17852055 0.12214524 0.04727969 0.00355622 0.01735543
 0.01836801 0.10141271 0.         0.2897737 ]

rule36: ocean_proximity_NEAR BAY = 0.0
probabilities_array:[0.25497112 0.0942892  0.0814103  0.00974677 0.         0.02907076
 0.10990784 0.02412396 0.00085721 0.39562294]

rule5: 34.189 < latitude < 35.635
probabilities_array:[0.15786767 0.05752923 0.13301013 0.11559652 0.14638393 0.16701065
 0.0979652  0.0467562  0.         0.07788048]

rule38: ocean_proximity_NEAR OCEAN = 0.0
probabilities_array:[0.24527597 0.11277654 0.03210466 0.00143614 0.12202494 0.05162835
 0.00639474 0.01900385 0.         0.40935478]

rule2: -119.567 < longitude < -118.213
probabilities_array:[0.17112345 0.20831099 0.02528275 0.         0.00166383 0.06692069
 0.05456624 0.04620219 0.27156073 0.15436918]

rule17: 258.665 < total_bedrooms < 536.952
probabilities_array:[0.23368129 0.05272447 0.06960463 0.12901272 0.0140574  0.01272318
 0.07682447 0.         0.         0.41137183]

rule13: 1192.401 < total_rooms < 2637.387
probabilities_array:[0.16651319 0.09654637 0.08998338 0.24182339 0.0990032  0.03860185
 0.06365643 0.00837747 0.         0.19549477]

rule16: total_bedrooms < 258.665
probabilities_array:[0.13807735 0.18957883 0.06434223 0.02064824 0.10939746 0.07865176
 0.         0.         0.         0.39930415]

rule26: 500.179 < households < 754.793
probabilities_array:[1.6065121e-01 0.0000000e+00 0.0000000e+00 4.2372188e-04 2.7030522e-02
 5.6393951e-02 1.3685550e-01 8.6392164e-02 8.5951500e-03 5.2365780e-01]

rule3: longitude > -118.213
probabilities_array:[0.07882311 0.08327655 0.16825709 0.21829908 0.18595877 0.15229729
 0.06010607 0.00579993 0.         0.04718209]

rule24: households < 245.564
probabilities_array:[0.15503506 0.14261352 0.08758048 0.04587756 0.01581342 0.
 0.         0.         0.03526994 0.5178101 ]

rule21: 667.275 < population < 1425.483
probabilities_array:[0.10653477 0.12403497 0.02264849 0.06675009 0.         0.
 0.         0.10084721 0.22503361 0.35415086]

rule9: 20.170 < housing_median_age < 28.638
probabilities_array:[9.5169567e-02 6.2883906e-02 2.7825734e-02 1.3232588e-04 8.4767573e-02
 1.6087198e-01 9.5073126e-02 8.4454201e-02 4.9465694e-03 3.8387501e-01]

rule34: ocean_proximity_ISLAND = 0.0
probabilities_array:[0.1505421  0.15257071 0.0316258  0.00146937 0.         0.00419298
 0.03444923 0.00664071 0.00312153 0.6153876 ]

rule18: 536.952 < total_bedrooms < 815.239
probabilities_array:[0.10346431 0.0681133  0.03216153 0.020581   0.01716691 0.
 0.00568457 0.07953527 0.06485234 0.60844076]


---1---
rule28: median_income < 2.591
probabilities_array:[0.27375636 0.2690043  0.1855947  0.11559457 0.07571288 0.02586621
 0.02523804 0.01525807 0.         0.01397491]

rule37: ocean_proximity_NEAR BAY = 1.0
probabilities_array:[0.02067569 0.27501163 0.15150504 0.         0.0117296  0.05515398
 0.         0.04678851 0.20523547 0.23390007]

rule7: latitude > 37.081
probabilities_array:[0.         0.25086188 0.2578346  0.16025938 0.04949249 0.03157198
 0.02693047 0.00136391 0.05964571 0.1620396 ]

rule39: ocean_proximity_NEAR OCEAN = 1.0
probabilities_array:[0.03066457 0.21932086 0.10382691 0.00404284 0.         0.02089822
 0.07794946 0.14891815 0.31333226 0.08104667]

rule33: ocean_proximity_INLAND = 1.0
probabilities_array:[0.2954749  0.24060144 0.22041024 0.00911862 0.         0.00379294
 0.         0.         0.         0.2306019 ]

rule2: -119.567 < longitude < -118.213
probabilities_array:[0.17112345 0.20831099 0.02528275 0.         0.00166383 0.06692069
 0.05456624 0.04620219 0.27156073 0.15436918]

rule4: latitude < 34.189
probabilities_array:[0.         0.18881    0.18724275 0.06236627 0.02589116 0.00183192
 0.01920349 0.15555933 0.21712382 0.1419714 ]

rule1: -120.922 < longitude < -119.567
probabilities_array:[0.19772619 0.18341962 0.17965926 0.05773216 0.         0.
 0.         0.09105637 0.08954366 0.20086272]

rule25: 245.564 < households < 500.179
probabilities_array:[0.22158843 0.17852055 0.12214524 0.04727969 0.00355622 0.01735543
 0.01836801 0.10141271 0.         0.2897737 ]

rule29: 2.591 < median_income < 3.875
probabilities_array:[0.0262161  0.12947899 0.18831542 0.20335709 0.18079816 0.11368303
 0.07878173 0.0524178  0.         0.02695164]

rule12: total_rooms < 1192.401
probabilities_array:[0.27712908 0.1260679  0.12234747 0.27872342 0.07438987 0.03693563
 0.05516405 0.01702811 0.00054962 0.01166485]

rule16: total_bedrooms < 258.665
probabilities_array:[0.13807735 0.18957883 0.06434223 0.02064824 0.10939746 0.07865176
 0.         0.         0.         0.39930415]

rule23: population > 2183.691
probabilities_array:[0.20247243 0.11288682 0.13774496 0.27460286 0.10337279 0.04933621
 0.07254038 0.01724846 0.         0.02979513]

rule22: 1425.483 < population < 2183.691
probabilities_array:[0.24429972 0.11610974 0.11904328 0.23539309 0.05014106 0.0266014
 0.05808219 0.01627341 0.         0.13405618]

rule21: 667.275 < population < 1425.483
probabilities_array:[0.10653477 0.12403497 0.02264849 0.06675009 0.         0.
 0.         0.10084721 0.22503361 0.35415086]

rule3: longitude > -118.213
probabilities_array:[0.07882311 0.08327655 0.16825709 0.21829908 0.18595877 0.15229729
 0.06010607 0.00579993 0.         0.04718209]

rule13: 1192.401 < total_rooms < 2637.387
probabilities_array:[0.16651319 0.09654637 0.08998338 0.24182339 0.0990032  0.03860185
 0.06365643 0.00837747 0.         0.19549477]

rule15: total_rooms > 4082.373
probabilities_array:[0.         0.09169023 0.00527198 0.         0.         0.00077346
 0.00231266 0.25923193 0.42721194 0.21350777]

rule24: households < 245.564
probabilities_array:[0.15503506 0.14261352 0.08758048 0.04587756 0.01581342 0.
 0.         0.         0.03526994 0.5178101 ]

rule38: ocean_proximity_NEAR OCEAN = 0.0
probabilities_array:[0.24527597 0.11277654 0.03210466 0.00143614 0.12202494 0.05162835
 0.00639474 0.01900385 0.         0.40935478]

rule10: 28.638 < housing_median_age < 37.107
probabilities_array:[0.23696928 0.08941218 0.02843741 0.08879828 0.07437002 0.1623706
 0.00507845 0.0026622  0.04912759 0.2627739 ]

rule34: ocean_proximity_ISLAND = 0.0
probabilities_array:[0.1505421  0.15257071 0.0316258  0.00146937 0.         0.00419298
 0.03444923 0.00664071 0.00312153 0.6153876 ]

rule36: ocean_proximity_NEAR BAY = 0.0
probabilities_array:[0.25497112 0.0942892  0.0814103  0.00974677 0.         0.02907076
 0.10990784 0.02412396 0.00085721 0.39562294]

rule11: housing_median_age > 37.107
probabilities_array:[0.24080087 0.0766108  0.03214176 0.         0.         0.
 0.01431616 0.08367228 0.27382883 0.27862915]

rule5: 34.189 < latitude < 35.635
probabilities_array:[0.15786767 0.05752923 0.13301013 0.11559652 0.14638393 0.16701065
 0.0979652  0.0467562  0.         0.07788048]

rule8: housing_median_age < 20.170
probabilities_array:[0.0412922  0.0588879  0.14810114 0.14947309 0.14178632 0.15029404
 0.07126251 0.07282703 0.         0.16607581]


---2---
rule7: latitude > 37.081
probabilities_array:[0.         0.25086188 0.2578346  0.16025938 0.04949249 0.03157198
 0.02693047 0.00136391 0.05964571 0.1620396 ]

rule29: 2.591 < median_income < 3.875
probabilities_array:[0.0262161  0.12947899 0.18831542 0.20335709 0.18079816 0.11368303
 0.07878173 0.0524178  0.         0.02695164]

rule28: median_income < 2.591
probabilities_array:[0.27375636 0.2690043  0.1855947  0.11559457 0.07571288 0.02586621
 0.02523804 0.01525807 0.         0.01397491]

rule33: ocean_proximity_INLAND = 1.0
probabilities_array:[0.2954749  0.24060144 0.22041024 0.00911862 0.         0.00379294
 0.         0.         0.         0.2306019 ]

rule4: latitude < 34.189
probabilities_array:[0.         0.18881    0.18724275 0.06236627 0.02589116 0.00183192
 0.01920349 0.15555933 0.21712382 0.1419714 ]

rule3: longitude > -118.213
probabilities_array:[0.07882311 0.08327655 0.16825709 0.21829908 0.18595877 0.15229729
 0.06010607 0.00579993 0.         0.04718209]

rule1: -120.922 < longitude < -119.567
probabilities_array:[0.19772619 0.18341962 0.17965926 0.05773216 0.         0.
 0.         0.09105637 0.08954366 0.20086272]

rule23: population > 2183.691
probabilities_array:[0.20247243 0.11288682 0.13774496 0.27460286 0.10337279 0.04933621
 0.07254038 0.01724846 0.         0.02979513]

rule8: housing_median_age < 20.170
probabilities_array:[0.0412922  0.0588879  0.14810114 0.14947309 0.14178632 0.15029404
 0.07126251 0.07282703 0.         0.16607581]

rule5: 34.189 < latitude < 35.635
probabilities_array:[0.15786767 0.05752923 0.13301013 0.11559652 0.14638393 0.16701065
 0.0979652  0.0467562  0.         0.07788048]

rule12: total_rooms < 1192.401
probabilities_array:[0.27712908 0.1260679  0.12234747 0.27872342 0.07438987 0.03693563
 0.05516405 0.01702811 0.00054962 0.01166485]

rule37: ocean_proximity_NEAR BAY = 1.0
probabilities_array:[0.02067569 0.27501163 0.15150504 0.         0.0117296  0.05515398
 0.         0.04678851 0.20523547 0.23390007]

rule22: 1425.483 < population < 2183.691
probabilities_array:[0.24429972 0.11610974 0.11904328 0.23539309 0.05014106 0.0266014
 0.05808219 0.01627341 0.         0.13405618]

rule30: 3.875 < median_income < 5.160
probabilities_array:[0.000526   0.03013463 0.09653095 0.14487329 0.20239276 0.165479
 0.15737568 0.14189549 0.05713568 0.00365651]

rule39: ocean_proximity_NEAR OCEAN = 1.0
probabilities_array:[0.03066457 0.21932086 0.10382691 0.00404284 0.         0.02089822
 0.07794946 0.14891815 0.31333226 0.08104667]

rule25: 245.564 < households < 500.179
probabilities_array:[0.22158843 0.17852055 0.12214524 0.04727969 0.00355622 0.01735543
 0.01836801 0.10141271 0.         0.2897737 ]

rule13: 1192.401 < total_rooms < 2637.387
probabilities_array:[0.16651319 0.09654637 0.08998338 0.24182339 0.0990032  0.03860185
 0.06365643 0.00837747 0.         0.19549477]

rule14: 2637.387 < total_rooms < 4082.373
probabilities_array:[0.00049153 0.0142333  0.08143423 0.         0.05448949 0.03900602
 0.05980736 0.13811673 0.32315063 0.2892707 ]

rule36: ocean_proximity_NEAR BAY = 0.0
probabilities_array:[0.25497112 0.0942892  0.0814103  0.00974677 0.         0.02907076
 0.10990784 0.02412396 0.00085721 0.39562294]

rule24: households < 245.564
probabilities_array:[0.15503506 0.14261352 0.08758048 0.04587756 0.01581342 0.
 0.         0.         0.03526994 0.5178101 ]

rule17: 258.665 < total_bedrooms < 536.952
probabilities_array:[0.23368129 0.05272447 0.06960463 0.12901272 0.0140574  0.01272318
 0.07682447 0.         0.         0.41137183]


---3---
rule12: total_rooms < 1192.401
probabilities_array:[0.27712908 0.1260679  0.12234747 0.27872342 0.07438987 0.03693563
 0.05516405 0.01702811 0.00054962 0.01166485]

rule23: population > 2183.691
probabilities_array:[0.20247243 0.11288682 0.13774496 0.27460286 0.10337279 0.04933621
 0.07254038 0.01724846 0.         0.02979513]

rule3: longitude > -118.213
probabilities_array:[0.07882311 0.08327655 0.16825709 0.21829908 0.18595877 0.15229729
 0.06010607 0.00579993 0.         0.04718209]

rule22: 1425.483 < population < 2183.691
probabilities_array:[0.24429972 0.11610974 0.11904328 0.23539309 0.05014106 0.0266014
 0.05808219 0.01627341 0.         0.13405618]

rule29: 2.591 < median_income < 3.875
probabilities_array:[0.0262161  0.12947899 0.18831542 0.20335709 0.18079816 0.11368303
 0.07878173 0.0524178  0.         0.02695164]

rule13: 1192.401 < total_rooms < 2637.387
probabilities_array:[0.16651319 0.09654637 0.08998338 0.24182339 0.0990032  0.03860185
 0.06365643 0.00837747 0.         0.19549477]

rule30: 3.875 < median_income < 5.160
probabilities_array:[0.000526   0.03013463 0.09653095 0.14487329 0.20239276 0.165479
 0.15737568 0.14189549 0.05713568 0.00365651]

rule7: latitude > 37.081
probabilities_array:[0.         0.25086188 0.2578346  0.16025938 0.04949249 0.03157198
 0.02693047 0.00136391 0.05964571 0.1620396 ]

rule8: housing_median_age < 20.170
probabilities_array:[0.0412922  0.0588879  0.14810114 0.14947309 0.14178632 0.15029404
 0.07126251 0.07282703 0.         0.16607581]

rule28: median_income < 2.591
probabilities_array:[0.27375636 0.2690043  0.1855947  0.11559457 0.07571288 0.02586621
 0.02523804 0.01525807 0.         0.01397491]

rule5: 34.189 < latitude < 35.635
probabilities_array:[0.15786767 0.05752923 0.13301013 0.11559652 0.14638393 0.16701065
 0.0979652  0.0467562  0.         0.07788048]

rule17: 258.665 < total_bedrooms < 536.952
probabilities_array:[0.23368129 0.05272447 0.06960463 0.12901272 0.0140574  0.01272318
 0.07682447 0.         0.         0.41137183]

rule10: 28.638 < housing_median_age < 37.107
probabilities_array:[0.23696928 0.08941218 0.02843741 0.08879828 0.07437002 0.1623706
 0.00507845 0.0026622  0.04912759 0.2627739 ]

rule4: latitude < 34.189
probabilities_array:[0.         0.18881    0.18724275 0.06236627 0.02589116 0.00183192
 0.01920349 0.15555933 0.21712382 0.1419714 ]

rule1: -120.922 < longitude < -119.567
probabilities_array:[0.19772619 0.18341962 0.17965926 0.05773216 0.         0.
 0.         0.09105637 0.08954366 0.20086272]

rule32: ocean_proximity_INLAND = 0.0
probabilities_array:[0.         0.0090943  0.02338446 0.04381581 0.12688133 0.21132073
 0.20311254 0.20112413 0.18126668 0.        ]

rule21: 667.275 < population < 1425.483
probabilities_array:[0.10653477 0.12403497 0.02264849 0.06675009 0.         0.
 0.         0.10084721 0.22503361 0.35415086]


---4---
rule30: 3.875 < median_income < 5.160
probabilities_array:[0.000526   0.03013463 0.09653095 0.14487329 0.20239276 0.165479
 0.15737568 0.14189549 0.05713568 0.00365651]

rule3: longitude > -118.213
probabilities_array:[0.07882311 0.08327655 0.16825709 0.21829908 0.18595877 0.15229729
 0.06010607 0.00579993 0.         0.04718209]

rule29: 2.591 < median_income < 3.875
probabilities_array:[0.0262161  0.12947899 0.18831542 0.20335709 0.18079816 0.11368303
 0.07878173 0.0524178  0.         0.02695164]

rule5: 34.189 < latitude < 35.635
probabilities_array:[0.15786767 0.05752923 0.13301013 0.11559652 0.14638393 0.16701065
 0.0979652  0.0467562  0.         0.07788048]

rule32: ocean_proximity_INLAND = 0.0
probabilities_array:[0.         0.0090943  0.02338446 0.04381581 0.12688133 0.21132073
 0.20311254 0.20112413 0.18126668 0.        ]

rule8: housing_median_age < 20.170
probabilities_array:[0.0412922  0.0588879  0.14810114 0.14947309 0.14178632 0.15029404
 0.07126251 0.07282703 0.         0.16607581]

rule23: population > 2183.691
probabilities_array:[0.20247243 0.11288682 0.13774496 0.27460286 0.10337279 0.04933621
 0.07254038 0.01724846 0.         0.02979513]

rule13: 1192.401 < total_rooms < 2637.387
probabilities_array:[0.16651319 0.09654637 0.08998338 0.24182339 0.0990032  0.03860185
 0.06365643 0.00837747 0.         0.19549477]

rule28: median_income < 2.591
probabilities_array:[0.27375636 0.2690043  0.1855947  0.11559457 0.07571288 0.02586621
 0.02523804 0.01525807 0.         0.01397491]

rule12: total_rooms < 1192.401
probabilities_array:[0.27712908 0.1260679  0.12234747 0.27872342 0.07438987 0.03693563
 0.05516405 0.01702811 0.00054962 0.01166485]

rule38: ocean_proximity_NEAR OCEAN = 0.0
probabilities_array:[0.24527597 0.11277654 0.03210466 0.00143614 0.12202494 0.05162835
 0.00639474 0.01900385 0.         0.40935478]

rule16: total_bedrooms < 258.665
probabilities_array:[0.13807735 0.18957883 0.06434223 0.02064824 0.10939746 0.07865176
 0.         0.         0.         0.39930415]

rule10: 28.638 < housing_median_age < 37.107
probabilities_array:[0.23696928 0.08941218 0.02843741 0.08879828 0.07437002 0.1623706
 0.00507845 0.0026622  0.04912759 0.2627739 ]

rule9: 20.170 < housing_median_age < 28.638
probabilities_array:[9.5169567e-02 6.2883906e-02 2.7825734e-02 1.3232588e-04 8.4767573e-02
 1.6087198e-01 9.5073126e-02 8.4454201e-02 4.9465694e-03 3.8387501e-01]

rule22: 1425.483 < population < 2183.691
probabilities_array:[0.24429972 0.11610974 0.11904328 0.23539309 0.05014106 0.0266014
 0.05808219 0.01627341 0.         0.13405618]

rule7: latitude > 37.081
probabilities_array:[0.         0.25086188 0.2578346  0.16025938 0.04949249 0.03157198
 0.02693047 0.00136391 0.05964571 0.1620396 ]


---5---
rule32: ocean_proximity_INLAND = 0.0
probabilities_array:[0.         0.0090943  0.02338446 0.04381581 0.12688133 0.21132073
 0.20311254 0.20112413 0.18126668 0.        ]

rule30: 3.875 < median_income < 5.160
probabilities_array:[0.000526   0.03013463 0.09653095 0.14487329 0.20239276 0.165479
 0.15737568 0.14189549 0.05713568 0.00365651]

rule5: 34.189 < latitude < 35.635
probabilities_array:[0.15786767 0.05752923 0.13301013 0.11559652 0.14638393 0.16701065
 0.0979652  0.0467562  0.         0.07788048]

rule3: longitude > -118.213
probabilities_array:[0.07882311 0.08327655 0.16825709 0.21829908 0.18595877 0.15229729
 0.06010607 0.00579993 0.         0.04718209]

rule8: housing_median_age < 20.170
probabilities_array:[0.0412922  0.0588879  0.14810114 0.14947309 0.14178632 0.15029404
 0.07126251 0.07282703 0.         0.16607581]

rule10: 28.638 < housing_median_age < 37.107
probabilities_array:[0.23696928 0.08941218 0.02843741 0.08879828 0.07437002 0.1623706
 0.00507845 0.0026622  0.04912759 0.2627739 ]

rule29: 2.591 < median_income < 3.875
probabilities_array:[0.0262161  0.12947899 0.18831542 0.20335709 0.18079816 0.11368303
 0.07878173 0.0524178  0.         0.02695164]

rule9: 20.170 < housing_median_age < 28.638
probabilities_array:[9.5169567e-02 6.2883906e-02 2.7825734e-02 1.3232588e-04 8.4767573e-02
 1.6087198e-01 9.5073126e-02 8.4454201e-02 4.9465694e-03 3.8387501e-01]

rule31: median_income > 5.160
probabilities_array:[0.0000000e+00 4.5434292e-03 9.6045500e-03 3.7838418e-02 3.6345154e-02
 8.6345054e-02 2.0126891e-01 2.7773407e-01 3.4616566e-01 1.5480733e-04]

rule20: population < 667.275
probabilities_array:[0.         0.00147504 0.0045077  0.         0.04161558 0.09368428
 0.05238499 0.27380133 0.43802828 0.09450279]

rule19: total_bedrooms > 815.239
probabilities_array:[0.04242173 0.         0.03003209 0.         0.         0.10493536
 0.09014516 0.168124   0.14710213 0.41723955]

rule27: households > 754.793
probabilities_array:[0.         0.         0.         0.         0.         0.09851348
 0.11879597 0.16030681 0.22731677 0.39506695]

rule2: -119.567 < longitude < -118.213
probabilities_array:[0.17112345 0.20831099 0.02528275 0.         0.00166383 0.06692069
 0.05456624 0.04620219 0.27156073 0.15436918]

rule23: population > 2183.691
probabilities_array:[0.20247243 0.11288682 0.13774496 0.27460286 0.10337279 0.04933621
 0.07254038 0.01724846 0.         0.02979513]

rule16: total_bedrooms < 258.665
probabilities_array:[0.13807735 0.18957883 0.06434223 0.02064824 0.10939746 0.07865176
 0.         0.         0.         0.39930415]

rule37: ocean_proximity_NEAR BAY = 1.0
probabilities_array:[0.02067569 0.27501163 0.15150504 0.         0.0117296  0.05515398
 0.         0.04678851 0.20523547 0.23390007]


---6---
rule32: ocean_proximity_INLAND = 0.0
probabilities_array:[0.         0.0090943  0.02338446 0.04381581 0.12688133 0.21132073
 0.20311254 0.20112413 0.18126668 0.        ]

rule31: median_income > 5.160
probabilities_array:[0.0000000e+00 4.5434292e-03 9.6045500e-03 3.7838418e-02 3.6345154e-02
 8.6345054e-02 2.0126891e-01 2.7773407e-01 3.4616566e-01 1.5480733e-04]

rule30: 3.875 < median_income < 5.160
probabilities_array:[0.000526   0.03013463 0.09653095 0.14487329 0.20239276 0.165479
 0.15737568 0.14189549 0.05713568 0.00365651]

rule0: longitude < -120.922
probabilities_array:[0.02390255 0.         0.01835369 0.00274037 0.05003614 0.0427345
 0.2244075  0.15891738 0.13838841 0.3405195 ]

rule5: 34.189 < latitude < 35.635
probabilities_array:[0.15786767 0.05752923 0.13301013 0.11559652 0.14638393 0.16701065
 0.0979652  0.0467562  0.         0.07788048]

rule29: 2.591 < median_income < 3.875
probabilities_array:[0.0262161  0.12947899 0.18831542 0.20335709 0.18079816 0.11368303
 0.07878173 0.0524178  0.         0.02695164]

rule27: households > 754.793
probabilities_array:[0.         0.         0.         0.         0.         0.09851348
 0.11879597 0.16030681 0.22731677 0.39506695]

rule39: ocean_proximity_NEAR OCEAN = 1.0
probabilities_array:[0.03066457 0.21932086 0.10382691 0.00404284 0.         0.02089822
 0.07794946 0.14891815 0.31333226 0.08104667]

rule23: population > 2183.691
probabilities_array:[0.20247243 0.11288682 0.13774496 0.27460286 0.10337279 0.04933621
 0.07254038 0.01724846 0.         0.02979513]

rule36: ocean_proximity_NEAR BAY = 0.0
probabilities_array:[0.25497112 0.0942892  0.0814103  0.00974677 0.         0.02907076
 0.10990784 0.02412396 0.00085721 0.39562294]

rule26: 500.179 < households < 754.793
probabilities_array:[1.6065121e-01 0.0000000e+00 0.0000000e+00 4.2372188e-04 2.7030522e-02
 5.6393951e-02 1.3685550e-01 8.6392164e-02 8.5951500e-03 5.2365780e-01]

rule8: housing_median_age < 20.170
probabilities_array:[0.0412922  0.0588879  0.14810114 0.14947309 0.14178632 0.15029404
 0.07126251 0.07282703 0.         0.16607581]

rule9: 20.170 < housing_median_age < 28.638
probabilities_array:[9.5169567e-02 6.2883906e-02 2.7825734e-02 1.3232588e-04 8.4767573e-02
 1.6087198e-01 9.5073126e-02 8.4454201e-02 4.9465694e-03 3.8387501e-01]

rule3: longitude > -118.213
probabilities_array:[0.07882311 0.08327655 0.16825709 0.21829908 0.18595877 0.15229729
 0.06010607 0.00579993 0.         0.04718209]

rule12: total_rooms < 1192.401
probabilities_array:[0.27712908 0.1260679  0.12234747 0.27872342 0.07438987 0.03693563
 0.05516405 0.01702811 0.00054962 0.01166485]

rule19: total_bedrooms > 815.239
probabilities_array:[0.04242173 0.         0.03003209 0.         0.         0.10493536
 0.09014516 0.168124   0.14710213 0.41723955]

rule13: 1192.401 < total_rooms < 2637.387
probabilities_array:[0.16651319 0.09654637 0.08998338 0.24182339 0.0990032  0.03860185
 0.06365643 0.00837747 0.         0.19549477]

rule22: 1425.483 < population < 2183.691
probabilities_array:[0.24429972 0.11610974 0.11904328 0.23539309 0.05014106 0.0266014
 0.05808219 0.01627341 0.         0.13405618]

rule20: population < 667.275
probabilities_array:[0.         0.00147504 0.0045077  0.         0.04161558 0.09368428
 0.05238499 0.27380133 0.43802828 0.09450279]

rule2: -119.567 < longitude < -118.213
probabilities_array:[0.17112345 0.20831099 0.02528275 0.         0.00166383 0.06692069
 0.05456624 0.04620219 0.27156073 0.15436918]

rule17: 258.665 < total_bedrooms < 536.952
probabilities_array:[0.23368129 0.05272447 0.06960463 0.12901272 0.0140574  0.01272318
 0.07682447 0.         0.         0.41137183]

rule14: 2637.387 < total_rooms < 4082.373
probabilities_array:[0.00049153 0.0142333  0.08143423 0.         0.05448949 0.03900602
 0.05980736 0.13811673 0.32315063 0.2892707 ]


---7---
rule31: median_income > 5.160
probabilities_array:[0.0000000e+00 4.5434292e-03 9.6045500e-03 3.7838418e-02 3.6345154e-02
 8.6345054e-02 2.0126891e-01 2.7773407e-01 3.4616566e-01 1.5480733e-04]

rule20: population < 667.275
probabilities_array:[0.         0.00147504 0.0045077  0.         0.04161558 0.09368428
 0.05238499 0.27380133 0.43802828 0.09450279]

rule15: total_rooms > 4082.373
probabilities_array:[0.         0.09169023 0.00527198 0.         0.         0.00077346
 0.00231266 0.25923193 0.42721194 0.21350777]

rule32: ocean_proximity_INLAND = 0.0
probabilities_array:[0.         0.0090943  0.02338446 0.04381581 0.12688133 0.21132073
 0.20311254 0.20112413 0.18126668 0.        ]

rule35: ocean_proximity_ISLAND = 1.0
probabilities_array:[0.         0.         0.         0.         0.         0.
 0.         0.27940217 0.27366775 0.4469301 ]

rule30: 3.875 < median_income < 5.160
probabilities_array:[0.000526   0.03013463 0.09653095 0.14487329 0.20239276 0.165479
 0.15737568 0.14189549 0.05713568 0.00365651]

rule39: ocean_proximity_NEAR OCEAN = 1.0
probabilities_array:[0.03066457 0.21932086 0.10382691 0.00404284 0.         0.02089822
 0.07794946 0.14891815 0.31333226 0.08104667]

rule4: latitude < 34.189
probabilities_array:[0.         0.18881    0.18724275 0.06236627 0.02589116 0.00183192
 0.01920349 0.15555933 0.21712382 0.1419714 ]

rule0: longitude < -120.922
probabilities_array:[0.02390255 0.         0.01835369 0.00274037 0.05003614 0.0427345
 0.2244075  0.15891738 0.13838841 0.3405195 ]

rule14: 2637.387 < total_rooms < 4082.373
probabilities_array:[0.00049153 0.0142333  0.08143423 0.         0.05448949 0.03900602
 0.05980736 0.13811673 0.32315063 0.2892707 ]

rule19: total_bedrooms > 815.239
probabilities_array:[0.04242173 0.         0.03003209 0.         0.         0.10493536
 0.09014516 0.168124   0.14710213 0.41723955]

rule27: households > 754.793
probabilities_array:[0.         0.         0.         0.         0.         0.09851348
 0.11879597 0.16030681 0.22731677 0.39506695]

rule1: -120.922 < longitude < -119.567
probabilities_array:[0.19772619 0.18341962 0.17965926 0.05773216 0.         0.
 0.         0.09105637 0.08954366 0.20086272]

rule25: 245.564 < households < 500.179
probabilities_array:[0.22158843 0.17852055 0.12214524 0.04727969 0.00355622 0.01735543
 0.01836801 0.10141271 0.         0.2897737 ]

rule21: 667.275 < population < 1425.483
probabilities_array:[0.10653477 0.12403497 0.02264849 0.06675009 0.         0.
 0.         0.10084721 0.22503361 0.35415086]

rule8: housing_median_age < 20.170
probabilities_array:[0.0412922  0.0588879  0.14810114 0.14947309 0.14178632 0.15029404
 0.07126251 0.07282703 0.         0.16607581]

rule11: housing_median_age > 37.107
probabilities_array:[0.24080087 0.0766108  0.03214176 0.         0.         0.
 0.01431616 0.08367228 0.27382883 0.27862915]

rule9: 20.170 < housing_median_age < 28.638
probabilities_array:[9.5169567e-02 6.2883906e-02 2.7825734e-02 1.3232588e-04 8.4767573e-02
 1.6087198e-01 9.5073126e-02 8.4454201e-02 4.9465694e-03 3.8387501e-01]

rule29: 2.591 < median_income < 3.875
probabilities_array:[0.0262161  0.12947899 0.18831542 0.20335709 0.18079816 0.11368303
 0.07878173 0.0524178  0.         0.02695164]

rule5: 34.189 < latitude < 35.635
probabilities_array:[0.15786767 0.05752923 0.13301013 0.11559652 0.14638393 0.16701065
 0.0979652  0.0467562  0.         0.07788048]

rule26: 500.179 < households < 754.793
probabilities_array:[1.6065121e-01 0.0000000e+00 0.0000000e+00 4.2372188e-04 2.7030522e-02
 5.6393951e-02 1.3685550e-01 8.6392164e-02 8.5951500e-03 5.2365780e-01]


---8---
rule20: population < 667.275
probabilities_array:[0.         0.00147504 0.0045077  0.         0.04161558 0.09368428
 0.05238499 0.27380133 0.43802828 0.09450279]

rule31: median_income > 5.160
probabilities_array:[0.0000000e+00 4.5434292e-03 9.6045500e-03 3.7838418e-02 3.6345154e-02
 8.6345054e-02 2.0126891e-01 2.7773407e-01 3.4616566e-01 1.5480733e-04]

rule15: total_rooms > 4082.373
probabilities_array:[0.         0.09169023 0.00527198 0.         0.         0.00077346
 0.00231266 0.25923193 0.42721194 0.21350777]

rule39: ocean_proximity_NEAR OCEAN = 1.0
probabilities_array:[0.03066457 0.21932086 0.10382691 0.00404284 0.         0.02089822
 0.07794946 0.14891815 0.31333226 0.08104667]

rule14: 2637.387 < total_rooms < 4082.373
probabilities_array:[0.00049153 0.0142333  0.08143423 0.         0.05448949 0.03900602
 0.05980736 0.13811673 0.32315063 0.2892707 ]

rule2: -119.567 < longitude < -118.213
probabilities_array:[0.17112345 0.20831099 0.02528275 0.         0.00166383 0.06692069
 0.05456624 0.04620219 0.27156073 0.15436918]

rule11: housing_median_age > 37.107
probabilities_array:[0.24080087 0.0766108  0.03214176 0.         0.         0.
 0.01431616 0.08367228 0.27382883 0.27862915]

rule4: latitude < 34.189
probabilities_array:[0.         0.18881    0.18724275 0.06236627 0.02589116 0.00183192
 0.01920349 0.15555933 0.21712382 0.1419714 ]

rule32: ocean_proximity_INLAND = 0.0
probabilities_array:[0.         0.0090943  0.02338446 0.04381581 0.12688133 0.21132073
 0.20311254 0.20112413 0.18126668 0.        ]

rule37: ocean_proximity_NEAR BAY = 1.0
probabilities_array:[0.02067569 0.27501163 0.15150504 0.         0.0117296  0.05515398
 0.         0.04678851 0.20523547 0.23390007]

rule35: ocean_proximity_ISLAND = 1.0
probabilities_array:[0.         0.         0.         0.         0.         0.
 0.         0.27940217 0.27366775 0.4469301 ]

rule21: 667.275 < population < 1425.483
probabilities_array:[0.10653477 0.12403497 0.02264849 0.06675009 0.         0.
 0.         0.10084721 0.22503361 0.35415086]

rule27: households > 754.793
probabilities_array:[0.         0.         0.         0.         0.         0.09851348
 0.11879597 0.16030681 0.22731677 0.39506695]

rule0: longitude < -120.922
probabilities_array:[0.02390255 0.         0.01835369 0.00274037 0.05003614 0.0427345
 0.2244075  0.15891738 0.13838841 0.3405195 ]

rule19: total_bedrooms > 815.239
probabilities_array:[0.04242173 0.         0.03003209 0.         0.         0.10493536
 0.09014516 0.168124   0.14710213 0.41723955]

rule1: -120.922 < longitude < -119.567
probabilities_array:[0.19772619 0.18341962 0.17965926 0.05773216 0.         0.
 0.         0.09105637 0.08954366 0.20086272]

rule30: 3.875 < median_income < 5.160
probabilities_array:[0.000526   0.03013463 0.09653095 0.14487329 0.20239276 0.165479
 0.15737568 0.14189549 0.05713568 0.00365651]

rule7: latitude > 37.081
probabilities_array:[0.         0.25086188 0.2578346  0.16025938 0.04949249 0.03157198
 0.02693047 0.00136391 0.05964571 0.1620396 ]

