R2: 0.5277412761389273

MAE: 54265.80460951263

MSE: 6268036447.858338

Accuracy: 0.33235466823253085

F1: 0.3127132214793772

Confusion Matrix: [[578, 80, 39, 19, 9, 6, 0, 3, 1, 5], [206, 272, 103, 56, 19, 13, 3, 9, 11, 5], [91, 196, 123, 117, 59, 18, 19, 8, 14, 7], [44, 142, 90, 165, 141, 43, 25, 38, 16, 12], [24, 93, 43, 107, 182, 92, 57, 28, 23, 13], [17, 62, 30, 64, 136, 115, 104, 45, 42, 43], [20, 53, 19, 39, 92, 89, 130, 118, 75, 72], [8, 35, 9, 22, 46, 53, 89, 165, 108, 119], [9, 26, 4, 16, 24, 57, 35, 135, 127, 217], [12, 8, 7, 8, 11, 25, 16, 61, 121, 407]]

Uncertainties: {'class0': [0.011242898181080818, 0.0141605781391263, 0.016757503151893616, 0.037158794701099396, 0.07399749755859375], 'class1': [0.011242898181080818, 0.0141605781391263, 0.016757503151893616, 0.018000977113842964, 0.037158794701099396], 'class2': [0.0019143399549648166, 0.011242898181080818, 0.0141605781391263, 0.016757503151893616, 0.018000977113842964], 'class3': [0.0019143399549648166, 0.011242898181080818, 0.0141605781391263, 0.016757503151893616, 0.018000977113842964], 'class4': [0.00011690951214404777, 0.0019143399549648166, 0.011242898181080818, 0.0141605781391263, 0.014720281586050987], 'class5': [0.00011690951214404777, 0.0019143399549648166, 0.011242898181080818, 0.0141605781391263, 0.014720281586050987], 'class6': [0.00011690951214404777, 0.0019143399549648166, 0.011242898181080818, 0.0141605781391263, 0.014720281586050987], 'class7': [0.00011690951214404777, 0.0019143399549648166, 0.0141605781391263, 0.014720281586050987, 0.018000977113842964], 'class8': [0.00011690951214404777, 0.0019143399549648166, 0.014720281586050987, 0.07549936324357986, 0.08330073952674866], 'class9': [0.00011690951214404777, 0.0019143399549648166, 0.014720281586050987, 0.08330073952674866, 0.09443590044975281]}

Most important rules
-----------------------------

---0---
rule28: median_income < 2.592
probabilities_array:[0.25397128 0.25726438 0.19133127 0.14100727 0.07727782 0.04425921
 0.01215552 0.00597577 0.         0.         0.0167575 ]

rule12: total_rooms < 1154.053
probabilities_array:[0.24964657 0.15359241 0.10367439 0.21835777 0.11517238 0.04416357
 0.04755572 0.0370649  0.01952934 0.         0.0112429 ]

rule33: ocean_proximity_INLAND = 1.0
probabilities_array:[0.30410016 0.24267745 0.21874078 0.00694042 0.01000709 0.00219953
 0.0074966  0.         0.         0.         0.2078379 ]

rule23: population > 2217.380
probabilities_array:[0.22396387 0.08535484 0.13961232 0.18861979 0.15385872 0.07787088
 0.05293034 0.04690969 0.01465182 0.00206721 0.01416058]

rule22: 1432.047 < population < 2217.380
probabilities_array:[0.23330092 0.13076846 0.11620365 0.19522494 0.09568252 0.04538075
 0.03239108 0.03299335 0.01998032 0.         0.09807406]

rule38: ocean_proximity_NEAR OCEAN = 0.0
probabilities_array:[0.29540122 0.11596539 0.04571115 0.00802773 0.09260628 0.0904145
 0.03899607 0.01987422 0.         0.         0.29300347]

rule36: ocean_proximity_NEAR BAY = 0.0
probabilities_array:[3.0868316e-01 8.7846540e-02 7.4832506e-02 4.8501499e-02 6.1461716e-03
 8.5944189e-03 7.0074789e-02 4.4957206e-02 1.9330373e-04 0.0000000e+00
 3.5017043e-01]

rule13: 1154.053 < total_rooms < 2655.612
probabilities_array:[0.21468763 0.14799185 0.0647909  0.11677134 0.11631545 0.05017003
 0.0715884  0.05425197 0.02534785 0.         0.1380846 ]

rule6: 35.623 < latitude < 37.066
probabilities_array:[0.35045087 0.07683692 0.         0.         0.         0.
 0.03070264 0.         0.         0.         0.5420096 ]

rule1: -120.921 < longitude < -119.566
probabilities_array:[0.19218668 0.1864671  0.18712097 0.10585065 0.         0.
 0.         0.         0.03608154 0.10518506 0.18710802]

rule2: -119.566 < longitude < -118.211
probabilities_array:[0.1676326  0.17293231 0.05408252 0.         0.01156005 0.02065779
 0.09231322 0.01877797 0.10820535 0.21777923 0.13605893]

rule10: 28.617 < housing_median_age < 37.141
probabilities_array:[0.2175921  0.10400984 0.01151514 0.02597219 0.11776631 0.1429364
 0.01493362 0.00181094 0.         0.02298183 0.34048164]

rule11: housing_median_age > 37.141
probabilities_array:[0.17622414 0.09445004 0.07521754 0.         0.         0.
 0.00224632 0.03349999 0.13723621 0.25363514 0.22749066]

rule17: 251.826 < total_bedrooms < 540.669
probabilities_array:[0.1916769  0.08665878 0.11925456 0.14190517 0.05390397 0.00116386
 0.01037565 0.00118579 0.         0.         0.39387518]

rule5: 34.179 < latitude < 35.623
probabilities_array:[0.11880034 0.06301098 0.08920792 0.1251543  0.12567422 0.15789302
 0.13180457 0.09017956 0.02427765 0.         0.0739975 ]

rule21: 646.714 < population < 1432.047
probabilities_array:[0.14744534 0.13390751 0.00945085 0.07162956 0.00672026 0.
 0.         0.00710273 0.1315818  0.1984673  0.29369473]

rule25: 239.856 < households < 503.152
probabilities_array:[0.17804933 0.10252393 0.11297987 0.06309659 0.02898473 0.02710069
 0.         0.00738752 0.03979193 0.         0.44008538]

rule24: households < 239.856
probabilities_array:[0.14204995 0.14767894 0.13177982 0.03840384 0.00810033 0.
 0.01318551 0.         0.         0.06612392 0.4526776 ]

rule16: total_bedrooms < 251.826
probabilities_array:[1.4199691e-01 6.6002704e-02 2.6024094e-02 0.0000000e+00 6.8057679e-02
 3.7749086e-02 2.2931540e-02 6.0435603e-03 1.5675176e-04 1.0222934e-01
 5.2880841e-01]

rule34: ocean_proximity_ISLAND = 0.0
probabilities_array:[0.16369353 0.11872029 0.03713062 0.02679896 0.00152695 0.
 0.0007119  0.03725088 0.         0.         0.6141669 ]

rule3: longitude > -118.211
probabilities_array:[0.05007095 0.0685567  0.12196228 0.22234757 0.19430082 0.1202963
 0.14140911 0.03674091 0.00715652 0.         0.03715879]


---1---
rule28: median_income < 2.592
probabilities_array:[0.25397128 0.25726438 0.19133127 0.14100727 0.07727782 0.04425921
 0.01215552 0.00597577 0.         0.         0.0167575 ]

rule37: ocean_proximity_NEAR BAY = 1.0
probabilities_array:[6.5295212e-03 2.8553405e-01 1.3113306e-01 0.0000000e+00 0.0000000e+00
 8.3972868e-03 0.0000000e+00 5.0227063e-05 9.2370540e-02 2.4136834e-01
 2.3461699e-01]

rule33: ocean_proximity_INLAND = 1.0
probabilities_array:[0.30410016 0.24267745 0.21874078 0.00694042 0.01000709 0.00219953
 0.0074966  0.         0.         0.         0.2078379 ]

rule39: ocean_proximity_NEAR OCEAN = 1.0
probabilities_array:[0.04118025 0.19502716 0.0990857  0.02186068 0.         0.
 0.02363718 0.10204996 0.12661183 0.30724663 0.08330074]

rule12: total_rooms < 1154.053
probabilities_array:[0.24964657 0.15359241 0.10367439 0.21835777 0.11517238 0.04416357
 0.04755572 0.0370649  0.01952934 0.         0.0112429 ]

rule1: -120.921 < longitude < -119.566
probabilities_array:[0.19218668 0.1864671  0.18712097 0.10585065 0.         0.
 0.         0.         0.03608154 0.10518506 0.18710802]

rule2: -119.566 < longitude < -118.211
probabilities_array:[0.1676326  0.17293231 0.05408252 0.         0.01156005 0.02065779
 0.09231322 0.01877797 0.10820535 0.21777923 0.13605893]

rule7: latitude > 37.066
probabilities_array:[0.         0.16050039 0.24971935 0.21673752 0.09871017 0.03646645
 0.01758279 0.0280642  0.03141725 0.04526226 0.11553956]

rule13: 1154.053 < total_rooms < 2655.612
probabilities_array:[0.21468763 0.14799185 0.0647909  0.11677134 0.11631545 0.05017003
 0.0715884  0.05425197 0.02534785 0.         0.1380846 ]

rule22: 1432.047 < population < 2217.380
probabilities_array:[0.23330092 0.13076846 0.11620365 0.19522494 0.09568252 0.04538075
 0.03239108 0.03299335 0.01998032 0.         0.09807406]

rule29: 2.592 < median_income < 3.881
probabilities_array:[0.01958168 0.11641429 0.17874733 0.1820864  0.18098478 0.12157679
 0.06918345 0.07647982 0.03694448 0.         0.01800098]

rule4: latitude < 34.179
probabilities_array:[0.00759083 0.11454596 0.15390186 0.07269389 0.03438429 0.03672484
 0.01858026 0.083657   0.15430534 0.22917978 0.0944359 ]

rule21: 646.714 < population < 1432.047
probabilities_array:[0.14744534 0.13390751 0.00945085 0.07162956 0.00672026 0.
 0.         0.00710273 0.1315818  0.1984673  0.29369473]

rule8: housing_median_age < 20.093
probabilities_array:[0.04020578 0.09727842 0.15002158 0.12907729 0.14295727 0.12702304
 0.07172304 0.08572263 0.08049169 0.         0.07549936]

rule23: population > 2217.380
probabilities_array:[0.22396387 0.08535484 0.13961232 0.18861979 0.15385872 0.07787088
 0.05293034 0.04690969 0.01465182 0.00206721 0.01416058]

rule38: ocean_proximity_NEAR OCEAN = 0.0
probabilities_array:[0.29540122 0.11596539 0.04571115 0.00802773 0.09260628 0.0904145
 0.03899607 0.01987422 0.         0.         0.29300347]

rule24: households < 239.856
probabilities_array:[0.14204995 0.14767894 0.13177982 0.03840384 0.00810033 0.
 0.01318551 0.         0.         0.06612392 0.4526776 ]

rule9: 20.093 < housing_median_age < 28.617
probabilities_array:[0.01465212 0.10187209 0.05973067 0.04052045 0.01152463 0.112896
 0.1682167  0.10348614 0.12278643 0.         0.26431474]

rule11: housing_median_age > 37.141
probabilities_array:[0.17622414 0.09445004 0.07521754 0.         0.         0.
 0.00224632 0.03349999 0.13723621 0.25363514 0.22749066]

rule10: 28.617 < housing_median_age < 37.141
probabilities_array:[0.2175921  0.10400984 0.01151514 0.02597219 0.11776631 0.1429364
 0.01493362 0.00181094 0.         0.02298183 0.34048164]

rule3: longitude > -118.211
probabilities_array:[0.05007095 0.0685567  0.12196228 0.22234757 0.19430082 0.1202963
 0.14140911 0.03674091 0.00715652 0.         0.03715879]

rule27: households > 766.449
probabilities_array:[0.00972961 0.07540033 0.         0.01708221 0.         0.00090245
 0.15039496 0.0965734  0.21600677 0.27520365 0.15870652]

rule5: 34.179 < latitude < 35.623
probabilities_array:[0.11880034 0.06301098 0.08920792 0.1251543  0.12567422 0.15789302
 0.13180457 0.09017956 0.02427765 0.         0.0739975 ]

rule25: 239.856 < households < 503.152
probabilities_array:[0.17804933 0.10252393 0.11297987 0.06309659 0.02898473 0.02710069
 0.         0.00738752 0.03979193 0.         0.44008538]

rule36: ocean_proximity_NEAR BAY = 0.0
probabilities_array:[3.0868316e-01 8.7846540e-02 7.4832506e-02 4.8501499e-02 6.1461716e-03
 8.5944189e-03 7.0074789e-02 4.4957206e-02 1.9330373e-04 0.0000000e+00
 3.5017043e-01]

rule17: 251.826 < total_bedrooms < 540.669
probabilities_array:[0.1916769  0.08665878 0.11925456 0.14190517 0.05390397 0.00116386
 0.01037565 0.00118579 0.         0.         0.39387518]

rule18: 540.669 < total_bedrooms < 829.513
probabilities_array:[0.04336848 0.12395097 0.         0.02942135 0.         0.
 0.00704854 0.03877492 0.11444408 0.04976479 0.5932268 ]

rule34: ocean_proximity_ISLAND = 0.0
probabilities_array:[0.16369353 0.11872029 0.03713062 0.02679896 0.00152695 0.
 0.0007119  0.03725088 0.         0.         0.6141669 ]


---2---
rule7: latitude > 37.066
probabilities_array:[0.         0.16050039 0.24971935 0.21673752 0.09871017 0.03646645
 0.01758279 0.0280642  0.03141725 0.04526226 0.11553956]

rule28: median_income < 2.592
probabilities_array:[0.25397128 0.25726438 0.19133127 0.14100727 0.07727782 0.04425921
 0.01215552 0.00597577 0.         0.         0.0167575 ]

rule29: 2.592 < median_income < 3.881
probabilities_array:[0.01958168 0.11641429 0.17874733 0.1820864  0.18098478 0.12157679
 0.06918345 0.07647982 0.03694448 0.         0.01800098]

rule33: ocean_proximity_INLAND = 1.0
probabilities_array:[0.30410016 0.24267745 0.21874078 0.00694042 0.01000709 0.00219953
 0.0074966  0.         0.         0.         0.2078379 ]

rule1: -120.921 < longitude < -119.566
probabilities_array:[0.19218668 0.1864671  0.18712097 0.10585065 0.         0.
 0.         0.         0.03608154 0.10518506 0.18710802]

rule4: latitude < 34.179
probabilities_array:[0.00759083 0.11454596 0.15390186 0.07269389 0.03438429 0.03672484
 0.01858026 0.083657   0.15430534 0.22917978 0.0944359 ]

rule8: housing_median_age < 20.093
probabilities_array:[0.04020578 0.09727842 0.15002158 0.12907729 0.14295727 0.12702304
 0.07172304 0.08572263 0.08049169 0.         0.07549936]

rule23: population > 2217.380
probabilities_array:[0.22396387 0.08535484 0.13961232 0.18861979 0.15385872 0.07787088
 0.05293034 0.04690969 0.01465182 0.00206721 0.01416058]

rule3: longitude > -118.211
probabilities_array:[0.05007095 0.0685567  0.12196228 0.22234757 0.19430082 0.1202963
 0.14140911 0.03674091 0.00715652 0.         0.03715879]

rule22: 1432.047 < population < 2217.380
probabilities_array:[0.23330092 0.13076846 0.11620365 0.19522494 0.09568252 0.04538075
 0.03239108 0.03299335 0.01998032 0.         0.09807406]

rule12: total_rooms < 1154.053
probabilities_array:[0.24964657 0.15359241 0.10367439 0.21835777 0.11517238 0.04416357
 0.04755572 0.0370649  0.01952934 0.         0.0112429 ]

rule37: ocean_proximity_NEAR BAY = 1.0
probabilities_array:[6.5295212e-03 2.8553405e-01 1.3113306e-01 0.0000000e+00 0.0000000e+00
 8.3972868e-03 0.0000000e+00 5.0227063e-05 9.2370540e-02 2.4136834e-01
 2.3461699e-01]

rule39: ocean_proximity_NEAR OCEAN = 1.0
probabilities_array:[0.04118025 0.19502716 0.0990857  0.02186068 0.         0.
 0.02363718 0.10204996 0.12661183 0.30724663 0.08330074]

rule5: 34.179 < latitude < 35.623
probabilities_array:[0.11880034 0.06301098 0.08920792 0.1251543  0.12567422 0.15789302
 0.13180457 0.09017956 0.02427765 0.         0.0739975 ]

rule17: 251.826 < total_bedrooms < 540.669
probabilities_array:[0.1916769  0.08665878 0.11925456 0.14190517 0.05390397 0.00116386
 0.01037565 0.00118579 0.         0.         0.39387518]

rule24: households < 239.856
probabilities_array:[0.14204995 0.14767894 0.13177982 0.03840384 0.00810033 0.
 0.01318551 0.         0.         0.06612392 0.4526776 ]

rule25: 239.856 < households < 503.152
probabilities_array:[0.17804933 0.10252393 0.11297987 0.06309659 0.02898473 0.02710069
 0.         0.00738752 0.03979193 0.         0.44008538]

rule11: housing_median_age > 37.141
probabilities_array:[0.17622414 0.09445004 0.07521754 0.         0.         0.
 0.00224632 0.03349999 0.13723621 0.25363514 0.22749066]

rule13: 1154.053 < total_rooms < 2655.612
probabilities_array:[0.21468763 0.14799185 0.0647909  0.11677134 0.11631545 0.05017003
 0.0715884  0.05425197 0.02534785 0.         0.1380846 ]

rule30: 3.881 < median_income < 5.171
probabilities_array:[0.0008849  0.02526054 0.05584367 0.10991014 0.16570857 0.17611103
 0.14445646 0.1530277  0.12312067 0.04376196 0.00191434]

rule36: ocean_proximity_NEAR BAY = 0.0
probabilities_array:[3.0868316e-01 8.7846540e-02 7.4832506e-02 4.8501499e-02 6.1461716e-03
 8.5944189e-03 7.0074789e-02 4.4957206e-02 1.9330373e-04 0.0000000e+00
 3.5017043e-01]

rule2: -119.566 < longitude < -118.211
probabilities_array:[0.1676326  0.17293231 0.05408252 0.         0.01156005 0.02065779
 0.09231322 0.01877797 0.10820535 0.21777923 0.13605893]

rule9: 20.093 < housing_median_age < 28.617
probabilities_array:[0.01465212 0.10187209 0.05973067 0.04052045 0.01152463 0.112896
 0.1682167  0.10348614 0.12278643 0.         0.26431474]


---3---
rule12: total_rooms < 1154.053
probabilities_array:[0.24964657 0.15359241 0.10367439 0.21835777 0.11517238 0.04416357
 0.04755572 0.0370649  0.01952934 0.         0.0112429 ]

rule3: longitude > -118.211
probabilities_array:[0.05007095 0.0685567  0.12196228 0.22234757 0.19430082 0.1202963
 0.14140911 0.03674091 0.00715652 0.         0.03715879]

rule7: latitude > 37.066
probabilities_array:[0.         0.16050039 0.24971935 0.21673752 0.09871017 0.03646645
 0.01758279 0.0280642  0.03141725 0.04526226 0.11553956]

rule23: population > 2217.380
probabilities_array:[0.22396387 0.08535484 0.13961232 0.18861979 0.15385872 0.07787088
 0.05293034 0.04690969 0.01465182 0.00206721 0.01416058]

rule29: 2.592 < median_income < 3.881
probabilities_array:[0.01958168 0.11641429 0.17874733 0.1820864  0.18098478 0.12157679
 0.06918345 0.07647982 0.03694448 0.         0.01800098]

rule22: 1432.047 < population < 2217.380
probabilities_array:[0.23330092 0.13076846 0.11620365 0.19522494 0.09568252 0.04538075
 0.03239108 0.03299335 0.01998032 0.         0.09807406]

rule28: median_income < 2.592
probabilities_array:[0.25397128 0.25726438 0.19133127 0.14100727 0.07727782 0.04425921
 0.01215552 0.00597577 0.         0.         0.0167575 ]

rule8: housing_median_age < 20.093
probabilities_array:[0.04020578 0.09727842 0.15002158 0.12907729 0.14295727 0.12702304
 0.07172304 0.08572263 0.08049169 0.         0.07549936]

rule5: 34.179 < latitude < 35.623
probabilities_array:[0.11880034 0.06301098 0.08920792 0.1251543  0.12567422 0.15789302
 0.13180457 0.09017956 0.02427765 0.         0.0739975 ]

rule30: 3.881 < median_income < 5.171
probabilities_array:[0.0008849  0.02526054 0.05584367 0.10991014 0.16570857 0.17611103
 0.14445646 0.1530277  0.12312067 0.04376196 0.00191434]

rule13: 1154.053 < total_rooms < 2655.612
probabilities_array:[0.21468763 0.14799185 0.0647909  0.11677134 0.11631545 0.05017003
 0.0715884  0.05425197 0.02534785 0.         0.1380846 ]

rule1: -120.921 < longitude < -119.566
probabilities_array:[0.19218668 0.1864671  0.18712097 0.10585065 0.         0.
 0.         0.         0.03608154 0.10518506 0.18710802]

rule17: 251.826 < total_bedrooms < 540.669
probabilities_array:[0.1916769  0.08665878 0.11925456 0.14190517 0.05390397 0.00116386
 0.01037565 0.00118579 0.         0.         0.39387518]

rule4: latitude < 34.179
probabilities_array:[0.00759083 0.11454596 0.15390186 0.07269389 0.03438429 0.03672484
 0.01858026 0.083657   0.15430534 0.22917978 0.0944359 ]

rule21: 646.714 < population < 1432.047
probabilities_array:[0.14744534 0.13390751 0.00945085 0.07162956 0.00672026 0.
 0.         0.00710273 0.1315818  0.1984673  0.29369473]

rule19: total_bedrooms > 829.513
probabilities_array:[0.03922697 0.01737047 0.         0.05610335 0.         0.11715867
 0.04253306 0.11437611 0.10665981 0.25363004 0.25294158]


---4---
rule3: longitude > -118.211
probabilities_array:[0.05007095 0.0685567  0.12196228 0.22234757 0.19430082 0.1202963
 0.14140911 0.03674091 0.00715652 0.         0.03715879]

rule29: 2.592 < median_income < 3.881
probabilities_array:[0.01958168 0.11641429 0.17874733 0.1820864  0.18098478 0.12157679
 0.06918345 0.07647982 0.03694448 0.         0.01800098]

rule30: 3.881 < median_income < 5.171
probabilities_array:[0.0008849  0.02526054 0.05584367 0.10991014 0.16570857 0.17611103
 0.14445646 0.1530277  0.12312067 0.04376196 0.00191434]

rule23: population > 2217.380
probabilities_array:[0.22396387 0.08535484 0.13961232 0.18861979 0.15385872 0.07787088
 0.05293034 0.04690969 0.01465182 0.00206721 0.01416058]

rule8: housing_median_age < 20.093
probabilities_array:[0.04020578 0.09727842 0.15002158 0.12907729 0.14295727 0.12702304
 0.07172304 0.08572263 0.08049169 0.         0.07549936]

rule5: 34.179 < latitude < 35.623
probabilities_array:[0.11880034 0.06301098 0.08920792 0.1251543  0.12567422 0.15789302
 0.13180457 0.09017956 0.02427765 0.         0.0739975 ]

rule12: total_rooms < 1154.053
probabilities_array:[0.24964657 0.15359241 0.10367439 0.21835777 0.11517238 0.04416357
 0.04755572 0.0370649  0.01952934 0.         0.0112429 ]

rule13: 1154.053 < total_rooms < 2655.612
probabilities_array:[0.21468763 0.14799185 0.0647909  0.11677134 0.11631545 0.05017003
 0.0715884  0.05425197 0.02534785 0.         0.1380846 ]

rule7: latitude > 37.066
probabilities_array:[0.         0.16050039 0.24971935 0.21673752 0.09871017 0.03646645
 0.01758279 0.0280642  0.03141725 0.04526226 0.11553956]

rule22: 1432.047 < population < 2217.380
probabilities_array:[0.23330092 0.13076846 0.11620365 0.19522494 0.09568252 0.04538075
 0.03239108 0.03299335 0.01998032 0.         0.09807406]

rule10: 28.617 < housing_median_age < 37.141
probabilities_array:[0.2175921  0.10400984 0.01151514 0.02597219 0.11776631 0.1429364
 0.01493362 0.00181094 0.         0.02298183 0.34048164]

rule28: median_income < 2.592
probabilities_array:[0.25397128 0.25726438 0.19133127 0.14100727 0.07727782 0.04425921
 0.01215552 0.00597577 0.         0.         0.0167575 ]

rule32: ocean_proximity_INLAND = 0.0
probabilities_array:[1.8128182e-04 7.5524482e-03 1.8804889e-02 2.8727883e-02 7.3788635e-02
 1.5140522e-01 1.8818647e-01 1.8651007e-01 1.8082236e-01 1.6390380e-01
 1.1690951e-04]

rule38: ocean_proximity_NEAR OCEAN = 0.0
probabilities_array:[0.29540122 0.11596539 0.04571115 0.00802773 0.09260628 0.0904145
 0.03899607 0.01987422 0.         0.         0.29300347]

rule31: median_income > 5.171
probabilities_array:[0.         0.         0.00449204 0.02085789 0.04172452 0.05257218
 0.08747112 0.20811866 0.2607953  0.309248   0.01472028]


---5---
rule30: 3.881 < median_income < 5.171
probabilities_array:[0.0008849  0.02526054 0.05584367 0.10991014 0.16570857 0.17611103
 0.14445646 0.1530277  0.12312067 0.04376196 0.00191434]

rule32: ocean_proximity_INLAND = 0.0
probabilities_array:[1.8128182e-04 7.5524482e-03 1.8804889e-02 2.8727883e-02 7.3788635e-02
 1.5140522e-01 1.8818647e-01 1.8651007e-01 1.8082236e-01 1.6390380e-01
 1.1690951e-04]

rule5: 34.179 < latitude < 35.623
probabilities_array:[0.11880034 0.06301098 0.08920792 0.1251543  0.12567422 0.15789302
 0.13180457 0.09017956 0.02427765 0.         0.0739975 ]

rule29: 2.592 < median_income < 3.881
probabilities_array:[0.01958168 0.11641429 0.17874733 0.1820864  0.18098478 0.12157679
 0.06918345 0.07647982 0.03694448 0.         0.01800098]

rule8: housing_median_age < 20.093
probabilities_array:[0.04020578 0.09727842 0.15002158 0.12907729 0.14295727 0.12702304
 0.07172304 0.08572263 0.08049169 0.         0.07549936]

rule3: longitude > -118.211
probabilities_array:[0.05007095 0.0685567  0.12196228 0.22234757 0.19430082 0.1202963
 0.14140911 0.03674091 0.00715652 0.         0.03715879]

rule10: 28.617 < housing_median_age < 37.141
probabilities_array:[0.2175921  0.10400984 0.01151514 0.02597219 0.11776631 0.1429364
 0.01493362 0.00181094 0.         0.02298183 0.34048164]

rule20: population < 646.714
probabilities_array:[0.         0.00738492 0.00091501 0.         0.00043022 0.09885649
 0.05521257 0.0818075  0.22439751 0.42040768 0.11058804]

rule19: total_bedrooms > 829.513
probabilities_array:[0.03922697 0.01737047 0.         0.05610335 0.         0.11715867
 0.04253306 0.11437611 0.10665981 0.25363004 0.25294158]

rule9: 20.093 < housing_median_age < 28.617
probabilities_array:[0.01465212 0.10187209 0.05973067 0.04052045 0.01152463 0.112896
 0.1682167  0.10348614 0.12278643 0.         0.26431474]

rule23: population > 2217.380
probabilities_array:[0.22396387 0.08535484 0.13961232 0.18861979 0.15385872 0.07787088
 0.05293034 0.04690969 0.01465182 0.00206721 0.01416058]

rule0: longitude < -120.921
probabilities_array:[0.01324615 0.         0.         0.04407181 0.0462237  0.08477855
 0.21654285 0.18649986 0.12069371 0.11265405 0.17528926]

rule38: ocean_proximity_NEAR OCEAN = 0.0
probabilities_array:[0.29540122 0.11596539 0.04571115 0.00802773 0.09260628 0.0904145
 0.03899607 0.01987422 0.         0.         0.29300347]

rule31: median_income > 5.171
probabilities_array:[0.         0.         0.00449204 0.02085789 0.04172452 0.05257218
 0.08747112 0.20811866 0.2607953  0.309248   0.01472028]

rule12: total_rooms < 1154.053
probabilities_array:[0.24964657 0.15359241 0.10367439 0.21835777 0.11517238 0.04416357
 0.04755572 0.0370649  0.01952934 0.         0.0112429 ]

rule28: median_income < 2.592
probabilities_array:[0.25397128 0.25726438 0.19133127 0.14100727 0.07727782 0.04425921
 0.01215552 0.00597577 0.         0.         0.0167575 ]

rule13: 1154.053 < total_rooms < 2655.612
probabilities_array:[0.21468763 0.14799185 0.0647909  0.11677134 0.11631545 0.05017003
 0.0715884  0.05425197 0.02534785 0.         0.1380846 ]

rule22: 1432.047 < population < 2217.380
probabilities_array:[0.23330092 0.13076846 0.11620365 0.19522494 0.09568252 0.04538075
 0.03239108 0.03299335 0.01998032 0.         0.09807406]


---6---
rule32: ocean_proximity_INLAND = 0.0
probabilities_array:[1.8128182e-04 7.5524482e-03 1.8804889e-02 2.8727883e-02 7.3788635e-02
 1.5140522e-01 1.8818647e-01 1.8651007e-01 1.8082236e-01 1.6390380e-01
 1.1690951e-04]

rule0: longitude < -120.921
probabilities_array:[0.01324615 0.         0.         0.04407181 0.0462237  0.08477855
 0.21654285 0.18649986 0.12069371 0.11265405 0.17528926]

rule30: 3.881 < median_income < 5.171
probabilities_array:[0.0008849  0.02526054 0.05584367 0.10991014 0.16570857 0.17611103
 0.14445646 0.1530277  0.12312067 0.04376196 0.00191434]

rule3: longitude > -118.211
probabilities_array:[0.05007095 0.0685567  0.12196228 0.22234757 0.19430082 0.1202963
 0.14140911 0.03674091 0.00715652 0.         0.03715879]

rule27: households > 766.449
probabilities_array:[0.00972961 0.07540033 0.         0.01708221 0.         0.00090245
 0.15039496 0.0965734  0.21600677 0.27520365 0.15870652]

rule9: 20.093 < housing_median_age < 28.617
probabilities_array:[0.01465212 0.10187209 0.05973067 0.04052045 0.01152463 0.112896
 0.1682167  0.10348614 0.12278643 0.         0.26431474]

rule5: 34.179 < latitude < 35.623
probabilities_array:[0.11880034 0.06301098 0.08920792 0.1251543  0.12567422 0.15789302
 0.13180457 0.09017956 0.02427765 0.         0.0739975 ]

rule31: median_income > 5.171
probabilities_array:[0.         0.         0.00449204 0.02085789 0.04172452 0.05257218
 0.08747112 0.20811866 0.2607953  0.309248   0.01472028]

rule2: -119.566 < longitude < -118.211
probabilities_array:[0.1676326  0.17293231 0.05408252 0.         0.01156005 0.02065779
 0.09231322 0.01877797 0.10820535 0.21777923 0.13605893]

rule29: 2.592 < median_income < 3.881
probabilities_array:[0.01958168 0.11641429 0.17874733 0.1820864  0.18098478 0.12157679
 0.06918345 0.07647982 0.03694448 0.         0.01800098]

rule8: housing_median_age < 20.093
probabilities_array:[0.04020578 0.09727842 0.15002158 0.12907729 0.14295727 0.12702304
 0.07172304 0.08572263 0.08049169 0.         0.07549936]

rule14: 2655.612 < total_rooms < 4157.171
probabilities_array:[0.         0.02504869 0.04940226 0.         0.01722369 0.
 0.09648867 0.07349081 0.14125223 0.26198208 0.3351116 ]

rule13: 1154.053 < total_rooms < 2655.612
probabilities_array:[0.21468763 0.14799185 0.0647909  0.11677134 0.11631545 0.05017003
 0.0715884  0.05425197 0.02534785 0.         0.1380846 ]

rule23: population > 2217.380
probabilities_array:[0.22396387 0.08535484 0.13961232 0.18861979 0.15385872 0.07787088
 0.05293034 0.04690969 0.01465182 0.00206721 0.01416058]

rule20: population < 646.714
probabilities_array:[0.         0.00738492 0.00091501 0.         0.00043022 0.09885649
 0.05521257 0.0818075  0.22439751 0.42040768 0.11058804]

rule12: total_rooms < 1154.053
probabilities_array:[0.24964657 0.15359241 0.10367439 0.21835777 0.11517238 0.04416357
 0.04755572 0.0370649  0.01952934 0.         0.0112429 ]

rule36: ocean_proximity_NEAR BAY = 0.0
probabilities_array:[3.0868316e-01 8.7846540e-02 7.4832506e-02 4.8501499e-02 6.1461716e-03
 8.5944189e-03 7.0074789e-02 4.4957206e-02 1.9330373e-04 0.0000000e+00
 3.5017043e-01]

rule26: 503.152 < households < 766.449
probabilities_array:[0.07548059 0.         0.00238113 0.         0.01833261 0.07942916
 0.08321731 0.06786659 0.01081276 0.1657305  0.49674937]


---7---
rule31: median_income > 5.171
probabilities_array:[0.         0.         0.00449204 0.02085789 0.04172452 0.05257218
 0.08747112 0.20811866 0.2607953  0.309248   0.01472028]

rule32: ocean_proximity_INLAND = 0.0
probabilities_array:[1.8128182e-04 7.5524482e-03 1.8804889e-02 2.8727883e-02 7.3788635e-02
 1.5140522e-01 1.8818647e-01 1.8651007e-01 1.8082236e-01 1.6390380e-01
 1.1690951e-04]

rule0: longitude < -120.921
probabilities_array:[0.01324615 0.         0.         0.04407181 0.0462237  0.08477855
 0.21654285 0.18649986 0.12069371 0.11265405 0.17528926]

rule30: 3.881 < median_income < 5.171
probabilities_array:[0.0008849  0.02526054 0.05584367 0.10991014 0.16570857 0.17611103
 0.14445646 0.1530277  0.12312067 0.04376196 0.00191434]

rule39: ocean_proximity_NEAR OCEAN = 1.0
probabilities_array:[0.04118025 0.19502716 0.0990857  0.02186068 0.         0.
 0.02363718 0.10204996 0.12661183 0.30724663 0.08330074]

rule19: total_bedrooms > 829.513
probabilities_array:[0.03922697 0.01737047 0.         0.05610335 0.         0.11715867
 0.04253306 0.11437611 0.10665981 0.25363004 0.25294158]

rule5: 34.179 < latitude < 35.623
probabilities_array:[0.11880034 0.06301098 0.08920792 0.1251543  0.12567422 0.15789302
 0.13180457 0.09017956 0.02427765 0.         0.0739975 ]

rule27: households > 766.449
probabilities_array:[0.00972961 0.07540033 0.         0.01708221 0.         0.00090245
 0.15039496 0.0965734  0.21600677 0.27520365 0.15870652]

rule8: housing_median_age < 20.093
probabilities_array:[0.04020578 0.09727842 0.15002158 0.12907729 0.14295727 0.12702304
 0.07172304 0.08572263 0.08049169 0.         0.07549936]

rule9: 20.093 < housing_median_age < 28.617
probabilities_array:[0.01465212 0.10187209 0.05973067 0.04052045 0.01152463 0.112896
 0.1682167  0.10348614 0.12278643 0.         0.26431474]

rule4: latitude < 34.179
probabilities_array:[0.00759083 0.11454596 0.15390186 0.07269389 0.03438429 0.03672484
 0.01858026 0.083657   0.15430534 0.22917978 0.0944359 ]

rule29: 2.592 < median_income < 3.881
probabilities_array:[0.01958168 0.11641429 0.17874733 0.1820864  0.18098478 0.12157679
 0.06918345 0.07647982 0.03694448 0.         0.01800098]

rule20: population < 646.714
probabilities_array:[0.         0.00738492 0.00091501 0.         0.00043022 0.09885649
 0.05521257 0.0818075  0.22439751 0.42040768 0.11058804]

rule14: 2655.612 < total_rooms < 4157.171
probabilities_array:[0.         0.02504869 0.04940226 0.         0.01722369 0.
 0.09648867 0.07349081 0.14125223 0.26198208 0.3351116 ]

rule13: 1154.053 < total_rooms < 2655.612
probabilities_array:[0.21468763 0.14799185 0.0647909  0.11677134 0.11631545 0.05017003
 0.0715884  0.05425197 0.02534785 0.         0.1380846 ]

rule23: population > 2217.380
probabilities_array:[0.22396387 0.08535484 0.13961232 0.18861979 0.15385872 0.07787088
 0.05293034 0.04690969 0.01465182 0.00206721 0.01416058]


---8---
rule31: median_income > 5.171
probabilities_array:[0.         0.         0.00449204 0.02085789 0.04172452 0.05257218
 0.08747112 0.20811866 0.2607953  0.309248   0.01472028]

rule20: population < 646.714
probabilities_array:[0.         0.00738492 0.00091501 0.         0.00043022 0.09885649
 0.05521257 0.0818075  0.22439751 0.42040768 0.11058804]

rule27: households > 766.449
probabilities_array:[0.00972961 0.07540033 0.         0.01708221 0.         0.00090245
 0.15039496 0.0965734  0.21600677 0.27520365 0.15870652]

rule32: ocean_proximity_INLAND = 0.0
probabilities_array:[1.8128182e-04 7.5524482e-03 1.8804889e-02 2.8727883e-02 7.3788635e-02
 1.5140522e-01 1.8818647e-01 1.8651007e-01 1.8082236e-01 1.6390380e-01
 1.1690951e-04]

rule15: total_rooms > 4157.171
probabilities_array:[0.         0.04603628 0.04524993 0.         0.         0.
 0.         0.03014475 0.19542864 0.44768676 0.23545359]

rule4: latitude < 34.179
probabilities_array:[0.00759083 0.11454596 0.15390186 0.07269389 0.03438429 0.03672484
 0.01858026 0.083657   0.15430534 0.22917978 0.0944359 ]

rule30: 3.881 < median_income < 5.171
probabilities_array:[0.0008849  0.02526054 0.05584367 0.10991014 0.16570857 0.17611103
 0.14445646 0.1530277  0.12312067 0.04376196 0.00191434]

rule39: ocean_proximity_NEAR OCEAN = 1.0
probabilities_array:[0.04118025 0.19502716 0.0990857  0.02186068 0.         0.
 0.02363718 0.10204996 0.12661183 0.30724663 0.08330074]

rule11: housing_median_age > 37.141
probabilities_array:[0.17622414 0.09445004 0.07521754 0.         0.         0.
 0.00224632 0.03349999 0.13723621 0.25363514 0.22749066]

rule0: longitude < -120.921
probabilities_array:[0.01324615 0.         0.         0.04407181 0.0462237  0.08477855
 0.21654285 0.18649986 0.12069371 0.11265405 0.17528926]

rule14: 2655.612 < total_rooms < 4157.171
probabilities_array:[0.         0.02504869 0.04940226 0.         0.01722369 0.
 0.09648867 0.07349081 0.14125223 0.26198208 0.3351116 ]

rule2: -119.566 < longitude < -118.211
probabilities_array:[0.1676326  0.17293231 0.05408252 0.         0.01156005 0.02065779
 0.09231322 0.01877797 0.10820535 0.21777923 0.13605893]

rule21: 646.714 < population < 1432.047
probabilities_array:[0.14744534 0.13390751 0.00945085 0.07162956 0.00672026 0.
 0.         0.00710273 0.1315818  0.1984673  0.29369473]

rule9: 20.093 < housing_median_age < 28.617
probabilities_array:[0.01465212 0.10187209 0.05973067 0.04052045 0.01152463 0.112896
 0.1682167  0.10348614 0.12278643 0.         0.26431474]

rule19: total_bedrooms > 829.513
probabilities_array:[0.03922697 0.01737047 0.         0.05610335 0.         0.11715867
 0.04253306 0.11437611 0.10665981 0.25363004 0.25294158]

rule8: housing_median_age < 20.093
probabilities_array:[0.04020578 0.09727842 0.15002158 0.12907729 0.14295727 0.12702304
 0.07172304 0.08572263 0.08049169 0.         0.07549936]

rule37: ocean_proximity_NEAR BAY = 1.0
probabilities_array:[6.5295212e-03 2.8553405e-01 1.3113306e-01 0.0000000e+00 0.0000000e+00
 8.3972868e-03 0.0000000e+00 5.0227063e-05 9.2370540e-02 2.4136834e-01
 2.3461699e-01]

rule18: 540.669 < total_bedrooms < 829.513
probabilities_array:[0.04336848 0.12395097 0.         0.02942135 0.         0.
 0.00704854 0.03877492 0.11444408 0.04976479 0.5932268 ]


---9---
rule20: population < 646.714
probabilities_array:[0.         0.00738492 0.00091501 0.         0.00043022 0.09885649
 0.05521257 0.0818075  0.22439751 0.42040768 0.11058804]

rule15: total_rooms > 4157.171
probabilities_array:[0.         0.04603628 0.04524993 0.         0.         0.
 0.         0.03014475 0.19542864 0.44768676 0.23545359]

rule31: median_income > 5.171
probabilities_array:[0.         0.         0.00449204 0.02085789 0.04172452 0.05257218
 0.08747112 0.20811866 0.2607953  0.309248   0.01472028]

rule39: ocean_proximity_NEAR OCEAN = 1.0
probabilities_array:[0.04118025 0.19502716 0.0990857  0.02186068 0.         0.
 0.02363718 0.10204996 0.12661183 0.30724663 0.08330074]

rule35: ocean_proximity_ISLAND = 1.0
probabilities_array:[0.         0.         0.         0.         0.         0.
 0.         0.         0.         0.4939216  0.50607836]

rule27: households > 766.449
probabilities_array:[0.00972961 0.07540033 0.         0.01708221 0.         0.00090245
 0.15039496 0.0965734  0.21600677 0.27520365 0.15870652]

rule4: latitude < 34.179
probabilities_array:[0.00759083 0.11454596 0.15390186 0.07269389 0.03438429 0.03672484
 0.01858026 0.083657   0.15430534 0.22917978 0.0944359 ]

rule11: housing_median_age > 37.141
probabilities_array:[0.17622414 0.09445004 0.07521754 0.         0.         0.
 0.00224632 0.03349999 0.13723621 0.25363514 0.22749066]

rule19: total_bedrooms > 829.513
probabilities_array:[0.03922697 0.01737047 0.         0.05610335 0.         0.11715867
 0.04253306 0.11437611 0.10665981 0.25363004 0.25294158]

rule2: -119.566 < longitude < -118.211
probabilities_array:[0.1676326  0.17293231 0.05408252 0.         0.01156005 0.02065779
 0.09231322 0.01877797 0.10820535 0.21777923 0.13605893]

rule37: ocean_proximity_NEAR BAY = 1.0
probabilities_array:[6.5295212e-03 2.8553405e-01 1.3113306e-01 0.0000000e+00 0.0000000e+00
 8.3972868e-03 0.0000000e+00 5.0227063e-05 9.2370540e-02 2.4136834e-01
 2.3461699e-01]

rule14: 2655.612 < total_rooms < 4157.171
probabilities_array:[0.         0.02504869 0.04940226 0.         0.01722369 0.
 0.09648867 0.07349081 0.14125223 0.26198208 0.3351116 ]

rule32: ocean_proximity_INLAND = 0.0
probabilities_array:[1.8128182e-04 7.5524482e-03 1.8804889e-02 2.8727883e-02 7.3788635e-02
 1.5140522e-01 1.8818647e-01 1.8651007e-01 1.8082236e-01 1.6390380e-01
 1.1690951e-04]

rule21: 646.714 < population < 1432.047
probabilities_array:[0.14744534 0.13390751 0.00945085 0.07162956 0.00672026 0.
 0.         0.00710273 0.1315818  0.1984673  0.29369473]

rule0: longitude < -120.921
probabilities_array:[0.01324615 0.         0.         0.04407181 0.0462237  0.08477855
 0.21654285 0.18649986 0.12069371 0.11265405 0.17528926]

rule1: -120.921 < longitude < -119.566
probabilities_array:[0.19218668 0.1864671  0.18712097 0.10585065 0.         0.
 0.         0.         0.03608154 0.10518506 0.18710802]

rule26: 503.152 < households < 766.449
probabilities_array:[0.07548059 0.         0.00238113 0.         0.01833261 0.07942916
 0.08321731 0.06786659 0.01081276 0.1657305  0.49674937]

rule16: total_bedrooms < 251.826
probabilities_array:[1.4199691e-01 6.6002704e-02 2.6024094e-02 0.0000000e+00 6.8057679e-02
 3.7749086e-02 2.2931540e-02 6.0435603e-03 1.5675176e-04 1.0222934e-01
 5.2880841e-01]

rule30: 3.881 < median_income < 5.171
probabilities_array:[0.0008849  0.02526054 0.05584367 0.10991014 0.16570857 0.17611103
 0.14445646 0.1530277  0.12312067 0.04376196 0.00191434]

rule7: latitude > 37.066
probabilities_array:[0.         0.16050039 0.24971935 0.21673752 0.09871017 0.03646645
 0.01758279 0.0280642  0.03141725 0.04526226 0.11553956]

