R2: 0.5247784185945311

MAE: 55035.00146799765

MSE: 6289504186.205226

Accuracy: 0.3184086905460951

F1: 0.3023697764842575

Confusion Matrix: [[517, 82, 40, 14, 5, 6, 0, 3, 3, 3], [193, 231, 115, 34, 29, 8, 4, 7, 11, 7], [116, 180, 163, 94, 75, 22, 10, 9, 22, 12], [43, 100, 124, 106, 176, 48, 14, 31, 25, 8], [19, 71, 68, 85, 251, 111, 39, 44, 36, 16], [3, 59, 56, 44, 152, 112, 61, 61, 55, 40], [9, 37, 29, 42, 107, 91, 86, 125, 97, 63], [0, 33, 34, 34, 63, 69, 57, 161, 130, 131], [3, 28, 12, 20, 29, 48, 35, 129, 142, 235], [1, 7, 6, 7, 11, 25, 21, 56, 126, 400]]

Uncertainties: {'class0': [0.00901193916797638, 0.011710342019796371, 0.022310059517621994, 0.05407176911830902, 0.06014510244131088], 'class1': [0.00901193916797638, 0.011710342019796371, 0.022310059517621994, 0.02245316654443741, 0.05407176911830902], 'class2': [0.008713698014616966, 0.00901193916797638, 0.011710342019796371, 0.022310059517621994, 0.02245316654443741], 'class3': [0.008713698014616966, 0.00901193916797638, 0.011710342019796371, 0.022310059517621994, 0.02245316654443741], 'class4': [0.0, 0.008713698014616966, 0.00901193916797638, 0.011710342019796371, 0.022310059517621994], 'class5': [0.0, 0.0, 0.008713698014616966, 0.00901193916797638, 0.011710342019796371], 'class6': [0.0, 0.0, 0.008713698014616966, 0.011710342019796371, 0.02245316654443741], 'class7': [0.0, 0.0, 0.008713698014616966, 0.011710342019796371, 0.02245316654443741], 'class8': [0.0, 0.0, 0.008713698014616966, 0.06562615931034088, 0.09297563135623932], 'class9': [0.0, 0.0, 0.008713698014616966, 0.06562615931034088, 0.09297563135623932]}

Most important rules
-----------------------------

---0---
rule12: total_rooms < 1169.521
probabilities_array:[0.29941806 0.12041486 0.11326024 0.19003935 0.14109954 0.05157962
 0.03011326 0.03399753 0.0110656  0.         0.00901194]

rule28: median_income < 2.581
probabilities_array:[0.2696406  0.2447017  0.16727427 0.13011388 0.08645616 0.04405208
 0.01084239 0.02460892 0.         0.         0.02231006]

rule23: population > 2208.590
probabilities_array:[0.23804699 0.07132068 0.10798845 0.20301141 0.16644223 0.07929178
 0.06071528 0.04867596 0.01279695 0.         0.01171034]

rule33: ocean_proximity_INLAND = 1.0
probabilities_array:[2.8944582e-01 2.4751838e-01 2.0779322e-01 2.5952108e-02 0.0000000e+00
 7.8768921e-05 1.2578818e-02 0.0000000e+00 0.0000000e+00 0.0000000e+00
 2.1663293e-01]

rule22: 1428.849 < population < 2208.590
probabilities_array:[0.23475905 0.12054595 0.10243948 0.16943519 0.1160795  0.06003658
 0.06859164 0.04464418 0.02220142 0.00112186 0.0601451 ]

rule10: 28.639 < housing_median_age < 37.146
probabilities_array:[0.29030854 0.09518902 0.01774958 0.00641634 0.05132423 0.14993633
 0.03815531 0.00256522 0.         0.06153495 0.28682047]

rule13: 1169.521 < total_rooms < 2644.609
probabilities_array:[0.19275086 0.12721658 0.08825747 0.147219   0.15191184 0.0706639
 0.06503666 0.04820524 0.01597842 0.         0.09275996]

rule38: ocean_proximity_NEAR OCEAN = 0.0
probabilities_array:[0.27045205 0.11944921 0.06127295 0.0174708  0.04633809 0.07860547
 0.00927024 0.01369467 0.02877251 0.         0.35467407]

rule36: ocean_proximity_NEAR BAY = 0.0
probabilities_array:[0.25879174 0.10944236 0.10051054 0.04395799 0.00303897 0.0022638
 0.05021036 0.0620939  0.03278756 0.         0.33690274]

rule1: -120.919 < longitude < -119.572
probabilities_array:[0.20421773 0.21326487 0.15446554 0.06618199 0.         0.
 0.         0.01235396 0.02337617 0.1413263  0.18481338]

rule6: 35.639 < latitude < 37.082
probabilities_array:[0.34505042 0.07340857 0.         0.         0.         0.
 0.02744174 0.         0.         0.         0.5540993 ]

rule11: housing_median_age > 37.146
probabilities_array:[0.2111414  0.07604614 0.07010037 0.         0.         0.
 0.         0.00533208 0.09987825 0.2651209  0.27238092]

rule25: 239.606 < households < 501.130
probabilities_array:[0.24333848 0.04969489 0.13875055 0.058917   0.00947198 0.03084253
 0.00621064 0.03846227 0.04354354 0.         0.38076815]

rule5: 34.195 < latitude < 35.639
probabilities_array:[0.14769024 0.06140946 0.09541831 0.10964257 0.09930038 0.14464654
 0.16102515 0.0645581  0.01331793 0.         0.10299134]

rule17: 252.599 < total_bedrooms < 538.342
probabilities_array:[0.21106076 0.14552417 0.08643182 0.05906593 0.03087394 0.
 0.03454125 0.03232528 0.0251297  0.         0.37504715]

rule2: -119.572 < longitude < -118.224
probabilities_array:[0.13735615 0.2079667  0.06572769 0.         0.00289688 0.02789226
 0.0864538  0.01513874 0.1197876  0.24380448 0.09297563]

rule16: total_bedrooms < 252.599
probabilities_array:[1.5457369e-01 5.7457238e-02 4.6618967e-04 1.2438969e-02 5.3791296e-02
 2.6348872e-02 6.6640779e-02 6.3133731e-02 0.0000000e+00 5.0417792e-02
 5.1473147e-01]

rule21: 649.108 < population < 1428.849
probabilities_array:[0.10406768 0.12137775 0.02472585 0.06504977 0.02519683 0.
 0.         0.         0.08192796 0.21187817 0.36577594]

rule34: ocean_proximity_ISLAND = 0.0
probabilities_array:[1.3066906e-01 8.7050006e-02 7.1697474e-02 2.0880377e-02 3.9422954e-04
 7.1700528e-04 2.4609724e-02 4.1868370e-02 1.9031653e-02 0.0000000e+00
 6.0308218e-01]

rule3: longitude > -118.224
probabilities_array:[0.05251535 0.10938385 0.13737857 0.1762521  0.18998854 0.13491917
 0.11091184 0.02114174 0.01343712 0.         0.05407177]

rule24: households < 239.606
probabilities_array:[0.06768577 0.16609691 0.12752935 0.10750227 0.00743228 0.
 0.085852   0.         0.02044034 0.04168708 0.37577394]

rule8: housing_median_age < 20.131
probabilities_array:[0.04596689 0.07952866 0.12247992 0.15437873 0.14188433 0.1232262
 0.08353259 0.08002923 0.06416717 0.         0.10480632]


---1---
rule28: median_income < 2.581
probabilities_array:[0.2696406  0.2447017  0.16727427 0.13011388 0.08645616 0.04405208
 0.01084239 0.02460892 0.         0.         0.02231006]

rule37: ocean_proximity_NEAR BAY = 1.0
probabilities_array:[0.00495209 0.2635389  0.12012602 0.         0.         0.
 0.         0.         0.0928635  0.25564536 0.26287407]

rule33: ocean_proximity_INLAND = 1.0
probabilities_array:[2.8944582e-01 2.4751838e-01 2.0779322e-01 2.5952108e-02 0.0000000e+00
 7.8768921e-05 1.2578818e-02 0.0000000e+00 0.0000000e+00 0.0000000e+00
 2.1663293e-01]

rule39: ocean_proximity_NEAR OCEAN = 1.0
probabilities_array:[0.02863273 0.20208806 0.10295388 0.04000176 0.         0.
 0.03794053 0.07262664 0.1539513  0.29617903 0.06562616]

rule2: -119.572 < longitude < -118.224
probabilities_array:[0.13735615 0.2079667  0.06572769 0.         0.00289688 0.02789226
 0.0864538  0.01513874 0.1197876  0.24380448 0.09297563]

rule1: -120.919 < longitude < -119.572
probabilities_array:[0.20421773 0.21326487 0.15446554 0.06618199 0.         0.
 0.         0.01235396 0.02337617 0.1413263  0.18481338]

rule7: latitude > 37.082
probabilities_array:[0.         0.20072757 0.2468893  0.18864633 0.03904364 0.03046026
 0.03006706 0.03776767 0.01878428 0.07118174 0.13643202]

rule12: total_rooms < 1169.521
probabilities_array:[0.29941806 0.12041486 0.11326024 0.19003935 0.14109954 0.05157962
 0.03011326 0.03399753 0.0110656  0.         0.00901194]

rule13: 1169.521 < total_rooms < 2644.609
probabilities_array:[0.19275086 0.12721658 0.08825747 0.147219   0.15191184 0.0706639
 0.06503666 0.04820524 0.01597842 0.         0.09275996]

rule22: 1428.849 < population < 2208.590
probabilities_array:[0.23475905 0.12054595 0.10243948 0.16943519 0.1160795  0.06003658
 0.06859164 0.04464418 0.02220142 0.00112186 0.0601451 ]

rule24: households < 239.606
probabilities_array:[0.06768577 0.16609691 0.12752935 0.10750227 0.00743228 0.
 0.085852   0.         0.02044034 0.04168708 0.37577394]

rule3: longitude > -118.224
probabilities_array:[0.05251535 0.10938385 0.13737857 0.1762521  0.18998854 0.13491917
 0.11091184 0.02114174 0.01343712 0.         0.05407177]

rule29: 2.581 < median_income < 3.872
probabilities_array:[0.01275894 0.1057831  0.16929752 0.18578914 0.18441904 0.13420987
 0.07662781 0.06924509 0.03941633 0.         0.02245317]

rule17: 252.599 < total_bedrooms < 538.342
probabilities_array:[0.21106076 0.14552417 0.08643182 0.05906593 0.03087394 0.
 0.03454125 0.03232528 0.0251297  0.         0.37504715]

rule38: ocean_proximity_NEAR OCEAN = 0.0
probabilities_array:[0.27045205 0.11944921 0.06127295 0.0174708  0.04633809 0.07860547
 0.00927024 0.01369467 0.02877251 0.         0.35467407]

rule21: 649.108 < population < 1428.849
probabilities_array:[0.10406768 0.12137775 0.02472585 0.06504977 0.02519683 0.
 0.         0.         0.08192796 0.21187817 0.36577594]

rule9: 20.131 < housing_median_age < 28.639
probabilities_array:[5.2289046e-02 1.1295467e-01 5.6661196e-02 3.2937784e-02 6.7978591e-04
 1.0720249e-01 1.4902601e-01 1.1355369e-01 5.0013315e-02 1.2811988e-04
 3.2455403e-01]

rule36: ocean_proximity_NEAR BAY = 0.0
probabilities_array:[0.25879174 0.10944236 0.10051054 0.04395799 0.00303897 0.0022638
 0.05021036 0.0620939  0.03278756 0.         0.33690274]

rule4: latitude < 34.195
probabilities_array:[0.00551474 0.07965231 0.11704465 0.08252057 0.03772094 0.04231156
 0.04309018 0.10781509 0.13944273 0.23996958 0.10491776]

rule8: housing_median_age < 20.131
probabilities_array:[0.04596689 0.07952866 0.12247992 0.15437873 0.14188433 0.1232262
 0.08353259 0.08002923 0.06416717 0.         0.10480632]

rule23: population > 2208.590
probabilities_array:[0.23804699 0.07132068 0.10798845 0.20301141 0.16644223 0.07929178
 0.06071528 0.04867596 0.01279695 0.         0.01171034]

rule10: 28.639 < housing_median_age < 37.146
probabilities_array:[0.29030854 0.09518902 0.01774958 0.00641634 0.05132423 0.14993633
 0.03815531 0.00256522 0.         0.06153495 0.28682047]

rule11: housing_median_age > 37.146
probabilities_array:[0.2111414  0.07604614 0.07010037 0.         0.         0.
 0.         0.00533208 0.09987825 0.2651209  0.27238092]

rule5: 34.195 < latitude < 35.639
probabilities_array:[0.14769024 0.06140946 0.09541831 0.10964257 0.09930038 0.14464654
 0.16102515 0.0645581  0.01331793 0.         0.10299134]

rule27: households > 762.653
probabilities_array:[0.         0.07908522 0.         0.         0.         0.0381392
 0.12978803 0.11298713 0.10249111 0.21051393 0.3269953 ]

rule19: total_bedrooms > 824.084
probabilities_array:[0.         0.06841972 0.11097482 0.00120894 0.         0.08015042
 0.08282635 0.05253406 0.12194916 0.22860456 0.253332  ]

rule14: 2644.609 < total_rooms < 4119.697
probabilities_array:[0.         0.05539107 0.05027378 0.         0.03097775 0.02018902
 0.06549542 0.09282008 0.19024085 0.2359128  0.25869927]


---2---
rule7: latitude > 37.082
probabilities_array:[0.         0.20072757 0.2468893  0.18864633 0.03904364 0.03046026
 0.03006706 0.03776767 0.01878428 0.07118174 0.13643202]

rule29: 2.581 < median_income < 3.872
probabilities_array:[0.01275894 0.1057831  0.16929752 0.18578914 0.18441904 0.13420987
 0.07662781 0.06924509 0.03941633 0.         0.02245317]

rule28: median_income < 2.581
probabilities_array:[0.2696406  0.2447017  0.16727427 0.13011388 0.08645616 0.04405208
 0.01084239 0.02460892 0.         0.         0.02231006]

rule33: ocean_proximity_INLAND = 1.0
probabilities_array:[2.8944582e-01 2.4751838e-01 2.0779322e-01 2.5952108e-02 0.0000000e+00
 7.8768921e-05 1.2578818e-02 0.0000000e+00 0.0000000e+00 0.0000000e+00
 2.1663293e-01]

rule3: longitude > -118.224
probabilities_array:[0.05251535 0.10938385 0.13737857 0.1762521  0.18998854 0.13491917
 0.11091184 0.02114174 0.01343712 0.         0.05407177]

rule1: -120.919 < longitude < -119.572
probabilities_array:[0.20421773 0.21326487 0.15446554 0.06618199 0.         0.
 0.         0.01235396 0.02337617 0.1413263  0.18481338]

rule12: total_rooms < 1169.521
probabilities_array:[0.29941806 0.12041486 0.11326024 0.19003935 0.14109954 0.05157962
 0.03011326 0.03399753 0.0110656  0.         0.00901194]

rule8: housing_median_age < 20.131
probabilities_array:[0.04596689 0.07952866 0.12247992 0.15437873 0.14188433 0.1232262
 0.08353259 0.08002923 0.06416717 0.         0.10480632]

rule23: population > 2208.590
probabilities_array:[0.23804699 0.07132068 0.10798845 0.20301141 0.16644223 0.07929178
 0.06071528 0.04867596 0.01279695 0.         0.01171034]

rule4: latitude < 34.195
probabilities_array:[0.00551474 0.07965231 0.11704465 0.08252057 0.03772094 0.04231156
 0.04309018 0.10781509 0.13944273 0.23996958 0.10491776]

rule22: 1428.849 < population < 2208.590
probabilities_array:[0.23475905 0.12054595 0.10243948 0.16943519 0.1160795  0.06003658
 0.06859164 0.04464418 0.02220142 0.00112186 0.0601451 ]

rule39: ocean_proximity_NEAR OCEAN = 1.0
probabilities_array:[0.02863273 0.20208806 0.10295388 0.04000176 0.         0.
 0.03794053 0.07262664 0.1539513  0.29617903 0.06562616]

rule37: ocean_proximity_NEAR BAY = 1.0
probabilities_array:[0.00495209 0.2635389  0.12012602 0.         0.         0.
 0.         0.         0.0928635  0.25564536 0.26287407]

rule25: 239.606 < households < 501.130
probabilities_array:[0.24333848 0.04969489 0.13875055 0.058917   0.00947198 0.03084253
 0.00621064 0.03846227 0.04354354 0.         0.38076815]

rule5: 34.195 < latitude < 35.639
probabilities_array:[0.14769024 0.06140946 0.09541831 0.10964257 0.09930038 0.14464654
 0.16102515 0.0645581  0.01331793 0.         0.10299134]

rule19: total_bedrooms > 824.084
probabilities_array:[0.         0.06841972 0.11097482 0.00120894 0.         0.08015042
 0.08282635 0.05253406 0.12194916 0.22860456 0.253332  ]

rule13: 1169.521 < total_rooms < 2644.609
probabilities_array:[0.19275086 0.12721658 0.08825747 0.147219   0.15191184 0.0706639
 0.06503666 0.04820524 0.01597842 0.         0.09275996]

rule24: households < 239.606
probabilities_array:[0.06768577 0.16609691 0.12752935 0.10750227 0.00743228 0.
 0.085852   0.         0.02044034 0.04168708 0.37577394]

rule36: ocean_proximity_NEAR BAY = 0.0
probabilities_array:[0.25879174 0.10944236 0.10051054 0.04395799 0.00303897 0.0022638
 0.05021036 0.0620939  0.03278756 0.         0.33690274]

rule30: 3.872 < median_income < 5.163
probabilities_array:[0.         0.02287224 0.06302621 0.12679248 0.17525734 0.15619051
 0.13399312 0.14772221 0.12019809 0.04523402 0.0087137 ]

rule2: -119.572 < longitude < -118.224
probabilities_array:[0.13735615 0.2079667  0.06572769 0.         0.00289688 0.02789226
 0.0864538  0.01513874 0.1197876  0.24380448 0.09297563]

rule17: 252.599 < total_bedrooms < 538.342
probabilities_array:[0.21106076 0.14552417 0.08643182 0.05906593 0.03087394 0.
 0.03454125 0.03232528 0.0251297  0.         0.37504715]

rule11: housing_median_age > 37.146
probabilities_array:[0.2111414  0.07604614 0.07010037 0.         0.         0.
 0.         0.00533208 0.09987825 0.2651209  0.27238092]


---3---
rule23: population > 2208.590
probabilities_array:[0.23804699 0.07132068 0.10798845 0.20301141 0.16644223 0.07929178
 0.06071528 0.04867596 0.01279695 0.         0.01171034]

rule12: total_rooms < 1169.521
probabilities_array:[0.29941806 0.12041486 0.11326024 0.19003935 0.14109954 0.05157962
 0.03011326 0.03399753 0.0110656  0.         0.00901194]

rule29: 2.581 < median_income < 3.872
probabilities_array:[0.01275894 0.1057831  0.16929752 0.18578914 0.18441904 0.13420987
 0.07662781 0.06924509 0.03941633 0.         0.02245317]

rule3: longitude > -118.224
probabilities_array:[0.05251535 0.10938385 0.13737857 0.1762521  0.18998854 0.13491917
 0.11091184 0.02114174 0.01343712 0.         0.05407177]

rule7: latitude > 37.082
probabilities_array:[0.         0.20072757 0.2468893  0.18864633 0.03904364 0.03046026
 0.03006706 0.03776767 0.01878428 0.07118174 0.13643202]

rule22: 1428.849 < population < 2208.590
probabilities_array:[0.23475905 0.12054595 0.10243948 0.16943519 0.1160795  0.06003658
 0.06859164 0.04464418 0.02220142 0.00112186 0.0601451 ]

rule8: housing_median_age < 20.131
probabilities_array:[0.04596689 0.07952866 0.12247992 0.15437873 0.14188433 0.1232262
 0.08353259 0.08002923 0.06416717 0.         0.10480632]

rule13: 1169.521 < total_rooms < 2644.609
probabilities_array:[0.19275086 0.12721658 0.08825747 0.147219   0.15191184 0.0706639
 0.06503666 0.04820524 0.01597842 0.         0.09275996]

rule28: median_income < 2.581
probabilities_array:[0.2696406  0.2447017  0.16727427 0.13011388 0.08645616 0.04405208
 0.01084239 0.02460892 0.         0.         0.02231006]

rule30: 3.872 < median_income < 5.163
probabilities_array:[0.         0.02287224 0.06302621 0.12679248 0.17525734 0.15619051
 0.13399312 0.14772221 0.12019809 0.04523402 0.0087137 ]

rule5: 34.195 < latitude < 35.639
probabilities_array:[0.14769024 0.06140946 0.09541831 0.10964257 0.09930038 0.14464654
 0.16102515 0.0645581  0.01331793 0.         0.10299134]

rule4: latitude < 34.195
probabilities_array:[0.00551474 0.07965231 0.11704465 0.08252057 0.03772094 0.04231156
 0.04309018 0.10781509 0.13944273 0.23996958 0.10491776]

rule24: households < 239.606
probabilities_array:[0.06768577 0.16609691 0.12752935 0.10750227 0.00743228 0.
 0.085852   0.         0.02044034 0.04168708 0.37577394]

rule1: -120.919 < longitude < -119.572
probabilities_array:[0.20421773 0.21326487 0.15446554 0.06618199 0.         0.
 0.         0.01235396 0.02337617 0.1413263  0.18481338]

rule21: 649.108 < population < 1428.849
probabilities_array:[0.10406768 0.12137775 0.02472585 0.06504977 0.02519683 0.
 0.         0.         0.08192796 0.21187817 0.36577594]


---4---
rule29: 2.581 < median_income < 3.872
probabilities_array:[0.01275894 0.1057831  0.16929752 0.18578914 0.18441904 0.13420987
 0.07662781 0.06924509 0.03941633 0.         0.02245317]

rule3: longitude > -118.224
probabilities_array:[0.05251535 0.10938385 0.13737857 0.1762521  0.18998854 0.13491917
 0.11091184 0.02114174 0.01343712 0.         0.05407177]

rule30: 3.872 < median_income < 5.163
probabilities_array:[0.         0.02287224 0.06302621 0.12679248 0.17525734 0.15619051
 0.13399312 0.14772221 0.12019809 0.04523402 0.0087137 ]

rule23: population > 2208.590
probabilities_array:[0.23804699 0.07132068 0.10798845 0.20301141 0.16644223 0.07929178
 0.06071528 0.04867596 0.01279695 0.         0.01171034]

rule12: total_rooms < 1169.521
probabilities_array:[0.29941806 0.12041486 0.11326024 0.19003935 0.14109954 0.05157962
 0.03011326 0.03399753 0.0110656  0.         0.00901194]

rule13: 1169.521 < total_rooms < 2644.609
probabilities_array:[0.19275086 0.12721658 0.08825747 0.147219   0.15191184 0.0706639
 0.06503666 0.04820524 0.01597842 0.         0.09275996]

rule8: housing_median_age < 20.131
probabilities_array:[0.04596689 0.07952866 0.12247992 0.15437873 0.14188433 0.1232262
 0.08353259 0.08002923 0.06416717 0.         0.10480632]

rule22: 1428.849 < population < 2208.590
probabilities_array:[0.23475905 0.12054595 0.10243948 0.16943519 0.1160795  0.06003658
 0.06859164 0.04464418 0.02220142 0.00112186 0.0601451 ]

rule5: 34.195 < latitude < 35.639
probabilities_array:[0.14769024 0.06140946 0.09541831 0.10964257 0.09930038 0.14464654
 0.16102515 0.0645581  0.01331793 0.         0.10299134]

rule32: ocean_proximity_INLAND = 0.0
probabilities_array:[0.         0.00899653 0.01960159 0.03419264 0.0890472  0.16431125
 0.17689952 0.18628298 0.17513402 0.14553434 0.        ]

rule28: median_income < 2.581
probabilities_array:[0.2696406  0.2447017  0.16727427 0.13011388 0.08645616 0.04405208
 0.01084239 0.02460892 0.         0.         0.02231006]


---5---
rule32: ocean_proximity_INLAND = 0.0
probabilities_array:[0.         0.00899653 0.01960159 0.03419264 0.0890472  0.16431125
 0.17689952 0.18628298 0.17513402 0.14553434 0.        ]

rule30: 3.872 < median_income < 5.163
probabilities_array:[0.         0.02287224 0.06302621 0.12679248 0.17525734 0.15619051
 0.13399312 0.14772221 0.12019809 0.04523402 0.0087137 ]

rule29: 2.581 < median_income < 3.872
probabilities_array:[0.01275894 0.1057831  0.16929752 0.18578914 0.18441904 0.13420987
 0.07662781 0.06924509 0.03941633 0.         0.02245317]

rule5: 34.195 < latitude < 35.639
probabilities_array:[0.14769024 0.06140946 0.09541831 0.10964257 0.09930038 0.14464654
 0.16102515 0.0645581  0.01331793 0.         0.10299134]

rule3: longitude > -118.224
probabilities_array:[0.05251535 0.10938385 0.13737857 0.1762521  0.18998854 0.13491917
 0.11091184 0.02114174 0.01343712 0.         0.05407177]

rule8: housing_median_age < 20.131
probabilities_array:[0.04596689 0.07952866 0.12247992 0.15437873 0.14188433 0.1232262
 0.08353259 0.08002923 0.06416717 0.         0.10480632]

rule10: 28.639 < housing_median_age < 37.146
probabilities_array:[0.29030854 0.09518902 0.01774958 0.00641634 0.05132423 0.14993633
 0.03815531 0.00256522 0.         0.06153495 0.28682047]

rule23: population > 2208.590
probabilities_array:[0.23804699 0.07132068 0.10798845 0.20301141 0.16644223 0.07929178
 0.06071528 0.04867596 0.01279695 0.         0.01171034]

rule9: 20.131 < housing_median_age < 28.639
probabilities_array:[5.2289046e-02 1.1295467e-01 5.6661196e-02 3.2937784e-02 6.7978591e-04
 1.0720249e-01 1.4902601e-01 1.1355369e-01 5.0013315e-02 1.2811988e-04
 3.2455403e-01]

rule13: 1169.521 < total_rooms < 2644.609
probabilities_array:[0.19275086 0.12721658 0.08825747 0.147219   0.15191184 0.0706639
 0.06503666 0.04820524 0.01597842 0.         0.09275996]

rule19: total_bedrooms > 824.084
probabilities_array:[0.         0.06841972 0.11097482 0.00120894 0.         0.08015042
 0.08282635 0.05253406 0.12194916 0.22860456 0.253332  ]

rule20: population < 649.108
probabilities_array:[0.         0.01286379 0.01154632 0.         0.01163412 0.0637475
 0.0789152  0.0794775  0.23114069 0.40565747 0.10501736]

rule22: 1428.849 < population < 2208.590
probabilities_array:[0.23475905 0.12054595 0.10243948 0.16943519 0.1160795  0.06003658
 0.06859164 0.04464418 0.02220142 0.00112186 0.0601451 ]

rule31: median_income > 5.163
probabilities_array:[0.         0.00632959 0.01187837 0.03731839 0.02827997 0.05633199
 0.0977599  0.19440116 0.25585815 0.3118425  0.        ]

rule12: total_rooms < 1169.521
probabilities_array:[0.29941806 0.12041486 0.11326024 0.19003935 0.14109954 0.05157962
 0.03011326 0.03399753 0.0110656  0.         0.00901194]

rule38: ocean_proximity_NEAR OCEAN = 0.0
probabilities_array:[0.27045205 0.11944921 0.06127295 0.0174708  0.04633809 0.07860547
 0.00927024 0.01369467 0.02877251 0.         0.35467407]

rule28: median_income < 2.581
probabilities_array:[0.2696406  0.2447017  0.16727427 0.13011388 0.08645616 0.04405208
 0.01084239 0.02460892 0.         0.         0.02231006]


---6---
rule32: ocean_proximity_INLAND = 0.0
probabilities_array:[0.         0.00899653 0.01960159 0.03419264 0.0890472  0.16431125
 0.17689952 0.18628298 0.17513402 0.14553434 0.        ]

rule5: 34.195 < latitude < 35.639
probabilities_array:[0.14769024 0.06140946 0.09541831 0.10964257 0.09930038 0.14464654
 0.16102515 0.0645581  0.01331793 0.         0.10299134]

rule0: longitude < -120.919
probabilities_array:[0.01280624 0.         0.         0.0361345  0.02982572 0.03879189
 0.17376935 0.15982163 0.1886756  0.14384359 0.2163316 ]

rule30: 3.872 < median_income < 5.163
probabilities_array:[0.         0.02287224 0.06302621 0.12679248 0.17525734 0.15619051
 0.13399312 0.14772221 0.12019809 0.04523402 0.0087137 ]

rule3: longitude > -118.224
probabilities_array:[0.05251535 0.10938385 0.13737857 0.1762521  0.18998854 0.13491917
 0.11091184 0.02114174 0.01343712 0.         0.05407177]

rule9: 20.131 < housing_median_age < 28.639
probabilities_array:[5.2289046e-02 1.1295467e-01 5.6661196e-02 3.2937784e-02 6.7978591e-04
 1.0720249e-01 1.4902601e-01 1.1355369e-01 5.0013315e-02 1.2811988e-04
 3.2455403e-01]

rule31: median_income > 5.163
probabilities_array:[0.         0.00632959 0.01187837 0.03731839 0.02827997 0.05633199
 0.0977599  0.19440116 0.25585815 0.3118425  0.        ]

rule27: households > 762.653
probabilities_array:[0.         0.07908522 0.         0.         0.         0.0381392
 0.12978803 0.11298713 0.10249111 0.21051393 0.3269953 ]

rule2: -119.572 < longitude < -118.224
probabilities_array:[0.13735615 0.2079667  0.06572769 0.         0.00289688 0.02789226
 0.0864538  0.01513874 0.1197876  0.24380448 0.09297563]

rule29: 2.581 < median_income < 3.872
probabilities_array:[0.01275894 0.1057831  0.16929752 0.18578914 0.18441904 0.13420987
 0.07662781 0.06924509 0.03941633 0.         0.02245317]

rule8: housing_median_age < 20.131
probabilities_array:[0.04596689 0.07952866 0.12247992 0.15437873 0.14188433 0.1232262
 0.08353259 0.08002923 0.06416717 0.         0.10480632]

rule20: population < 649.108
probabilities_array:[0.         0.01286379 0.01154632 0.         0.01163412 0.0637475
 0.0789152  0.0794775  0.23114069 0.40565747 0.10501736]

rule22: 1428.849 < population < 2208.590
probabilities_array:[0.23475905 0.12054595 0.10243948 0.16943519 0.1160795  0.06003658
 0.06859164 0.04464418 0.02220142 0.00112186 0.0601451 ]

rule19: total_bedrooms > 824.084
probabilities_array:[0.         0.06841972 0.11097482 0.00120894 0.         0.08015042
 0.08282635 0.05253406 0.12194916 0.22860456 0.253332  ]

rule23: population > 2208.590
probabilities_array:[0.23804699 0.07132068 0.10798845 0.20301141 0.16644223 0.07929178
 0.06071528 0.04867596 0.01279695 0.         0.01171034]

rule13: 1169.521 < total_rooms < 2644.609
probabilities_array:[0.19275086 0.12721658 0.08825747 0.147219   0.15191184 0.0706639
 0.06503666 0.04820524 0.01597842 0.         0.09275996]

rule24: households < 239.606
probabilities_array:[0.06768577 0.16609691 0.12752935 0.10750227 0.00743228 0.
 0.085852   0.         0.02044034 0.04168708 0.37577394]

rule14: 2644.609 < total_rooms < 4119.697
probabilities_array:[0.         0.05539107 0.05027378 0.         0.03097775 0.02018902
 0.06549542 0.09282008 0.19024085 0.2359128  0.25869927]


---7---
rule31: median_income > 5.163
probabilities_array:[0.         0.00632959 0.01187837 0.03731839 0.02827997 0.05633199
 0.0977599  0.19440116 0.25585815 0.3118425  0.        ]

rule32: ocean_proximity_INLAND = 0.0
probabilities_array:[0.         0.00899653 0.01960159 0.03419264 0.0890472  0.16431125
 0.17689952 0.18628298 0.17513402 0.14553434 0.        ]

rule30: 3.872 < median_income < 5.163
probabilities_array:[0.         0.02287224 0.06302621 0.12679248 0.17525734 0.15619051
 0.13399312 0.14772221 0.12019809 0.04523402 0.0087137 ]

rule0: longitude < -120.919
probabilities_array:[0.01280624 0.         0.         0.0361345  0.02982572 0.03879189
 0.17376935 0.15982163 0.1886756  0.14384359 0.2163316 ]

rule35: ocean_proximity_ISLAND = 1.0
probabilities_array:[0.         0.         0.         0.         0.         0.
 0.         0.22435749 0.         0.26226297 0.5133795 ]

rule4: latitude < 34.195
probabilities_array:[0.00551474 0.07965231 0.11704465 0.08252057 0.03772094 0.04231156
 0.04309018 0.10781509 0.13944273 0.23996958 0.10491776]

rule15: total_rooms > 4119.697
probabilities_array:[0.00113275 0.01102792 0.01234673 0.         0.         0.
 0.00381838 0.09924675 0.2288912  0.49554867 0.14798757]

rule9: 20.131 < housing_median_age < 28.639
probabilities_array:[5.2289046e-02 1.1295467e-01 5.6661196e-02 3.2937784e-02 6.7978591e-04
 1.0720249e-01 1.4902601e-01 1.1355369e-01 5.0013315e-02 1.2811988e-04
 3.2455403e-01]

rule27: households > 762.653
probabilities_array:[0.         0.07908522 0.         0.         0.         0.0381392
 0.12978803 0.11298713 0.10249111 0.21051393 0.3269953 ]

rule8: housing_median_age < 20.131
probabilities_array:[0.04596689 0.07952866 0.12247992 0.15437873 0.14188433 0.1232262
 0.08353259 0.08002923 0.06416717 0.         0.10480632]

rule20: population < 649.108
probabilities_array:[0.         0.01286379 0.01154632 0.         0.01163412 0.0637475
 0.0789152  0.0794775  0.23114069 0.40565747 0.10501736]

rule14: 2644.609 < total_rooms < 4119.697
probabilities_array:[0.         0.05539107 0.05027378 0.         0.03097775 0.02018902
 0.06549542 0.09282008 0.19024085 0.2359128  0.25869927]

rule39: ocean_proximity_NEAR OCEAN = 1.0
probabilities_array:[0.02863273 0.20208806 0.10295388 0.04000176 0.         0.
 0.03794053 0.07262664 0.1539513  0.29617903 0.06562616]

rule29: 2.581 < median_income < 3.872
probabilities_array:[0.01275894 0.1057831  0.16929752 0.18578914 0.18441904 0.13420987
 0.07662781 0.06924509 0.03941633 0.         0.02245317]

rule5: 34.195 < latitude < 35.639
probabilities_array:[0.14769024 0.06140946 0.09541831 0.10964257 0.09930038 0.14464654
 0.16102515 0.0645581  0.01331793 0.         0.10299134]

rule23: population > 2208.590
probabilities_array:[0.23804699 0.07132068 0.10798845 0.20301141 0.16644223 0.07929178
 0.06071528 0.04867596 0.01279695 0.         0.01171034]

rule26: 501.130 < households < 762.653
probabilities_array:[0.07948263 0.04604758 0.         0.         0.00582379 0.
 0.00604799 0.11564399 0.02572376 0.12264629 0.598584  ]

rule13: 1169.521 < total_rooms < 2644.609
probabilities_array:[0.19275086 0.12721658 0.08825747 0.147219   0.15191184 0.0706639
 0.06503666 0.04820524 0.01597842 0.         0.09275996]

rule22: 1428.849 < population < 2208.590
probabilities_array:[0.23475905 0.12054595 0.10243948 0.16943519 0.1160795  0.06003658
 0.06859164 0.04464418 0.02220142 0.00112186 0.0601451 ]

rule36: ocean_proximity_NEAR BAY = 0.0
probabilities_array:[0.25879174 0.10944236 0.10051054 0.04395799 0.00303897 0.0022638
 0.05021036 0.0620939  0.03278756 0.         0.33690274]


---8---
rule31: median_income > 5.163
probabilities_array:[0.         0.00632959 0.01187837 0.03731839 0.02827997 0.05633199
 0.0977599  0.19440116 0.25585815 0.3118425  0.        ]

rule20: population < 649.108
probabilities_array:[0.         0.01286379 0.01154632 0.         0.01163412 0.0637475
 0.0789152  0.0794775  0.23114069 0.40565747 0.10501736]

rule15: total_rooms > 4119.697
probabilities_array:[0.00113275 0.01102792 0.01234673 0.         0.         0.
 0.00381838 0.09924675 0.2288912  0.49554867 0.14798757]

rule32: ocean_proximity_INLAND = 0.0
probabilities_array:[0.         0.00899653 0.01960159 0.03419264 0.0890472  0.16431125
 0.17689952 0.18628298 0.17513402 0.14553434 0.        ]

rule0: longitude < -120.919
probabilities_array:[0.01280624 0.         0.         0.0361345  0.02982572 0.03879189
 0.17376935 0.15982163 0.1886756  0.14384359 0.2163316 ]

rule39: ocean_proximity_NEAR OCEAN = 1.0
probabilities_array:[0.02863273 0.20208806 0.10295388 0.04000176 0.         0.
 0.03794053 0.07262664 0.1539513  0.29617903 0.06562616]

rule14: 2644.609 < total_rooms < 4119.697
probabilities_array:[0.         0.05539107 0.05027378 0.         0.03097775 0.02018902
 0.06549542 0.09282008 0.19024085 0.2359128  0.25869927]

rule4: latitude < 34.195
probabilities_array:[0.00551474 0.07965231 0.11704465 0.08252057 0.03772094 0.04231156
 0.04309018 0.10781509 0.13944273 0.23996958 0.10491776]

rule30: 3.872 < median_income < 5.163
probabilities_array:[0.         0.02287224 0.06302621 0.12679248 0.17525734 0.15619051
 0.13399312 0.14772221 0.12019809 0.04523402 0.0087137 ]

rule2: -119.572 < longitude < -118.224
probabilities_array:[0.13735615 0.2079667  0.06572769 0.         0.00289688 0.02789226
 0.0864538  0.01513874 0.1197876  0.24380448 0.09297563]

rule19: total_bedrooms > 824.084
probabilities_array:[0.         0.06841972 0.11097482 0.00120894 0.         0.08015042
 0.08282635 0.05253406 0.12194916 0.22860456 0.253332  ]

rule11: housing_median_age > 37.146
probabilities_array:[0.2111414  0.07604614 0.07010037 0.         0.         0.
 0.         0.00533208 0.09987825 0.2651209  0.27238092]

rule27: households > 762.653
probabilities_array:[0.         0.07908522 0.         0.         0.         0.0381392
 0.12978803 0.11298713 0.10249111 0.21051393 0.3269953 ]

rule37: ocean_proximity_NEAR BAY = 1.0
probabilities_array:[0.00495209 0.2635389  0.12012602 0.         0.         0.
 0.         0.         0.0928635  0.25564536 0.26287407]

rule8: housing_median_age < 20.131
probabilities_array:[0.04596689 0.07952866 0.12247992 0.15437873 0.14188433 0.1232262
 0.08353259 0.08002923 0.06416717 0.         0.10480632]

rule21: 649.108 < population < 1428.849
probabilities_array:[0.10406768 0.12137775 0.02472585 0.06504977 0.02519683 0.
 0.         0.         0.08192796 0.21187817 0.36577594]


---9---
rule15: total_rooms > 4119.697
probabilities_array:[0.00113275 0.01102792 0.01234673 0.         0.         0.
 0.00381838 0.09924675 0.2288912  0.49554867 0.14798757]

rule20: population < 649.108
probabilities_array:[0.         0.01286379 0.01154632 0.         0.01163412 0.0637475
 0.0789152  0.0794775  0.23114069 0.40565747 0.10501736]

rule31: median_income > 5.163
probabilities_array:[0.         0.00632959 0.01187837 0.03731839 0.02827997 0.05633199
 0.0977599  0.19440116 0.25585815 0.3118425  0.        ]

rule39: ocean_proximity_NEAR OCEAN = 1.0
probabilities_array:[0.02863273 0.20208806 0.10295388 0.04000176 0.         0.
 0.03794053 0.07262664 0.1539513  0.29617903 0.06562616]

rule2: -119.572 < longitude < -118.224
probabilities_array:[0.13735615 0.2079667  0.06572769 0.         0.00289688 0.02789226
 0.0864538  0.01513874 0.1197876  0.24380448 0.09297563]

rule4: latitude < 34.195
probabilities_array:[0.00551474 0.07965231 0.11704465 0.08252057 0.03772094 0.04231156
 0.04309018 0.10781509 0.13944273 0.23996958 0.10491776]

rule11: housing_median_age > 37.146
probabilities_array:[0.2111414  0.07604614 0.07010037 0.         0.         0.
 0.         0.00533208 0.09987825 0.2651209  0.27238092]

rule37: ocean_proximity_NEAR BAY = 1.0
probabilities_array:[0.00495209 0.2635389  0.12012602 0.         0.         0.
 0.         0.         0.0928635  0.25564536 0.26287407]

rule14: 2644.609 < total_rooms < 4119.697
probabilities_array:[0.         0.05539107 0.05027378 0.         0.03097775 0.02018902
 0.06549542 0.09282008 0.19024085 0.2359128  0.25869927]

rule19: total_bedrooms > 824.084
probabilities_array:[0.         0.06841972 0.11097482 0.00120894 0.         0.08015042
 0.08282635 0.05253406 0.12194916 0.22860456 0.253332  ]

rule32: ocean_proximity_INLAND = 0.0
probabilities_array:[0.         0.00899653 0.01960159 0.03419264 0.0890472  0.16431125
 0.17689952 0.18628298 0.17513402 0.14553434 0.        ]

rule27: households > 762.653
probabilities_array:[0.         0.07908522 0.         0.         0.         0.0381392
 0.12978803 0.11298713 0.10249111 0.21051393 0.3269953 ]

rule21: 649.108 < population < 1428.849
probabilities_array:[0.10406768 0.12137775 0.02472585 0.06504977 0.02519683 0.
 0.         0.         0.08192796 0.21187817 0.36577594]

rule35: ocean_proximity_ISLAND = 1.0
probabilities_array:[0.         0.         0.         0.         0.         0.
 0.         0.22435749 0.         0.26226297 0.5133795 ]

rule1: -120.919 < longitude < -119.572
probabilities_array:[0.20421773 0.21326487 0.15446554 0.06618199 0.         0.
 0.         0.01235396 0.02337617 0.1413263  0.18481338]

rule0: longitude < -120.919
probabilities_array:[0.01280624 0.         0.         0.0361345  0.02982572 0.03879189
 0.17376935 0.15982163 0.1886756  0.14384359 0.2163316 ]

rule7: latitude > 37.082
probabilities_array:[0.         0.20072757 0.2468893  0.18864633 0.03904364 0.03046026
 0.03006706 0.03776767 0.01878428 0.07118174 0.13643202]

rule26: 501.130 < households < 762.653
probabilities_array:[0.07948263 0.04604758 0.         0.         0.00582379 0.
 0.00604799 0.11564399 0.02572376 0.12264629 0.598584  ]

rule30: 3.872 < median_income < 5.163
probabilities_array:[0.         0.02287224 0.06302621 0.12679248 0.17525734 0.15619051
 0.13399312 0.14772221 0.12019809 0.04523402 0.0087137 ]

rule10: 28.639 < housing_median_age < 37.146
probabilities_array:[0.29030854 0.09518902 0.01774958 0.00641634 0.05132423 0.14993633
 0.03815531 0.00256522 0.         0.06153495 0.28682047]

