R2: 0.5034359112507469

MAE: 55153.56738109219

MSE: 6463466853.743541

Accuracy: 0.3956253669994128

F1: 0.3852798096705215

Confusion Matrix: [[607, 165, 35, 9, 18, 4, 3, 9], [217, 372, 117, 58, 36, 19, 18, 8], [96, 248, 236, 144, 68, 37, 27, 15], [49, 109, 117, 259, 158, 45, 54, 21], [36, 95, 85, 144, 246, 122, 106, 68], [48, 58, 53, 83, 162, 150, 206, 85], [23, 40, 35, 24, 86, 86, 335, 251], [18, 17, 14, 8, 31, 36, 193, 490]]

Uncertainties: {'class0': [0.012648001313209534, 0.01595059037208557, 0.018335798755288124, 0.04276449978351593, 0.057693272829055786], 'class1': [0.012648001313209534, 0.01595059037208557, 0.018335798755288124, 0.02794608287513256, 0.04276449978351593], 'class2': [0.005482221022248268, 0.012648001313209534, 0.01595059037208557, 0.018335798755288124, 0.02794608287513256], 'class3': [0.0036457180976867676, 0.005482221022248268, 0.012648001313209534, 0.01595059037208557, 0.018335798755288124], 'class4': [0.0036457180976867676, 0.005482221022248268, 0.012648001313209534, 0.01595059037208557, 0.018335798755288124], 'class5': [0.0036457180976867676, 0.005482221022248268, 0.012648001313209534, 0.01595059037208557, 0.022027574479579926], 'class6': [0.0036457180976867676, 0.005482221022248268, 0.022027574479579926, 0.02794608287513256, 0.06848455965518951], 'class7': [0.0036457180976867676, 0.005482221022248268, 0.022027574479579926, 0.09102630615234375, 0.12523627281188965]}

Most important rules
-----------------------------

---0---
rule28: median_income < 2.587
probabilities_array:[0.3088368  0.30315846 0.1719237  0.12224224 0.05425574 0.0192034
 0.00204387 0.         0.0183358 ]

rule12: total_rooms < 1149.622
probabilities_array:[0.2972747  0.14241344 0.19693394 0.19984019 0.06389437 0.04960829
 0.03408445 0.         0.01595059]

rule33: ocean_proximity_INLAND = 1.0
probabilities_array:[0.3461797  0.26382637 0.15794106 0.00907676 0.01246404 0.00486304
 0.         0.         0.20564912]

rule22: 1427.875 < population < 2199.872
probabilities_array:[0.2471098  0.14004649 0.17582855 0.19318582 0.08546788 0.07428253
 0.04131442 0.         0.0427645 ]

rule23: population > 2199.872
probabilities_array:[0.21950941 0.12759684 0.23225732 0.23752385 0.07592317 0.06740259
 0.02713881 0.         0.012648  ]

rule13: 1149.622 < total_rooms < 2642.394
probabilities_array:[0.25397816 0.07544325 0.07385296 0.1822939  0.0752546  0.0520186
 0.04848341 0.         0.2386752 ]

rule5: 34.197 < latitude < 35.637
probabilities_array:[0.1959093  0.11253554 0.13330379 0.1303454  0.18292423 0.10294096
 0.0735562  0.         0.06848456]

rule36: ocean_proximity_NEAR BAY = 0.0
probabilities_array:[0.2784192  0.13115147 0.06082558 0.02401422 0.00701682 0.08705759
 0.04938469 0.         0.3621304 ]

rule1: -120.924 < longitude < -119.574
probabilities_array:[0.21164246 0.17576736 0.16466808 0.00880692 0.         0.
 0.07997901 0.16461058 0.19452555]

rule38: ocean_proximity_NEAR OCEAN = 0.0
probabilities_array:[0.25448316 0.12990594 0.04026596 0.08574764 0.12043308 0.01516543
 0.0140899  0.         0.33990893]

rule6: 35.637 < latitude < 37.078
probabilities_array:[0.37433654 0.05132007 0.         0.         0.         0.00973055
 0.         0.         0.5646128 ]

rule25: 241.138 < households < 499.659
probabilities_array:[0.23024014 0.13206966 0.1217217  0.0188483  0.01693381 0.07364865
 0.06931626 0.         0.3372215 ]

rule2: -119.574 < longitude < -118.224
probabilities_array:[0.16510078 0.17372975 0.         0.00192908 0.03404862 0.11377545
 0.06772637 0.2913094  0.1523805 ]

rule39: ocean_proximity_NEAR OCEAN = 1.0
probabilities_array:[0.13558437 0.17630515 0.07925601 0.         0.00149404 0.06333043
 0.14775701 0.3052467  0.09102631]

rule11: housing_median_age > 37.080
probabilities_array:[0.17579435 0.08175398 0.06224877 0.         0.         0.01599511
 0.07983207 0.28349033 0.3008853 ]

rule10: 28.606 < housing_median_age < 37.080
probabilities_array:[0.19627607 0.07273169 0.         0.06342728 0.20624352 0.00236702
 0.02115687 0.02576804 0.41202945]

rule21: 655.877 < population < 1427.875
probabilities_array:[0.17578256 0.14341912 0.06010907 0.08801555 0.00100579 0.00051274
 0.01629579 0.12102582 0.3938335 ]

rule17: 253.831 < total_bedrooms < 537.100
probabilities_array:[0.16865188 0.13160537 0.14233686 0.0968639  0.0057982  0.
 0.00361836 0.         0.4511255 ]

rule3: longitude > -118.224
probabilities_array:[0.0962948  0.10590704 0.1841927  0.25326344 0.18697669 0.11047831
 0.00519379 0.         0.05769327]

rule24: households < 241.138
probabilities_array:[0.1721194  0.13323596 0.04902762 0.07290715 0.         0.00863928
 0.         0.         0.56407064]

rule16: total_bedrooms < 253.831
probabilities_array:[0.16480243 0.09347647 0.01412957 0.05811033 0.00747513 0.10822446
 0.         0.         0.5537816 ]

rule9: 20.131 < housing_median_age < 28.606
probabilities_array:[0.10488395 0.03401307 0.04582108 0.00507087 0.20950642 0.12645137
 0.0997803  0.07424992 0.30022302]

rule34: ocean_proximity_ISLAND = 0.0
probabilities_array:[0.16128592 0.14384699 0.05184784 0.00066278 0.00084755 0.04769385
 0.00262882 0.0267378  0.56444836]

rule8: housing_median_age < 20.131
probabilities_array:[0.07212583 0.12386525 0.18205547 0.17702553 0.15968224 0.0978516
 0.09133954 0.         0.09605447]


---1---
rule28: median_income < 2.587
probabilities_array:[0.3088368  0.30315846 0.1719237  0.12224224 0.05425574 0.0192034
 0.00204387 0.         0.0183358 ]

rule33: ocean_proximity_INLAND = 1.0
probabilities_array:[0.3461797  0.26382637 0.15794106 0.00907676 0.01246404 0.00486304
 0.         0.         0.20564912]

rule7: latitude > 37.078
probabilities_array:[0.         0.24470113 0.27891088 0.05752525 0.0458201  0.04109356
 0.07132208 0.0623268  0.19830023]

rule37: ocean_proximity_NEAR BAY = 1.0
probabilities_array:[0.050837   0.26662987 0.0209812  0.         0.05957716 0.
 0.00799884 0.27578178 0.31819415]

rule39: ocean_proximity_NEAR OCEAN = 1.0
probabilities_array:[0.13558437 0.17630515 0.07925601 0.         0.00149404 0.06333043
 0.14775701 0.3052467  0.09102631]

rule29: 2.587 < median_income < 3.878
probabilities_array:[0.02774447 0.16196893 0.20275441 0.24214734 0.16423512 0.10936788
 0.06383578 0.         0.02794608]

rule4: latitude < 34.197
probabilities_array:[0.         0.17227651 0.12858668 0.01208046 0.04433348 0.03513644
 0.19800015 0.28435007 0.12523627]

rule2: -119.574 < longitude < -118.224
probabilities_array:[0.16510078 0.17372975 0.         0.00192908 0.03404862 0.11377545
 0.06772637 0.2913094  0.1523805 ]

rule1: -120.924 < longitude < -119.574
probabilities_array:[0.21164246 0.17576736 0.16466808 0.00880692 0.         0.
 0.07997901 0.16461058 0.19452555]

rule12: total_rooms < 1149.622
probabilities_array:[0.2972747  0.14241344 0.19693394 0.19984019 0.06389437 0.04960829
 0.03408445 0.         0.01595059]

rule22: 1427.875 < population < 2199.872
probabilities_array:[0.2471098  0.14004649 0.17582855 0.19318582 0.08546788 0.07428253
 0.04131442 0.         0.0427645 ]

rule23: population > 2199.872
probabilities_array:[0.21950941 0.12759684 0.23225732 0.23752385 0.07592317 0.06740259
 0.02713881 0.         0.012648  ]

rule8: housing_median_age < 20.131
probabilities_array:[0.07212583 0.12386525 0.18205547 0.17702553 0.15968224 0.0978516
 0.09133954 0.         0.09605447]

rule5: 34.197 < latitude < 35.637
probabilities_array:[0.1959093  0.11253554 0.13330379 0.1303454  0.18292423 0.10294096
 0.0735562  0.         0.06848456]

rule3: longitude > -118.224
probabilities_array:[0.0962948  0.10590704 0.1841927  0.25326344 0.18697669 0.11047831
 0.00519379 0.         0.05769327]

rule25: 241.138 < households < 499.659
probabilities_array:[0.23024014 0.13206966 0.1217217  0.0188483  0.01693381 0.07364865
 0.06931626 0.         0.3372215 ]

rule21: 655.877 < population < 1427.875
probabilities_array:[0.17578256 0.14341912 0.06010907 0.08801555 0.00100579 0.00051274
 0.01629579 0.12102582 0.3938335 ]

rule38: ocean_proximity_NEAR OCEAN = 0.0
probabilities_array:[0.25448316 0.12990594 0.04026596 0.08574764 0.12043308 0.01516543
 0.0140899  0.         0.33990893]

rule36: ocean_proximity_NEAR BAY = 0.0
probabilities_array:[0.2784192  0.13115147 0.06082558 0.02401422 0.00701682 0.08705759
 0.04938469 0.         0.3621304 ]

rule17: 253.831 < total_bedrooms < 537.100
probabilities_array:[0.16865188 0.13160537 0.14233686 0.0968639  0.0057982  0.
 0.00361836 0.         0.4511255 ]

rule34: ocean_proximity_ISLAND = 0.0
probabilities_array:[0.16128592 0.14384699 0.05184784 0.00066278 0.00084755 0.04769385
 0.00262882 0.0267378  0.56444836]

rule24: households < 241.138
probabilities_array:[0.1721194  0.13323596 0.04902762 0.07290715 0.         0.00863928
 0.         0.         0.56407064]

rule13: 1149.622 < total_rooms < 2642.394
probabilities_array:[0.25397816 0.07544325 0.07385296 0.1822939  0.0752546  0.0520186
 0.04848341 0.         0.2386752 ]

rule11: housing_median_age > 37.080
probabilities_array:[0.17579435 0.08175398 0.06224877 0.         0.         0.01599511
 0.07983207 0.28349033 0.3008853 ]

rule15: total_rooms > 4135.167
probabilities_array:[0.         0.05353095 0.02250328 0.         0.         0.05629238
 0.15396559 0.5824336  0.13127424]

rule10: 28.606 < housing_median_age < 37.080
probabilities_array:[0.19627607 0.07273169 0.         0.06342728 0.20624352 0.00236702
 0.02115687 0.02576804 0.41202945]

rule16: total_bedrooms < 253.831
probabilities_array:[0.16480243 0.09347647 0.01412957 0.05811033 0.00747513 0.10822446
 0.         0.         0.5537816 ]


---2---
rule23: population > 2199.872
probabilities_array:[0.21950941 0.12759684 0.23225732 0.23752385 0.07592317 0.06740259
 0.02713881 0.         0.012648  ]

rule7: latitude > 37.078
probabilities_array:[0.         0.24470113 0.27891088 0.05752525 0.0458201  0.04109356
 0.07132208 0.0623268  0.19830023]

rule29: 2.587 < median_income < 3.878
probabilities_array:[0.02774447 0.16196893 0.20275441 0.24214734 0.16423512 0.10936788
 0.06383578 0.         0.02794608]

rule12: total_rooms < 1149.622
probabilities_array:[0.2972747  0.14241344 0.19693394 0.19984019 0.06389437 0.04960829
 0.03408445 0.         0.01595059]

rule3: longitude > -118.224
probabilities_array:[0.0962948  0.10590704 0.1841927  0.25326344 0.18697669 0.11047831
 0.00519379 0.         0.05769327]

rule28: median_income < 2.587
probabilities_array:[0.3088368  0.30315846 0.1719237  0.12224224 0.05425574 0.0192034
 0.00204387 0.         0.0183358 ]

rule22: 1427.875 < population < 2199.872
probabilities_array:[0.2471098  0.14004649 0.17582855 0.19318582 0.08546788 0.07428253
 0.04131442 0.         0.0427645 ]

rule8: housing_median_age < 20.131
probabilities_array:[0.07212583 0.12386525 0.18205547 0.17702553 0.15968224 0.0978516
 0.09133954 0.         0.09605447]

rule1: -120.924 < longitude < -119.574
probabilities_array:[0.21164246 0.17576736 0.16466808 0.00880692 0.         0.
 0.07997901 0.16461058 0.19452555]

rule33: ocean_proximity_INLAND = 1.0
probabilities_array:[0.3461797  0.26382637 0.15794106 0.00907676 0.01246404 0.00486304
 0.         0.         0.20564912]

rule5: 34.197 < latitude < 35.637
probabilities_array:[0.1959093  0.11253554 0.13330379 0.1303454  0.18292423 0.10294096
 0.0735562  0.         0.06848456]

rule30: 3.878 < median_income < 5.169
probabilities_array:[0.         0.03485299 0.1224911  0.20359734 0.19912097 0.1969857
 0.17065051 0.06681918 0.00548222]

rule4: latitude < 34.197
probabilities_array:[0.         0.17227651 0.12858668 0.01208046 0.04433348 0.03513644
 0.19800015 0.28435007 0.12523627]

rule25: 241.138 < households < 499.659
probabilities_array:[0.23024014 0.13206966 0.1217217  0.0188483  0.01693381 0.07364865
 0.06931626 0.         0.3372215 ]

rule17: 253.831 < total_bedrooms < 537.100
probabilities_array:[0.16865188 0.13160537 0.14233686 0.0968639  0.0057982  0.
 0.00361836 0.         0.4511255 ]

rule39: ocean_proximity_NEAR OCEAN = 1.0
probabilities_array:[0.13558437 0.17630515 0.07925601 0.         0.00149404 0.06333043
 0.14775701 0.3052467  0.09102631]

rule13: 1149.622 < total_rooms < 2642.394
probabilities_array:[0.25397816 0.07544325 0.07385296 0.1822939  0.0752546  0.0520186
 0.04848341 0.         0.2386752 ]

rule11: housing_median_age > 37.080
probabilities_array:[0.17579435 0.08175398 0.06224877 0.         0.         0.01599511
 0.07983207 0.28349033 0.3008853 ]


---3---
rule3: longitude > -118.224
probabilities_array:[0.0962948  0.10590704 0.1841927  0.25326344 0.18697669 0.11047831
 0.00519379 0.         0.05769327]

rule29: 2.587 < median_income < 3.878
probabilities_array:[0.02774447 0.16196893 0.20275441 0.24214734 0.16423512 0.10936788
 0.06383578 0.         0.02794608]

rule23: population > 2199.872
probabilities_array:[0.21950941 0.12759684 0.23225732 0.23752385 0.07592317 0.06740259
 0.02713881 0.         0.012648  ]

rule30: 3.878 < median_income < 5.169
probabilities_array:[0.         0.03485299 0.1224911  0.20359734 0.19912097 0.1969857
 0.17065051 0.06681918 0.00548222]

rule12: total_rooms < 1149.622
probabilities_array:[0.2972747  0.14241344 0.19693394 0.19984019 0.06389437 0.04960829
 0.03408445 0.         0.01595059]

rule22: 1427.875 < population < 2199.872
probabilities_array:[0.2471098  0.14004649 0.17582855 0.19318582 0.08546788 0.07428253
 0.04131442 0.         0.0427645 ]

rule8: housing_median_age < 20.131
probabilities_array:[0.07212583 0.12386525 0.18205547 0.17702553 0.15968224 0.0978516
 0.09133954 0.         0.09605447]

rule13: 1149.622 < total_rooms < 2642.394
probabilities_array:[0.25397816 0.07544325 0.07385296 0.1822939  0.0752546  0.0520186
 0.04848341 0.         0.2386752 ]

rule5: 34.197 < latitude < 35.637
probabilities_array:[0.1959093  0.11253554 0.13330379 0.1303454  0.18292423 0.10294096
 0.0735562  0.         0.06848456]

rule28: median_income < 2.587
probabilities_array:[0.3088368  0.30315846 0.1719237  0.12224224 0.05425574 0.0192034
 0.00204387 0.         0.0183358 ]

rule32: ocean_proximity_INLAND = 0.0
probabilities_array:[0.         0.01072842 0.0381138  0.08715633 0.1771741  0.2194135
 0.24617688 0.21759121 0.00364572]

rule38: ocean_proximity_NEAR OCEAN = 0.0
probabilities_array:[0.25448316 0.12990594 0.04026596 0.08574764 0.12043308 0.01516543
 0.0140899  0.         0.33990893]

rule21: 655.877 < population < 1427.875
probabilities_array:[0.17578256 0.14341912 0.06010907 0.08801555 0.00100579 0.00051274
 0.01629579 0.12102582 0.3938335 ]

rule17: 253.831 < total_bedrooms < 537.100
probabilities_array:[0.16865188 0.13160537 0.14233686 0.0968639  0.0057982  0.
 0.00361836 0.         0.4511255 ]

rule7: latitude > 37.078
probabilities_array:[0.         0.24470113 0.27891088 0.05752525 0.0458201  0.04109356
 0.07132208 0.0623268  0.19830023]

rule31: median_income > 5.169
probabilities_array:[0.         0.         0.00119014 0.04599973 0.06680114 0.17667425
 0.29403654 0.39327058 0.02202757]


---4---
rule30: 3.878 < median_income < 5.169
probabilities_array:[0.         0.03485299 0.1224911  0.20359734 0.19912097 0.1969857
 0.17065051 0.06681918 0.00548222]

rule32: ocean_proximity_INLAND = 0.0
probabilities_array:[0.         0.01072842 0.0381138  0.08715633 0.1771741  0.2194135
 0.24617688 0.21759121 0.00364572]

rule3: longitude > -118.224
probabilities_array:[0.0962948  0.10590704 0.1841927  0.25326344 0.18697669 0.11047831
 0.00519379 0.         0.05769327]

rule5: 34.197 < latitude < 35.637
probabilities_array:[0.1959093  0.11253554 0.13330379 0.1303454  0.18292423 0.10294096
 0.0735562  0.         0.06848456]

rule29: 2.587 < median_income < 3.878
probabilities_array:[0.02774447 0.16196893 0.20275441 0.24214734 0.16423512 0.10936788
 0.06383578 0.         0.02794608]

rule9: 20.131 < housing_median_age < 28.606
probabilities_array:[0.10488395 0.03401307 0.04582108 0.00507087 0.20950642 0.12645137
 0.0997803  0.07424992 0.30022302]

rule8: housing_median_age < 20.131
probabilities_array:[0.07212583 0.12386525 0.18205547 0.17702553 0.15968224 0.0978516
 0.09133954 0.         0.09605447]

rule10: 28.606 < housing_median_age < 37.080
probabilities_array:[0.19627607 0.07273169 0.         0.06342728 0.20624352 0.00236702
 0.02115687 0.02576804 0.41202945]

rule19: total_bedrooms > 820.368
probabilities_array:[0.         0.03390871 0.         0.         0.13396199 0.13981733
 0.16882487 0.23228587 0.2912012 ]

rule20: population < 655.877
probabilities_array:[0.00000000e+00 0.00000000e+00 1.44515434e-04 0.00000000e+00
 1.02167554e-01 1.03890970e-01 1.58908501e-01 5.09614587e-01
 1.25273883e-01]

rule22: 1427.875 < population < 2199.872
probabilities_array:[0.2471098  0.14004649 0.17582855 0.19318582 0.08546788 0.07428253
 0.04131442 0.         0.0427645 ]

rule38: ocean_proximity_NEAR OCEAN = 0.0
probabilities_array:[0.25448316 0.12990594 0.04026596 0.08574764 0.12043308 0.01516543
 0.0140899  0.         0.33990893]

rule23: population > 2199.872
probabilities_array:[0.21950941 0.12759684 0.23225732 0.23752385 0.07592317 0.06740259
 0.02713881 0.         0.012648  ]

rule27: households > 758.179
probabilities_array:[0.0000000e+00 0.0000000e+00 1.1035538e-03 2.5363988e-05 9.3997881e-02
 9.7888418e-02 2.3639655e-01 3.0885506e-01 2.6173317e-01]

rule31: median_income > 5.169
probabilities_array:[0.         0.         0.00119014 0.04599973 0.06680114 0.17667425
 0.29403654 0.39327058 0.02202757]

rule12: total_rooms < 1149.622
probabilities_array:[0.2972747  0.14241344 0.19693394 0.19984019 0.06389437 0.04960829
 0.03408445 0.         0.01595059]

rule13: 1149.622 < total_rooms < 2642.394
probabilities_array:[0.25397816 0.07544325 0.07385296 0.1822939  0.0752546  0.0520186
 0.04848341 0.         0.2386752 ]

rule28: median_income < 2.587
probabilities_array:[0.3088368  0.30315846 0.1719237  0.12224224 0.05425574 0.0192034
 0.00204387 0.         0.0183358 ]

rule37: ocean_proximity_NEAR BAY = 1.0
probabilities_array:[0.050837   0.26662987 0.0209812  0.         0.05957716 0.
 0.00799884 0.27578178 0.31819415]


---5---
rule32: ocean_proximity_INLAND = 0.0
probabilities_array:[0.         0.01072842 0.0381138  0.08715633 0.1771741  0.2194135
 0.24617688 0.21759121 0.00364572]

rule30: 3.878 < median_income < 5.169
probabilities_array:[0.         0.03485299 0.1224911  0.20359734 0.19912097 0.1969857
 0.17065051 0.06681918 0.00548222]

rule31: median_income > 5.169
probabilities_array:[0.         0.         0.00119014 0.04599973 0.06680114 0.17667425
 0.29403654 0.39327058 0.02202757]

rule0: longitude < -120.924
probabilities_array:[0.0003379  0.         0.00153392 0.00610305 0.05720324 0.22894602
 0.18423982 0.19114798 0.3304881 ]

rule29: 2.587 < median_income < 3.878
probabilities_array:[0.02774447 0.16196893 0.20275441 0.24214734 0.16423512 0.10936788
 0.06383578 0.         0.02794608]

rule3: longitude > -118.224
probabilities_array:[0.0962948  0.10590704 0.1841927  0.25326344 0.18697669 0.11047831
 0.00519379 0.         0.05769327]

rule19: total_bedrooms > 820.368
probabilities_array:[0.         0.03390871 0.         0.         0.13396199 0.13981733
 0.16882487 0.23228587 0.2912012 ]

rule2: -119.574 < longitude < -118.224
probabilities_array:[0.16510078 0.17372975 0.         0.00192908 0.03404862 0.11377545
 0.06772637 0.2913094  0.1523805 ]

rule5: 34.197 < latitude < 35.637
probabilities_array:[0.1959093  0.11253554 0.13330379 0.1303454  0.18292423 0.10294096
 0.0735562  0.         0.06848456]

rule20: population < 655.877
probabilities_array:[0.00000000e+00 0.00000000e+00 1.44515434e-04 0.00000000e+00
 1.02167554e-01 1.03890970e-01 1.58908501e-01 5.09614587e-01
 1.25273883e-01]

rule9: 20.131 < housing_median_age < 28.606
probabilities_array:[0.10488395 0.03401307 0.04582108 0.00507087 0.20950642 0.12645137
 0.0997803  0.07424992 0.30022302]

rule8: housing_median_age < 20.131
probabilities_array:[0.07212583 0.12386525 0.18205547 0.17702553 0.15968224 0.0978516
 0.09133954 0.         0.09605447]

rule27: households > 758.179
probabilities_array:[0.0000000e+00 0.0000000e+00 1.1035538e-03 2.5363988e-05 9.3997881e-02
 9.7888418e-02 2.3639655e-01 3.0885506e-01 2.6173317e-01]

rule22: 1427.875 < population < 2199.872
probabilities_array:[0.2471098  0.14004649 0.17582855 0.19318582 0.08546788 0.07428253
 0.04131442 0.         0.0427645 ]

rule23: population > 2199.872
probabilities_array:[0.21950941 0.12759684 0.23225732 0.23752385 0.07592317 0.06740259
 0.02713881 0.         0.012648  ]

rule39: ocean_proximity_NEAR OCEAN = 1.0
probabilities_array:[0.13558437 0.17630515 0.07925601 0.         0.00149404 0.06333043
 0.14775701 0.3052467  0.09102631]

rule36: ocean_proximity_NEAR BAY = 0.0
probabilities_array:[0.2784192  0.13115147 0.06082558 0.02401422 0.00701682 0.08705759
 0.04938469 0.         0.3621304 ]

rule15: total_rooms > 4135.167
probabilities_array:[0.         0.05353095 0.02250328 0.         0.         0.05629238
 0.15396559 0.5824336  0.13127424]

rule12: total_rooms < 1149.622
probabilities_array:[0.2972747  0.14241344 0.19693394 0.19984019 0.06389437 0.04960829
 0.03408445 0.         0.01595059]

rule25: 241.138 < households < 499.659
probabilities_array:[0.23024014 0.13206966 0.1217217  0.0188483  0.01693381 0.07364865
 0.06931626 0.         0.3372215 ]

rule16: total_bedrooms < 253.831
probabilities_array:[0.16480243 0.09347647 0.01412957 0.05811033 0.00747513 0.10822446
 0.         0.         0.5537816 ]

rule14: 2642.394 < total_rooms < 4135.167
probabilities_array:[0.         0.03492137 0.         0.00519886 0.         0.07300726
 0.11608094 0.41278902 0.35800263]


---6---
rule31: median_income > 5.169
probabilities_array:[0.         0.         0.00119014 0.04599973 0.06680114 0.17667425
 0.29403654 0.39327058 0.02202757]

rule32: ocean_proximity_INLAND = 0.0
probabilities_array:[0.         0.01072842 0.0381138  0.08715633 0.1771741  0.2194135
 0.24617688 0.21759121 0.00364572]

rule27: households > 758.179
probabilities_array:[0.0000000e+00 0.0000000e+00 1.1035538e-03 2.5363988e-05 9.3997881e-02
 9.7888418e-02 2.3639655e-01 3.0885506e-01 2.6173317e-01]

rule4: latitude < 34.197
probabilities_array:[0.         0.17227651 0.12858668 0.01208046 0.04433348 0.03513644
 0.19800015 0.28435007 0.12523627]

rule30: 3.878 < median_income < 5.169
probabilities_array:[0.         0.03485299 0.1224911  0.20359734 0.19912097 0.1969857
 0.17065051 0.06681918 0.00548222]

rule20: population < 655.877
probabilities_array:[0.00000000e+00 0.00000000e+00 1.44515434e-04 0.00000000e+00
 1.02167554e-01 1.03890970e-01 1.58908501e-01 5.09614587e-01
 1.25273883e-01]

rule39: ocean_proximity_NEAR OCEAN = 1.0
probabilities_array:[0.13558437 0.17630515 0.07925601 0.         0.00149404 0.06333043
 0.14775701 0.3052467  0.09102631]

rule15: total_rooms > 4135.167
probabilities_array:[0.         0.05353095 0.02250328 0.         0.         0.05629238
 0.15396559 0.5824336  0.13127424]

rule0: longitude < -120.924
probabilities_array:[0.0003379  0.         0.00153392 0.00610305 0.05720324 0.22894602
 0.18423982 0.19114798 0.3304881 ]

rule19: total_bedrooms > 820.368
probabilities_array:[0.         0.03390871 0.         0.         0.13396199 0.13981733
 0.16882487 0.23228587 0.2912012 ]

rule8: housing_median_age < 20.131
probabilities_array:[0.07212583 0.12386525 0.18205547 0.17702553 0.15968224 0.0978516
 0.09133954 0.         0.09605447]

rule14: 2642.394 < total_rooms < 4135.167
probabilities_array:[0.         0.03492137 0.         0.00519886 0.         0.07300726
 0.11608094 0.41278902 0.35800263]

rule9: 20.131 < housing_median_age < 28.606
probabilities_array:[0.10488395 0.03401307 0.04582108 0.00507087 0.20950642 0.12645137
 0.0997803  0.07424992 0.30022302]

rule5: 34.197 < latitude < 35.637
probabilities_array:[0.1959093  0.11253554 0.13330379 0.1303454  0.18292423 0.10294096
 0.0735562  0.         0.06848456]

rule1: -120.924 < longitude < -119.574
probabilities_array:[0.21164246 0.17576736 0.16466808 0.00880692 0.         0.
 0.07997901 0.16461058 0.19452555]

rule29: 2.587 < median_income < 3.878
probabilities_array:[0.02774447 0.16196893 0.20275441 0.24214734 0.16423512 0.10936788
 0.06383578 0.         0.02794608]

rule2: -119.574 < longitude < -118.224
probabilities_array:[0.16510078 0.17372975 0.         0.00192908 0.03404862 0.11377545
 0.06772637 0.2913094  0.1523805 ]

rule7: latitude > 37.078
probabilities_array:[0.         0.24470113 0.27891088 0.05752525 0.0458201  0.04109356
 0.07132208 0.0623268  0.19830023]

rule11: housing_median_age > 37.080
probabilities_array:[0.17579435 0.08175398 0.06224877 0.         0.         0.01599511
 0.07983207 0.28349033 0.3008853 ]

rule18: 537.100 < total_bedrooms < 820.368
probabilities_array:[0.07792179 0.04694584 0.0586706  0.         0.         0.0329254
 0.12905535 0.07588731 0.57859373]

rule35: ocean_proximity_ISLAND = 1.0
probabilities_array:[0.         0.         0.         0.         0.         0.
 0.09837558 0.42274177 0.47888264]

rule25: 241.138 < households < 499.659
probabilities_array:[0.23024014 0.13206966 0.1217217  0.0188483  0.01693381 0.07364865
 0.06931626 0.         0.3372215 ]


---7---
rule15: total_rooms > 4135.167
probabilities_array:[0.         0.05353095 0.02250328 0.         0.         0.05629238
 0.15396559 0.5824336  0.13127424]

rule20: population < 655.877
probabilities_array:[0.00000000e+00 0.00000000e+00 1.44515434e-04 0.00000000e+00
 1.02167554e-01 1.03890970e-01 1.58908501e-01 5.09614587e-01
 1.25273883e-01]

rule31: median_income > 5.169
probabilities_array:[0.         0.         0.00119014 0.04599973 0.06680114 0.17667425
 0.29403654 0.39327058 0.02202757]

rule39: ocean_proximity_NEAR OCEAN = 1.0
probabilities_array:[0.13558437 0.17630515 0.07925601 0.         0.00149404 0.06333043
 0.14775701 0.3052467  0.09102631]

rule14: 2642.394 < total_rooms < 4135.167
probabilities_array:[0.         0.03492137 0.         0.00519886 0.         0.07300726
 0.11608094 0.41278902 0.35800263]

rule4: latitude < 34.197
probabilities_array:[0.         0.17227651 0.12858668 0.01208046 0.04433348 0.03513644
 0.19800015 0.28435007 0.12523627]

rule2: -119.574 < longitude < -118.224
probabilities_array:[0.16510078 0.17372975 0.         0.00192908 0.03404862 0.11377545
 0.06772637 0.2913094  0.1523805 ]

rule27: households > 758.179
probabilities_array:[0.0000000e+00 0.0000000e+00 1.1035538e-03 2.5363988e-05 9.3997881e-02
 9.7888418e-02 2.3639655e-01 3.0885506e-01 2.6173317e-01]

rule35: ocean_proximity_ISLAND = 1.0
probabilities_array:[0.         0.         0.         0.         0.         0.
 0.09837558 0.42274177 0.47888264]

rule32: ocean_proximity_INLAND = 0.0
probabilities_array:[0.         0.01072842 0.0381138  0.08715633 0.1771741  0.2194135
 0.24617688 0.21759121 0.00364572]

rule11: housing_median_age > 37.080
probabilities_array:[0.17579435 0.08175398 0.06224877 0.         0.         0.01599511
 0.07983207 0.28349033 0.3008853 ]

rule37: ocean_proximity_NEAR BAY = 1.0
probabilities_array:[0.050837   0.26662987 0.0209812  0.         0.05957716 0.
 0.00799884 0.27578178 0.31819415]

rule19: total_bedrooms > 820.368
probabilities_array:[0.         0.03390871 0.         0.         0.13396199 0.13981733
 0.16882487 0.23228587 0.2912012 ]

rule1: -120.924 < longitude < -119.574
probabilities_array:[0.21164246 0.17576736 0.16466808 0.00880692 0.         0.
 0.07997901 0.16461058 0.19452555]

rule0: longitude < -120.924
probabilities_array:[0.0003379  0.         0.00153392 0.00610305 0.05720324 0.22894602
 0.18423982 0.19114798 0.3304881 ]

rule21: 655.877 < population < 1427.875
probabilities_array:[0.17578256 0.14341912 0.06010907 0.08801555 0.00100579 0.00051274
 0.01629579 0.12102582 0.3938335 ]

rule30: 3.878 < median_income < 5.169
probabilities_array:[0.         0.03485299 0.1224911  0.20359734 0.19912097 0.1969857
 0.17065051 0.06681918 0.00548222]

rule9: 20.131 < housing_median_age < 28.606
probabilities_array:[0.10488395 0.03401307 0.04582108 0.00507087 0.20950642 0.12645137
 0.0997803  0.07424992 0.30022302]

rule26: 499.659 < households < 758.179
probabilities_array:[0.09302524 0.02307409 0.         0.         0.02615959 0.04019478
 0.0822278  0.12938344 0.60593504]

rule7: latitude > 37.078
probabilities_array:[0.         0.24470113 0.27891088 0.05752525 0.0458201  0.04109356
 0.07132208 0.0623268  0.19830023]

