R2: 0.4595696623242084


MAE: 7.990738678370992


MSE: 143.0916338877449


Accuracy: 0.19581184758170203


F1: 0.20294117647058824


Most important rules
-----------------------------

---0---
rule27: fine_aggregate > 827.947
probabilities_array:[0.25938925 0.02440942 0.08372065 0.21607181 0.02508333 0.0036489
 0.02190405 0.00613549 0.22721502 0.         0.         0.
 0.13242207]

rule0: cement < 210.184
probabilities_array:[0.21711783 0.21110734 0.14443389 0.08533512 0.08029646 0.09436227
 0.02614909 0.01450233 0.04846071 0.06319014 0.01504482 0.
 0.        ]

rule15: water > 196.050
probabilities_array:[2.1242395e-01 7.5097000e-03 1.3438022e-01 4.5890436e-02 1.7790420e-01
 1.6141084e-01 1.3926166e-01 9.1293402e-02 8.8851703e-03 1.0641863e-02
 8.9823548e-03 2.0020801e-04 1.2159699e-03]

rule9: 9.688 < fly_ash < 52.963
probabilities_array:[0.17373647 0.         0.14764665 0.         0.2984707  0.
 0.         0.06927107 0.03576119 0.14238338 0.01080805 0.08759943
 0.034323  ]

rule29: 2.444 < age < 44.893
probabilities_array:[0.16622461 0.17784616 0.1427242  0.18906876 0.04724365 0.04424919
 0.14325964 0.03872881 0.02152641 0.01088217 0.01615369 0.
 0.00209271]

rule16: superplasticizer < 2.130
probabilities_array:[0.17030784 0.2514125  0.1645134  0.02755889 0.02265481 0.0340096
 0.00138137 0.03474799 0.         0.1943774  0.04418427 0.
 0.05485184]

rule28: age < 2.444
probabilities_array:[0.39189172 0.         0.         0.         0.         0.
 0.         0.         0.         0.         0.         0.
 0.6081083 ]

rule14: 181.740 < water < 196.050
probabilities_array:[0.13993797 0.04297066 0.07715812 0.10062826 0.2752138  0.07311388
 0.         0.18909197 0.07865548 0.00483276 0.         0.
 0.0183971 ]

rule1: 210.184 < cement < 281.852
probabilities_array:[1.27292380e-01 8.61496665e-06 2.28379011e-01 1.76318781e-03
 6.23462982e-02 1.86725840e-01 0.00000000e+00 0.00000000e+00
 1.21304415e-01 1.94192991e-01 0.00000000e+00 1.82316499e-03
 7.61641115e-02]

rule23: coarse_aggregate > 1023.294
probabilities_array:[0.09985694 0.         0.14277871 0.19253585 0.         0.
 0.         0.07777811 0.07422348 0.1329368  0.04938077 0.16986206
 0.06064735]

rule8: fly_ash < 9.688
probabilities_array:[8.4727362e-02 0.0000000e+00 1.0243762e-02 0.0000000e+00 0.0000000e+00
 9.6240267e-02 0.0000000e+00 4.2084362e-03 6.3810878e-02 2.3235261e-04
 2.9608068e-01 2.8262615e-01 1.6183016e-01]

rule11: fly_ash > 96.238
probabilities_array:[0.07456129 0.18778431 0.         0.09498176 0.21001837 0.
 0.07005417 0.06470572 0.06506924 0.00236657 0.15914823 0.01989329
 0.05141703]

rule4: blast_furnace_slag < 15.869
probabilities_array:[0.07808887 0.2638505  0.11800577 0.         0.10558714 0.
 0.00317327 0.         0.1164085  0.02129572 0.1745153  0.
 0.11907492]

rule17: 2.130 < superplasticizer < 6.192
probabilities_array:[0.05113418 0.         0.02650473 0.19424492 0.06019345 0.07589328
 0.         0.14551185 0.22044718 0.04294867 0.         0.1389501
 0.04417155]

rule13: 167.431 < water < 181.740
probabilities_array:[0.04053323 0.06752155 0.05033062 0.02375778 0.         0.08679947
 0.21271777 0.07887884 0.04037132 0.20516625 0.         0.18490918
 0.00901402]


---1---
rule16: superplasticizer < 2.130
probabilities_array:[0.17030784 0.2514125  0.1645134  0.02755889 0.02265481 0.0340096
 0.00138137 0.03474799 0.         0.1943774  0.04418427 0.
 0.05485184]

rule4: blast_furnace_slag < 15.869
probabilities_array:[0.07808887 0.2638505  0.11800577 0.         0.10558714 0.
 0.00317327 0.         0.1164085  0.02129572 0.1745153  0.
 0.11907492]

rule0: cement < 210.184
probabilities_array:[0.21711783 0.21110734 0.14443389 0.08533512 0.08029646 0.09436227
 0.02614909 0.01450233 0.04846071 0.06319014 0.01504482 0.
 0.        ]

rule11: fly_ash > 96.238
probabilities_array:[0.07456129 0.18778431 0.         0.09498176 0.21001837 0.
 0.07005417 0.06470572 0.06506924 0.00236657 0.15914823 0.01989329
 0.05141703]

rule29: 2.444 < age < 44.893
probabilities_array:[0.16622461 0.17784616 0.1427242  0.18906876 0.04724365 0.04424919
 0.14325964 0.03872881 0.02152641 0.01088217 0.01615369 0.
 0.00209271]

rule2: 281.852 < cement < 353.521
probabilities_array:[0.         0.11829367 0.04820589 0.04416506 0.09601584 0.12744877
 0.03087386 0.08609033 0.18131489 0.12915397 0.06255033 0.05798869
 0.01789865]

rule13: 167.431 < water < 181.740
probabilities_array:[0.04053323 0.06752155 0.05033062 0.02375778 0.         0.08679947
 0.21271777 0.07887884 0.04037132 0.20516625 0.         0.18490918
 0.00901402]

rule22: 970.986 < coarse_aggregate < 1023.294
probabilities_array:[0.         0.05969813 0.08347364 0.11414714 0.00555822 0.
 0.19901347 0.08045141 0.1626313  0.1322706  0.0704982  0.0316485
 0.06060922]

rule21: 918.677 < coarse_aggregate < 970.986
probabilities_array:[0.         0.04781596 0.         0.04371285 0.14123571 0.01539462
 0.17760457 0.02904909 0.00998608 0.19385655 0.10450603 0.16654629
 0.07029226]

rule14: 181.740 < water < 196.050
probabilities_array:[0.13993797 0.04297066 0.07715812 0.10062826 0.2752138  0.07311388
 0.         0.18909197 0.07865548 0.00483276 0.         0.
 0.0183971 ]


---2---
rule1: 210.184 < cement < 281.852
probabilities_array:[1.27292380e-01 8.61496665e-06 2.28379011e-01 1.76318781e-03
 6.23462982e-02 1.86725840e-01 0.00000000e+00 0.00000000e+00
 1.21304415e-01 1.94192991e-01 0.00000000e+00 1.82316499e-03
 7.61641115e-02]

rule16: superplasticizer < 2.130
probabilities_array:[0.17030784 0.2514125  0.1645134  0.02755889 0.02265481 0.0340096
 0.00138137 0.03474799 0.         0.1943774  0.04418427 0.
 0.05485184]

rule0: cement < 210.184
probabilities_array:[0.21711783 0.21110734 0.14443389 0.08533512 0.08029646 0.09436227
 0.02614909 0.01450233 0.04846071 0.06319014 0.01504482 0.
 0.        ]

rule9: 9.688 < fly_ash < 52.963
probabilities_array:[0.17373647 0.         0.14764665 0.         0.2984707  0.
 0.         0.06927107 0.03576119 0.14238338 0.01080805 0.08759943
 0.034323  ]

rule29: 2.444 < age < 44.893
probabilities_array:[0.16622461 0.17784616 0.1427242  0.18906876 0.04724365 0.04424919
 0.14325964 0.03872881 0.02152641 0.01088217 0.01615369 0.
 0.00209271]

rule15: water > 196.050
probabilities_array:[2.1242395e-01 7.5097000e-03 1.3438022e-01 4.5890436e-02 1.7790420e-01
 1.6141084e-01 1.3926166e-01 9.1293402e-02 8.8851703e-03 1.0641863e-02
 8.9823548e-03 2.0020801e-04 1.2159699e-03]

rule23: coarse_aggregate > 1023.294
probabilities_array:[0.09985694 0.         0.14277871 0.19253585 0.         0.
 0.         0.07777811 0.07422348 0.1329368  0.04938077 0.16986206
 0.06064735]

rule18: 6.192 < superplasticizer < 10.254
probabilities_array:[0.03553052 0.00246666 0.12178453 0.08139917 0.14412479 0.
 0.05218655 0.12565331 0.14462915 0.03959137 0.18534222 0.0491891
 0.0181027 ]

rule10: 52.963 < fly_ash < 96.238
probabilities_array:[0.00188522 0.         0.11695114 0.1855199  0.07400075 0.18909135
 0.10117531 0.         0.07074805 0.21678193 0.01598706 0.
 0.02785933]

rule4: blast_furnace_slag < 15.869
probabilities_array:[0.07808887 0.2638505  0.11800577 0.         0.10558714 0.
 0.00317327 0.         0.1164085  0.02129572 0.1745153  0.
 0.11907492]

rule5: 15.869 < blast_furnace_slag < 75.031
probabilities_array:[0.00744475 0.         0.10650431 0.00313553 0.01936505 0.09389905
 0.05414357 0.03831704 0.         0.19410563 0.20018901 0.25444478
 0.02845116]

rule22: 970.986 < coarse_aggregate < 1023.294
probabilities_array:[0.         0.05969813 0.08347364 0.11414714 0.00555822 0.
 0.19901347 0.08045141 0.1626313  0.1322706  0.0704982  0.0316485
 0.06060922]

rule14: 181.740 < water < 196.050
probabilities_array:[0.13993797 0.04297066 0.07715812 0.10062826 0.2752138  0.07311388
 0.         0.18909197 0.07865548 0.00483276 0.         0.
 0.0183971 ]

rule27: fine_aggregate > 827.947
probabilities_array:[0.25938925 0.02440942 0.08372065 0.21607181 0.02508333 0.0036489
 0.02190405 0.00613549 0.22721502 0.         0.         0.
 0.13242207]

rule26: 773.345 < fine_aggregate < 827.947
probabilities_array:[0.00591177 0.04041144 0.0781145  0.07485604 0.19391689 0.0089999
 0.         0.15081875 0.16052385 0.01517973 0.         0.18850672
 0.08276043]

rule13: 167.431 < water < 181.740
probabilities_array:[0.04053323 0.06752155 0.05033062 0.02375778 0.         0.08679947
 0.21271777 0.07887884 0.04037132 0.20516625 0.         0.18490918
 0.00901402]

rule2: 281.852 < cement < 353.521
probabilities_array:[0.         0.11829367 0.04820589 0.04416506 0.09601584 0.12744877
 0.03087386 0.08609033 0.18131489 0.12915397 0.06255033 0.05798869
 0.01789865]


---3---
rule29: 2.444 < age < 44.893
probabilities_array:[0.16622461 0.17784616 0.1427242  0.18906876 0.04724365 0.04424919
 0.14325964 0.03872881 0.02152641 0.01088217 0.01615369 0.
 0.00209271]

rule27: fine_aggregate > 827.947
probabilities_array:[0.25938925 0.02440942 0.08372065 0.21607181 0.02508333 0.0036489
 0.02190405 0.00613549 0.22721502 0.         0.         0.
 0.13242207]

rule17: 2.130 < superplasticizer < 6.192
probabilities_array:[0.05113418 0.         0.02650473 0.19424492 0.06019345 0.07589328
 0.         0.14551185 0.22044718 0.04294867 0.         0.1389501
 0.04417155]

rule23: coarse_aggregate > 1023.294
probabilities_array:[0.09985694 0.         0.14277871 0.19253585 0.         0.
 0.         0.07777811 0.07422348 0.1329368  0.04938077 0.16986206
 0.06064735]

rule10: 52.963 < fly_ash < 96.238
probabilities_array:[0.00188522 0.         0.11695114 0.1855199  0.07400075 0.18909135
 0.10117531 0.         0.07074805 0.21678193 0.01598706 0.
 0.02785933]

rule7: blast_furnace_slag > 134.193
probabilities_array:[0.         0.         0.         0.18189904 0.10123121 0.19461712
 0.009953   0.11451947 0.06015759 0.03143714 0.01469805 0.2221664
 0.06932096]

rule22: 970.986 < coarse_aggregate < 1023.294
probabilities_array:[0.         0.05969813 0.08347364 0.11414714 0.00555822 0.
 0.19901347 0.08045141 0.1626313  0.1322706  0.0704982  0.0316485
 0.06060922]

rule14: 181.740 < water < 196.050
probabilities_array:[0.13993797 0.04297066 0.07715812 0.10062826 0.2752138  0.07311388
 0.         0.18909197 0.07865548 0.00483276 0.         0.
 0.0183971 ]

rule11: fly_ash > 96.238
probabilities_array:[0.07456129 0.18778431 0.         0.09498176 0.21001837 0.
 0.07005417 0.06470572 0.06506924 0.00236657 0.15914823 0.01989329
 0.05141703]

rule0: cement < 210.184
probabilities_array:[0.21711783 0.21110734 0.14443389 0.08533512 0.08029646 0.09436227
 0.02614909 0.01450233 0.04846071 0.06319014 0.01504482 0.
 0.        ]

rule3: cement > 353.521
probabilities_array:[0.0000000e+00 0.0000000e+00 0.0000000e+00 9.7814448e-02 0.0000000e+00
 2.1094817e-04 6.4858317e-02 2.1819365e-01 0.0000000e+00 4.1357833e-03
 2.2501023e-01 2.5474116e-01 1.3503553e-01]

rule18: 6.192 < superplasticizer < 10.254
probabilities_array:[0.03553052 0.00246666 0.12178453 0.08139917 0.14412479 0.
 0.05218655 0.12565331 0.14462915 0.03959137 0.18534222 0.0491891
 0.0181027 ]

rule26: 773.345 < fine_aggregate < 827.947
probabilities_array:[0.00591177 0.04041144 0.0781145  0.07485604 0.19391689 0.0089999
 0.         0.15081875 0.16052385 0.01517973 0.         0.18850672
 0.08276043]

rule15: water > 196.050
probabilities_array:[2.1242395e-01 7.5097000e-03 1.3438022e-01 4.5890436e-02 1.7790420e-01
 1.6141084e-01 1.3926166e-01 9.1293402e-02 8.8851703e-03 1.0641863e-02
 8.9823548e-03 2.0020801e-04 1.2159699e-03]

rule2: 281.852 < cement < 353.521
probabilities_array:[0.         0.11829367 0.04820589 0.04416506 0.09601584 0.12744877
 0.03087386 0.08609033 0.18131489 0.12915397 0.06255033 0.05798869
 0.01789865]

rule21: 918.677 < coarse_aggregate < 970.986
probabilities_array:[0.         0.04781596 0.         0.04371285 0.14123571 0.01539462
 0.17760457 0.02904909 0.00998608 0.19385655 0.10450603 0.16654629
 0.07029226]


---4---
rule9: 9.688 < fly_ash < 52.963
probabilities_array:[0.17373647 0.         0.14764665 0.         0.2984707  0.
 0.         0.06927107 0.03576119 0.14238338 0.01080805 0.08759943
 0.034323  ]

rule14: 181.740 < water < 196.050
probabilities_array:[0.13993797 0.04297066 0.07715812 0.10062826 0.2752138  0.07311388
 0.         0.18909197 0.07865548 0.00483276 0.         0.
 0.0183971 ]

rule11: fly_ash > 96.238
probabilities_array:[0.07456129 0.18778431 0.         0.09498176 0.21001837 0.
 0.07005417 0.06470572 0.06506924 0.00236657 0.15914823 0.01989329
 0.05141703]

rule26: 773.345 < fine_aggregate < 827.947
probabilities_array:[0.00591177 0.04041144 0.0781145  0.07485604 0.19391689 0.0089999
 0.         0.15081875 0.16052385 0.01517973 0.         0.18850672
 0.08276043]

rule15: water > 196.050
probabilities_array:[2.1242395e-01 7.5097000e-03 1.3438022e-01 4.5890436e-02 1.7790420e-01
 1.6141084e-01 1.3926166e-01 9.1293402e-02 8.8851703e-03 1.0641863e-02
 8.9823548e-03 2.0020801e-04 1.2159699e-03]

rule18: 6.192 < superplasticizer < 10.254
probabilities_array:[0.03553052 0.00246666 0.12178453 0.08139917 0.14412479 0.
 0.05218655 0.12565331 0.14462915 0.03959137 0.18534222 0.0491891
 0.0181027 ]

rule21: 918.677 < coarse_aggregate < 970.986
probabilities_array:[0.         0.04781596 0.         0.04371285 0.14123571 0.01539462
 0.17760457 0.02904909 0.00998608 0.19385655 0.10450603 0.16654629
 0.07029226]

rule2: 281.852 < cement < 353.521
probabilities_array:[0.         0.11829367 0.04820589 0.04416506 0.09601584 0.12744877
 0.03087386 0.08609033 0.18131489 0.12915397 0.06255033 0.05798869
 0.01789865]

rule7: blast_furnace_slag > 134.193
probabilities_array:[0.         0.         0.         0.18189904 0.10123121 0.19461712
 0.009953   0.11451947 0.06015759 0.03143714 0.01469805 0.2221664
 0.06932096]

rule4: blast_furnace_slag < 15.869
probabilities_array:[0.07808887 0.2638505  0.11800577 0.         0.10558714 0.
 0.00317327 0.         0.1164085  0.02129572 0.1745153  0.
 0.11907492]

rule0: cement < 210.184
probabilities_array:[0.21711783 0.21110734 0.14443389 0.08533512 0.08029646 0.09436227
 0.02614909 0.01450233 0.04846071 0.06319014 0.01504482 0.
 0.        ]

rule30: 44.893 < age < 87.341
probabilities_array:[0.         0.         0.         0.         0.11168506 0.
 0.         0.         0.12228792 0.00548603 0.12286614 0.3046059
 0.33306897]

rule10: 52.963 < fly_ash < 96.238
probabilities_array:[0.00188522 0.         0.11695114 0.1855199  0.07400075 0.18909135
 0.10117531 0.         0.07074805 0.21678193 0.01598706 0.
 0.02785933]

rule1: 210.184 < cement < 281.852
probabilities_array:[1.27292380e-01 8.61496665e-06 2.28379011e-01 1.76318781e-03
 6.23462982e-02 1.86725840e-01 0.00000000e+00 0.00000000e+00
 1.21304415e-01 1.94192991e-01 0.00000000e+00 1.82316499e-03
 7.61641115e-02]

rule17: 2.130 < superplasticizer < 6.192
probabilities_array:[0.05113418 0.         0.02650473 0.19424492 0.06019345 0.07589328
 0.         0.14551185 0.22044718 0.04294867 0.         0.1389501
 0.04417155]

rule29: 2.444 < age < 44.893
probabilities_array:[0.16622461 0.17784616 0.1427242  0.18906876 0.04724365 0.04424919
 0.14325964 0.03872881 0.02152641 0.01088217 0.01615369 0.
 0.00209271]


---5---
rule20: coarse_aggregate < 918.677
probabilities_array:[0.01131302 0.01659784 0.         0.         0.01638837 0.2167736
 0.         0.         0.15087073 0.00134156 0.23822765 0.28226346
 0.06622383]

rule10: 52.963 < fly_ash < 96.238
probabilities_array:[0.00188522 0.         0.11695114 0.1855199  0.07400075 0.18909135
 0.10117531 0.         0.07074805 0.21678193 0.01598706 0.
 0.02785933]

rule7: blast_furnace_slag > 134.193
probabilities_array:[0.         0.         0.         0.18189904 0.10123121 0.19461712
 0.009953   0.11451947 0.06015759 0.03143714 0.01469805 0.2221664
 0.06932096]

rule1: 210.184 < cement < 281.852
probabilities_array:[1.27292380e-01 8.61496665e-06 2.28379011e-01 1.76318781e-03
 6.23462982e-02 1.86725840e-01 0.00000000e+00 0.00000000e+00
 1.21304415e-01 1.94192991e-01 0.00000000e+00 1.82316499e-03
 7.61641115e-02]

rule25: 718.743 < fine_aggregate < 773.345
probabilities_array:[0.         0.00250586 0.01033842 0.01042603 0.00222427 0.17001832
 0.01117801 0.1267179  0.         0.24769825 0.18847328 0.20888238
 0.02153737]

rule15: water > 196.050
probabilities_array:[2.1242395e-01 7.5097000e-03 1.3438022e-01 4.5890436e-02 1.7790420e-01
 1.6141084e-01 1.3926166e-01 9.1293402e-02 8.8851703e-03 1.0641863e-02
 8.9823548e-03 2.0020801e-04 1.2159699e-03]

rule19: superplasticizer > 10.254
probabilities_array:[0.         0.03345606 0.         0.         0.00244321 0.16632769
 0.15569851 0.01749878 0.00470926 0.11361168 0.18567677 0.27046475
 0.05011332]

rule2: 281.852 < cement < 353.521
probabilities_array:[0.         0.11829367 0.04820589 0.04416506 0.09601584 0.12744877
 0.03087386 0.08609033 0.18131489 0.12915397 0.06255033 0.05798869
 0.01789865]

rule31: age > 87.341
probabilities_array:[0.         0.         0.01927416 0.00985036 0.01020652 0.12468762
 0.00896409 0.1820292  0.07688402 0.16446407 0.20435005 0.19162498
 0.00766494]

rule6: 75.031 < blast_furnace_slag < 134.193
probabilities_array:[0.0346222  0.04016439 0.004295   0.0121595  0.         0.10059547
 0.10002818 0.18442367 0.19896346 0.12683916 0.04108122 0.13767776
 0.01914999]

rule0: cement < 210.184
probabilities_array:[0.21711783 0.21110734 0.14443389 0.08533512 0.08029646 0.09436227
 0.02614909 0.01450233 0.04846071 0.06319014 0.01504482 0.
 0.        ]

rule5: 15.869 < blast_furnace_slag < 75.031
probabilities_array:[0.00744475 0.         0.10650431 0.00313553 0.01936505 0.09389905
 0.05414357 0.03831704 0.         0.19410563 0.20018901 0.25444478
 0.02845116]

rule13: 167.431 < water < 181.740
probabilities_array:[0.04053323 0.06752155 0.05033062 0.02375778 0.         0.08679947
 0.21271777 0.07887884 0.04037132 0.20516625 0.         0.18490918
 0.00901402]

rule8: fly_ash < 9.688
probabilities_array:[8.4727362e-02 0.0000000e+00 1.0243762e-02 0.0000000e+00 0.0000000e+00
 9.6240267e-02 0.0000000e+00 4.2084362e-03 6.3810878e-02 2.3235261e-04
 2.9608068e-01 2.8262615e-01 1.6183016e-01]

rule17: 2.130 < superplasticizer < 6.192
probabilities_array:[0.05113418 0.         0.02650473 0.19424492 0.06019345 0.07589328
 0.         0.14551185 0.22044718 0.04294867 0.         0.1389501
 0.04417155]

rule14: 181.740 < water < 196.050
probabilities_array:[0.13993797 0.04297066 0.07715812 0.10062826 0.2752138  0.07311388
 0.         0.18909197 0.07865548 0.00483276 0.         0.
 0.0183971 ]

rule29: 2.444 < age < 44.893
probabilities_array:[0.16622461 0.17784616 0.1427242  0.18906876 0.04724365 0.04424919
 0.14325964 0.03872881 0.02152641 0.01088217 0.01615369 0.
 0.00209271]


---6---
rule13: 167.431 < water < 181.740
probabilities_array:[0.04053323 0.06752155 0.05033062 0.02375778 0.         0.08679947
 0.21271777 0.07887884 0.04037132 0.20516625 0.         0.18490918
 0.00901402]

rule22: 970.986 < coarse_aggregate < 1023.294
probabilities_array:[0.         0.05969813 0.08347364 0.11414714 0.00555822 0.
 0.19901347 0.08045141 0.1626313  0.1322706  0.0704982  0.0316485
 0.06060922]

rule21: 918.677 < coarse_aggregate < 970.986
probabilities_array:[0.         0.04781596 0.         0.04371285 0.14123571 0.01539462
 0.17760457 0.02904909 0.00998608 0.19385655 0.10450603 0.16654629
 0.07029226]

rule19: superplasticizer > 10.254
probabilities_array:[0.         0.03345606 0.         0.         0.00244321 0.16632769
 0.15569851 0.01749878 0.00470926 0.11361168 0.18567677 0.27046475
 0.05011332]

rule29: 2.444 < age < 44.893
probabilities_array:[0.16622461 0.17784616 0.1427242  0.18906876 0.04724365 0.04424919
 0.14325964 0.03872881 0.02152641 0.01088217 0.01615369 0.
 0.00209271]

rule15: water > 196.050
probabilities_array:[2.1242395e-01 7.5097000e-03 1.3438022e-01 4.5890436e-02 1.7790420e-01
 1.6141084e-01 1.3926166e-01 9.1293402e-02 8.8851703e-03 1.0641863e-02
 8.9823548e-03 2.0020801e-04 1.2159699e-03]

rule10: 52.963 < fly_ash < 96.238
probabilities_array:[0.00188522 0.         0.11695114 0.1855199  0.07400075 0.18909135
 0.10117531 0.         0.07074805 0.21678193 0.01598706 0.
 0.02785933]

rule6: 75.031 < blast_furnace_slag < 134.193
probabilities_array:[0.0346222  0.04016439 0.004295   0.0121595  0.         0.10059547
 0.10002818 0.18442367 0.19896346 0.12683916 0.04108122 0.13767776
 0.01914999]

rule24: fine_aggregate < 718.743
probabilities_array:[0.00160615 0.02371895 0.00575649 0.01421638 0.03107128 0.
 0.08989222 0.05300685 0.19027336 0.13883165 0.17462623 0.2635192
 0.01348127]

rule11: fly_ash > 96.238
probabilities_array:[0.07456129 0.18778431 0.         0.09498176 0.21001837 0.
 0.07005417 0.06470572 0.06506924 0.00236657 0.15914823 0.01989329
 0.05141703]

rule3: cement > 353.521
probabilities_array:[0.0000000e+00 0.0000000e+00 0.0000000e+00 9.7814448e-02 0.0000000e+00
 2.1094817e-04 6.4858317e-02 2.1819365e-01 0.0000000e+00 4.1357833e-03
 2.2501023e-01 2.5474116e-01 1.3503553e-01]

rule5: 15.869 < blast_furnace_slag < 75.031
probabilities_array:[0.00744475 0.         0.10650431 0.00313553 0.01936505 0.09389905
 0.05414357 0.03831704 0.         0.19410563 0.20018901 0.25444478
 0.02845116]

rule18: 6.192 < superplasticizer < 10.254
probabilities_array:[0.03553052 0.00246666 0.12178453 0.08139917 0.14412479 0.
 0.05218655 0.12565331 0.14462915 0.03959137 0.18534222 0.0491891
 0.0181027 ]


---7---
rule3: cement > 353.521
probabilities_array:[0.0000000e+00 0.0000000e+00 0.0000000e+00 9.7814448e-02 0.0000000e+00
 2.1094817e-04 6.4858317e-02 2.1819365e-01 0.0000000e+00 4.1357833e-03
 2.2501023e-01 2.5474116e-01 1.3503553e-01]

rule14: 181.740 < water < 196.050
probabilities_array:[0.13993797 0.04297066 0.07715812 0.10062826 0.2752138  0.07311388
 0.         0.18909197 0.07865548 0.00483276 0.         0.
 0.0183971 ]

rule6: 75.031 < blast_furnace_slag < 134.193
probabilities_array:[0.0346222  0.04016439 0.004295   0.0121595  0.         0.10059547
 0.10002818 0.18442367 0.19896346 0.12683916 0.04108122 0.13767776
 0.01914999]

rule31: age > 87.341
probabilities_array:[0.         0.         0.01927416 0.00985036 0.01020652 0.12468762
 0.00896409 0.1820292  0.07688402 0.16446407 0.20435005 0.19162498
 0.00766494]

rule17: 2.130 < superplasticizer < 6.192
probabilities_array:[0.05113418 0.         0.02650473 0.19424492 0.06019345 0.07589328
 0.         0.14551185 0.22044718 0.04294867 0.         0.1389501
 0.04417155]

rule26: 773.345 < fine_aggregate < 827.947
probabilities_array:[0.00591177 0.04041144 0.0781145  0.07485604 0.19391689 0.0089999
 0.         0.15081875 0.16052385 0.01517973 0.         0.18850672
 0.08276043]

rule25: 718.743 < fine_aggregate < 773.345
probabilities_array:[0.         0.00250586 0.01033842 0.01042603 0.00222427 0.17001832
 0.01117801 0.1267179  0.         0.24769825 0.18847328 0.20888238
 0.02153737]

rule18: 6.192 < superplasticizer < 10.254
probabilities_array:[0.03553052 0.00246666 0.12178453 0.08139917 0.14412479 0.
 0.05218655 0.12565331 0.14462915 0.03959137 0.18534222 0.0491891
 0.0181027 ]

rule7: blast_furnace_slag > 134.193
probabilities_array:[0.         0.         0.         0.18189904 0.10123121 0.19461712
 0.009953   0.11451947 0.06015759 0.03143714 0.01469805 0.2221664
 0.06932096]

rule15: water > 196.050
probabilities_array:[2.1242395e-01 7.5097000e-03 1.3438022e-01 4.5890436e-02 1.7790420e-01
 1.6141084e-01 1.3926166e-01 9.1293402e-02 8.8851703e-03 1.0641863e-02
 8.9823548e-03 2.0020801e-04 1.2159699e-03]

rule2: 281.852 < cement < 353.521
probabilities_array:[0.         0.11829367 0.04820589 0.04416506 0.09601584 0.12744877
 0.03087386 0.08609033 0.18131489 0.12915397 0.06255033 0.05798869
 0.01789865]

rule13: 167.431 < water < 181.740
probabilities_array:[0.04053323 0.06752155 0.05033062 0.02375778 0.         0.08679947
 0.21271777 0.07887884 0.04037132 0.20516625 0.         0.18490918
 0.00901402]

rule22: 970.986 < coarse_aggregate < 1023.294
probabilities_array:[0.         0.05969813 0.08347364 0.11414714 0.00555822 0.
 0.19901347 0.08045141 0.1626313  0.1322706  0.0704982  0.0316485
 0.06060922]

rule23: coarse_aggregate > 1023.294
probabilities_array:[0.09985694 0.         0.14277871 0.19253585 0.         0.
 0.         0.07777811 0.07422348 0.1329368  0.04938077 0.16986206
 0.06064735]

rule9: 9.688 < fly_ash < 52.963
probabilities_array:[0.17373647 0.         0.14764665 0.         0.2984707  0.
 0.         0.06927107 0.03576119 0.14238338 0.01080805 0.08759943
 0.034323  ]

rule11: fly_ash > 96.238
probabilities_array:[0.07456129 0.18778431 0.         0.09498176 0.21001837 0.
 0.07005417 0.06470572 0.06506924 0.00236657 0.15914823 0.01989329
 0.05141703]

rule24: fine_aggregate < 718.743
probabilities_array:[0.00160615 0.02371895 0.00575649 0.01421638 0.03107128 0.
 0.08989222 0.05300685 0.19027336 0.13883165 0.17462623 0.2635192
 0.01348127]


---8---
rule17: 2.130 < superplasticizer < 6.192
probabilities_array:[0.05113418 0.         0.02650473 0.19424492 0.06019345 0.07589328
 0.         0.14551185 0.22044718 0.04294867 0.         0.1389501
 0.04417155]

rule27: fine_aggregate > 827.947
probabilities_array:[0.25938925 0.02440942 0.08372065 0.21607181 0.02508333 0.0036489
 0.02190405 0.00613549 0.22721502 0.         0.         0.
 0.13242207]

rule6: 75.031 < blast_furnace_slag < 134.193
probabilities_array:[0.0346222  0.04016439 0.004295   0.0121595  0.         0.10059547
 0.10002818 0.18442367 0.19896346 0.12683916 0.04108122 0.13767776
 0.01914999]

rule24: fine_aggregate < 718.743
probabilities_array:[0.00160615 0.02371895 0.00575649 0.01421638 0.03107128 0.
 0.08989222 0.05300685 0.19027336 0.13883165 0.17462623 0.2635192
 0.01348127]

rule2: 281.852 < cement < 353.521
probabilities_array:[0.         0.11829367 0.04820589 0.04416506 0.09601584 0.12744877
 0.03087386 0.08609033 0.18131489 0.12915397 0.06255033 0.05798869
 0.01789865]

rule22: 970.986 < coarse_aggregate < 1023.294
probabilities_array:[0.         0.05969813 0.08347364 0.11414714 0.00555822 0.
 0.19901347 0.08045141 0.1626313  0.1322706  0.0704982  0.0316485
 0.06060922]

rule26: 773.345 < fine_aggregate < 827.947
probabilities_array:[0.00591177 0.04041144 0.0781145  0.07485604 0.19391689 0.0089999
 0.         0.15081875 0.16052385 0.01517973 0.         0.18850672
 0.08276043]

rule18: 6.192 < superplasticizer < 10.254
probabilities_array:[0.03553052 0.00246666 0.12178453 0.08139917 0.14412479 0.
 0.05218655 0.12565331 0.14462915 0.03959137 0.18534222 0.0491891
 0.0181027 ]

rule20: coarse_aggregate < 918.677
probabilities_array:[0.01131302 0.01659784 0.         0.         0.01638837 0.2167736
 0.         0.         0.15087073 0.00134156 0.23822765 0.28226346
 0.06622383]

rule1: 210.184 < cement < 281.852
probabilities_array:[1.27292380e-01 8.61496665e-06 2.28379011e-01 1.76318781e-03
 6.23462982e-02 1.86725840e-01 0.00000000e+00 0.00000000e+00
 1.21304415e-01 1.94192991e-01 0.00000000e+00 1.82316499e-03
 7.61641115e-02]

rule4: blast_furnace_slag < 15.869
probabilities_array:[0.07808887 0.2638505  0.11800577 0.         0.10558714 0.
 0.00317327 0.         0.1164085  0.02129572 0.1745153  0.
 0.11907492]

rule30: 44.893 < age < 87.341
probabilities_array:[0.         0.         0.         0.         0.11168506 0.
 0.         0.         0.12228792 0.00548603 0.12286614 0.3046059
 0.33306897]

rule14: 181.740 < water < 196.050
probabilities_array:[0.13993797 0.04297066 0.07715812 0.10062826 0.2752138  0.07311388
 0.         0.18909197 0.07865548 0.00483276 0.         0.
 0.0183971 ]

rule31: age > 87.341
probabilities_array:[0.         0.         0.01927416 0.00985036 0.01020652 0.12468762
 0.00896409 0.1820292  0.07688402 0.16446407 0.20435005 0.19162498
 0.00766494]

rule12: water < 167.431
probabilities_array:[0.         0.03233588 0.         0.0010377  0.         0.
 0.00067585 0.00655884 0.09648066 0.14244722 0.24026068 0.26090747
 0.21929577]

rule23: coarse_aggregate > 1023.294
probabilities_array:[0.09985694 0.         0.14277871 0.19253585 0.         0.
 0.         0.07777811 0.07422348 0.1329368  0.04938077 0.16986206
 0.06064735]

rule10: 52.963 < fly_ash < 96.238
probabilities_array:[0.00188522 0.         0.11695114 0.1855199  0.07400075 0.18909135
 0.10117531 0.         0.07074805 0.21678193 0.01598706 0.
 0.02785933]

rule11: fly_ash > 96.238
probabilities_array:[0.07456129 0.18778431 0.         0.09498176 0.21001837 0.
 0.07005417 0.06470572 0.06506924 0.00236657 0.15914823 0.01989329
 0.05141703]

rule7: blast_furnace_slag > 134.193
probabilities_array:[0.         0.         0.         0.18189904 0.10123121 0.19461712
 0.009953   0.11451947 0.06015759 0.03143714 0.01469805 0.2221664
 0.06932096]

rule8: fly_ash < 9.688
probabilities_array:[8.4727362e-02 0.0000000e+00 1.0243762e-02 0.0000000e+00 0.0000000e+00
 9.6240267e-02 0.0000000e+00 4.2084362e-03 6.3810878e-02 2.3235261e-04
 2.9608068e-01 2.8262615e-01 1.6183016e-01]

rule0: cement < 210.184
probabilities_array:[0.21711783 0.21110734 0.14443389 0.08533512 0.08029646 0.09436227
 0.02614909 0.01450233 0.04846071 0.06319014 0.01504482 0.
 0.        ]

rule13: 167.431 < water < 181.740
probabilities_array:[0.04053323 0.06752155 0.05033062 0.02375778 0.         0.08679947
 0.21271777 0.07887884 0.04037132 0.20516625 0.         0.18490918
 0.00901402]


---9---
rule25: 718.743 < fine_aggregate < 773.345
probabilities_array:[0.         0.00250586 0.01033842 0.01042603 0.00222427 0.17001832
 0.01117801 0.1267179  0.         0.24769825 0.18847328 0.20888238
 0.02153737]

rule10: 52.963 < fly_ash < 96.238
probabilities_array:[0.00188522 0.         0.11695114 0.1855199  0.07400075 0.18909135
 0.10117531 0.         0.07074805 0.21678193 0.01598706 0.
 0.02785933]

rule13: 167.431 < water < 181.740
probabilities_array:[0.04053323 0.06752155 0.05033062 0.02375778 0.         0.08679947
 0.21271777 0.07887884 0.04037132 0.20516625 0.         0.18490918
 0.00901402]

rule5: 15.869 < blast_furnace_slag < 75.031
probabilities_array:[0.00744475 0.         0.10650431 0.00313553 0.01936505 0.09389905
 0.05414357 0.03831704 0.         0.19410563 0.20018901 0.25444478
 0.02845116]

rule16: superplasticizer < 2.130
probabilities_array:[0.17030784 0.2514125  0.1645134  0.02755889 0.02265481 0.0340096
 0.00138137 0.03474799 0.         0.1943774  0.04418427 0.
 0.05485184]

rule21: 918.677 < coarse_aggregate < 970.986
probabilities_array:[0.         0.04781596 0.         0.04371285 0.14123571 0.01539462
 0.17760457 0.02904909 0.00998608 0.19385655 0.10450603 0.16654629
 0.07029226]

rule1: 210.184 < cement < 281.852
probabilities_array:[1.27292380e-01 8.61496665e-06 2.28379011e-01 1.76318781e-03
 6.23462982e-02 1.86725840e-01 0.00000000e+00 0.00000000e+00
 1.21304415e-01 1.94192991e-01 0.00000000e+00 1.82316499e-03
 7.61641115e-02]

rule31: age > 87.341
probabilities_array:[0.         0.         0.01927416 0.00985036 0.01020652 0.12468762
 0.00896409 0.1820292  0.07688402 0.16446407 0.20435005 0.19162498
 0.00766494]

rule9: 9.688 < fly_ash < 52.963
probabilities_array:[0.17373647 0.         0.14764665 0.         0.2984707  0.
 0.         0.06927107 0.03576119 0.14238338 0.01080805 0.08759943
 0.034323  ]

rule24: fine_aggregate < 718.743
probabilities_array:[0.00160615 0.02371895 0.00575649 0.01421638 0.03107128 0.
 0.08989222 0.05300685 0.19027336 0.13883165 0.17462623 0.2635192
 0.01348127]

rule2: 281.852 < cement < 353.521
probabilities_array:[0.         0.11829367 0.04820589 0.04416506 0.09601584 0.12744877
 0.03087386 0.08609033 0.18131489 0.12915397 0.06255033 0.05798869
 0.01789865]

rule23: coarse_aggregate > 1023.294
probabilities_array:[0.09985694 0.         0.14277871 0.19253585 0.         0.
 0.         0.07777811 0.07422348 0.1329368  0.04938077 0.16986206
 0.06064735]

rule6: 75.031 < blast_furnace_slag < 134.193
probabilities_array:[0.0346222  0.04016439 0.004295   0.0121595  0.         0.10059547
 0.10002818 0.18442367 0.19896346 0.12683916 0.04108122 0.13767776
 0.01914999]

rule22: 970.986 < coarse_aggregate < 1023.294
probabilities_array:[0.         0.05969813 0.08347364 0.11414714 0.00555822 0.
 0.19901347 0.08045141 0.1626313  0.1322706  0.0704982  0.0316485
 0.06060922]

rule12: water < 167.431
probabilities_array:[0.         0.03233588 0.         0.0010377  0.         0.
 0.00067585 0.00655884 0.09648066 0.14244722 0.24026068 0.26090747
 0.21929577]

rule19: superplasticizer > 10.254
probabilities_array:[0.         0.03345606 0.         0.         0.00244321 0.16632769
 0.15569851 0.01749878 0.00470926 0.11361168 0.18567677 0.27046475
 0.05011332]

rule0: cement < 210.184
probabilities_array:[0.21711783 0.21110734 0.14443389 0.08533512 0.08029646 0.09436227
 0.02614909 0.01450233 0.04846071 0.06319014 0.01504482 0.
 0.        ]

rule17: 2.130 < superplasticizer < 6.192
probabilities_array:[0.05113418 0.         0.02650473 0.19424492 0.06019345 0.07589328
 0.         0.14551185 0.22044718 0.04294867 0.         0.1389501
 0.04417155]


---10---
rule8: fly_ash < 9.688
probabilities_array:[8.4727362e-02 0.0000000e+00 1.0243762e-02 0.0000000e+00 0.0000000e+00
 9.6240267e-02 0.0000000e+00 4.2084362e-03 6.3810878e-02 2.3235261e-04
 2.9608068e-01 2.8262615e-01 1.6183016e-01]

rule20: coarse_aggregate < 918.677
probabilities_array:[0.01131302 0.01659784 0.         0.         0.01638837 0.2167736
 0.         0.         0.15087073 0.00134156 0.23822765 0.28226346
 0.06622383]

rule31: age > 87.341
probabilities_array:[0.         0.         0.01927416 0.00985036 0.01020652 0.12468762
 0.00896409 0.1820292  0.07688402 0.16446407 0.20435005 0.19162498
 0.00766494]

rule3: cement > 353.521
probabilities_array:[0.0000000e+00 0.0000000e+00 0.0000000e+00 9.7814448e-02 0.0000000e+00
 2.1094817e-04 6.4858317e-02 2.1819365e-01 0.0000000e+00 4.1357833e-03
 2.2501023e-01 2.5474116e-01 1.3503553e-01]

rule5: 15.869 < blast_furnace_slag < 75.031
probabilities_array:[0.00744475 0.         0.10650431 0.00313553 0.01936505 0.09389905
 0.05414357 0.03831704 0.         0.19410563 0.20018901 0.25444478
 0.02845116]

rule12: water < 167.431
probabilities_array:[0.         0.03233588 0.         0.0010377  0.         0.
 0.00067585 0.00655884 0.09648066 0.14244722 0.24026068 0.26090747
 0.21929577]

rule25: 718.743 < fine_aggregate < 773.345
probabilities_array:[0.         0.00250586 0.01033842 0.01042603 0.00222427 0.17001832
 0.01117801 0.1267179  0.         0.24769825 0.18847328 0.20888238
 0.02153737]

rule18: 6.192 < superplasticizer < 10.254
probabilities_array:[0.03553052 0.00246666 0.12178453 0.08139917 0.14412479 0.
 0.05218655 0.12565331 0.14462915 0.03959137 0.18534222 0.0491891
 0.0181027 ]

rule19: superplasticizer > 10.254
probabilities_array:[0.         0.03345606 0.         0.         0.00244321 0.16632769
 0.15569851 0.01749878 0.00470926 0.11361168 0.18567677 0.27046475
 0.05011332]

rule24: fine_aggregate < 718.743
probabilities_array:[0.00160615 0.02371895 0.00575649 0.01421638 0.03107128 0.
 0.08989222 0.05300685 0.19027336 0.13883165 0.17462623 0.2635192
 0.01348127]

rule4: blast_furnace_slag < 15.869
probabilities_array:[0.07808887 0.2638505  0.11800577 0.         0.10558714 0.
 0.00317327 0.         0.1164085  0.02129572 0.1745153  0.
 0.11907492]

rule11: fly_ash > 96.238
probabilities_array:[0.07456129 0.18778431 0.         0.09498176 0.21001837 0.
 0.07005417 0.06470572 0.06506924 0.00236657 0.15914823 0.01989329
 0.05141703]

rule21: 918.677 < coarse_aggregate < 970.986
probabilities_array:[0.         0.04781596 0.         0.04371285 0.14123571 0.01539462
 0.17760457 0.02904909 0.00998608 0.19385655 0.10450603 0.16654629
 0.07029226]

rule30: 44.893 < age < 87.341
probabilities_array:[0.         0.         0.         0.         0.11168506 0.
 0.         0.         0.12228792 0.00548603 0.12286614 0.3046059
 0.33306897]

rule22: 970.986 < coarse_aggregate < 1023.294
probabilities_array:[0.         0.05969813 0.08347364 0.11414714 0.00555822 0.
 0.19901347 0.08045141 0.1626313  0.1322706  0.0704982  0.0316485
 0.06060922]

rule2: 281.852 < cement < 353.521
probabilities_array:[0.         0.11829367 0.04820589 0.04416506 0.09601584 0.12744877
 0.03087386 0.08609033 0.18131489 0.12915397 0.06255033 0.05798869
 0.01789865]

rule23: coarse_aggregate > 1023.294
probabilities_array:[0.09985694 0.         0.14277871 0.19253585 0.         0.
 0.         0.07777811 0.07422348 0.1329368  0.04938077 0.16986206
 0.06064735]

rule16: superplasticizer < 2.130
probabilities_array:[0.17030784 0.2514125  0.1645134  0.02755889 0.02265481 0.0340096
 0.00138137 0.03474799 0.         0.1943774  0.04418427 0.
 0.05485184]

rule6: 75.031 < blast_furnace_slag < 134.193
probabilities_array:[0.0346222  0.04016439 0.004295   0.0121595  0.         0.10059547
 0.10002818 0.18442367 0.19896346 0.12683916 0.04108122 0.13767776
 0.01914999]


---11---
rule20: coarse_aggregate < 918.677
probabilities_array:[0.01131302 0.01659784 0.         0.         0.01638837 0.2167736
 0.         0.         0.15087073 0.00134156 0.23822765 0.28226346
 0.06622383]

rule24: fine_aggregate < 718.743
probabilities_array:[0.00160615 0.02371895 0.00575649 0.01421638 0.03107128 0.
 0.08989222 0.05300685 0.19027336 0.13883165 0.17462623 0.2635192
 0.01348127]

rule19: superplasticizer > 10.254
probabilities_array:[0.         0.03345606 0.         0.         0.00244321 0.16632769
 0.15569851 0.01749878 0.00470926 0.11361168 0.18567677 0.27046475
 0.05011332]

rule5: 15.869 < blast_furnace_slag < 75.031
probabilities_array:[0.00744475 0.         0.10650431 0.00313553 0.01936505 0.09389905
 0.05414357 0.03831704 0.         0.19410563 0.20018901 0.25444478
 0.02845116]

rule8: fly_ash < 9.688
probabilities_array:[8.4727362e-02 0.0000000e+00 1.0243762e-02 0.0000000e+00 0.0000000e+00
 9.6240267e-02 0.0000000e+00 4.2084362e-03 6.3810878e-02 2.3235261e-04
 2.9608068e-01 2.8262615e-01 1.6183016e-01]

rule3: cement > 353.521
probabilities_array:[0.0000000e+00 0.0000000e+00 0.0000000e+00 9.7814448e-02 0.0000000e+00
 2.1094817e-04 6.4858317e-02 2.1819365e-01 0.0000000e+00 4.1357833e-03
 2.2501023e-01 2.5474116e-01 1.3503553e-01]

rule7: blast_furnace_slag > 134.193
probabilities_array:[0.         0.         0.         0.18189904 0.10123121 0.19461712
 0.009953   0.11451947 0.06015759 0.03143714 0.01469805 0.2221664
 0.06932096]

rule25: 718.743 < fine_aggregate < 773.345
probabilities_array:[0.         0.00250586 0.01033842 0.01042603 0.00222427 0.17001832
 0.01117801 0.1267179  0.         0.24769825 0.18847328 0.20888238
 0.02153737]

rule12: water < 167.431
probabilities_array:[0.         0.03233588 0.         0.0010377  0.         0.
 0.00067585 0.00655884 0.09648066 0.14244722 0.24026068 0.26090747
 0.21929577]

rule30: 44.893 < age < 87.341
probabilities_array:[0.         0.         0.         0.         0.11168506 0.
 0.         0.         0.12228792 0.00548603 0.12286614 0.3046059
 0.33306897]

rule31: age > 87.341
probabilities_array:[0.         0.         0.01927416 0.00985036 0.01020652 0.12468762
 0.00896409 0.1820292  0.07688402 0.16446407 0.20435005 0.19162498
 0.00766494]

rule13: 167.431 < water < 181.740
probabilities_array:[0.04053323 0.06752155 0.05033062 0.02375778 0.         0.08679947
 0.21271777 0.07887884 0.04037132 0.20516625 0.         0.18490918
 0.00901402]

rule26: 773.345 < fine_aggregate < 827.947
probabilities_array:[0.00591177 0.04041144 0.0781145  0.07485604 0.19391689 0.0089999
 0.         0.15081875 0.16052385 0.01517973 0.         0.18850672
 0.08276043]

rule23: coarse_aggregate > 1023.294
probabilities_array:[0.09985694 0.         0.14277871 0.19253585 0.         0.
 0.         0.07777811 0.07422348 0.1329368  0.04938077 0.16986206
 0.06064735]

rule21: 918.677 < coarse_aggregate < 970.986
probabilities_array:[0.         0.04781596 0.         0.04371285 0.14123571 0.01539462
 0.17760457 0.02904909 0.00998608 0.19385655 0.10450603 0.16654629
 0.07029226]

rule6: 75.031 < blast_furnace_slag < 134.193
probabilities_array:[0.0346222  0.04016439 0.004295   0.0121595  0.         0.10059547
 0.10002818 0.18442367 0.19896346 0.12683916 0.04108122 0.13767776
 0.01914999]

rule17: 2.130 < superplasticizer < 6.192
probabilities_array:[0.05113418 0.         0.02650473 0.19424492 0.06019345 0.07589328
 0.         0.14551185 0.22044718 0.04294867 0.         0.1389501
 0.04417155]

rule9: 9.688 < fly_ash < 52.963
probabilities_array:[0.17373647 0.         0.14764665 0.         0.2984707  0.
 0.         0.06927107 0.03576119 0.14238338 0.01080805 0.08759943
 0.034323  ]

rule2: 281.852 < cement < 353.521
probabilities_array:[0.         0.11829367 0.04820589 0.04416506 0.09601584 0.12744877
 0.03087386 0.08609033 0.18131489 0.12915397 0.06255033 0.05798869
 0.01789865]

rule18: 6.192 < superplasticizer < 10.254
probabilities_array:[0.03553052 0.00246666 0.12178453 0.08139917 0.14412479 0.
 0.05218655 0.12565331 0.14462915 0.03959137 0.18534222 0.0491891
 0.0181027 ]

