R2: -2.3260643398033984


MAE: 12.67330327454586


MSE: 932.1842300814243


Accuracy: 0.2561668070493835


F1: 0.27058823529411763


Most important rules
-----------------------------

---0---
rule0: cement < 211.377
probabilities_array:[0.23659009 0.20351435 0.16791497 0.01906271 0.10448073 0.08153191
 0.09066892 0.00561116 0.03140635 0.03024174 0.0269751  0.
 0.00200205]

rule15: water > 195.994
probabilities_array:[0.23426631 0.06497706 0.21533258 0.06353392 0.12416995 0.2218204
 0.00686519 0.0376183  0.         0.0058265  0.02239954 0.
 0.00319022]

rule27: fine_aggregate > 826.222
probabilities_array:[0.2635065  0.08662908 0.03492282 0.12552597 0.02298107 0.
 0.         0.         0.29077193 0.         0.03980856 0.
 0.13585417]

rule28: age < 3.045
probabilities_array:[0.27821326 0.26827046 0.         0.         0.         0.
 0.24546139 0.00320967 0.         0.         0.         0.
 0.2048452 ]

rule8: fly_ash < 11.630
probabilities_array:[0.2389974  0.07228456 0.05296887 0.         0.         0.00700055
 0.05240637 0.05703442 0.0112864  0.         0.22852063 0.16329654
 0.1162042 ]

rule16: superplasticizer < 2.277
probabilities_array:[0.18803437 0.20995902 0.11788395 0.21542498 0.0151775  0.04512443
 0.         0.00234934 0.         0.15449479 0.         0.
 0.0515517 ]

rule14: 181.486 < water < 195.994
probabilities_array:[0.17665522 0.12551239 0.15188241 0.05793054 0.11964377 0.09925839
 0.02585234 0.13295062 0.0358968  0.00244369 0.01473988 0.05064248
 0.00659154]

rule11: fly_ash > 98.274
probabilities_array:[0.1303805  0.09546139 0.         0.15383832 0.21650164 0.00060638
 0.02292644 0.         0.16590057 0.0225336  0.08698259 0.05392724
 0.05094133]

rule4: blast_furnace_slag < 17.135
probabilities_array:[0.11666934 0.16125558 0.09446738 0.06869885 0.05047465 0.00858081
 0.19521281 0.         0.12670892 0.14324333 0.         0.
 0.03468828]

rule1: 211.377 < cement < 281.933
probabilities_array:[0.0979643  0.09628962 0.07391291 0.         0.07399229 0.17543072
 0.         0.13746144 0.13693169 0.12320893 0.03645536 0.0228582
 0.02549454]

rule26: 771.365 < fine_aggregate < 826.222
probabilities_array:[0.09124675 0.1064306  0.13524999 0.1365311  0.03609382 0.
 0.0805827  0.15776324 0.00829885 0.01480448 0.05669811 0.10323866
 0.07306176]

rule13: 166.979 < water < 181.486
probabilities_array:[0.08529238 0.05837991 0.06379151 0.07399077 0.02511765 0.08875864
 0.06675281 0.16681442 0.12193543 0.13285303 0.         0.10534609
 0.01096734]

rule23: coarse_aggregate > 1023.699
probabilities_array:[0.08713111 0.13425896 0.00632315 0.16611357 0.10582253 0.
 0.         0.05223303 0.03044465 0.         0.17962591 0.14122334
 0.09682376]

rule21: 919.011 < coarse_aggregate < 971.355
probabilities_array:[0.06753386 0.02362644 0.04428037 0.11147346 0.15307644 0.00565907
 0.23077641 0.10933341 0.         0.14577056 0.         0.06841145
 0.04005858]

rule18: 6.309 < superplasticizer < 10.341
probabilities_array:[0.06855042 0.02892571 0.15967557 0.09832224 0.01933879 0.
 0.00456068 0.         0.17031135 0.01364067 0.28302303 0.07277226
 0.08087938]

rule20: coarse_aggregate < 919.011
probabilities_array:[0.07081857 0.03093062 0.         0.         0.         0.20843065
 0.         0.         0.08099865 0.0290174  0.19684936 0.20690541
 0.17604938]

rule17: 2.277 < superplasticizer < 6.309
probabilities_array:[0.0542981  0.         0.13579468 0.17041071 0.02532779 0.07534575
 0.06448428 0.23181911 0.04080076 0.04450903 0.         0.14748082
 0.00972887]

rule6: 75.568 < blast_furnace_slag < 134.002
probabilities_array:[0.04547037 0.15135375 0.02077195 0.         0.02812283 0.04772417
 0.05001952 0.05683626 0.24322107 0.22265898 0.04611818 0.07549961
 0.01220325]


---1---
rule9: 11.630 < fly_ash < 54.952
probabilities_array:[0.         0.22841622 0.         0.         0.         0.
 0.         0.22119027 0.         0.         0.21907158 0.27922034
 0.0521016 ]

rule28: age < 3.045
probabilities_array:[0.27821326 0.26827046 0.         0.         0.         0.
 0.24546139 0.00320967 0.         0.         0.         0.
 0.2048452 ]

rule0: cement < 211.377
probabilities_array:[0.23659009 0.20351435 0.16791497 0.01906271 0.10448073 0.08153191
 0.09066892 0.00561116 0.03140635 0.03024174 0.0269751  0.
 0.00200205]

rule16: superplasticizer < 2.277
probabilities_array:[0.18803437 0.20995902 0.11788395 0.21542498 0.0151775  0.04512443
 0.         0.00234934 0.         0.15449479 0.         0.
 0.0515517 ]

rule4: blast_furnace_slag < 17.135
probabilities_array:[0.11666934 0.16125558 0.09446738 0.06869885 0.05047465 0.00858081
 0.19521281 0.         0.12670892 0.14324333 0.         0.
 0.03468828]

rule6: 75.568 < blast_furnace_slag < 134.002
probabilities_array:[0.04547037 0.15135375 0.02077195 0.         0.02812283 0.04772417
 0.05001952 0.05683626 0.24322107 0.22265898 0.04611818 0.07549961
 0.01220325]

rule14: 181.486 < water < 195.994
probabilities_array:[0.17665522 0.12551239 0.15188241 0.05793054 0.11964377 0.09925839
 0.02585234 0.13295062 0.0358968  0.00244369 0.01473988 0.05064248
 0.00659154]

rule19: superplasticizer > 10.341
probabilities_array:[0.01604314 0.12530793 0.         0.         0.0512135  0.21916513
 0.18055297 0.01290077 0.0534039  0.05169111 0.11277288 0.15597437
 0.02097436]

rule23: coarse_aggregate > 1023.699
probabilities_array:[0.08713111 0.13425896 0.00632315 0.16611357 0.10582253 0.
 0.         0.05223303 0.03044465 0.         0.17962591 0.14122334
 0.09682376]

rule26: 771.365 < fine_aggregate < 826.222
probabilities_array:[0.09124675 0.1064306  0.13524999 0.1365311  0.03609382 0.
 0.0805827  0.15776324 0.00829885 0.01480448 0.05669811 0.10323866
 0.07306176]

rule1: 211.377 < cement < 281.933
probabilities_array:[0.0979643  0.09628962 0.07391291 0.         0.07399229 0.17543072
 0.         0.13746144 0.13693169 0.12320893 0.03645536 0.0228582
 0.02549454]

rule22: 971.355 < coarse_aggregate < 1023.699
probabilities_array:[0.00312803 0.09816314 0.02537442 0.18650262 0.06290294 0.04979083
 0.1276244  0.19587952 0.         0.13770235 0.04445713 0.00925124
 0.05922334]

rule11: fly_ash > 98.274
probabilities_array:[0.1303805  0.09546139 0.         0.15383832 0.21650164 0.00060638
 0.02292644 0.         0.16590057 0.0225336  0.08698259 0.05392724
 0.05094133]

rule27: fine_aggregate > 826.222
probabilities_array:[0.2635065  0.08662908 0.03492282 0.12552597 0.02298107 0.
 0.         0.         0.29077193 0.         0.03980856 0.
 0.13585417]

rule15: water > 195.994
probabilities_array:[0.23426631 0.06497706 0.21533258 0.06353392 0.12416995 0.2218204
 0.00686519 0.0376183  0.         0.0058265  0.02239954 0.
 0.00319022]

rule8: fly_ash < 11.630
probabilities_array:[0.2389974  0.07228456 0.05296887 0.         0.         0.00700055
 0.05240637 0.05703442 0.0112864  0.         0.22852063 0.16329654
 0.1162042 ]

rule2: 281.933 < cement < 352.489
probabilities_array:[0.00042363 0.06089071 0.01345374 0.01151277 0.10602573 0.08304888
 0.2324771  0.08867791 0.08046839 0.09760878 0.11791851 0.10191441
 0.00557949]

rule13: 166.979 < water < 181.486
probabilities_array:[0.08529238 0.05837991 0.06379151 0.07399077 0.02511765 0.08875864
 0.06675281 0.16681442 0.12193543 0.13285303 0.         0.10534609
 0.01096734]


---2---
rule15: water > 195.994
probabilities_array:[0.23426631 0.06497706 0.21533258 0.06353392 0.12416995 0.2218204
 0.00686519 0.0376183  0.         0.0058265  0.02239954 0.
 0.00319022]

rule29: 3.045 < age < 44.439
probabilities_array:[0.         0.01372743 0.17917778 0.2008224  0.18756016 0.13340236
 0.02306492 0.07097548 0.02783011 0.07919364 0.04968217 0.01853407
 0.01602954]

rule0: cement < 211.377
probabilities_array:[0.23659009 0.20351435 0.16791497 0.01906271 0.10448073 0.08153191
 0.09066892 0.00561116 0.03140635 0.03024174 0.0269751  0.
 0.00200205]

rule14: 181.486 < water < 195.994
probabilities_array:[0.17665522 0.12551239 0.15188241 0.05793054 0.11964377 0.09925839
 0.02585234 0.13295062 0.0358968  0.00244369 0.01473988 0.05064248
 0.00659154]

rule18: 6.309 < superplasticizer < 10.341
probabilities_array:[0.06855042 0.02892571 0.15967557 0.09832224 0.01933879 0.
 0.00456068 0.         0.17031135 0.01364067 0.28302303 0.07277226
 0.08087938]

rule17: 2.277 < superplasticizer < 6.309
probabilities_array:[0.0542981  0.         0.13579468 0.17041071 0.02532779 0.07534575
 0.06448428 0.23181911 0.04080076 0.04450903 0.         0.14748082
 0.00972887]

rule26: 771.365 < fine_aggregate < 826.222
probabilities_array:[0.09124675 0.1064306  0.13524999 0.1365311  0.03609382 0.
 0.0805827  0.15776324 0.00829885 0.01480448 0.05669811 0.10323866
 0.07306176]

rule16: superplasticizer < 2.277
probabilities_array:[0.18803437 0.20995902 0.11788395 0.21542498 0.0151775  0.04512443
 0.         0.00234934 0.         0.15449479 0.         0.
 0.0515517 ]

rule4: blast_furnace_slag < 17.135
probabilities_array:[0.11666934 0.16125558 0.09446738 0.06869885 0.05047465 0.00858081
 0.19521281 0.         0.12670892 0.14324333 0.         0.
 0.03468828]

rule1: 211.377 < cement < 281.933
probabilities_array:[0.0979643  0.09628962 0.07391291 0.         0.07399229 0.17543072
 0.         0.13746144 0.13693169 0.12320893 0.03645536 0.0228582
 0.02549454]

rule13: 166.979 < water < 181.486
probabilities_array:[0.08529238 0.05837991 0.06379151 0.07399077 0.02511765 0.08875864
 0.06675281 0.16681442 0.12193543 0.13285303 0.         0.10534609
 0.01096734]

rule10: 54.952 < fly_ash < 98.274
probabilities_array:[0.014323   0.         0.05586623 0.23376869 0.04126955 0.15595266
 0.06582056 0.09430296 0.17406876 0.12914978 0.01322199 0.
 0.02225582]

rule8: fly_ash < 11.630
probabilities_array:[0.2389974  0.07228456 0.05296887 0.         0.         0.00700055
 0.05240637 0.05703442 0.0112864  0.         0.22852063 0.16329654
 0.1162042 ]

rule21: 919.011 < coarse_aggregate < 971.355
probabilities_array:[0.06753386 0.02362644 0.04428037 0.11147346 0.15307644 0.00565907
 0.23077641 0.10933341 0.         0.14577056 0.         0.06841145
 0.04005858]


---3---
rule10: 54.952 < fly_ash < 98.274
probabilities_array:[0.014323   0.         0.05586623 0.23376869 0.04126955 0.15595266
 0.06582056 0.09430296 0.17406876 0.12914978 0.01322199 0.
 0.02225582]

rule7: blast_furnace_slag > 134.002
probabilities_array:[0.00620122 0.01576944 0.01171845 0.2304705  0.14453667 0.13367786
 0.09639993 0.07720625 0.         0.         0.07424981 0.15398802
 0.05578186]

rule16: superplasticizer < 2.277
probabilities_array:[0.18803437 0.20995902 0.11788395 0.21542498 0.0151775  0.04512443
 0.         0.00234934 0.         0.15449479 0.         0.
 0.0515517 ]

rule29: 3.045 < age < 44.439
probabilities_array:[0.         0.01372743 0.17917778 0.2008224  0.18756016 0.13340236
 0.02306492 0.07097548 0.02783011 0.07919364 0.04968217 0.01853407
 0.01602954]

rule22: 971.355 < coarse_aggregate < 1023.699
probabilities_array:[0.00312803 0.09816314 0.02537442 0.18650262 0.06290294 0.04979083
 0.1276244  0.19587952 0.         0.13770235 0.04445713 0.00925124
 0.05922334]

rule17: 2.277 < superplasticizer < 6.309
probabilities_array:[0.0542981  0.         0.13579468 0.17041071 0.02532779 0.07534575
 0.06448428 0.23181911 0.04080076 0.04450903 0.         0.14748082
 0.00972887]

rule23: coarse_aggregate > 1023.699
probabilities_array:[0.08713111 0.13425896 0.00632315 0.16611357 0.10582253 0.
 0.         0.05223303 0.03044465 0.         0.17962591 0.14122334
 0.09682376]

rule11: fly_ash > 98.274
probabilities_array:[0.1303805  0.09546139 0.         0.15383832 0.21650164 0.00060638
 0.02292644 0.         0.16590057 0.0225336  0.08698259 0.05392724
 0.05094133]

rule26: 771.365 < fine_aggregate < 826.222
probabilities_array:[0.09124675 0.1064306  0.13524999 0.1365311  0.03609382 0.
 0.0805827  0.15776324 0.00829885 0.01480448 0.05669811 0.10323866
 0.07306176]

rule27: fine_aggregate > 826.222
probabilities_array:[0.2635065  0.08662908 0.03492282 0.12552597 0.02298107 0.
 0.         0.         0.29077193 0.         0.03980856 0.
 0.13585417]

rule21: 919.011 < coarse_aggregate < 971.355
probabilities_array:[0.06753386 0.02362644 0.04428037 0.11147346 0.15307644 0.00565907
 0.23077641 0.10933341 0.         0.14577056 0.         0.06841145
 0.04005858]

rule18: 6.309 < superplasticizer < 10.341
probabilities_array:[0.06855042 0.02892571 0.15967557 0.09832224 0.01933879 0.
 0.00456068 0.         0.17031135 0.01364067 0.28302303 0.07277226
 0.08087938]

rule13: 166.979 < water < 181.486
probabilities_array:[0.08529238 0.05837991 0.06379151 0.07399077 0.02511765 0.08875864
 0.06675281 0.16681442 0.12193543 0.13285303 0.         0.10534609
 0.01096734]

rule4: blast_furnace_slag < 17.135
probabilities_array:[0.11666934 0.16125558 0.09446738 0.06869885 0.05047465 0.00858081
 0.19521281 0.         0.12670892 0.14324333 0.         0.
 0.03468828]

rule15: water > 195.994
probabilities_array:[0.23426631 0.06497706 0.21533258 0.06353392 0.12416995 0.2218204
 0.00686519 0.0376183  0.         0.0058265  0.02239954 0.
 0.00319022]

rule14: 181.486 < water < 195.994
probabilities_array:[0.17665522 0.12551239 0.15188241 0.05793054 0.11964377 0.09925839
 0.02585234 0.13295062 0.0358968  0.00244369 0.01473988 0.05064248
 0.00659154]


---4---
rule11: fly_ash > 98.274
probabilities_array:[0.1303805  0.09546139 0.         0.15383832 0.21650164 0.00060638
 0.02292644 0.         0.16590057 0.0225336  0.08698259 0.05392724
 0.05094133]

rule29: 3.045 < age < 44.439
probabilities_array:[0.         0.01372743 0.17917778 0.2008224  0.18756016 0.13340236
 0.02306492 0.07097548 0.02783011 0.07919364 0.04968217 0.01853407
 0.01602954]

rule21: 919.011 < coarse_aggregate < 971.355
probabilities_array:[0.06753386 0.02362644 0.04428037 0.11147346 0.15307644 0.00565907
 0.23077641 0.10933341 0.         0.14577056 0.         0.06841145
 0.04005858]

rule7: blast_furnace_slag > 134.002
probabilities_array:[0.00620122 0.01576944 0.01171845 0.2304705  0.14453667 0.13367786
 0.09639993 0.07720625 0.         0.         0.07424981 0.15398802
 0.05578186]

rule15: water > 195.994
probabilities_array:[0.23426631 0.06497706 0.21533258 0.06353392 0.12416995 0.2218204
 0.00686519 0.0376183  0.         0.0058265  0.02239954 0.
 0.00319022]

rule14: 181.486 < water < 195.994
probabilities_array:[0.17665522 0.12551239 0.15188241 0.05793054 0.11964377 0.09925839
 0.02585234 0.13295062 0.0358968  0.00244369 0.01473988 0.05064248
 0.00659154]

rule2: 281.933 < cement < 352.489
probabilities_array:[0.00042363 0.06089071 0.01345374 0.01151277 0.10602573 0.08304888
 0.2324771  0.08867791 0.08046839 0.09760878 0.11791851 0.10191441
 0.00557949]

rule0: cement < 211.377
probabilities_array:[0.23659009 0.20351435 0.16791497 0.01906271 0.10448073 0.08153191
 0.09066892 0.00561116 0.03140635 0.03024174 0.0269751  0.
 0.00200205]

rule30: 44.439 < age < 85.833
probabilities_array:[0.         0.         0.01522536 0.         0.10901331 0.
 0.         0.06308962 0.23027724 0.09256452 0.17959012 0.22397223
 0.08626761]

rule23: coarse_aggregate > 1023.699
probabilities_array:[0.08713111 0.13425896 0.00632315 0.16611357 0.10582253 0.
 0.         0.05223303 0.03044465 0.         0.17962591 0.14122334
 0.09682376]

rule1: 211.377 < cement < 281.933
probabilities_array:[0.0979643  0.09628962 0.07391291 0.         0.07399229 0.17543072
 0.         0.13746144 0.13693169 0.12320893 0.03645536 0.0228582
 0.02549454]

rule22: 971.355 < coarse_aggregate < 1023.699
probabilities_array:[0.00312803 0.09816314 0.02537442 0.18650262 0.06290294 0.04979083
 0.1276244  0.19587952 0.         0.13770235 0.04445713 0.00925124
 0.05922334]

rule19: superplasticizer > 10.341
probabilities_array:[0.01604314 0.12530793 0.         0.         0.0512135  0.21916513
 0.18055297 0.01290077 0.0534039  0.05169111 0.11277288 0.15597437
 0.02097436]

rule31: age > 85.833
probabilities_array:[0.0000000e+00 1.3130684e-04 6.2985145e-03 2.0913983e-02 4.9327612e-02
 1.0807031e-01 6.8949282e-02 9.7696193e-02 1.0344633e-01 1.4749022e-01
 1.8794344e-01 2.0916560e-01 5.6721829e-04]

rule4: blast_furnace_slag < 17.135
probabilities_array:[0.11666934 0.16125558 0.09446738 0.06869885 0.05047465 0.00858081
 0.19521281 0.         0.12670892 0.14324333 0.         0.
 0.03468828]

rule10: 54.952 < fly_ash < 98.274
probabilities_array:[0.014323   0.         0.05586623 0.23376869 0.04126955 0.15595266
 0.06582056 0.09430296 0.17406876 0.12914978 0.01322199 0.
 0.02225582]


---5---
rule15: water > 195.994
probabilities_array:[0.23426631 0.06497706 0.21533258 0.06353392 0.12416995 0.2218204
 0.00686519 0.0376183  0.         0.0058265  0.02239954 0.
 0.00319022]

rule19: superplasticizer > 10.341
probabilities_array:[0.01604314 0.12530793 0.         0.         0.0512135  0.21916513
 0.18055297 0.01290077 0.0534039  0.05169111 0.11277288 0.15597437
 0.02097436]

rule25: 716.508 < fine_aggregate < 771.365
probabilities_array:[0.         0.         0.         0.         0.         0.25860748
 0.06243313 0.09766727 0.         0.21792074 0.         0.1863469
 0.17702444]

rule20: coarse_aggregate < 919.011
probabilities_array:[0.07081857 0.03093062 0.         0.         0.         0.20843065
 0.         0.         0.08099865 0.0290174  0.19684936 0.20690541
 0.17604938]

rule1: 211.377 < cement < 281.933
probabilities_array:[0.0979643  0.09628962 0.07391291 0.         0.07399229 0.17543072
 0.         0.13746144 0.13693169 0.12320893 0.03645536 0.0228582
 0.02549454]

rule10: 54.952 < fly_ash < 98.274
probabilities_array:[0.014323   0.         0.05586623 0.23376869 0.04126955 0.15595266
 0.06582056 0.09430296 0.17406876 0.12914978 0.01322199 0.
 0.02225582]

rule29: 3.045 < age < 44.439
probabilities_array:[0.         0.01372743 0.17917778 0.2008224  0.18756016 0.13340236
 0.02306492 0.07097548 0.02783011 0.07919364 0.04968217 0.01853407
 0.01602954]

rule7: blast_furnace_slag > 134.002
probabilities_array:[0.00620122 0.01576944 0.01171845 0.2304705  0.14453667 0.13367786
 0.09639993 0.07720625 0.         0.         0.07424981 0.15398802
 0.05578186]

rule31: age > 85.833
probabilities_array:[0.0000000e+00 1.3130684e-04 6.2985145e-03 2.0913983e-02 4.9327612e-02
 1.0807031e-01 6.8949282e-02 9.7696193e-02 1.0344633e-01 1.4749022e-01
 1.8794344e-01 2.0916560e-01 5.6721829e-04]

rule14: 181.486 < water < 195.994
probabilities_array:[0.17665522 0.12551239 0.15188241 0.05793054 0.11964377 0.09925839
 0.02585234 0.13295062 0.0358968  0.00244369 0.01473988 0.05064248
 0.00659154]

rule13: 166.979 < water < 181.486
probabilities_array:[0.08529238 0.05837991 0.06379151 0.07399077 0.02511765 0.08875864
 0.06675281 0.16681442 0.12193543 0.13285303 0.         0.10534609
 0.01096734]

rule2: 281.933 < cement < 352.489
probabilities_array:[0.00042363 0.06089071 0.01345374 0.01151277 0.10602573 0.08304888
 0.2324771  0.08867791 0.08046839 0.09760878 0.11791851 0.10191441
 0.00557949]

rule0: cement < 211.377
probabilities_array:[0.23659009 0.20351435 0.16791497 0.01906271 0.10448073 0.08153191
 0.09066892 0.00561116 0.03140635 0.03024174 0.0269751  0.
 0.00200205]

rule17: 2.277 < superplasticizer < 6.309
probabilities_array:[0.0542981  0.         0.13579468 0.17041071 0.02532779 0.07534575
 0.06448428 0.23181911 0.04080076 0.04450903 0.         0.14748082
 0.00972887]

rule6: 75.568 < blast_furnace_slag < 134.002
probabilities_array:[0.04547037 0.15135375 0.02077195 0.         0.02812283 0.04772417
 0.05001952 0.05683626 0.24322107 0.22265898 0.04611818 0.07549961
 0.01220325]

rule22: 971.355 < coarse_aggregate < 1023.699
probabilities_array:[0.00312803 0.09816314 0.02537442 0.18650262 0.06290294 0.04979083
 0.1276244  0.19587952 0.         0.13770235 0.04445713 0.00925124
 0.05922334]

rule16: superplasticizer < 2.277
probabilities_array:[0.18803437 0.20995902 0.11788395 0.21542498 0.0151775  0.04512443
 0.         0.00234934 0.         0.15449479 0.         0.
 0.0515517 ]


---6---
rule2: 281.933 < cement < 352.489
probabilities_array:[0.00042363 0.06089071 0.01345374 0.01151277 0.10602573 0.08304888
 0.2324771  0.08867791 0.08046839 0.09760878 0.11791851 0.10191441
 0.00557949]

rule21: 919.011 < coarse_aggregate < 971.355
probabilities_array:[0.06753386 0.02362644 0.04428037 0.11147346 0.15307644 0.00565907
 0.23077641 0.10933341 0.         0.14577056 0.         0.06841145
 0.04005858]

rule28: age < 3.045
probabilities_array:[0.27821326 0.26827046 0.         0.         0.         0.
 0.24546139 0.00320967 0.         0.         0.         0.
 0.2048452 ]

rule4: blast_furnace_slag < 17.135
probabilities_array:[0.11666934 0.16125558 0.09446738 0.06869885 0.05047465 0.00858081
 0.19521281 0.         0.12670892 0.14324333 0.         0.
 0.03468828]

rule19: superplasticizer > 10.341
probabilities_array:[0.01604314 0.12530793 0.         0.         0.0512135  0.21916513
 0.18055297 0.01290077 0.0534039  0.05169111 0.11277288 0.15597437
 0.02097436]

rule24: fine_aggregate < 716.508
probabilities_array:[0.01814103 0.01308674 0.00842579 0.0220769  0.         0.
 0.14589448 0.07764509 0.2385092  0.11708656 0.21339421 0.13244724
 0.0132928 ]

rule3: cement > 352.489
probabilities_array:[0.         0.01802665 0.         0.01328897 0.00633154 0.
 0.13767149 0.26618028 0.00764405 0.07492004 0.22009915 0.22634982
 0.02948805]

rule22: 971.355 < coarse_aggregate < 1023.699
probabilities_array:[0.00312803 0.09816314 0.02537442 0.18650262 0.06290294 0.04979083
 0.1276244  0.19587952 0.         0.13770235 0.04445713 0.00925124
 0.05922334]

rule12: water < 166.979
probabilities_array:[0.         0.         0.         0.00470115 0.         0.
 0.13134906 0.0108778  0.00655239 0.21756777 0.23575693 0.21663876
 0.17655611]

rule7: blast_furnace_slag > 134.002
probabilities_array:[0.00620122 0.01576944 0.01171845 0.2304705  0.14453667 0.13367786
 0.09639993 0.07720625 0.         0.         0.07424981 0.15398802
 0.05578186]

rule0: cement < 211.377
probabilities_array:[0.23659009 0.20351435 0.16791497 0.01906271 0.10448073 0.08153191
 0.09066892 0.00561116 0.03140635 0.03024174 0.0269751  0.
 0.00200205]

rule26: 771.365 < fine_aggregate < 826.222
probabilities_array:[0.09124675 0.1064306  0.13524999 0.1365311  0.03609382 0.
 0.0805827  0.15776324 0.00829885 0.01480448 0.05669811 0.10323866
 0.07306176]

rule31: age > 85.833
probabilities_array:[0.0000000e+00 1.3130684e-04 6.2985145e-03 2.0913983e-02 4.9327612e-02
 1.0807031e-01 6.8949282e-02 9.7696193e-02 1.0344633e-01 1.4749022e-01
 1.8794344e-01 2.0916560e-01 5.6721829e-04]

rule13: 166.979 < water < 181.486
probabilities_array:[0.08529238 0.05837991 0.06379151 0.07399077 0.02511765 0.08875864
 0.06675281 0.16681442 0.12193543 0.13285303 0.         0.10534609
 0.01096734]

rule10: 54.952 < fly_ash < 98.274
probabilities_array:[0.014323   0.         0.05586623 0.23376869 0.04126955 0.15595266
 0.06582056 0.09430296 0.17406876 0.12914978 0.01322199 0.
 0.02225582]

rule17: 2.277 < superplasticizer < 6.309
probabilities_array:[0.0542981  0.         0.13579468 0.17041071 0.02532779 0.07534575
 0.06448428 0.23181911 0.04080076 0.04450903 0.         0.14748082
 0.00972887]

rule25: 716.508 < fine_aggregate < 771.365
probabilities_array:[0.         0.         0.         0.         0.         0.25860748
 0.06243313 0.09766727 0.         0.21792074 0.         0.1863469
 0.17702444]

rule6: 75.568 < blast_furnace_slag < 134.002
probabilities_array:[0.04547037 0.15135375 0.02077195 0.         0.02812283 0.04772417
 0.05001952 0.05683626 0.24322107 0.22265898 0.04611818 0.07549961
 0.01220325]

rule8: fly_ash < 11.630
probabilities_array:[0.2389974  0.07228456 0.05296887 0.         0.         0.00700055
 0.05240637 0.05703442 0.0112864  0.         0.22852063 0.16329654
 0.1162042 ]


---7---
rule3: cement > 352.489
probabilities_array:[0.         0.01802665 0.         0.01328897 0.00633154 0.
 0.13767149 0.26618028 0.00764405 0.07492004 0.22009915 0.22634982
 0.02948805]

rule17: 2.277 < superplasticizer < 6.309
probabilities_array:[0.0542981  0.         0.13579468 0.17041071 0.02532779 0.07534575
 0.06448428 0.23181911 0.04080076 0.04450903 0.         0.14748082
 0.00972887]

rule9: 11.630 < fly_ash < 54.952
probabilities_array:[0.         0.22841622 0.         0.         0.         0.
 0.         0.22119027 0.         0.         0.21907158 0.27922034
 0.0521016 ]

rule22: 971.355 < coarse_aggregate < 1023.699
probabilities_array:[0.00312803 0.09816314 0.02537442 0.18650262 0.06290294 0.04979083
 0.1276244  0.19587952 0.         0.13770235 0.04445713 0.00925124
 0.05922334]

rule13: 166.979 < water < 181.486
probabilities_array:[0.08529238 0.05837991 0.06379151 0.07399077 0.02511765 0.08875864
 0.06675281 0.16681442 0.12193543 0.13285303 0.         0.10534609
 0.01096734]

rule26: 771.365 < fine_aggregate < 826.222
probabilities_array:[0.09124675 0.1064306  0.13524999 0.1365311  0.03609382 0.
 0.0805827  0.15776324 0.00829885 0.01480448 0.05669811 0.10323866
 0.07306176]

rule1: 211.377 < cement < 281.933
probabilities_array:[0.0979643  0.09628962 0.07391291 0.         0.07399229 0.17543072
 0.         0.13746144 0.13693169 0.12320893 0.03645536 0.0228582
 0.02549454]

rule14: 181.486 < water < 195.994
probabilities_array:[0.17665522 0.12551239 0.15188241 0.05793054 0.11964377 0.09925839
 0.02585234 0.13295062 0.0358968  0.00244369 0.01473988 0.05064248
 0.00659154]

rule21: 919.011 < coarse_aggregate < 971.355
probabilities_array:[0.06753386 0.02362644 0.04428037 0.11147346 0.15307644 0.00565907
 0.23077641 0.10933341 0.         0.14577056 0.         0.06841145
 0.04005858]

rule31: age > 85.833
probabilities_array:[0.0000000e+00 1.3130684e-04 6.2985145e-03 2.0913983e-02 4.9327612e-02
 1.0807031e-01 6.8949282e-02 9.7696193e-02 1.0344633e-01 1.4749022e-01
 1.8794344e-01 2.0916560e-01 5.6721829e-04]

rule10: 54.952 < fly_ash < 98.274
probabilities_array:[0.014323   0.         0.05586623 0.23376869 0.04126955 0.15595266
 0.06582056 0.09430296 0.17406876 0.12914978 0.01322199 0.
 0.02225582]

rule2: 281.933 < cement < 352.489
probabilities_array:[0.00042363 0.06089071 0.01345374 0.01151277 0.10602573 0.08304888
 0.2324771  0.08867791 0.08046839 0.09760878 0.11791851 0.10191441
 0.00557949]

rule25: 716.508 < fine_aggregate < 771.365
probabilities_array:[0.         0.         0.         0.         0.         0.25860748
 0.06243313 0.09766727 0.         0.21792074 0.         0.1863469
 0.17702444]

rule24: fine_aggregate < 716.508
probabilities_array:[0.01814103 0.01308674 0.00842579 0.0220769  0.         0.
 0.14589448 0.07764509 0.2385092  0.11708656 0.21339421 0.13244724
 0.0132928 ]

rule7: blast_furnace_slag > 134.002
probabilities_array:[0.00620122 0.01576944 0.01171845 0.2304705  0.14453667 0.13367786
 0.09639993 0.07720625 0.         0.         0.07424981 0.15398802
 0.05578186]

rule29: 3.045 < age < 44.439
probabilities_array:[0.         0.01372743 0.17917778 0.2008224  0.18756016 0.13340236
 0.02306492 0.07097548 0.02783011 0.07919364 0.04968217 0.01853407
 0.01602954]

rule30: 44.439 < age < 85.833
probabilities_array:[0.         0.         0.01522536 0.         0.10901331 0.
 0.         0.06308962 0.23027724 0.09256452 0.17959012 0.22397223
 0.08626761]

rule6: 75.568 < blast_furnace_slag < 134.002
probabilities_array:[0.04547037 0.15135375 0.02077195 0.         0.02812283 0.04772417
 0.05001952 0.05683626 0.24322107 0.22265898 0.04611818 0.07549961
 0.01220325]

rule8: fly_ash < 11.630
probabilities_array:[0.2389974  0.07228456 0.05296887 0.         0.         0.00700055
 0.05240637 0.05703442 0.0112864  0.         0.22852063 0.16329654
 0.1162042 ]

rule23: coarse_aggregate > 1023.699
probabilities_array:[0.08713111 0.13425896 0.00632315 0.16611357 0.10582253 0.
 0.         0.05223303 0.03044465 0.         0.17962591 0.14122334
 0.09682376]


---8---
rule27: fine_aggregate > 826.222
probabilities_array:[0.2635065  0.08662908 0.03492282 0.12552597 0.02298107 0.
 0.         0.         0.29077193 0.         0.03980856 0.
 0.13585417]

rule6: 75.568 < blast_furnace_slag < 134.002
probabilities_array:[0.04547037 0.15135375 0.02077195 0.         0.02812283 0.04772417
 0.05001952 0.05683626 0.24322107 0.22265898 0.04611818 0.07549961
 0.01220325]

rule24: fine_aggregate < 716.508
probabilities_array:[0.01814103 0.01308674 0.00842579 0.0220769  0.         0.
 0.14589448 0.07764509 0.2385092  0.11708656 0.21339421 0.13244724
 0.0132928 ]

rule30: 44.439 < age < 85.833
probabilities_array:[0.         0.         0.01522536 0.         0.10901331 0.
 0.         0.06308962 0.23027724 0.09256452 0.17959012 0.22397223
 0.08626761]

rule10: 54.952 < fly_ash < 98.274
probabilities_array:[0.014323   0.         0.05586623 0.23376869 0.04126955 0.15595266
 0.06582056 0.09430296 0.17406876 0.12914978 0.01322199 0.
 0.02225582]

rule11: fly_ash > 98.274
probabilities_array:[0.1303805  0.09546139 0.         0.15383832 0.21650164 0.00060638
 0.02292644 0.         0.16590057 0.0225336  0.08698259 0.05392724
 0.05094133]

rule18: 6.309 < superplasticizer < 10.341
probabilities_array:[0.06855042 0.02892571 0.15967557 0.09832224 0.01933879 0.
 0.00456068 0.         0.17031135 0.01364067 0.28302303 0.07277226
 0.08087938]

rule1: 211.377 < cement < 281.933
probabilities_array:[0.0979643  0.09628962 0.07391291 0.         0.07399229 0.17543072
 0.         0.13746144 0.13693169 0.12320893 0.03645536 0.0228582
 0.02549454]

rule4: blast_furnace_slag < 17.135
probabilities_array:[0.11666934 0.16125558 0.09446738 0.06869885 0.05047465 0.00858081
 0.19521281 0.         0.12670892 0.14324333 0.         0.
 0.03468828]

rule13: 166.979 < water < 181.486
probabilities_array:[0.08529238 0.05837991 0.06379151 0.07399077 0.02511765 0.08875864
 0.06675281 0.16681442 0.12193543 0.13285303 0.         0.10534609
 0.01096734]

rule31: age > 85.833
probabilities_array:[0.0000000e+00 1.3130684e-04 6.2985145e-03 2.0913983e-02 4.9327612e-02
 1.0807031e-01 6.8949282e-02 9.7696193e-02 1.0344633e-01 1.4749022e-01
 1.8794344e-01 2.0916560e-01 5.6721829e-04]

rule2: 281.933 < cement < 352.489
probabilities_array:[0.00042363 0.06089071 0.01345374 0.01151277 0.10602573 0.08304888
 0.2324771  0.08867791 0.08046839 0.09760878 0.11791851 0.10191441
 0.00557949]

rule20: coarse_aggregate < 919.011
probabilities_array:[0.07081857 0.03093062 0.         0.         0.         0.20843065
 0.         0.         0.08099865 0.0290174  0.19684936 0.20690541
 0.17604938]

rule19: superplasticizer > 10.341
probabilities_array:[0.01604314 0.12530793 0.         0.         0.0512135  0.21916513
 0.18055297 0.01290077 0.0534039  0.05169111 0.11277288 0.15597437
 0.02097436]

rule17: 2.277 < superplasticizer < 6.309
probabilities_array:[0.0542981  0.         0.13579468 0.17041071 0.02532779 0.07534575
 0.06448428 0.23181911 0.04080076 0.04450903 0.         0.14748082
 0.00972887]


---9---
rule6: 75.568 < blast_furnace_slag < 134.002
probabilities_array:[0.04547037 0.15135375 0.02077195 0.         0.02812283 0.04772417
 0.05001952 0.05683626 0.24322107 0.22265898 0.04611818 0.07549961
 0.01220325]

rule25: 716.508 < fine_aggregate < 771.365
probabilities_array:[0.         0.         0.         0.         0.         0.25860748
 0.06243313 0.09766727 0.         0.21792074 0.         0.1863469
 0.17702444]

rule12: water < 166.979
probabilities_array:[0.         0.         0.         0.00470115 0.         0.
 0.13134906 0.0108778  0.00655239 0.21756777 0.23575693 0.21663876
 0.17655611]

rule31: age > 85.833
probabilities_array:[0.0000000e+00 1.3130684e-04 6.2985145e-03 2.0913983e-02 4.9327612e-02
 1.0807031e-01 6.8949282e-02 9.7696193e-02 1.0344633e-01 1.4749022e-01
 1.8794344e-01 2.0916560e-01 5.6721829e-04]

rule16: superplasticizer < 2.277
probabilities_array:[0.18803437 0.20995902 0.11788395 0.21542498 0.0151775  0.04512443
 0.         0.00234934 0.         0.15449479 0.         0.
 0.0515517 ]

rule21: 919.011 < coarse_aggregate < 971.355
probabilities_array:[0.06753386 0.02362644 0.04428037 0.11147346 0.15307644 0.00565907
 0.23077641 0.10933341 0.         0.14577056 0.         0.06841145
 0.04005858]

rule4: blast_furnace_slag < 17.135
probabilities_array:[0.11666934 0.16125558 0.09446738 0.06869885 0.05047465 0.00858081
 0.19521281 0.         0.12670892 0.14324333 0.         0.
 0.03468828]

rule5: 17.135 < blast_furnace_slag < 75.568
probabilities_array:[0.02338072 0.         0.         0.04657796 0.         0.
 0.         0.00661081 0.         0.16076666 0.2732258  0.320889
 0.168549  ]

rule13: 166.979 < water < 181.486
probabilities_array:[0.08529238 0.05837991 0.06379151 0.07399077 0.02511765 0.08875864
 0.06675281 0.16681442 0.12193543 0.13285303 0.         0.10534609
 0.01096734]

rule22: 971.355 < coarse_aggregate < 1023.699
probabilities_array:[0.00312803 0.09816314 0.02537442 0.18650262 0.06290294 0.04979083
 0.1276244  0.19587952 0.         0.13770235 0.04445713 0.00925124
 0.05922334]

rule10: 54.952 < fly_ash < 98.274
probabilities_array:[0.014323   0.         0.05586623 0.23376869 0.04126955 0.15595266
 0.06582056 0.09430296 0.17406876 0.12914978 0.01322199 0.
 0.02225582]

rule1: 211.377 < cement < 281.933
probabilities_array:[0.0979643  0.09628962 0.07391291 0.         0.07399229 0.17543072
 0.         0.13746144 0.13693169 0.12320893 0.03645536 0.0228582
 0.02549454]

rule24: fine_aggregate < 716.508
probabilities_array:[0.01814103 0.01308674 0.00842579 0.0220769  0.         0.
 0.14589448 0.07764509 0.2385092  0.11708656 0.21339421 0.13244724
 0.0132928 ]

rule2: 281.933 < cement < 352.489
probabilities_array:[0.00042363 0.06089071 0.01345374 0.01151277 0.10602573 0.08304888
 0.2324771  0.08867791 0.08046839 0.09760878 0.11791851 0.10191441
 0.00557949]

rule30: 44.439 < age < 85.833
probabilities_array:[0.         0.         0.01522536 0.         0.10901331 0.
 0.         0.06308962 0.23027724 0.09256452 0.17959012 0.22397223
 0.08626761]

rule29: 3.045 < age < 44.439
probabilities_array:[0.         0.01372743 0.17917778 0.2008224  0.18756016 0.13340236
 0.02306492 0.07097548 0.02783011 0.07919364 0.04968217 0.01853407
 0.01602954]

rule3: cement > 352.489
probabilities_array:[0.         0.01802665 0.         0.01328897 0.00633154 0.
 0.13767149 0.26618028 0.00764405 0.07492004 0.22009915 0.22634982
 0.02948805]

rule19: superplasticizer > 10.341
probabilities_array:[0.01604314 0.12530793 0.         0.         0.0512135  0.21916513
 0.18055297 0.01290077 0.0534039  0.05169111 0.11277288 0.15597437
 0.02097436]

rule17: 2.277 < superplasticizer < 6.309
probabilities_array:[0.0542981  0.         0.13579468 0.17041071 0.02532779 0.07534575
 0.06448428 0.23181911 0.04080076 0.04450903 0.         0.14748082
 0.00972887]


---10---
rule18: 6.309 < superplasticizer < 10.341
probabilities_array:[0.06855042 0.02892571 0.15967557 0.09832224 0.01933879 0.
 0.00456068 0.         0.17031135 0.01364067 0.28302303 0.07277226
 0.08087938]

rule5: 17.135 < blast_furnace_slag < 75.568
probabilities_array:[0.02338072 0.         0.         0.04657796 0.         0.
 0.         0.00661081 0.         0.16076666 0.2732258  0.320889
 0.168549  ]

rule3: cement > 352.489
probabilities_array:[0.         0.01802665 0.         0.01328897 0.00633154 0.
 0.13767149 0.26618028 0.00764405 0.07492004 0.22009915 0.22634982
 0.02948805]

rule24: fine_aggregate < 716.508
probabilities_array:[0.01814103 0.01308674 0.00842579 0.0220769  0.         0.
 0.14589448 0.07764509 0.2385092  0.11708656 0.21339421 0.13244724
 0.0132928 ]

rule9: 11.630 < fly_ash < 54.952
probabilities_array:[0.         0.22841622 0.         0.         0.         0.
 0.         0.22119027 0.         0.         0.21907158 0.27922034
 0.0521016 ]

rule8: fly_ash < 11.630
probabilities_array:[0.2389974  0.07228456 0.05296887 0.         0.         0.00700055
 0.05240637 0.05703442 0.0112864  0.         0.22852063 0.16329654
 0.1162042 ]

rule12: water < 166.979
probabilities_array:[0.         0.         0.         0.00470115 0.         0.
 0.13134906 0.0108778  0.00655239 0.21756777 0.23575693 0.21663876
 0.17655611]

rule31: age > 85.833
probabilities_array:[0.0000000e+00 1.3130684e-04 6.2985145e-03 2.0913983e-02 4.9327612e-02
 1.0807031e-01 6.8949282e-02 9.7696193e-02 1.0344633e-01 1.4749022e-01
 1.8794344e-01 2.0916560e-01 5.6721829e-04]

rule30: 44.439 < age < 85.833
probabilities_array:[0.         0.         0.01522536 0.         0.10901331 0.
 0.         0.06308962 0.23027724 0.09256452 0.17959012 0.22397223
 0.08626761]

rule23: coarse_aggregate > 1023.699
probabilities_array:[0.08713111 0.13425896 0.00632315 0.16611357 0.10582253 0.
 0.         0.05223303 0.03044465 0.         0.17962591 0.14122334
 0.09682376]

rule20: coarse_aggregate < 919.011
probabilities_array:[0.07081857 0.03093062 0.         0.         0.         0.20843065
 0.         0.         0.08099865 0.0290174  0.19684936 0.20690541
 0.17604938]

rule2: 281.933 < cement < 352.489
probabilities_array:[0.00042363 0.06089071 0.01345374 0.01151277 0.10602573 0.08304888
 0.2324771  0.08867791 0.08046839 0.09760878 0.11791851 0.10191441
 0.00557949]

rule19: superplasticizer > 10.341
probabilities_array:[0.01604314 0.12530793 0.         0.         0.0512135  0.21916513
 0.18055297 0.01290077 0.0534039  0.05169111 0.11277288 0.15597437
 0.02097436]

rule11: fly_ash > 98.274
probabilities_array:[0.1303805  0.09546139 0.         0.15383832 0.21650164 0.00060638
 0.02292644 0.         0.16590057 0.0225336  0.08698259 0.05392724
 0.05094133]

rule7: blast_furnace_slag > 134.002
probabilities_array:[0.00620122 0.01576944 0.01171845 0.2304705  0.14453667 0.13367786
 0.09639993 0.07720625 0.         0.         0.07424981 0.15398802
 0.05578186]

rule26: 771.365 < fine_aggregate < 826.222
probabilities_array:[0.09124675 0.1064306  0.13524999 0.1365311  0.03609382 0.
 0.0805827  0.15776324 0.00829885 0.01480448 0.05669811 0.10323866
 0.07306176]

rule29: 3.045 < age < 44.439
probabilities_array:[0.         0.01372743 0.17917778 0.2008224  0.18756016 0.13340236
 0.02306492 0.07097548 0.02783011 0.07919364 0.04968217 0.01853407
 0.01602954]

rule6: 75.568 < blast_furnace_slag < 134.002
probabilities_array:[0.04547037 0.15135375 0.02077195 0.         0.02812283 0.04772417
 0.05001952 0.05683626 0.24322107 0.22265898 0.04611818 0.07549961
 0.01220325]

rule22: 971.355 < coarse_aggregate < 1023.699
probabilities_array:[0.00312803 0.09816314 0.02537442 0.18650262 0.06290294 0.04979083
 0.1276244  0.19587952 0.         0.13770235 0.04445713 0.00925124
 0.05922334]


---11---
rule5: 17.135 < blast_furnace_slag < 75.568
probabilities_array:[0.02338072 0.         0.         0.04657796 0.         0.
 0.         0.00661081 0.         0.16076666 0.2732258  0.320889
 0.168549  ]

rule9: 11.630 < fly_ash < 54.952
probabilities_array:[0.         0.22841622 0.         0.         0.         0.
 0.         0.22119027 0.         0.         0.21907158 0.27922034
 0.0521016 ]

rule3: cement > 352.489
probabilities_array:[0.         0.01802665 0.         0.01328897 0.00633154 0.
 0.13767149 0.26618028 0.00764405 0.07492004 0.22009915 0.22634982
 0.02948805]

rule31: age > 85.833
probabilities_array:[0.0000000e+00 1.3130684e-04 6.2985145e-03 2.0913983e-02 4.9327612e-02
 1.0807031e-01 6.8949282e-02 9.7696193e-02 1.0344633e-01 1.4749022e-01
 1.8794344e-01 2.0916560e-01 5.6721829e-04]

rule30: 44.439 < age < 85.833
probabilities_array:[0.         0.         0.01522536 0.         0.10901331 0.
 0.         0.06308962 0.23027724 0.09256452 0.17959012 0.22397223
 0.08626761]

rule12: water < 166.979
probabilities_array:[0.         0.         0.         0.00470115 0.         0.
 0.13134906 0.0108778  0.00655239 0.21756777 0.23575693 0.21663876
 0.17655611]

rule20: coarse_aggregate < 919.011
probabilities_array:[0.07081857 0.03093062 0.         0.         0.         0.20843065
 0.         0.         0.08099865 0.0290174  0.19684936 0.20690541
 0.17604938]

rule25: 716.508 < fine_aggregate < 771.365
probabilities_array:[0.         0.         0.         0.         0.         0.25860748
 0.06243313 0.09766727 0.         0.21792074 0.         0.1863469
 0.17702444]

rule19: superplasticizer > 10.341
probabilities_array:[0.01604314 0.12530793 0.         0.         0.0512135  0.21916513
 0.18055297 0.01290077 0.0534039  0.05169111 0.11277288 0.15597437
 0.02097436]

rule17: 2.277 < superplasticizer < 6.309
probabilities_array:[0.0542981  0.         0.13579468 0.17041071 0.02532779 0.07534575
 0.06448428 0.23181911 0.04080076 0.04450903 0.         0.14748082
 0.00972887]

rule7: blast_furnace_slag > 134.002
probabilities_array:[0.00620122 0.01576944 0.01171845 0.2304705  0.14453667 0.13367786
 0.09639993 0.07720625 0.         0.         0.07424981 0.15398802
 0.05578186]

rule8: fly_ash < 11.630
probabilities_array:[0.2389974  0.07228456 0.05296887 0.         0.         0.00700055
 0.05240637 0.05703442 0.0112864  0.         0.22852063 0.16329654
 0.1162042 ]

rule24: fine_aggregate < 716.508
probabilities_array:[0.01814103 0.01308674 0.00842579 0.0220769  0.         0.
 0.14589448 0.07764509 0.2385092  0.11708656 0.21339421 0.13244724
 0.0132928 ]

rule23: coarse_aggregate > 1023.699
probabilities_array:[0.08713111 0.13425896 0.00632315 0.16611357 0.10582253 0.
 0.         0.05223303 0.03044465 0.         0.17962591 0.14122334
 0.09682376]

rule13: 166.979 < water < 181.486
probabilities_array:[0.08529238 0.05837991 0.06379151 0.07399077 0.02511765 0.08875864
 0.06675281 0.16681442 0.12193543 0.13285303 0.         0.10534609
 0.01096734]

rule2: 281.933 < cement < 352.489
probabilities_array:[0.00042363 0.06089071 0.01345374 0.01151277 0.10602573 0.08304888
 0.2324771  0.08867791 0.08046839 0.09760878 0.11791851 0.10191441
 0.00557949]

rule26: 771.365 < fine_aggregate < 826.222
probabilities_array:[0.09124675 0.1064306  0.13524999 0.1365311  0.03609382 0.
 0.0805827  0.15776324 0.00829885 0.01480448 0.05669811 0.10323866
 0.07306176]

rule6: 75.568 < blast_furnace_slag < 134.002
probabilities_array:[0.04547037 0.15135375 0.02077195 0.         0.02812283 0.04772417
 0.05001952 0.05683626 0.24322107 0.22265898 0.04611818 0.07549961
 0.01220325]

rule18: 6.309 < superplasticizer < 10.341
probabilities_array:[0.06855042 0.02892571 0.15967557 0.09832224 0.01933879 0.
 0.00456068 0.         0.17031135 0.01364067 0.28302303 0.07277226
 0.08087938]

rule21: 919.011 < coarse_aggregate < 971.355
probabilities_array:[0.06753386 0.02362644 0.04428037 0.11147346 0.15307644 0.00565907
 0.23077641 0.10933341 0.         0.14577056 0.         0.06841145
 0.04005858]

rule11: fly_ash > 98.274
probabilities_array:[0.1303805  0.09546139 0.         0.15383832 0.21650164 0.00060638
 0.02292644 0.         0.16590057 0.0225336  0.08698259 0.05392724
 0.05094133]

rule14: 181.486 < water < 195.994
probabilities_array:[0.17665522 0.12551239 0.15188241 0.05793054 0.11964377 0.09925839
 0.02585234 0.13295062 0.0358968  0.00244369 0.01473988 0.05064248
 0.00659154]

