R2: 0.1866441239311306


MAE: 9.143709784745413


MSE: 220.81282227681984


Accuracy: 0.2591462746530505


F1: 0.27647058823529413


Most important rules
-----------------------------

---0---
rule0: cement < 208.859
probabilities_array:[0.31939325 0.3055997  0.13086444 0.0243082  0.         0.02116318
 0.         0.         0.         0.         0.         0.19867116]

rule27: fine_aggregate > 829.370
probabilities_array:[0.33849064 0.         0.09481063 0.1503656  0.02065407 0.05104378
 0.         0.03631013 0.00450963 0.         0.05748025 0.24633521]

rule15: water > 196.363
probabilities_array:[0.24936818 0.04733053 0.19084112 0.10195748 0.1714132  0.1275493
 0.07168131 0.02885714 0.00766056 0.00184054 0.         0.00150067]

rule16: superplasticizer < 2.039
probabilities_array:[0.24299154 0.22184771 0.02572423 0.14085327 0.0248884  0.
 0.06583183 0.         0.04588396 0.08801444 0.00636495 0.13759965]

rule29: 2.972 < age < 45.107
probabilities_array:[0.20683815 0.19662759 0.18536296 0.12995942 0.08194707 0.11131836
 0.01792435 0.03465875 0.01909296 0.01197605 0.         0.0042944 ]

rule28: age < 2.972
probabilities_array:[0.4024195 0.        0.        0.        0.        0.        0.
 0.        0.        0.        0.        0.5975805]

rule11: fly_ash > 97.351
probabilities_array:[0.17755634 0.07934488 0.         0.04301654 0.28780875 0.00326935
 0.00538792 0.0479879  0.14345528 0.07311928 0.         0.13905382]

rule14: 181.967 < water < 196.363
probabilities_array:[0.14259282 0.11678389 0.16126321 0.07523404 0.24697207 0.01599318
 0.15900864 0.06142161 0.00696752 0.00450452 0.         0.00925855]

rule23: coarse_aggregate > 1024.557
probabilities_array:[0.14747198 0.00664851 0.12115385 0.00196499 0.         0.
 0.14597285 0.03729561 0.         0.16754581 0.19260189 0.1793446 ]

rule26: 774.537 < fine_aggregate < 829.370
probabilities_array:[0.06372923 0.12874736 0.0752752  0.14224562 0.07004592 0.
 0.11114812 0.14922944 0.13437745 0.         0.07078207 0.05441951]

rule10: 54.174 < fly_ash < 97.351
probabilities_array:[0.05941384 0.         0.09378921 0.02761317 0.02146286 0.17209716
 0.17431387 0.13507119 0.16612045 0.11302778 0.         0.03709047]

rule17: 2.039 < superplasticizer < 6.074
probabilities_array:[0.05132881 0.         0.1014085  0.11264205 0.03648215 0.23370863
 0.12612319 0.169977   0.09210114 0.00081299 0.05905728 0.01635825]


---1---
rule9: 10.997 < fly_ash < 54.174
probabilities_array:[0.         0.2792347  0.         0.         0.2714439  0.
 0.         0.04056161 0.13734917 0.25179717 0.         0.0196134 ]

rule0: cement < 208.859
probabilities_array:[0.31939325 0.3055997  0.13086444 0.0243082  0.         0.02116318
 0.         0.         0.         0.         0.         0.19867116]

rule29: 2.972 < age < 45.107
probabilities_array:[0.20683815 0.19662759 0.18536296 0.12995942 0.08194707 0.11131836
 0.01792435 0.03465875 0.01909296 0.01197605 0.         0.0042944 ]

rule16: superplasticizer < 2.039
probabilities_array:[0.24299154 0.22184771 0.02572423 0.14085327 0.0248884  0.
 0.06583183 0.         0.04588396 0.08801444 0.00636495 0.13759965]

rule4: blast_furnace_slag < 14.300
probabilities_array:[0.         0.17341174 0.01306198 0.20583381 0.03280507 0.
 0.04393535 0.17691739 0.13754039 0.02022594 0.08654407 0.10972434]

rule22: 972.143 < coarse_aggregate < 1024.557
probabilities_array:[0.03309474 0.14629707 0.05597252 0.16124053 0.03907678 0.11361045
 0.04844432 0.11010024 0.07536735 0.18459484 0.         0.03220124]

rule26: 774.537 < fine_aggregate < 829.370
probabilities_array:[0.06372923 0.12874736 0.0752752  0.14224562 0.07004592 0.
 0.11114812 0.14922944 0.13437745 0.         0.07078207 0.05441951]

rule14: 181.967 < water < 196.363
probabilities_array:[0.14259282 0.11678389 0.16126321 0.07523404 0.24697207 0.01599318
 0.15900864 0.06142161 0.00696752 0.00450452 0.         0.00925855]

rule1: 208.859 < cement < 281.580
probabilities_array:[0.00103453 0.09592351 0.         0.0153631  0.16815257 0.0025225
 0.23178686 0.01166182 0.2734671  0.         0.         0.20008796]

rule13: 167.571 < water < 181.967
probabilities_array:[0.03878164 0.08334269 0.         0.01325516 0.         0.
 0.3120291  0.         0.2071882  0.         0.2506533  0.09474988]

rule11: fly_ash > 97.351
probabilities_array:[0.17755634 0.07934488 0.         0.04301654 0.28780875 0.00326935
 0.00538792 0.0479879  0.14345528 0.07311928 0.         0.13905382]

rule2: 281.580 < cement < 354.302
probabilities_array:[0.         0.05403245 0.02049048 0.03031869 0.18904892 0.
 0.06891241 0.1288461  0.14350276 0.20866817 0.1045187  0.05166138]

rule15: water > 196.363
probabilities_array:[0.24936818 0.04733053 0.19084112 0.10195748 0.1714132  0.1275493
 0.07168131 0.02885714 0.00766056 0.00184054 0.         0.00150067]

rule6: 72.223 < blast_furnace_slag < 130.146
probabilities_array:[0.02341442 0.04821046 0.         0.         0.         0.09304474
 0.06083088 0.18772799 0.24790588 0.15434828 0.14246431 0.04205298]


---2---
rule18: 6.074 < superplasticizer < 10.109
probabilities_array:[0.00941601 0.         0.24913904 0.09631305 0.1104208  0.00207677
 0.         0.20496093 0.02345496 0.24441347 0.01651737 0.04328762]

rule15: water > 196.363
probabilities_array:[0.24936818 0.04733053 0.19084112 0.10195748 0.1714132  0.1275493
 0.07168131 0.02885714 0.00766056 0.00184054 0.         0.00150067]

rule29: 2.972 < age < 45.107
probabilities_array:[0.20683815 0.19662759 0.18536296 0.12995942 0.08194707 0.11131836
 0.01792435 0.03465875 0.01909296 0.01197605 0.         0.0042944 ]

rule14: 181.967 < water < 196.363
probabilities_array:[0.14259282 0.11678389 0.16126321 0.07523404 0.24697207 0.01599318
 0.15900864 0.06142161 0.00696752 0.00450452 0.         0.00925855]

rule8: fly_ash < 10.997
probabilities_array:[0.0212384  0.         0.14539433 0.         0.         0.
 0.07386549 0.         0.03694356 0.2974067  0.2789421  0.14620943]

rule0: cement < 208.859
probabilities_array:[0.31939325 0.3055997  0.13086444 0.0243082  0.         0.02116318
 0.         0.         0.         0.         0.         0.19867116]

rule17: 2.039 < superplasticizer < 6.074
probabilities_array:[0.05132881 0.         0.1014085  0.11264205 0.03648215 0.23370863
 0.12612319 0.169977   0.09210114 0.00081299 0.05905728 0.01635825]

rule23: coarse_aggregate > 1024.557
probabilities_array:[0.14747198 0.00664851 0.12115385 0.00196499 0.         0.
 0.14597285 0.03729561 0.         0.16754581 0.19260189 0.1793446 ]

rule10: 54.174 < fly_ash < 97.351
probabilities_array:[0.05941384 0.         0.09378921 0.02761317 0.02146286 0.17209716
 0.17431387 0.13507119 0.16612045 0.11302778 0.         0.03709047]

rule27: fine_aggregate > 829.370
probabilities_array:[0.33849064 0.         0.09481063 0.1503656  0.02065407 0.05104378
 0.         0.03631013 0.00450963 0.         0.05748025 0.24633521]

rule26: 774.537 < fine_aggregate < 829.370
probabilities_array:[0.06372923 0.12874736 0.0752752  0.14224562 0.07004592 0.
 0.11114812 0.14922944 0.13437745 0.         0.07078207 0.05441951]

rule22: 972.143 < coarse_aggregate < 1024.557
probabilities_array:[0.03309474 0.14629707 0.05597252 0.16124053 0.03907678 0.11361045
 0.04844432 0.11010024 0.07536735 0.18459484 0.         0.03220124]


---3---
rule4: blast_furnace_slag < 14.300
probabilities_array:[0.         0.17341174 0.01306198 0.20583381 0.03280507 0.
 0.04393535 0.17691739 0.13754039 0.02022594 0.08654407 0.10972434]

rule22: 972.143 < coarse_aggregate < 1024.557
probabilities_array:[0.03309474 0.14629707 0.05597252 0.16124053 0.03907678 0.11361045
 0.04844432 0.11010024 0.07536735 0.18459484 0.         0.03220124]

rule26: 774.537 < fine_aggregate < 829.370
probabilities_array:[0.06372923 0.12874736 0.0752752  0.14224562 0.07004592 0.
 0.11114812 0.14922944 0.13437745 0.         0.07078207 0.05441951]

rule29: 2.972 < age < 45.107
probabilities_array:[0.20683815 0.19662759 0.18536296 0.12995942 0.08194707 0.11131836
 0.01792435 0.03465875 0.01909296 0.01197605 0.         0.0042944 ]

rule16: superplasticizer < 2.039
probabilities_array:[0.24299154 0.22184771 0.02572423 0.14085327 0.0248884  0.
 0.06583183 0.         0.04588396 0.08801444 0.00636495 0.13759965]

rule27: fine_aggregate > 829.370
probabilities_array:[0.33849064 0.         0.09481063 0.1503656  0.02065407 0.05104378
 0.         0.03631013 0.00450963 0.         0.05748025 0.24633521]

rule17: 2.039 < superplasticizer < 6.074
probabilities_array:[0.05132881 0.         0.1014085  0.11264205 0.03648215 0.23370863
 0.12612319 0.169977   0.09210114 0.00081299 0.05905728 0.01635825]

rule15: water > 196.363
probabilities_array:[0.24936818 0.04733053 0.19084112 0.10195748 0.1714132  0.1275493
 0.07168131 0.02885714 0.00766056 0.00184054 0.         0.00150067]

rule18: 6.074 < superplasticizer < 10.109
probabilities_array:[0.00941601 0.         0.24913904 0.09631305 0.1104208  0.00207677
 0.         0.20496093 0.02345496 0.24441347 0.01651737 0.04328762]

rule7: blast_furnace_slag > 130.146
probabilities_array:[0.02560989 0.         0.02541961 0.0845918  0.08103921 0.22653478
 0.15224408 0.06554613 0.13674948 0.03635083 0.15445477 0.01145939]

rule21: 919.730 < coarse_aggregate < 972.143
probabilities_array:[6.2002297e-03 0.0000000e+00 0.0000000e+00 1.2002548e-01 8.2783006e-02
 0.0000000e+00 0.0000000e+00 3.4757952e-05 7.9719275e-02 9.6355744e-02
 3.0509770e-01 3.0978388e-01]

rule14: 181.967 < water < 196.363
probabilities_array:[0.14259282 0.11678389 0.16126321 0.07523404 0.24697207 0.01599318
 0.15900864 0.06142161 0.00696752 0.00450452 0.         0.00925855]

rule5: 14.300 < blast_furnace_slag < 72.223
probabilities_array:[3.6338918e-02 0.0000000e+00 0.0000000e+00 5.4788318e-02 1.8272619e-01
 7.4871317e-03 2.3144639e-04 0.0000000e+00 0.0000000e+00 2.4191841e-01
 2.6398638e-01 2.1252307e-01]


---4---
rule9: 10.997 < fly_ash < 54.174
probabilities_array:[0.         0.2792347  0.         0.         0.2714439  0.
 0.         0.04056161 0.13734917 0.25179717 0.         0.0196134 ]

rule11: fly_ash > 97.351
probabilities_array:[0.17755634 0.07934488 0.         0.04301654 0.28780875 0.00326935
 0.00538792 0.0479879  0.14345528 0.07311928 0.         0.13905382]

rule14: 181.967 < water < 196.363
probabilities_array:[0.14259282 0.11678389 0.16126321 0.07523404 0.24697207 0.01599318
 0.15900864 0.06142161 0.00696752 0.00450452 0.         0.00925855]

rule2: 281.580 < cement < 354.302
probabilities_array:[0.         0.05403245 0.02049048 0.03031869 0.18904892 0.
 0.06891241 0.1288461  0.14350276 0.20866817 0.1045187  0.05166138]

rule15: water > 196.363
probabilities_array:[0.24936818 0.04733053 0.19084112 0.10195748 0.1714132  0.1275493
 0.07168131 0.02885714 0.00766056 0.00184054 0.         0.00150067]

rule5: 14.300 < blast_furnace_slag < 72.223
probabilities_array:[3.6338918e-02 0.0000000e+00 0.0000000e+00 5.4788318e-02 1.8272619e-01
 7.4871317e-03 2.3144639e-04 0.0000000e+00 0.0000000e+00 2.4191841e-01
 2.6398638e-01 2.1252307e-01]

rule1: 208.859 < cement < 281.580
probabilities_array:[0.00103453 0.09592351 0.         0.0153631  0.16815257 0.0025225
 0.23178686 0.01166182 0.2734671  0.         0.         0.20008796]

rule18: 6.074 < superplasticizer < 10.109
probabilities_array:[0.00941601 0.         0.24913904 0.09631305 0.1104208  0.00207677
 0.         0.20496093 0.02345496 0.24441347 0.01651737 0.04328762]

rule29: 2.972 < age < 45.107
probabilities_array:[0.20683815 0.19662759 0.18536296 0.12995942 0.08194707 0.11131836
 0.01792435 0.03465875 0.01909296 0.01197605 0.         0.0042944 ]

rule7: blast_furnace_slag > 130.146
probabilities_array:[0.02560989 0.         0.02541961 0.0845918  0.08103921 0.22653478
 0.15224408 0.06554613 0.13674948 0.03635083 0.15445477 0.01145939]

rule26: 774.537 < fine_aggregate < 829.370
probabilities_array:[0.06372923 0.12874736 0.0752752  0.14224562 0.07004592 0.
 0.11114812 0.14922944 0.13437745 0.         0.07078207 0.05441951]

rule19: superplasticizer > 10.109
probabilities_array:[0.         0.03790275 0.         0.0011304  0.06521455 0.1048636
 0.23553501 0.03010927 0.15479627 0.11662696 0.23058277 0.02323843]

rule21: 919.730 < coarse_aggregate < 972.143
probabilities_array:[6.2002297e-03 0.0000000e+00 0.0000000e+00 1.2002548e-01 8.2783006e-02
 0.0000000e+00 0.0000000e+00 3.4757952e-05 7.9719275e-02 9.6355744e-02
 3.0509770e-01 3.0978388e-01]


---5---
rule17: 2.039 < superplasticizer < 6.074
probabilities_array:[0.05132881 0.         0.1014085  0.11264205 0.03648215 0.23370863
 0.12612319 0.169977   0.09210114 0.00081299 0.05905728 0.01635825]

rule20: coarse_aggregate < 919.730
probabilities_array:[0.01576424 0.         0.         0.         0.01277839 0.2440754
 0.08163341 0.15845668 0.11116295 0.10453519 0.20410638 0.06748742]

rule7: blast_furnace_slag > 130.146
probabilities_array:[0.02560989 0.         0.02541961 0.0845918  0.08103921 0.22653478
 0.15224408 0.06554613 0.13674948 0.03635083 0.15445477 0.01145939]

rule25: 719.704 < fine_aggregate < 774.537
probabilities_array:[0.         0.         0.         0.         0.00194323 0.28097752
 0.02353484 0.00388099 0.01095493 0.08145011 0.29559165 0.30166674]

rule10: 54.174 < fly_ash < 97.351
probabilities_array:[0.05941384 0.         0.09378921 0.02761317 0.02146286 0.17209716
 0.17431387 0.13507119 0.16612045 0.11302778 0.         0.03709047]

rule15: water > 196.363
probabilities_array:[0.24936818 0.04733053 0.19084112 0.10195748 0.1714132  0.1275493
 0.07168131 0.02885714 0.00766056 0.00184054 0.         0.00150067]

rule29: 2.972 < age < 45.107
probabilities_array:[0.20683815 0.19662759 0.18536296 0.12995942 0.08194707 0.11131836
 0.01792435 0.03465875 0.01909296 0.01197605 0.         0.0042944 ]

rule22: 972.143 < coarse_aggregate < 1024.557
probabilities_array:[0.03309474 0.14629707 0.05597252 0.16124053 0.03907678 0.11361045
 0.04844432 0.11010024 0.07536735 0.18459484 0.         0.03220124]

rule19: superplasticizer > 10.109
probabilities_array:[0.         0.03790275 0.         0.0011304  0.06521455 0.1048636
 0.23553501 0.03010927 0.15479627 0.11662696 0.23058277 0.02323843]

rule31: age > 87.243
probabilities_array:[0.         0.         0.00116529 0.03007043 0.02757308 0.10056929
 0.03122638 0.20309198 0.16635904 0.19757503 0.24166664 0.00070278]

rule6: 72.223 < blast_furnace_slag < 130.146
probabilities_array:[0.02341442 0.04821046 0.         0.         0.         0.09304474
 0.06083088 0.18772799 0.24790588 0.15434828 0.14246431 0.04205298]


---6---
rule13: 167.571 < water < 181.967
probabilities_array:[0.03878164 0.08334269 0.         0.01325516 0.         0.
 0.3120291  0.         0.2071882  0.         0.2506533  0.09474988]

rule19: superplasticizer > 10.109
probabilities_array:[0.         0.03790275 0.         0.0011304  0.06521455 0.1048636
 0.23553501 0.03010927 0.15479627 0.11662696 0.23058277 0.02323843]

rule1: 208.859 < cement < 281.580
probabilities_array:[0.00103453 0.09592351 0.         0.0153631  0.16815257 0.0025225
 0.23178686 0.01166182 0.2734671  0.         0.         0.20008796]

rule24: fine_aggregate < 719.704
probabilities_array:[0.         0.00236248 0.00885222 0.03683284 0.03702363 0.
 0.1859593  0.14251573 0.10998482 0.2718651  0.16838382 0.03621999]

rule10: 54.174 < fly_ash < 97.351
probabilities_array:[0.05941384 0.         0.09378921 0.02761317 0.02146286 0.17209716
 0.17431387 0.13507119 0.16612045 0.11302778 0.         0.03709047]

rule14: 181.967 < water < 196.363
probabilities_array:[0.14259282 0.11678389 0.16126321 0.07523404 0.24697207 0.01599318
 0.15900864 0.06142161 0.00696752 0.00450452 0.         0.00925855]

rule7: blast_furnace_slag > 130.146
probabilities_array:[0.02560989 0.         0.02541961 0.0845918  0.08103921 0.22653478
 0.15224408 0.06554613 0.13674948 0.03635083 0.15445477 0.01145939]

rule17: 2.039 < superplasticizer < 6.074
probabilities_array:[0.05132881 0.         0.1014085  0.11264205 0.03648215 0.23370863
 0.12612319 0.169977   0.09210114 0.00081299 0.05905728 0.01635825]

rule23: coarse_aggregate > 1024.557
probabilities_array:[0.14747198 0.00664851 0.12115385 0.00196499 0.         0.
 0.14597285 0.03729561 0.         0.16754581 0.19260189 0.1793446 ]

rule26: 774.537 < fine_aggregate < 829.370
probabilities_array:[0.06372923 0.12874736 0.0752752  0.14224562 0.07004592 0.
 0.11114812 0.14922944 0.13437745 0.         0.07078207 0.05441951]

rule20: coarse_aggregate < 919.730
probabilities_array:[0.01576424 0.         0.         0.         0.01277839 0.2440754
 0.08163341 0.15845668 0.11116295 0.10453519 0.20410638 0.06748742]

rule15: water > 196.363
probabilities_array:[0.24936818 0.04733053 0.19084112 0.10195748 0.1714132  0.1275493
 0.07168131 0.02885714 0.00766056 0.00184054 0.         0.00150067]

rule2: 281.580 < cement < 354.302
probabilities_array:[0.         0.05403245 0.02049048 0.03031869 0.18904892 0.
 0.06891241 0.1288461  0.14350276 0.20866817 0.1045187  0.05166138]

rule8: fly_ash < 10.997
probabilities_array:[0.0212384  0.         0.14539433 0.         0.         0.
 0.07386549 0.         0.03694356 0.2974067  0.2789421  0.14620943]

rule6: 72.223 < blast_furnace_slag < 130.146
probabilities_array:[0.02341442 0.04821046 0.         0.         0.         0.09304474
 0.06083088 0.18772799 0.24790588 0.15434828 0.14246431 0.04205298]

rule16: superplasticizer < 2.039
probabilities_array:[0.24299154 0.22184771 0.02572423 0.14085327 0.0248884  0.
 0.06583183 0.         0.04588396 0.08801444 0.00636495 0.13759965]

rule30: 45.107 < age < 87.243
probabilities_array:[0.         0.         0.         0.         0.03978258 0.
 0.06071904 0.         0.20839128 0.22531934 0.29101384 0.17477383]

rule22: 972.143 < coarse_aggregate < 1024.557
probabilities_array:[0.03309474 0.14629707 0.05597252 0.16124053 0.03907678 0.11361045
 0.04844432 0.11010024 0.07536735 0.18459484 0.         0.03220124]


---7---
rule3: cement > 354.302
probabilities_array:[0.         0.         0.00929093 0.         0.         0.01396956
 0.         0.252568   0.03855605 0.23815452 0.28445303 0.16300789]

rule31: age > 87.243
probabilities_array:[0.         0.         0.00116529 0.03007043 0.02757308 0.10056929
 0.03122638 0.20309198 0.16635904 0.19757503 0.24166664 0.00070278]

rule18: 6.074 < superplasticizer < 10.109
probabilities_array:[0.00941601 0.         0.24913904 0.09631305 0.1104208  0.00207677
 0.         0.20496093 0.02345496 0.24441347 0.01651737 0.04328762]

rule6: 72.223 < blast_furnace_slag < 130.146
probabilities_array:[0.02341442 0.04821046 0.         0.         0.         0.09304474
 0.06083088 0.18772799 0.24790588 0.15434828 0.14246431 0.04205298]

rule17: 2.039 < superplasticizer < 6.074
probabilities_array:[0.05132881 0.         0.1014085  0.11264205 0.03648215 0.23370863
 0.12612319 0.169977   0.09210114 0.00081299 0.05905728 0.01635825]

rule4: blast_furnace_slag < 14.300
probabilities_array:[0.         0.17341174 0.01306198 0.20583381 0.03280507 0.
 0.04393535 0.17691739 0.13754039 0.02022594 0.08654407 0.10972434]

rule20: coarse_aggregate < 919.730
probabilities_array:[0.01576424 0.         0.         0.         0.01277839 0.2440754
 0.08163341 0.15845668 0.11116295 0.10453519 0.20410638 0.06748742]

rule26: 774.537 < fine_aggregate < 829.370
probabilities_array:[0.06372923 0.12874736 0.0752752  0.14224562 0.07004592 0.
 0.11114812 0.14922944 0.13437745 0.         0.07078207 0.05441951]

rule24: fine_aggregate < 719.704
probabilities_array:[0.         0.00236248 0.00885222 0.03683284 0.03702363 0.
 0.1859593  0.14251573 0.10998482 0.2718651  0.16838382 0.03621999]

rule10: 54.174 < fly_ash < 97.351
probabilities_array:[0.05941384 0.         0.09378921 0.02761317 0.02146286 0.17209716
 0.17431387 0.13507119 0.16612045 0.11302778 0.         0.03709047]

rule2: 281.580 < cement < 354.302
probabilities_array:[0.         0.05403245 0.02049048 0.03031869 0.18904892 0.
 0.06891241 0.1288461  0.14350276 0.20866817 0.1045187  0.05166138]

rule22: 972.143 < coarse_aggregate < 1024.557
probabilities_array:[0.03309474 0.14629707 0.05597252 0.16124053 0.03907678 0.11361045
 0.04844432 0.11010024 0.07536735 0.18459484 0.         0.03220124]

rule7: blast_furnace_slag > 130.146
probabilities_array:[0.02560989 0.         0.02541961 0.0845918  0.08103921 0.22653478
 0.15224408 0.06554613 0.13674948 0.03635083 0.15445477 0.01145939]

rule14: 181.967 < water < 196.363
probabilities_array:[0.14259282 0.11678389 0.16126321 0.07523404 0.24697207 0.01599318
 0.15900864 0.06142161 0.00696752 0.00450452 0.         0.00925855]

rule12: water < 167.571
probabilities_array:[0.         0.         0.00052405 0.         0.         0.03284854
 0.         0.06482866 0.03988857 0.29118443 0.28482446 0.2859013 ]

rule11: fly_ash > 97.351
probabilities_array:[0.17755634 0.07934488 0.         0.04301654 0.28780875 0.00326935
 0.00538792 0.0479879  0.14345528 0.07311928 0.         0.13905382]


---8---
rule6: 72.223 < blast_furnace_slag < 130.146
probabilities_array:[0.02341442 0.04821046 0.         0.         0.         0.09304474
 0.06083088 0.18772799 0.24790588 0.15434828 0.14246431 0.04205298]

rule1: 208.859 < cement < 281.580
probabilities_array:[0.00103453 0.09592351 0.         0.0153631  0.16815257 0.0025225
 0.23178686 0.01166182 0.2734671  0.         0.         0.20008796]

rule13: 167.571 < water < 181.967
probabilities_array:[0.03878164 0.08334269 0.         0.01325516 0.         0.
 0.3120291  0.         0.2071882  0.         0.2506533  0.09474988]

rule30: 45.107 < age < 87.243
probabilities_array:[0.         0.         0.         0.         0.03978258 0.
 0.06071904 0.         0.20839128 0.22531934 0.29101384 0.17477383]

rule31: age > 87.243
probabilities_array:[0.         0.         0.00116529 0.03007043 0.02757308 0.10056929
 0.03122638 0.20309198 0.16635904 0.19757503 0.24166664 0.00070278]

rule10: 54.174 < fly_ash < 97.351
probabilities_array:[0.05941384 0.         0.09378921 0.02761317 0.02146286 0.17209716
 0.17431387 0.13507119 0.16612045 0.11302778 0.         0.03709047]

rule19: superplasticizer > 10.109
probabilities_array:[0.         0.03790275 0.         0.0011304  0.06521455 0.1048636
 0.23553501 0.03010927 0.15479627 0.11662696 0.23058277 0.02323843]

rule2: 281.580 < cement < 354.302
probabilities_array:[0.         0.05403245 0.02049048 0.03031869 0.18904892 0.
 0.06891241 0.1288461  0.14350276 0.20866817 0.1045187  0.05166138]

rule7: blast_furnace_slag > 130.146
probabilities_array:[0.02560989 0.         0.02541961 0.0845918  0.08103921 0.22653478
 0.15224408 0.06554613 0.13674948 0.03635083 0.15445477 0.01145939]

rule9: 10.997 < fly_ash < 54.174
probabilities_array:[0.         0.2792347  0.         0.         0.2714439  0.
 0.         0.04056161 0.13734917 0.25179717 0.         0.0196134 ]

rule26: 774.537 < fine_aggregate < 829.370
probabilities_array:[0.06372923 0.12874736 0.0752752  0.14224562 0.07004592 0.
 0.11114812 0.14922944 0.13437745 0.         0.07078207 0.05441951]

rule11: fly_ash > 97.351
probabilities_array:[0.17755634 0.07934488 0.         0.04301654 0.28780875 0.00326935
 0.00538792 0.0479879  0.14345528 0.07311928 0.         0.13905382]

rule4: blast_furnace_slag < 14.300
probabilities_array:[0.         0.17341174 0.01306198 0.20583381 0.03280507 0.
 0.04393535 0.17691739 0.13754039 0.02022594 0.08654407 0.10972434]

rule24: fine_aggregate < 719.704
probabilities_array:[0.         0.00236248 0.00885222 0.03683284 0.03702363 0.
 0.1859593  0.14251573 0.10998482 0.2718651  0.16838382 0.03621999]

rule20: coarse_aggregate < 919.730
probabilities_array:[0.01576424 0.         0.         0.         0.01277839 0.2440754
 0.08163341 0.15845668 0.11116295 0.10453519 0.20410638 0.06748742]

rule17: 2.039 < superplasticizer < 6.074
probabilities_array:[0.05132881 0.         0.1014085  0.11264205 0.03648215 0.23370863
 0.12612319 0.169977   0.09210114 0.00081299 0.05905728 0.01635825]

rule22: 972.143 < coarse_aggregate < 1024.557
probabilities_array:[0.03309474 0.14629707 0.05597252 0.16124053 0.03907678 0.11361045
 0.04844432 0.11010024 0.07536735 0.18459484 0.         0.03220124]

rule21: 919.730 < coarse_aggregate < 972.143
probabilities_array:[6.2002297e-03 0.0000000e+00 0.0000000e+00 1.2002548e-01 8.2783006e-02
 0.0000000e+00 0.0000000e+00 3.4757952e-05 7.9719275e-02 9.6355744e-02
 3.0509770e-01 3.0978388e-01]


---9---
rule24: fine_aggregate < 719.704
probabilities_array:[0.         0.00236248 0.00885222 0.03683284 0.03702363 0.
 0.1859593  0.14251573 0.10998482 0.2718651  0.16838382 0.03621999]

rule8: fly_ash < 10.997
probabilities_array:[0.0212384  0.         0.14539433 0.         0.         0.
 0.07386549 0.         0.03694356 0.2974067  0.2789421  0.14620943]

rule9: 10.997 < fly_ash < 54.174
probabilities_array:[0.         0.2792347  0.         0.         0.2714439  0.
 0.         0.04056161 0.13734917 0.25179717 0.         0.0196134 ]

rule18: 6.074 < superplasticizer < 10.109
probabilities_array:[0.00941601 0.         0.24913904 0.09631305 0.1104208  0.00207677
 0.         0.20496093 0.02345496 0.24441347 0.01651737 0.04328762]

rule12: water < 167.571
probabilities_array:[0.         0.         0.00052405 0.         0.         0.03284854
 0.         0.06482866 0.03988857 0.29118443 0.28482446 0.2859013 ]

rule3: cement > 354.302
probabilities_array:[0.         0.         0.00929093 0.         0.         0.01396956
 0.         0.252568   0.03855605 0.23815452 0.28445303 0.16300789]

rule2: 281.580 < cement < 354.302
probabilities_array:[0.         0.05403245 0.02049048 0.03031869 0.18904892 0.
 0.06891241 0.1288461  0.14350276 0.20866817 0.1045187  0.05166138]

rule31: age > 87.243
probabilities_array:[0.         0.         0.00116529 0.03007043 0.02757308 0.10056929
 0.03122638 0.20309198 0.16635904 0.19757503 0.24166664 0.00070278]

rule5: 14.300 < blast_furnace_slag < 72.223
probabilities_array:[3.6338918e-02 0.0000000e+00 0.0000000e+00 5.4788318e-02 1.8272619e-01
 7.4871317e-03 2.3144639e-04 0.0000000e+00 0.0000000e+00 2.4191841e-01
 2.6398638e-01 2.1252307e-01]

rule30: 45.107 < age < 87.243
probabilities_array:[0.         0.         0.         0.         0.03978258 0.
 0.06071904 0.         0.20839128 0.22531934 0.29101384 0.17477383]

rule22: 972.143 < coarse_aggregate < 1024.557
probabilities_array:[0.03309474 0.14629707 0.05597252 0.16124053 0.03907678 0.11361045
 0.04844432 0.11010024 0.07536735 0.18459484 0.         0.03220124]

rule6: 72.223 < blast_furnace_slag < 130.146
probabilities_array:[0.02341442 0.04821046 0.         0.         0.         0.09304474
 0.06083088 0.18772799 0.24790588 0.15434828 0.14246431 0.04205298]

rule23: coarse_aggregate > 1024.557
probabilities_array:[0.14747198 0.00664851 0.12115385 0.00196499 0.         0.
 0.14597285 0.03729561 0.         0.16754581 0.19260189 0.1793446 ]

rule19: superplasticizer > 10.109
probabilities_array:[0.         0.03790275 0.         0.0011304  0.06521455 0.1048636
 0.23553501 0.03010927 0.15479627 0.11662696 0.23058277 0.02323843]

rule10: 54.174 < fly_ash < 97.351
probabilities_array:[0.05941384 0.         0.09378921 0.02761317 0.02146286 0.17209716
 0.17431387 0.13507119 0.16612045 0.11302778 0.         0.03709047]

rule20: coarse_aggregate < 919.730
probabilities_array:[0.01576424 0.         0.         0.         0.01277839 0.2440754
 0.08163341 0.15845668 0.11116295 0.10453519 0.20410638 0.06748742]

rule16: superplasticizer < 2.039
probabilities_array:[0.24299154 0.22184771 0.02572423 0.14085327 0.0248884  0.
 0.06583183 0.         0.04588396 0.08801444 0.00636495 0.13759965]

rule21: 919.730 < coarse_aggregate < 972.143
probabilities_array:[6.2002297e-03 0.0000000e+00 0.0000000e+00 1.2002548e-01 8.2783006e-02
 0.0000000e+00 0.0000000e+00 3.4757952e-05 7.9719275e-02 9.6355744e-02
 3.0509770e-01 3.0978388e-01]

rule11: fly_ash > 97.351
probabilities_array:[0.17755634 0.07934488 0.         0.04301654 0.28780875 0.00326935
 0.00538792 0.0479879  0.14345528 0.07311928 0.         0.13905382]

rule25: 719.704 < fine_aggregate < 774.537
probabilities_array:[0.         0.         0.         0.         0.00194323 0.28097752
 0.02353484 0.00388099 0.01095493 0.08145011 0.29559165 0.30166674]


---10---
rule31: age > 87.243
probabilities_array:[0.         0.         0.00116529 0.03007043 0.02757308 0.10056929
 0.03122638 0.20309198 0.16635904 0.19757503 0.24166664 0.00070278]

rule30: 45.107 < age < 87.243
probabilities_array:[0.         0.         0.         0.         0.03978258 0.
 0.06071904 0.         0.20839128 0.22531934 0.29101384 0.17477383]

rule8: fly_ash < 10.997
probabilities_array:[0.0212384  0.         0.14539433 0.         0.         0.
 0.07386549 0.         0.03694356 0.2974067  0.2789421  0.14620943]

rule3: cement > 354.302
probabilities_array:[0.         0.         0.00929093 0.         0.         0.01396956
 0.         0.252568   0.03855605 0.23815452 0.28445303 0.16300789]

rule13: 167.571 < water < 181.967
probabilities_array:[0.03878164 0.08334269 0.         0.01325516 0.         0.
 0.3120291  0.         0.2071882  0.         0.2506533  0.09474988]

rule19: superplasticizer > 10.109
probabilities_array:[0.         0.03790275 0.         0.0011304  0.06521455 0.1048636
 0.23553501 0.03010927 0.15479627 0.11662696 0.23058277 0.02323843]

rule21: 919.730 < coarse_aggregate < 972.143
probabilities_array:[6.2002297e-03 0.0000000e+00 0.0000000e+00 1.2002548e-01 8.2783006e-02
 0.0000000e+00 0.0000000e+00 3.4757952e-05 7.9719275e-02 9.6355744e-02
 3.0509770e-01 3.0978388e-01]

rule5: 14.300 < blast_furnace_slag < 72.223
probabilities_array:[3.6338918e-02 0.0000000e+00 0.0000000e+00 5.4788318e-02 1.8272619e-01
 7.4871317e-03 2.3144639e-04 0.0000000e+00 0.0000000e+00 2.4191841e-01
 2.6398638e-01 2.1252307e-01]

rule25: 719.704 < fine_aggregate < 774.537
probabilities_array:[0.         0.         0.         0.         0.00194323 0.28097752
 0.02353484 0.00388099 0.01095493 0.08145011 0.29559165 0.30166674]

rule12: water < 167.571
probabilities_array:[0.         0.         0.00052405 0.         0.         0.03284854
 0.         0.06482866 0.03988857 0.29118443 0.28482446 0.2859013 ]

rule20: coarse_aggregate < 919.730
probabilities_array:[0.01576424 0.         0.         0.         0.01277839 0.2440754
 0.08163341 0.15845668 0.11116295 0.10453519 0.20410638 0.06748742]

rule24: fine_aggregate < 719.704
probabilities_array:[0.         0.00236248 0.00885222 0.03683284 0.03702363 0.
 0.1859593  0.14251573 0.10998482 0.2718651  0.16838382 0.03621999]

rule23: coarse_aggregate > 1024.557
probabilities_array:[0.14747198 0.00664851 0.12115385 0.00196499 0.         0.
 0.14597285 0.03729561 0.         0.16754581 0.19260189 0.1793446 ]

rule7: blast_furnace_slag > 130.146
probabilities_array:[0.02560989 0.         0.02541961 0.0845918  0.08103921 0.22653478
 0.15224408 0.06554613 0.13674948 0.03635083 0.15445477 0.01145939]

rule6: 72.223 < blast_furnace_slag < 130.146
probabilities_array:[0.02341442 0.04821046 0.         0.         0.         0.09304474
 0.06083088 0.18772799 0.24790588 0.15434828 0.14246431 0.04205298]

rule2: 281.580 < cement < 354.302
probabilities_array:[0.         0.05403245 0.02049048 0.03031869 0.18904892 0.
 0.06891241 0.1288461  0.14350276 0.20866817 0.1045187  0.05166138]

rule4: blast_furnace_slag < 14.300
probabilities_array:[0.         0.17341174 0.01306198 0.20583381 0.03280507 0.
 0.04393535 0.17691739 0.13754039 0.02022594 0.08654407 0.10972434]

rule26: 774.537 < fine_aggregate < 829.370
probabilities_array:[0.06372923 0.12874736 0.0752752  0.14224562 0.07004592 0.
 0.11114812 0.14922944 0.13437745 0.         0.07078207 0.05441951]

rule17: 2.039 < superplasticizer < 6.074
probabilities_array:[0.05132881 0.         0.1014085  0.11264205 0.03648215 0.23370863
 0.12612319 0.169977   0.09210114 0.00081299 0.05905728 0.01635825]

rule27: fine_aggregate > 829.370
probabilities_array:[0.33849064 0.         0.09481063 0.1503656  0.02065407 0.05104378
 0.         0.03631013 0.00450963 0.         0.05748025 0.24633521]

