R2: -1.2950933245951037


MAE: 15.868951049321614


MSE: 666.9049521822288


Accuracy: 0.2772890688508349


F1: 0.29411764705882354


Most important rules
-----------------------------

---0---
rule0: cement < 211.504
probabilities_array:[0.25942057 0.24440068 0.12991072 0.0914648  0.16499954 0.02328075
 0.02666337 0.03671783 0.02314162 0.         0.        ]

rule28: age < 3.106
probabilities_array:[0.32113802 0.31393915 0.087664   0.         0.04155212 0.02720534
 0.00565582 0.         0.         0.         0.20284544]

rule8: fly_ash < 11.553
probabilities_array:[0.24322276 0.12259942 0.         0.00154482 0.03599884 0.
 0.17107084 0.         0.12453164 0.24150415 0.05952757]

rule27: fine_aggregate > 827.258
probabilities_array:[0.26161972 0.05565488 0.02011527 0.18913785 0.         0.0617639
 0.08505633 0.1723775  0.         0.         0.15427457]

rule1: 211.504 < cement < 281.068
probabilities_array:[0.22013736 0.23285192 0.00689478 0.08588801 0.09520159 0.00561081
 0.04401559 0.1407184  0.11490312 0.03944326 0.01433521]

rule15: water > 195.926
probabilities_array:[0.19845848 0.04858252 0.20029178 0.19277377 0.2285614  0.01012451
 0.04856621 0.05074833 0.01244457 0.         0.00944848]

rule14: 181.557 < water < 195.926
probabilities_array:[0.19933657 0.11024413 0.14493312 0.09792069 0.07465114 0.08848951
 0.1386016  0.10076816 0.02963166 0.         0.01542351]

rule16: superplasticizer < 2.254
probabilities_array:[0.24231204 0.22999284 0.19369966 0.02932769 0.00522648 0.03555467
 0.         0.0670615  0.         0.         0.19682509]

rule26: 775.076 < fine_aggregate < 827.258
probabilities_array:[0.1790318  0.11374729 0.11074925 0.07831994 0.03970312 0.08938499
 0.08947331 0.04093609 0.         0.23956728 0.01908684]

rule20: coarse_aggregate < 920.920
probabilities_array:[1.9888790e-01 0.0000000e+00 2.7186675e-03 0.0000000e+00 2.1076177e-01
 0.0000000e+00 2.0053730e-04 3.0262694e-02 1.7928043e-01 2.3618247e-01
 1.4170548e-01]

rule4: blast_furnace_slag < 16.454
probabilities_array:[0.12932955 0.1428689  0.17662117 0.12303807 0.07154288 0.14209135
 0.         0.001513   0.11687343 0.02521489 0.07090676]

rule11: fly_ash > 96.982
probabilities_array:[0.12454546 0.13614877 0.06954677 0.09155103 0.         0.19751003
 0.08663863 0.1737682  0.06488337 0.         0.05540774]

rule13: 167.188 < water < 181.557
probabilities_array:[0.12006437 0.02875563 0.04919076 0.01158749 0.08271401 0.08709536
 0.19890936 0.17548582 0.         0.19506894 0.05112821]

rule9: 11.553 < fly_ash < 54.268
probabilities_array:[0.10585414 0.09549584 0.         0.2801778  0.         0.
 0.00109017 0.         0.18750618 0.23064189 0.09923403]

rule6: 73.119 < blast_furnace_slag < 129.783
probabilities_array:[0.09247783 0.07046201 0.13347892 0.         0.12791395 0.0108962
 0.21465938 0.14984593 0.09208762 0.06079301 0.0473852 ]

rule5: 16.454 < blast_furnace_slag < 73.119
probabilities_array:[0.10482775 0.         0.06847313 0.         0.00060608 0.0472548
 0.06448301 0.09712451 0.1597628  0.29446203 0.16300595]

rule21: 920.920 < coarse_aggregate < 972.797
probabilities_array:[0.04669467 0.07399175 0.14227428 0.28109002 0.01053413 0.20159617
 0.05658047 0.03560695 0.10171169 0.         0.04991992]


---1---
rule28: age < 3.106
probabilities_array:[0.32113802 0.31393915 0.087664   0.         0.04155212 0.02720534
 0.00565582 0.         0.         0.         0.20284544]

rule0: cement < 211.504
probabilities_array:[0.25942057 0.24440068 0.12991072 0.0914648  0.16499954 0.02328075
 0.02666337 0.03671783 0.02314162 0.         0.        ]

rule1: 211.504 < cement < 281.068
probabilities_array:[0.22013736 0.23285192 0.00689478 0.08588801 0.09520159 0.00561081
 0.04401559 0.1407184  0.11490312 0.03944326 0.01433521]

rule2: 281.068 < cement < 350.631
probabilities_array:[0.00598817 0.22771601 0.03828849 0.0645237  0.18247533 0.20613085
 0.07524695 0.05720427 0.10889405 0.         0.03353211]

rule22: 972.797 < coarse_aggregate < 1024.673
probabilities_array:[0.0188609  0.24250665 0.06180301 0.08452916 0.         0.26505336
 0.10421159 0.12445516 0.         0.         0.09858014]

rule16: superplasticizer < 2.254
probabilities_array:[0.24231204 0.22999284 0.19369966 0.02932769 0.00522648 0.03555467
 0.         0.0670615  0.         0.         0.19682509]

rule4: blast_furnace_slag < 16.454
probabilities_array:[0.12932955 0.1428689  0.17662117 0.12303807 0.07154288 0.14209135
 0.         0.001513   0.11687343 0.02521489 0.07090676]

rule11: fly_ash > 96.982
probabilities_array:[0.12454546 0.13614877 0.06954677 0.09155103 0.         0.19751003
 0.08663863 0.1737682  0.06488337 0.         0.05540774]

rule25: 722.893 < fine_aggregate < 775.076
probabilities_array:[0.         0.15478976 0.00083832 0.         0.32936457 0.
 0.02784309 0.         0.01115762 0.24588652 0.23012011]

rule8: fly_ash < 11.553
probabilities_array:[0.24322276 0.12259942 0.         0.00154482 0.03599884 0.
 0.17107084 0.         0.12453164 0.24150415 0.05952757]

rule26: 775.076 < fine_aggregate < 827.258
probabilities_array:[0.1790318  0.11374729 0.11074925 0.07831994 0.03970312 0.08938499
 0.08947331 0.04093609 0.         0.23956728 0.01908684]

rule14: 181.557 < water < 195.926
probabilities_array:[0.19933657 0.11024413 0.14493312 0.09792069 0.07465114 0.08848951
 0.1386016  0.10076816 0.02963166 0.         0.01542351]

rule9: 11.553 < fly_ash < 54.268
probabilities_array:[0.10585414 0.09549584 0.         0.2801778  0.         0.
 0.00109017 0.         0.18750618 0.23064189 0.09923403]

rule21: 920.920 < coarse_aggregate < 972.797
probabilities_array:[0.04669467 0.07399175 0.14227428 0.28109002 0.01053413 0.20159617
 0.05658047 0.03560695 0.10171169 0.         0.04991992]

rule6: 73.119 < blast_furnace_slag < 129.783
probabilities_array:[0.09247783 0.07046201 0.13347892 0.         0.12791395 0.0108962
 0.21465938 0.14984593 0.09208762 0.06079301 0.0473852 ]

rule23: coarse_aggregate > 1024.673
probabilities_array:[0.04190735 0.06504858 0.08948649 0.10905769 0.         0.
 0.12675558 0.21499857 0.08087017 0.17918037 0.09269521]

rule15: water > 195.926
probabilities_array:[0.19845848 0.04858252 0.20029178 0.19277377 0.2285614  0.01012451
 0.04856621 0.05074833 0.01244457 0.         0.00944848]

rule27: fine_aggregate > 827.258
probabilities_array:[0.26161972 0.05565488 0.02011527 0.18913785 0.         0.0617639
 0.08505633 0.1723775  0.         0.         0.15427457]


---2---
rule10: 54.268 < fly_ash < 96.982
probabilities_array:[0.00000000e+00 0.00000000e+00 2.57569104e-01 0.00000000e+00
 2.48156562e-01 7.03899860e-02 1.19591765e-01 2.33606592e-01
 1.35037827e-03 7.45341458e-05 6.92610666e-02]

rule17: 2.254 < superplasticizer < 6.220
probabilities_array:[0.03757866 0.         0.2241085  0.08106102 0.12186744 0.03998541
 0.24837957 0.00549239 0.         0.22823164 0.01329535]

rule15: water > 195.926
probabilities_array:[0.19845848 0.04858252 0.20029178 0.19277377 0.2285614  0.01012451
 0.04856621 0.05074833 0.01244457 0.         0.00944848]

rule4: blast_furnace_slag < 16.454
probabilities_array:[0.12932955 0.1428689  0.17662117 0.12303807 0.07154288 0.14209135
 0.         0.001513   0.11687343 0.02521489 0.07090676]

rule16: superplasticizer < 2.254
probabilities_array:[0.24231204 0.22999284 0.19369966 0.02932769 0.00522648 0.03555467
 0.         0.0670615  0.         0.         0.19682509]

rule29: 3.106 < age < 45.143
probabilities_array:[0.         0.03079932 0.15093222 0.17570728 0.12715773 0.16533068
 0.08072985 0.04366753 0.14959244 0.06189433 0.01418852]

rule14: 181.557 < water < 195.926
probabilities_array:[0.19933657 0.11024413 0.14493312 0.09792069 0.07465114 0.08848951
 0.1386016  0.10076816 0.02963166 0.         0.01542351]

rule21: 920.920 < coarse_aggregate < 972.797
probabilities_array:[0.04669467 0.07399175 0.14227428 0.28109002 0.01053413 0.20159617
 0.05658047 0.03560695 0.10171169 0.         0.04991992]

rule0: cement < 211.504
probabilities_array:[0.25942057 0.24440068 0.12991072 0.0914648  0.16499954 0.02328075
 0.02666337 0.03671783 0.02314162 0.         0.        ]

rule6: 73.119 < blast_furnace_slag < 129.783
probabilities_array:[0.09247783 0.07046201 0.13347892 0.         0.12791395 0.0108962
 0.21465938 0.14984593 0.09208762 0.06079301 0.0473852 ]

rule26: 775.076 < fine_aggregate < 827.258
probabilities_array:[0.1790318  0.11374729 0.11074925 0.07831994 0.03970312 0.08938499
 0.08947331 0.04093609 0.         0.23956728 0.01908684]

rule23: coarse_aggregate > 1024.673
probabilities_array:[0.04190735 0.06504858 0.08948649 0.10905769 0.         0.
 0.12675558 0.21499857 0.08087017 0.17918037 0.09269521]

rule28: age < 3.106
probabilities_array:[0.32113802 0.31393915 0.087664   0.         0.04155212 0.02720534
 0.00565582 0.         0.         0.         0.20284544]

rule11: fly_ash > 96.982
probabilities_array:[0.12454546 0.13614877 0.06954677 0.09155103 0.         0.19751003
 0.08663863 0.1737682  0.06488337 0.         0.05540774]

rule5: 16.454 < blast_furnace_slag < 73.119
probabilities_array:[0.10482775 0.         0.06847313 0.         0.00060608 0.0472548
 0.06448301 0.09712451 0.1597628  0.29446203 0.16300595]

rule22: 972.797 < coarse_aggregate < 1024.673
probabilities_array:[0.0188609  0.24250665 0.06180301 0.08452916 0.         0.26505336
 0.10421159 0.12445516 0.         0.         0.09858014]

rule13: 167.188 < water < 181.557
probabilities_array:[0.12006437 0.02875563 0.04919076 0.01158749 0.08271401 0.08709536
 0.19890936 0.17548582 0.         0.19506894 0.05112821]


---3---
rule21: 920.920 < coarse_aggregate < 972.797
probabilities_array:[0.04669467 0.07399175 0.14227428 0.28109002 0.01053413 0.20159617
 0.05658047 0.03560695 0.10171169 0.         0.04991992]

rule9: 11.553 < fly_ash < 54.268
probabilities_array:[0.10585414 0.09549584 0.         0.2801778  0.         0.
 0.00109017 0.         0.18750618 0.23064189 0.09923403]

rule7: blast_furnace_slag > 129.783
probabilities_array:[0.03417928 0.04054582 0.         0.2647857  0.08352305 0.08482572
 0.00515752 0.07198627 0.02904253 0.23436983 0.15158421]

rule15: water > 195.926
probabilities_array:[0.19845848 0.04858252 0.20029178 0.19277377 0.2285614  0.01012451
 0.04856621 0.05074833 0.01244457 0.         0.00944848]

rule29: 3.106 < age < 45.143
probabilities_array:[0.         0.03079932 0.15093222 0.17570728 0.12715773 0.16533068
 0.08072985 0.04366753 0.14959244 0.06189433 0.01418852]

rule27: fine_aggregate > 827.258
probabilities_array:[0.26161972 0.05565488 0.02011527 0.18913785 0.         0.0617639
 0.08505633 0.1723775  0.         0.         0.15427457]

rule18: 6.220 < superplasticizer < 10.186
probabilities_array:[0.01632416 0.         0.02384783 0.14747447 0.01878891 0.02701816
 0.21406502 0.2167781  0.06696574 0.17627457 0.092463  ]

rule4: blast_furnace_slag < 16.454
probabilities_array:[0.12932955 0.1428689  0.17662117 0.12303807 0.07154288 0.14209135
 0.         0.001513   0.11687343 0.02521489 0.07090676]

rule23: coarse_aggregate > 1024.673
probabilities_array:[0.04190735 0.06504858 0.08948649 0.10905769 0.         0.
 0.12675558 0.21499857 0.08087017 0.17918037 0.09269521]

rule14: 181.557 < water < 195.926
probabilities_array:[0.19933657 0.11024413 0.14493312 0.09792069 0.07465114 0.08848951
 0.1386016  0.10076816 0.02963166 0.         0.01542351]

rule0: cement < 211.504
probabilities_array:[0.25942057 0.24440068 0.12991072 0.0914648  0.16499954 0.02328075
 0.02666337 0.03671783 0.02314162 0.         0.        ]

rule11: fly_ash > 96.982
probabilities_array:[0.12454546 0.13614877 0.06954677 0.09155103 0.         0.19751003
 0.08663863 0.1737682  0.06488337 0.         0.05540774]

rule1: 211.504 < cement < 281.068
probabilities_array:[0.22013736 0.23285192 0.00689478 0.08588801 0.09520159 0.00561081
 0.04401559 0.1407184  0.11490312 0.03944326 0.01433521]

rule17: 2.254 < superplasticizer < 6.220
probabilities_array:[0.03757866 0.         0.2241085  0.08106102 0.12186744 0.03998541
 0.24837957 0.00549239 0.         0.22823164 0.01329535]

rule26: 775.076 < fine_aggregate < 827.258
probabilities_array:[0.1790318  0.11374729 0.11074925 0.07831994 0.03970312 0.08938499
 0.08947331 0.04093609 0.         0.23956728 0.01908684]

rule22: 972.797 < coarse_aggregate < 1024.673
probabilities_array:[0.0188609  0.24250665 0.06180301 0.08452916 0.         0.26505336
 0.10421159 0.12445516 0.         0.         0.09858014]

rule2: 281.068 < cement < 350.631
probabilities_array:[0.00598817 0.22771601 0.03828849 0.0645237  0.18247533 0.20613085
 0.07524695 0.05720427 0.10889405 0.         0.03353211]

rule30: 45.143 < age < 87.181
probabilities_array:[0.         0.         0.         0.07308152 0.         0.
 0.00614121 0.26246387 0.15814337 0.31867257 0.18149742]


---4---
rule25: 722.893 < fine_aggregate < 775.076
probabilities_array:[0.         0.15478976 0.00083832 0.         0.32936457 0.
 0.02784309 0.         0.01115762 0.24588652 0.23012011]

rule10: 54.268 < fly_ash < 96.982
probabilities_array:[0.00000000e+00 0.00000000e+00 2.57569104e-01 0.00000000e+00
 2.48156562e-01 7.03899860e-02 1.19591765e-01 2.33606592e-01
 1.35037827e-03 7.45341458e-05 6.92610666e-02]

rule15: water > 195.926
probabilities_array:[0.19845848 0.04858252 0.20029178 0.19277377 0.2285614  0.01012451
 0.04856621 0.05074833 0.01244457 0.         0.00944848]

rule19: superplasticizer > 10.186
probabilities_array:[0.         0.0200976  0.         0.00617629 0.2010164  0.06013195
 0.08919693 0.1250602  0.1953295  0.2308112  0.07218002]

rule20: coarse_aggregate < 920.920
probabilities_array:[1.9888790e-01 0.0000000e+00 2.7186675e-03 0.0000000e+00 2.1076177e-01
 0.0000000e+00 2.0053730e-04 3.0262694e-02 1.7928043e-01 2.3618247e-01
 1.4170548e-01]

rule2: 281.068 < cement < 350.631
probabilities_array:[0.00598817 0.22771601 0.03828849 0.0645237  0.18247533 0.20613085
 0.07524695 0.05720427 0.10889405 0.         0.03353211]

rule0: cement < 211.504
probabilities_array:[0.25942057 0.24440068 0.12991072 0.0914648  0.16499954 0.02328075
 0.02666337 0.03671783 0.02314162 0.         0.        ]

rule29: 3.106 < age < 45.143
probabilities_array:[0.         0.03079932 0.15093222 0.17570728 0.12715773 0.16533068
 0.08072985 0.04366753 0.14959244 0.06189433 0.01418852]

rule6: 73.119 < blast_furnace_slag < 129.783
probabilities_array:[0.09247783 0.07046201 0.13347892 0.         0.12791395 0.0108962
 0.21465938 0.14984593 0.09208762 0.06079301 0.0473852 ]

rule17: 2.254 < superplasticizer < 6.220
probabilities_array:[0.03757866 0.         0.2241085  0.08106102 0.12186744 0.03998541
 0.24837957 0.00549239 0.         0.22823164 0.01329535]

rule1: 211.504 < cement < 281.068
probabilities_array:[0.22013736 0.23285192 0.00689478 0.08588801 0.09520159 0.00561081
 0.04401559 0.1407184  0.11490312 0.03944326 0.01433521]

rule13: 167.188 < water < 181.557
probabilities_array:[0.12006437 0.02875563 0.04919076 0.01158749 0.08271401 0.08709536
 0.19890936 0.17548582 0.         0.19506894 0.05112821]

rule14: 181.557 < water < 195.926
probabilities_array:[0.19933657 0.11024413 0.14493312 0.09792069 0.07465114 0.08848951
 0.1386016  0.10076816 0.02963166 0.         0.01542351]

rule31: age > 87.181
probabilities_array:[0.         0.         0.         0.01091339 0.07309647 0.13766667
 0.14762175 0.2166925  0.18168637 0.23002416 0.00229865]

rule7: blast_furnace_slag > 129.783
probabilities_array:[0.03417928 0.04054582 0.         0.2647857  0.08352305 0.08482572
 0.00515752 0.07198627 0.02904253 0.23436983 0.15158421]

rule4: blast_furnace_slag < 16.454
probabilities_array:[0.12932955 0.1428689  0.17662117 0.12303807 0.07154288 0.14209135
 0.         0.001513   0.11687343 0.02521489 0.07090676]


---5---
rule22: 972.797 < coarse_aggregate < 1024.673
probabilities_array:[0.0188609  0.24250665 0.06180301 0.08452916 0.         0.26505336
 0.10421159 0.12445516 0.         0.         0.09858014]

rule2: 281.068 < cement < 350.631
probabilities_array:[0.00598817 0.22771601 0.03828849 0.0645237  0.18247533 0.20613085
 0.07524695 0.05720427 0.10889405 0.         0.03353211]

rule21: 920.920 < coarse_aggregate < 972.797
probabilities_array:[0.04669467 0.07399175 0.14227428 0.28109002 0.01053413 0.20159617
 0.05658047 0.03560695 0.10171169 0.         0.04991992]

rule11: fly_ash > 96.982
probabilities_array:[0.12454546 0.13614877 0.06954677 0.09155103 0.         0.19751003
 0.08663863 0.1737682  0.06488337 0.         0.05540774]

rule29: 3.106 < age < 45.143
probabilities_array:[0.         0.03079932 0.15093222 0.17570728 0.12715773 0.16533068
 0.08072985 0.04366753 0.14959244 0.06189433 0.01418852]

rule31: age > 87.181
probabilities_array:[0.         0.         0.         0.01091339 0.07309647 0.13766667
 0.14762175 0.2166925  0.18168637 0.23002416 0.00229865]

rule4: blast_furnace_slag < 16.454
probabilities_array:[0.12932955 0.1428689  0.17662117 0.12303807 0.07154288 0.14209135
 0.         0.001513   0.11687343 0.02521489 0.07090676]

rule12: water < 167.188
probabilities_array:[0.         0.03391832 0.         0.         0.         0.15929408
 0.02070746 0.         0.25071287 0.30097187 0.2343954 ]

rule26: 775.076 < fine_aggregate < 827.258
probabilities_array:[0.1790318  0.11374729 0.11074925 0.07831994 0.03970312 0.08938499
 0.08947331 0.04093609 0.         0.23956728 0.01908684]

rule14: 181.557 < water < 195.926
probabilities_array:[0.19933657 0.11024413 0.14493312 0.09792069 0.07465114 0.08848951
 0.1386016  0.10076816 0.02963166 0.         0.01542351]

rule13: 167.188 < water < 181.557
probabilities_array:[0.12006437 0.02875563 0.04919076 0.01158749 0.08271401 0.08709536
 0.19890936 0.17548582 0.         0.19506894 0.05112821]

rule7: blast_furnace_slag > 129.783
probabilities_array:[0.03417928 0.04054582 0.         0.2647857  0.08352305 0.08482572
 0.00515752 0.07198627 0.02904253 0.23436983 0.15158421]

rule10: 54.268 < fly_ash < 96.982
probabilities_array:[0.00000000e+00 0.00000000e+00 2.57569104e-01 0.00000000e+00
 2.48156562e-01 7.03899860e-02 1.19591765e-01 2.33606592e-01
 1.35037827e-03 7.45341458e-05 6.92610666e-02]

rule19: superplasticizer > 10.186
probabilities_array:[0.         0.0200976  0.         0.00617629 0.2010164  0.06013195
 0.08919693 0.1250602  0.1953295  0.2308112  0.07218002]

rule27: fine_aggregate > 827.258
probabilities_array:[0.26161972 0.05565488 0.02011527 0.18913785 0.         0.0617639
 0.08505633 0.1723775  0.         0.         0.15427457]

rule24: fine_aggregate < 722.893
probabilities_array:[0.         0.00391528 0.00847633 0.00887248 0.         0.04882146
 0.08135235 0.3288435  0.30438608 0.12290814 0.0924244 ]


---6---
rule17: 2.254 < superplasticizer < 6.220
probabilities_array:[0.03757866 0.         0.2241085  0.08106102 0.12186744 0.03998541
 0.24837957 0.00549239 0.         0.22823164 0.01329535]

rule6: 73.119 < blast_furnace_slag < 129.783
probabilities_array:[0.09247783 0.07046201 0.13347892 0.         0.12791395 0.0108962
 0.21465938 0.14984593 0.09208762 0.06079301 0.0473852 ]

rule18: 6.220 < superplasticizer < 10.186
probabilities_array:[0.01632416 0.         0.02384783 0.14747447 0.01878891 0.02701816
 0.21406502 0.2167781  0.06696574 0.17627457 0.092463  ]

rule3: cement > 350.631
probabilities_array:[0.         0.         0.03932131 0.         0.01154415 0.
 0.2379461  0.03378245 0.19118516 0.28617287 0.20004793]

rule13: 167.188 < water < 181.557
probabilities_array:[0.12006437 0.02875563 0.04919076 0.01158749 0.08271401 0.08709536
 0.19890936 0.17548582 0.         0.19506894 0.05112821]

rule8: fly_ash < 11.553
probabilities_array:[0.24322276 0.12259942 0.         0.00154482 0.03599884 0.
 0.17107084 0.         0.12453164 0.24150415 0.05952757]

rule31: age > 87.181
probabilities_array:[0.         0.         0.         0.01091339 0.07309647 0.13766667
 0.14762175 0.2166925  0.18168637 0.23002416 0.00229865]

rule14: 181.557 < water < 195.926
probabilities_array:[0.19933657 0.11024413 0.14493312 0.09792069 0.07465114 0.08848951
 0.1386016  0.10076816 0.02963166 0.         0.01542351]

rule23: coarse_aggregate > 1024.673
probabilities_array:[0.04190735 0.06504858 0.08948649 0.10905769 0.         0.
 0.12675558 0.21499857 0.08087017 0.17918037 0.09269521]

rule10: 54.268 < fly_ash < 96.982
probabilities_array:[0.00000000e+00 0.00000000e+00 2.57569104e-01 0.00000000e+00
 2.48156562e-01 7.03899860e-02 1.19591765e-01 2.33606592e-01
 1.35037827e-03 7.45341458e-05 6.92610666e-02]

rule22: 972.797 < coarse_aggregate < 1024.673
probabilities_array:[0.0188609  0.24250665 0.06180301 0.08452916 0.         0.26505336
 0.10421159 0.12445516 0.         0.         0.09858014]

rule26: 775.076 < fine_aggregate < 827.258
probabilities_array:[0.1790318  0.11374729 0.11074925 0.07831994 0.03970312 0.08938499
 0.08947331 0.04093609 0.         0.23956728 0.01908684]

rule19: superplasticizer > 10.186
probabilities_array:[0.         0.0200976  0.         0.00617629 0.2010164  0.06013195
 0.08919693 0.1250602  0.1953295  0.2308112  0.07218002]

rule11: fly_ash > 96.982
probabilities_array:[0.12454546 0.13614877 0.06954677 0.09155103 0.         0.19751003
 0.08663863 0.1737682  0.06488337 0.         0.05540774]

rule29: 3.106 < age < 45.143
probabilities_array:[0.         0.03079932 0.15093222 0.17570728 0.12715773 0.16533068
 0.08072985 0.04366753 0.14959244 0.06189433 0.01418852]

rule24: fine_aggregate < 722.893
probabilities_array:[0.         0.00391528 0.00847633 0.00887248 0.         0.04882146
 0.08135235 0.3288435  0.30438608 0.12290814 0.0924244 ]

rule2: 281.068 < cement < 350.631
probabilities_array:[0.00598817 0.22771601 0.03828849 0.0645237  0.18247533 0.20613085
 0.07524695 0.05720427 0.10889405 0.         0.03353211]

rule27: fine_aggregate > 827.258
probabilities_array:[0.26161972 0.05565488 0.02011527 0.18913785 0.         0.0617639
 0.08505633 0.1723775  0.         0.         0.15427457]

rule5: 16.454 < blast_furnace_slag < 73.119
probabilities_array:[0.10482775 0.         0.06847313 0.         0.00060608 0.0472548
 0.06448301 0.09712451 0.1597628  0.29446203 0.16300595]

rule21: 920.920 < coarse_aggregate < 972.797
probabilities_array:[0.04669467 0.07399175 0.14227428 0.28109002 0.01053413 0.20159617
 0.05658047 0.03560695 0.10171169 0.         0.04991992]

rule15: water > 195.926
probabilities_array:[0.19845848 0.04858252 0.20029178 0.19277377 0.2285614  0.01012451
 0.04856621 0.05074833 0.01244457 0.         0.00944848]

rule1: 211.504 < cement < 281.068
probabilities_array:[0.22013736 0.23285192 0.00689478 0.08588801 0.09520159 0.00561081
 0.04401559 0.1407184  0.11490312 0.03944326 0.01433521]


---7---
rule24: fine_aggregate < 722.893
probabilities_array:[0.         0.00391528 0.00847633 0.00887248 0.         0.04882146
 0.08135235 0.3288435  0.30438608 0.12290814 0.0924244 ]

rule10: 54.268 < fly_ash < 96.982
probabilities_array:[0.00000000e+00 0.00000000e+00 2.57569104e-01 0.00000000e+00
 2.48156562e-01 7.03899860e-02 1.19591765e-01 2.33606592e-01
 1.35037827e-03 7.45341458e-05 6.92610666e-02]

rule31: age > 87.181
probabilities_array:[0.         0.         0.         0.01091339 0.07309647 0.13766667
 0.14762175 0.2166925  0.18168637 0.23002416 0.00229865]

rule30: 45.143 < age < 87.181
probabilities_array:[0.         0.         0.         0.07308152 0.         0.
 0.00614121 0.26246387 0.15814337 0.31867257 0.18149742]

rule18: 6.220 < superplasticizer < 10.186
probabilities_array:[0.01632416 0.         0.02384783 0.14747447 0.01878891 0.02701816
 0.21406502 0.2167781  0.06696574 0.17627457 0.092463  ]

rule23: coarse_aggregate > 1024.673
probabilities_array:[0.04190735 0.06504858 0.08948649 0.10905769 0.         0.
 0.12675558 0.21499857 0.08087017 0.17918037 0.09269521]

rule13: 167.188 < water < 181.557
probabilities_array:[0.12006437 0.02875563 0.04919076 0.01158749 0.08271401 0.08709536
 0.19890936 0.17548582 0.         0.19506894 0.05112821]

rule11: fly_ash > 96.982
probabilities_array:[0.12454546 0.13614877 0.06954677 0.09155103 0.         0.19751003
 0.08663863 0.1737682  0.06488337 0.         0.05540774]

rule27: fine_aggregate > 827.258
probabilities_array:[0.26161972 0.05565488 0.02011527 0.18913785 0.         0.0617639
 0.08505633 0.1723775  0.         0.         0.15427457]

rule6: 73.119 < blast_furnace_slag < 129.783
probabilities_array:[0.09247783 0.07046201 0.13347892 0.         0.12791395 0.0108962
 0.21465938 0.14984593 0.09208762 0.06079301 0.0473852 ]

rule1: 211.504 < cement < 281.068
probabilities_array:[0.22013736 0.23285192 0.00689478 0.08588801 0.09520159 0.00561081
 0.04401559 0.1407184  0.11490312 0.03944326 0.01433521]

rule19: superplasticizer > 10.186
probabilities_array:[0.         0.0200976  0.         0.00617629 0.2010164  0.06013195
 0.08919693 0.1250602  0.1953295  0.2308112  0.07218002]

rule22: 972.797 < coarse_aggregate < 1024.673
probabilities_array:[0.0188609  0.24250665 0.06180301 0.08452916 0.         0.26505336
 0.10421159 0.12445516 0.         0.         0.09858014]

rule14: 181.557 < water < 195.926
probabilities_array:[0.19933657 0.11024413 0.14493312 0.09792069 0.07465114 0.08848951
 0.1386016  0.10076816 0.02963166 0.         0.01542351]

rule5: 16.454 < blast_furnace_slag < 73.119
probabilities_array:[0.10482775 0.         0.06847313 0.         0.00060608 0.0472548
 0.06448301 0.09712451 0.1597628  0.29446203 0.16300595]

rule7: blast_furnace_slag > 129.783
probabilities_array:[0.03417928 0.04054582 0.         0.2647857  0.08352305 0.08482572
 0.00515752 0.07198627 0.02904253 0.23436983 0.15158421]

rule2: 281.068 < cement < 350.631
probabilities_array:[0.00598817 0.22771601 0.03828849 0.0645237  0.18247533 0.20613085
 0.07524695 0.05720427 0.10889405 0.         0.03353211]

rule16: superplasticizer < 2.254
probabilities_array:[0.24231204 0.22999284 0.19369966 0.02932769 0.00522648 0.03555467
 0.         0.0670615  0.         0.         0.19682509]

rule15: water > 195.926
probabilities_array:[0.19845848 0.04858252 0.20029178 0.19277377 0.2285614  0.01012451
 0.04856621 0.05074833 0.01244457 0.         0.00944848]

rule29: 3.106 < age < 45.143
probabilities_array:[0.         0.03079932 0.15093222 0.17570728 0.12715773 0.16533068
 0.08072985 0.04366753 0.14959244 0.06189433 0.01418852]

rule26: 775.076 < fine_aggregate < 827.258
probabilities_array:[0.1790318  0.11374729 0.11074925 0.07831994 0.03970312 0.08938499
 0.08947331 0.04093609 0.         0.23956728 0.01908684]


---8---
rule24: fine_aggregate < 722.893
probabilities_array:[0.         0.00391528 0.00847633 0.00887248 0.         0.04882146
 0.08135235 0.3288435  0.30438608 0.12290814 0.0924244 ]

rule12: water < 167.188
probabilities_array:[0.         0.03391832 0.         0.         0.         0.15929408
 0.02070746 0.         0.25071287 0.30097187 0.2343954 ]

rule31: age > 87.181
probabilities_array:[0.         0.         0.         0.01091339 0.07309647 0.13766667
 0.14762175 0.2166925  0.18168637 0.23002416 0.00229865]

rule19: superplasticizer > 10.186
probabilities_array:[0.         0.0200976  0.         0.00617629 0.2010164  0.06013195
 0.08919693 0.1250602  0.1953295  0.2308112  0.07218002]

rule9: 11.553 < fly_ash < 54.268
probabilities_array:[0.10585414 0.09549584 0.         0.2801778  0.         0.
 0.00109017 0.         0.18750618 0.23064189 0.09923403]

rule20: coarse_aggregate < 920.920
probabilities_array:[1.9888790e-01 0.0000000e+00 2.7186675e-03 0.0000000e+00 2.1076177e-01
 0.0000000e+00 2.0053730e-04 3.0262694e-02 1.7928043e-01 2.3618247e-01
 1.4170548e-01]

rule3: cement > 350.631
probabilities_array:[0.         0.         0.03932131 0.         0.01154415 0.
 0.2379461  0.03378245 0.19118516 0.28617287 0.20004793]

rule29: 3.106 < age < 45.143
probabilities_array:[0.         0.03079932 0.15093222 0.17570728 0.12715773 0.16533068
 0.08072985 0.04366753 0.14959244 0.06189433 0.01418852]

rule5: 16.454 < blast_furnace_slag < 73.119
probabilities_array:[0.10482775 0.         0.06847313 0.         0.00060608 0.0472548
 0.06448301 0.09712451 0.1597628  0.29446203 0.16300595]

rule30: 45.143 < age < 87.181
probabilities_array:[0.         0.         0.         0.07308152 0.         0.
 0.00614121 0.26246387 0.15814337 0.31867257 0.18149742]

rule8: fly_ash < 11.553
probabilities_array:[0.24322276 0.12259942 0.         0.00154482 0.03599884 0.
 0.17107084 0.         0.12453164 0.24150415 0.05952757]

rule1: 211.504 < cement < 281.068
probabilities_array:[0.22013736 0.23285192 0.00689478 0.08588801 0.09520159 0.00561081
 0.04401559 0.1407184  0.11490312 0.03944326 0.01433521]

rule4: blast_furnace_slag < 16.454
probabilities_array:[0.12932955 0.1428689  0.17662117 0.12303807 0.07154288 0.14209135
 0.         0.001513   0.11687343 0.02521489 0.07090676]

rule2: 281.068 < cement < 350.631
probabilities_array:[0.00598817 0.22771601 0.03828849 0.0645237  0.18247533 0.20613085
 0.07524695 0.05720427 0.10889405 0.         0.03353211]

rule21: 920.920 < coarse_aggregate < 972.797
probabilities_array:[0.04669467 0.07399175 0.14227428 0.28109002 0.01053413 0.20159617
 0.05658047 0.03560695 0.10171169 0.         0.04991992]

rule6: 73.119 < blast_furnace_slag < 129.783
probabilities_array:[0.09247783 0.07046201 0.13347892 0.         0.12791395 0.0108962
 0.21465938 0.14984593 0.09208762 0.06079301 0.0473852 ]

rule23: coarse_aggregate > 1024.673
probabilities_array:[0.04190735 0.06504858 0.08948649 0.10905769 0.         0.
 0.12675558 0.21499857 0.08087017 0.17918037 0.09269521]

rule11: fly_ash > 96.982
probabilities_array:[0.12454546 0.13614877 0.06954677 0.09155103 0.         0.19751003
 0.08663863 0.1737682  0.06488337 0.         0.05540774]

rule18: 6.220 < superplasticizer < 10.186
probabilities_array:[0.01632416 0.         0.02384783 0.14747447 0.01878891 0.02701816
 0.21406502 0.2167781  0.06696574 0.17627457 0.092463  ]


---9---
rule30: 45.143 < age < 87.181
probabilities_array:[0.         0.         0.         0.07308152 0.         0.
 0.00614121 0.26246387 0.15814337 0.31867257 0.18149742]

rule5: 16.454 < blast_furnace_slag < 73.119
probabilities_array:[0.10482775 0.         0.06847313 0.         0.00060608 0.0472548
 0.06448301 0.09712451 0.1597628  0.29446203 0.16300595]

rule26: 775.076 < fine_aggregate < 827.258
probabilities_array:[0.1790318  0.11374729 0.11074925 0.07831994 0.03970312 0.08938499
 0.08947331 0.04093609 0.         0.23956728 0.01908684]

rule12: water < 167.188
probabilities_array:[0.         0.03391832 0.         0.         0.         0.15929408
 0.02070746 0.         0.25071287 0.30097187 0.2343954 ]

rule31: age > 87.181
probabilities_array:[0.         0.         0.         0.01091339 0.07309647 0.13766667
 0.14762175 0.2166925  0.18168637 0.23002416 0.00229865]

rule3: cement > 350.631
probabilities_array:[0.         0.         0.03932131 0.         0.01154415 0.
 0.2379461  0.03378245 0.19118516 0.28617287 0.20004793]

rule8: fly_ash < 11.553
probabilities_array:[0.24322276 0.12259942 0.         0.00154482 0.03599884 0.
 0.17107084 0.         0.12453164 0.24150415 0.05952757]

rule17: 2.254 < superplasticizer < 6.220
probabilities_array:[0.03757866 0.         0.2241085  0.08106102 0.12186744 0.03998541
 0.24837957 0.00549239 0.         0.22823164 0.01329535]

rule19: superplasticizer > 10.186
probabilities_array:[0.         0.0200976  0.         0.00617629 0.2010164  0.06013195
 0.08919693 0.1250602  0.1953295  0.2308112  0.07218002]

rule9: 11.553 < fly_ash < 54.268
probabilities_array:[0.10585414 0.09549584 0.         0.2801778  0.         0.
 0.00109017 0.         0.18750618 0.23064189 0.09923403]

rule20: coarse_aggregate < 920.920
probabilities_array:[1.9888790e-01 0.0000000e+00 2.7186675e-03 0.0000000e+00 2.1076177e-01
 0.0000000e+00 2.0053730e-04 3.0262694e-02 1.7928043e-01 2.3618247e-01
 1.4170548e-01]

rule7: blast_furnace_slag > 129.783
probabilities_array:[0.03417928 0.04054582 0.         0.2647857  0.08352305 0.08482572
 0.00515752 0.07198627 0.02904253 0.23436983 0.15158421]

rule25: 722.893 < fine_aggregate < 775.076
probabilities_array:[0.         0.15478976 0.00083832 0.         0.32936457 0.
 0.02784309 0.         0.01115762 0.24588652 0.23012011]

rule13: 167.188 < water < 181.557
probabilities_array:[0.12006437 0.02875563 0.04919076 0.01158749 0.08271401 0.08709536
 0.19890936 0.17548582 0.         0.19506894 0.05112821]

rule23: coarse_aggregate > 1024.673
probabilities_array:[0.04190735 0.06504858 0.08948649 0.10905769 0.         0.
 0.12675558 0.21499857 0.08087017 0.17918037 0.09269521]

rule18: 6.220 < superplasticizer < 10.186
probabilities_array:[0.01632416 0.         0.02384783 0.14747447 0.01878891 0.02701816
 0.21406502 0.2167781  0.06696574 0.17627457 0.092463  ]

rule24: fine_aggregate < 722.893
probabilities_array:[0.         0.00391528 0.00847633 0.00887248 0.         0.04882146
 0.08135235 0.3288435  0.30438608 0.12290814 0.0924244 ]

rule29: 3.106 < age < 45.143
probabilities_array:[0.         0.03079932 0.15093222 0.17570728 0.12715773 0.16533068
 0.08072985 0.04366753 0.14959244 0.06189433 0.01418852]

rule6: 73.119 < blast_furnace_slag < 129.783
probabilities_array:[0.09247783 0.07046201 0.13347892 0.         0.12791395 0.0108962
 0.21465938 0.14984593 0.09208762 0.06079301 0.0473852 ]

