R2: -0.7082947554034336


MAE: 14.618419254058795


MSE: 483.96187127912606


Accuracy: 0.21282269081051136


F1: 0.22647058823529412


Most important rules
-----------------------------

---0---
rule15: water > 195.772
probabilities_array:[0.30033934 0.00661663 0.         0.         0.2963556  0.08150989
 0.04919975 0.05066067 0.12062336 0.         0.         0.09469485]

rule0: cement < 212.751
probabilities_array:[0.24706751 0.22661278 0.19418679 0.02059325 0.06086348 0.01050296
 0.03527345 0.00271829 0.1306862  0.         0.         0.07149524]

rule29: 1.460 < age < 47.449
probabilities_array:[0.21726333 0.20092076 0.17610852 0.16278075 0.03614894 0.14228746
 0.02826936 0.01939846 0.00678706 0.00716643 0.         0.00286891]

rule27: fine_aggregate > 829.007
probabilities_array:[0.19701828 0.06430876 0.07544021 0.13039649 0.01243292 0.05024217
 0.15011543 0.00022556 0.15506943 0.         0.13443626 0.03031448]

rule14: 181.413 < water < 195.772
probabilities_array:[0.15794975 0.07861669 0.16967072 0.09425678 0.05878452 0.04043072
 0.13454294 0.21250896 0.03351252 0.         0.         0.01972637]

rule9: 10.911 < fly_ash < 53.600
probabilities_array:[0.16193825 0.         0.         0.         0.27181315 0.
 0.         0.         0.24546555 0.08416722 0.17614076 0.06047511]

rule26: 774.784 < fine_aggregate < 829.007
probabilities_array:[0.12183082 0.06242308 0.02835618 0.07999866 0.09636108 0.03564509
 0.09392966 0.15230635 0.06411432 0.         0.2095246  0.05551012]

rule16: superplasticizer < 2.240
probabilities_array:[0.1222106  0.1414223  0.06472136 0.09890749 0.15711378 0.0916046
 0.         0.14514145 0.08378263 0.         0.         0.09509572]

rule4: blast_furnace_slag < 16.288
probabilities_array:[0.11704467 0.12471221 0.02384311 0.08477192 0.1907607  0.
 0.14416514 0.         0.00262391 0.11384384 0.08011205 0.1181225 ]

rule13: 167.054 < water < 181.413
probabilities_array:[0.10439919 0.         0.         0.05517591 0.         0.0054036
 0.04006453 0.23376301 0.1939593  0.003041   0.310105   0.05408834]

rule1: 212.751 < cement < 283.763
probabilities_array:[0.06395588 0.15529326 0.10542205 0.00759018 0.2099459  0.0792672
 0.         0.00906922 0.09979104 0.18871419 0.01550574 0.06544531]

rule17: 2.240 < superplasticizer < 6.327
probabilities_array:[4.28797938e-02 1.93097185e-05 1.66514292e-01 9.05856639e-02
 0.00000000e+00 1.11037746e-01 1.39412850e-01 1.50233164e-01
 0.00000000e+00 6.09435067e-02 2.24757522e-01 1.36161055e-02]


---1---
rule0: cement < 212.751
probabilities_array:[0.24706751 0.22661278 0.19418679 0.02059325 0.06086348 0.01050296
 0.03527345 0.00271829 0.1306862  0.         0.         0.07149524]

rule29: 1.460 < age < 47.449
probabilities_array:[0.21726333 0.20092076 0.17610852 0.16278075 0.03614894 0.14228746
 0.02826936 0.01939846 0.00678706 0.00716643 0.         0.00286891]

rule1: 212.751 < cement < 283.763
probabilities_array:[0.06395588 0.15529326 0.10542205 0.00759018 0.2099459  0.0792672
 0.         0.00906922 0.09979104 0.18871419 0.01550574 0.06544531]

rule22: 971.446 < coarse_aggregate < 1024.027
probabilities_array:[0.         0.14715071 0.04775054 0.1160953  0.08048059 0.
 0.13913056 0.14274342 0.02562433 0.20175545 0.         0.09926905]

rule16: superplasticizer < 2.240
probabilities_array:[0.1222106  0.1414223  0.06472136 0.09890749 0.15711378 0.0916046
 0.         0.14514145 0.08378263 0.         0.         0.09509572]

rule4: blast_furnace_slag < 16.288
probabilities_array:[0.11704467 0.12471221 0.02384311 0.08477192 0.1907607  0.
 0.14416514 0.         0.00262391 0.11384384 0.08011205 0.1181225 ]

rule23: coarse_aggregate > 1024.027
probabilities_array:[0.         0.12214206 0.04840898 0.         0.00590331 0.
 0.01609284 0.         0.25900224 0.13176145 0.29153988 0.12514924]

rule6: 73.345 < blast_furnace_slag < 130.403
probabilities_array:[0.00156765 0.10068725 0.00048323 0.         0.10720117 0.08867873
 0.02875802 0.11054411 0.19159423 0.1998363  0.14233285 0.02831644]

rule14: 181.413 < water < 195.772
probabilities_array:[0.15794975 0.07861669 0.16967072 0.09425678 0.05878452 0.04043072
 0.13454294 0.21250896 0.03351252 0.         0.         0.01972637]

rule27: fine_aggregate > 829.007
probabilities_array:[0.19701828 0.06430876 0.07544021 0.13039649 0.01243292 0.05024217
 0.15011543 0.00022556 0.15506943 0.         0.13443626 0.03031448]

rule26: 774.784 < fine_aggregate < 829.007
probabilities_array:[0.12183082 0.06242308 0.02835618 0.07999866 0.09636108 0.03564509
 0.09392966 0.15230635 0.06411432 0.         0.2095246  0.05551012]

rule2: 283.763 < cement < 354.775
probabilities_array:[0.00313472 0.06042551 0.06132117 0.         0.1857341  0.01916466
 0.16443367 0.08083122 0.0968589  0.23236309 0.06637517 0.02935772]

rule19: superplasticizer > 10.414
probabilities_array:[0.         0.05542732 0.         0.         0.21285234 0.13738005
 0.02603319 0.         0.22241685 0.08793812 0.20249498 0.05545719]


---2---
rule0: cement < 212.751
probabilities_array:[0.24706751 0.22661278 0.19418679 0.02059325 0.06086348 0.01050296
 0.03527345 0.00271829 0.1306862  0.         0.         0.07149524]

rule29: 1.460 < age < 47.449
probabilities_array:[0.21726333 0.20092076 0.17610852 0.16278075 0.03614894 0.14228746
 0.02826936 0.01939846 0.00678706 0.00716643 0.         0.00286891]

rule14: 181.413 < water < 195.772
probabilities_array:[0.15794975 0.07861669 0.16967072 0.09425678 0.05878452 0.04043072
 0.13454294 0.21250896 0.03351252 0.         0.         0.01972637]

rule17: 2.240 < superplasticizer < 6.327
probabilities_array:[4.28797938e-02 1.93097185e-05 1.66514292e-01 9.05856639e-02
 0.00000000e+00 1.11037746e-01 1.39412850e-01 1.50233164e-01
 0.00000000e+00 6.09435067e-02 2.24757522e-01 1.36161055e-02]

rule5: 16.288 < blast_furnace_slag < 73.345
probabilities_array:[0.         0.         0.14626652 0.         0.         0.08751728
 0.1422333  0.07204757 0.15049507 0.1801876  0.16676663 0.054486  ]

rule1: 212.751 < cement < 283.763
probabilities_array:[0.06395588 0.15529326 0.10542205 0.00759018 0.2099459  0.0792672
 0.         0.00906922 0.09979104 0.18871419 0.01550574 0.06544531]

rule21: 918.865 < coarse_aggregate < 971.446
probabilities_array:[0.02678329 0.         0.08933979 0.19828074 0.02865191 0.10379525
 0.03558596 0.08602327 0.11430425 0.1429558  0.07215033 0.10212941]

rule11: fly_ash > 96.289
probabilities_array:[0.01050397 0.03039739 0.08607576 0.16470817 0.05930673 0.10104895
 0.14661708 0.         0.10447051 0.22373122 0.         0.0731403 ]

rule27: fine_aggregate > 829.007
probabilities_array:[0.19701828 0.06430876 0.07544021 0.13039649 0.01243292 0.05024217
 0.15011543 0.00022556 0.15506943 0.         0.13443626 0.03031448]

rule2: 283.763 < cement < 354.775
probabilities_array:[0.00313472 0.06042551 0.06132117 0.         0.1857341  0.01916466
 0.16443367 0.08083122 0.0968589  0.23236309 0.06637517 0.02935772]

rule16: superplasticizer < 2.240
probabilities_array:[0.1222106  0.1414223  0.06472136 0.09890749 0.15711378 0.0916046
 0.         0.14514145 0.08378263 0.         0.         0.09509572]

rule7: blast_furnace_slag > 130.403
probabilities_array:[0.         0.         0.06485    0.26581085 0.         0.21153395
 0.0304221  0.04943925 0.0476885  0.01897025 0.20583154 0.10545349]

rule10: 53.600 < fly_ash < 96.289
probabilities_array:[1.22538622e-04 1.94677114e-02 5.85856475e-02 8.31499100e-02
 1.12091877e-01 9.48575139e-02 3.75001319e-02 2.50548095e-01
 2.04477876e-01 1.03182584e-01 0.00000000e+00 3.60160954e-02]

rule22: 971.446 < coarse_aggregate < 1024.027
probabilities_array:[0.         0.14715071 0.04775054 0.1160953  0.08048059 0.
 0.13913056 0.14274342 0.02562433 0.20175545 0.         0.09926905]

rule23: coarse_aggregate > 1024.027
probabilities_array:[0.         0.12214206 0.04840898 0.         0.00590331 0.
 0.01609284 0.         0.25900224 0.13176145 0.29153988 0.12514924]


---3---
rule7: blast_furnace_slag > 130.403
probabilities_array:[0.         0.         0.06485    0.26581085 0.         0.21153395
 0.0304221  0.04943925 0.0476885  0.01897025 0.20583154 0.10545349]

rule21: 918.865 < coarse_aggregate < 971.446
probabilities_array:[0.02678329 0.         0.08933979 0.19828074 0.02865191 0.10379525
 0.03558596 0.08602327 0.11430425 0.1429558  0.07215033 0.10212941]

rule29: 1.460 < age < 47.449
probabilities_array:[0.21726333 0.20092076 0.17610852 0.16278075 0.03614894 0.14228746
 0.02826936 0.01939846 0.00678706 0.00716643 0.         0.00286891]

rule11: fly_ash > 96.289
probabilities_array:[0.01050397 0.03039739 0.08607576 0.16470817 0.05930673 0.10104895
 0.14661708 0.         0.10447051 0.22373122 0.         0.0731403 ]

rule27: fine_aggregate > 829.007
probabilities_array:[0.19701828 0.06430876 0.07544021 0.13039649 0.01243292 0.05024217
 0.15011543 0.00022556 0.15506943 0.         0.13443626 0.03031448]

rule22: 971.446 < coarse_aggregate < 1024.027
probabilities_array:[0.         0.14715071 0.04775054 0.1160953  0.08048059 0.
 0.13913056 0.14274342 0.02562433 0.20175545 0.         0.09926905]

rule14: 181.413 < water < 195.772
probabilities_array:[0.15794975 0.07861669 0.16967072 0.09425678 0.05878452 0.04043072
 0.13454294 0.21250896 0.03351252 0.         0.         0.01972637]

rule16: superplasticizer < 2.240
probabilities_array:[0.1222106  0.1414223  0.06472136 0.09890749 0.15711378 0.0916046
 0.         0.14514145 0.08378263 0.         0.         0.09509572]

rule17: 2.240 < superplasticizer < 6.327
probabilities_array:[4.28797938e-02 1.93097185e-05 1.66514292e-01 9.05856639e-02
 0.00000000e+00 1.11037746e-01 1.39412850e-01 1.50233164e-01
 0.00000000e+00 6.09435067e-02 2.24757522e-01 1.36161055e-02]

rule10: 53.600 < fly_ash < 96.289
probabilities_array:[1.22538622e-04 1.94677114e-02 5.85856475e-02 8.31499100e-02
 1.12091877e-01 9.48575139e-02 3.75001319e-02 2.50548095e-01
 2.04477876e-01 1.03182584e-01 0.00000000e+00 3.60160954e-02]

rule26: 774.784 < fine_aggregate < 829.007
probabilities_array:[0.12183082 0.06242308 0.02835618 0.07999866 0.09636108 0.03564509
 0.09392966 0.15230635 0.06411432 0.         0.2095246  0.05551012]

rule4: blast_furnace_slag < 16.288
probabilities_array:[0.11704467 0.12471221 0.02384311 0.08477192 0.1907607  0.
 0.14416514 0.         0.00262391 0.11384384 0.08011205 0.1181225 ]

rule18: 6.327 < superplasticizer < 10.414
probabilities_array:[0.00000000e+00 0.00000000e+00 1.04994914e-02 5.90269268e-02
 3.66651639e-02 2.18178684e-04 1.25414282e-01 1.66845515e-01
 1.55172676e-01 2.52737463e-01 8.77165124e-02 1.05703816e-01]

rule13: 167.054 < water < 181.413
probabilities_array:[0.10439919 0.         0.         0.05517591 0.         0.0054036
 0.04006453 0.23376301 0.1939593  0.003041   0.310105   0.05408834]


---4---
rule15: water > 195.772
probabilities_array:[0.30033934 0.00661663 0.         0.         0.2963556  0.08150989
 0.04919975 0.05066067 0.12062336 0.         0.         0.09469485]

rule9: 10.911 < fly_ash < 53.600
probabilities_array:[0.16193825 0.         0.         0.         0.27181315 0.
 0.         0.         0.24546555 0.08416722 0.17614076 0.06047511]

rule25: 720.562 < fine_aggregate < 774.784
probabilities_array:[0.00454766 0.01483973 0.01550615 0.01872375 0.22933416 0.13471563
 0.16519319 0.         0.0330947  0.10641834 0.23046446 0.0471622 ]

rule19: superplasticizer > 10.414
probabilities_array:[0.         0.05542732 0.         0.         0.21285234 0.13738005
 0.02603319 0.         0.22241685 0.08793812 0.20249498 0.05545719]

rule1: 212.751 < cement < 283.763
probabilities_array:[0.06395588 0.15529326 0.10542205 0.00759018 0.2099459  0.0792672
 0.         0.00906922 0.09979104 0.18871419 0.01550574 0.06544531]

rule2: 283.763 < cement < 354.775
probabilities_array:[0.00313472 0.06042551 0.06132117 0.         0.1857341  0.01916466
 0.16443367 0.08083122 0.0968589  0.23236309 0.06637517 0.02935772]

rule4: blast_furnace_slag < 16.288
probabilities_array:[0.11704467 0.12471221 0.02384311 0.08477192 0.1907607  0.
 0.14416514 0.         0.00262391 0.11384384 0.08011205 0.1181225 ]

rule16: superplasticizer < 2.240
probabilities_array:[0.1222106  0.1414223  0.06472136 0.09890749 0.15711378 0.0916046
 0.         0.14514145 0.08378263 0.         0.         0.09509572]

rule10: 53.600 < fly_ash < 96.289
probabilities_array:[1.22538622e-04 1.94677114e-02 5.85856475e-02 8.31499100e-02
 1.12091877e-01 9.48575139e-02 3.75001319e-02 2.50548095e-01
 2.04477876e-01 1.03182584e-01 0.00000000e+00 3.60160954e-02]

rule6: 73.345 < blast_furnace_slag < 130.403
probabilities_array:[0.00156765 0.10068725 0.00048323 0.         0.10720117 0.08867873
 0.02875802 0.11054411 0.19159423 0.1998363  0.14233285 0.02831644]

rule26: 774.784 < fine_aggregate < 829.007
probabilities_array:[0.12183082 0.06242308 0.02835618 0.07999866 0.09636108 0.03564509
 0.09392966 0.15230635 0.06411432 0.         0.2095246  0.05551012]

rule22: 971.446 < coarse_aggregate < 1024.027
probabilities_array:[0.         0.14715071 0.04775054 0.1160953  0.08048059 0.
 0.13913056 0.14274342 0.02562433 0.20175545 0.         0.09926905]

rule30: 47.449 < age < 93.438
probabilities_array:[0.0000000e+00 0.0000000e+00 0.0000000e+00 0.0000000e+00 9.6513398e-02
 1.1472990e-04 0.0000000e+00 0.0000000e+00 2.4774796e-01 9.2166387e-02
 3.0235389e-01 2.6110375e-01]

rule14: 181.413 < water < 195.772
probabilities_array:[0.15794975 0.07861669 0.16967072 0.09425678 0.05878452 0.04043072
 0.13454294 0.21250896 0.03351252 0.         0.         0.01972637]

rule0: cement < 212.751
probabilities_array:[0.24706751 0.22661278 0.19418679 0.02059325 0.06086348 0.01050296
 0.03527345 0.00271829 0.1306862  0.         0.         0.07149524]

rule11: fly_ash > 96.289
probabilities_array:[0.01050397 0.03039739 0.08607576 0.16470817 0.05930673 0.10104895
 0.14661708 0.         0.10447051 0.22373122 0.         0.0731403 ]


---5---
rule7: blast_furnace_slag > 130.403
probabilities_array:[0.         0.         0.06485    0.26581085 0.         0.21153395
 0.0304221  0.04943925 0.0476885  0.01897025 0.20583154 0.10545349]

rule20: coarse_aggregate < 918.865
probabilities_array:[0.         0.         0.00222945 0.         0.03111813 0.1989829
 0.04635429 0.21914232 0.01932415 0.13303106 0.23984404 0.10997369]

rule29: 1.460 < age < 47.449
probabilities_array:[0.21726333 0.20092076 0.17610852 0.16278075 0.03614894 0.14228746
 0.02826936 0.01939846 0.00678706 0.00716643 0.         0.00286891]

rule19: superplasticizer > 10.414
probabilities_array:[0.         0.05542732 0.         0.         0.21285234 0.13738005
 0.02603319 0.         0.22241685 0.08793812 0.20249498 0.05545719]

rule25: 720.562 < fine_aggregate < 774.784
probabilities_array:[0.00454766 0.01483973 0.01550615 0.01872375 0.22933416 0.13471563
 0.16519319 0.         0.0330947  0.10641834 0.23046446 0.0471622 ]

rule17: 2.240 < superplasticizer < 6.327
probabilities_array:[4.28797938e-02 1.93097185e-05 1.66514292e-01 9.05856639e-02
 0.00000000e+00 1.11037746e-01 1.39412850e-01 1.50233164e-01
 0.00000000e+00 6.09435067e-02 2.24757522e-01 1.36161055e-02]

rule11: fly_ash > 96.289
probabilities_array:[0.01050397 0.03039739 0.08607576 0.16470817 0.05930673 0.10104895
 0.14661708 0.         0.10447051 0.22373122 0.         0.0731403 ]

rule21: 918.865 < coarse_aggregate < 971.446
probabilities_array:[0.02678329 0.         0.08933979 0.19828074 0.02865191 0.10379525
 0.03558596 0.08602327 0.11430425 0.1429558  0.07215033 0.10212941]

rule10: 53.600 < fly_ash < 96.289
probabilities_array:[1.22538622e-04 1.94677114e-02 5.85856475e-02 8.31499100e-02
 1.12091877e-01 9.48575139e-02 3.75001319e-02 2.50548095e-01
 2.04477876e-01 1.03182584e-01 0.00000000e+00 3.60160954e-02]

rule6: 73.345 < blast_furnace_slag < 130.403
probabilities_array:[0.00156765 0.10068725 0.00048323 0.         0.10720117 0.08867873
 0.02875802 0.11054411 0.19159423 0.1998363  0.14233285 0.02831644]

rule16: superplasticizer < 2.240
probabilities_array:[0.1222106  0.1414223  0.06472136 0.09890749 0.15711378 0.0916046
 0.         0.14514145 0.08378263 0.         0.         0.09509572]

rule5: 16.288 < blast_furnace_slag < 73.345
probabilities_array:[0.         0.         0.14626652 0.         0.         0.08751728
 0.1422333  0.07204757 0.15049507 0.1801876  0.16676663 0.054486  ]

rule1: 212.751 < cement < 283.763
probabilities_array:[0.06395588 0.15529326 0.10542205 0.00759018 0.2099459  0.0792672
 0.         0.00906922 0.09979104 0.18871419 0.01550574 0.06544531]

rule15: water > 195.772
probabilities_array:[0.30033934 0.00661663 0.         0.         0.2963556  0.08150989
 0.04919975 0.05066067 0.12062336 0.         0.         0.09469485]

rule27: fine_aggregate > 829.007
probabilities_array:[0.19701828 0.06430876 0.07544021 0.13039649 0.01243292 0.05024217
 0.15011543 0.00022556 0.15506943 0.         0.13443626 0.03031448]


---6---
rule31: age > 93.438
probabilities_array:[0.         0.         0.         0.         0.01031653 0.03525982
 0.23956504 0.22546312 0.11919855 0.23549694 0.0773982  0.05730183]

rule3: cement > 354.775
probabilities_array:[0.         0.         0.         0.03547376 0.         0.00436014
 0.20241661 0.17779224 0.05073911 0.24321418 0.24963051 0.03637341]

rule2: 283.763 < cement < 354.775
probabilities_array:[0.00313472 0.06042551 0.06132117 0.         0.1857341  0.01916466
 0.16443367 0.08083122 0.0968589  0.23236309 0.06637517 0.02935772]

rule25: 720.562 < fine_aggregate < 774.784
probabilities_array:[0.00454766 0.01483973 0.01550615 0.01872375 0.22933416 0.13471563
 0.16519319 0.         0.0330947  0.10641834 0.23046446 0.0471622 ]

rule27: fine_aggregate > 829.007
probabilities_array:[0.19701828 0.06430876 0.07544021 0.13039649 0.01243292 0.05024217
 0.15011543 0.00022556 0.15506943 0.         0.13443626 0.03031448]

rule17: 2.240 < superplasticizer < 6.327
probabilities_array:[4.28797938e-02 1.93097185e-05 1.66514292e-01 9.05856639e-02
 0.00000000e+00 1.11037746e-01 1.39412850e-01 1.50233164e-01
 0.00000000e+00 6.09435067e-02 2.24757522e-01 1.36161055e-02]

rule11: fly_ash > 96.289
probabilities_array:[0.01050397 0.03039739 0.08607576 0.16470817 0.05930673 0.10104895
 0.14661708 0.         0.10447051 0.22373122 0.         0.0731403 ]

rule5: 16.288 < blast_furnace_slag < 73.345
probabilities_array:[0.         0.         0.14626652 0.         0.         0.08751728
 0.1422333  0.07204757 0.15049507 0.1801876  0.16676663 0.054486  ]

rule14: 181.413 < water < 195.772
probabilities_array:[0.15794975 0.07861669 0.16967072 0.09425678 0.05878452 0.04043072
 0.13454294 0.21250896 0.03351252 0.         0.         0.01972637]

rule4: blast_furnace_slag < 16.288
probabilities_array:[0.11704467 0.12471221 0.02384311 0.08477192 0.1907607  0.
 0.14416514 0.         0.00262391 0.11384384 0.08011205 0.1181225 ]

rule22: 971.446 < coarse_aggregate < 1024.027
probabilities_array:[0.         0.14715071 0.04775054 0.1160953  0.08048059 0.
 0.13913056 0.14274342 0.02562433 0.20175545 0.         0.09926905]

rule18: 6.327 < superplasticizer < 10.414
probabilities_array:[0.00000000e+00 0.00000000e+00 1.04994914e-02 5.90269268e-02
 3.66651639e-02 2.18178684e-04 1.25414282e-01 1.66845515e-01
 1.55172676e-01 2.52737463e-01 8.77165124e-02 1.05703816e-01]

rule26: 774.784 < fine_aggregate < 829.007
probabilities_array:[0.12183082 0.06242308 0.02835618 0.07999866 0.09636108 0.03564509
 0.09392966 0.15230635 0.06411432 0.         0.2095246  0.05551012]

rule15: water > 195.772
probabilities_array:[0.30033934 0.00661663 0.         0.         0.2963556  0.08150989
 0.04919975 0.05066067 0.12062336 0.         0.         0.09469485]

rule20: coarse_aggregate < 918.865
probabilities_array:[0.         0.         0.00222945 0.         0.03111813 0.1989829
 0.04635429 0.21914232 0.01932415 0.13303106 0.23984404 0.10997369]


---7---
rule10: 53.600 < fly_ash < 96.289
probabilities_array:[1.22538622e-04 1.94677114e-02 5.85856475e-02 8.31499100e-02
 1.12091877e-01 9.48575139e-02 3.75001319e-02 2.50548095e-01
 2.04477876e-01 1.03182584e-01 0.00000000e+00 3.60160954e-02]

rule13: 167.054 < water < 181.413
probabilities_array:[0.10439919 0.         0.         0.05517591 0.         0.0054036
 0.04006453 0.23376301 0.1939593  0.003041   0.310105   0.05408834]

rule31: age > 93.438
probabilities_array:[0.         0.         0.         0.         0.01031653 0.03525982
 0.23956504 0.22546312 0.11919855 0.23549694 0.0773982  0.05730183]

rule14: 181.413 < water < 195.772
probabilities_array:[0.15794975 0.07861669 0.16967072 0.09425678 0.05878452 0.04043072
 0.13454294 0.21250896 0.03351252 0.         0.         0.01972637]

rule20: coarse_aggregate < 918.865
probabilities_array:[0.         0.         0.00222945 0.         0.03111813 0.1989829
 0.04635429 0.21914232 0.01932415 0.13303106 0.23984404 0.10997369]

rule24: fine_aggregate < 720.562
probabilities_array:[0.         0.         0.         0.         0.         0.00987791
 0.         0.22366115 0.17388365 0.25071162 0.15316515 0.1887005 ]

rule3: cement > 354.775
probabilities_array:[0.         0.         0.         0.03547376 0.         0.00436014
 0.20241661 0.17779224 0.05073911 0.24321418 0.24963051 0.03637341]

rule18: 6.327 < superplasticizer < 10.414
probabilities_array:[0.00000000e+00 0.00000000e+00 1.04994914e-02 5.90269268e-02
 3.66651639e-02 2.18178684e-04 1.25414282e-01 1.66845515e-01
 1.55172676e-01 2.52737463e-01 8.77165124e-02 1.05703816e-01]

rule17: 2.240 < superplasticizer < 6.327
probabilities_array:[4.28797938e-02 1.93097185e-05 1.66514292e-01 9.05856639e-02
 0.00000000e+00 1.11037746e-01 1.39412850e-01 1.50233164e-01
 0.00000000e+00 6.09435067e-02 2.24757522e-01 1.36161055e-02]

rule26: 774.784 < fine_aggregate < 829.007
probabilities_array:[0.12183082 0.06242308 0.02835618 0.07999866 0.09636108 0.03564509
 0.09392966 0.15230635 0.06411432 0.         0.2095246  0.05551012]

rule16: superplasticizer < 2.240
probabilities_array:[0.1222106  0.1414223  0.06472136 0.09890749 0.15711378 0.0916046
 0.         0.14514145 0.08378263 0.         0.         0.09509572]

rule22: 971.446 < coarse_aggregate < 1024.027
probabilities_array:[0.         0.14715071 0.04775054 0.1160953  0.08048059 0.
 0.13913056 0.14274342 0.02562433 0.20175545 0.         0.09926905]

rule6: 73.345 < blast_furnace_slag < 130.403
probabilities_array:[0.00156765 0.10068725 0.00048323 0.         0.10720117 0.08867873
 0.02875802 0.11054411 0.19159423 0.1998363  0.14233285 0.02831644]

rule8: fly_ash < 10.911
probabilities_array:[0.0000000e+00 0.0000000e+00 0.0000000e+00 0.0000000e+00 0.0000000e+00
 2.9497477e-04 0.0000000e+00 1.4866538e-01 0.0000000e+00 2.0642814e-01
 2.7950254e-01 3.6510903e-01]

rule2: 283.763 < cement < 354.775
probabilities_array:[0.00313472 0.06042551 0.06132117 0.         0.1857341  0.01916466
 0.16443367 0.08083122 0.0968589  0.23236309 0.06637517 0.02935772]

rule21: 918.865 < coarse_aggregate < 971.446
probabilities_array:[0.02678329 0.         0.08933979 0.19828074 0.02865191 0.10379525
 0.03558596 0.08602327 0.11430425 0.1429558  0.07215033 0.10212941]

rule5: 16.288 < blast_furnace_slag < 73.345
probabilities_array:[0.         0.         0.14626652 0.         0.         0.08751728
 0.1422333  0.07204757 0.15049507 0.1801876  0.16676663 0.054486  ]

rule15: water > 195.772
probabilities_array:[0.30033934 0.00661663 0.         0.         0.2963556  0.08150989
 0.04919975 0.05066067 0.12062336 0.         0.         0.09469485]

rule7: blast_furnace_slag > 130.403
probabilities_array:[0.         0.         0.06485    0.26581085 0.         0.21153395
 0.0304221  0.04943925 0.0476885  0.01897025 0.20583154 0.10545349]


---8---
rule9: 10.911 < fly_ash < 53.600
probabilities_array:[0.16193825 0.         0.         0.         0.27181315 0.
 0.         0.         0.24546555 0.08416722 0.17614076 0.06047511]

rule23: coarse_aggregate > 1024.027
probabilities_array:[0.         0.12214206 0.04840898 0.         0.00590331 0.
 0.01609284 0.         0.25900224 0.13176145 0.29153988 0.12514924]

rule19: superplasticizer > 10.414
probabilities_array:[0.         0.05542732 0.         0.         0.21285234 0.13738005
 0.02603319 0.         0.22241685 0.08793812 0.20249498 0.05545719]

rule10: 53.600 < fly_ash < 96.289
probabilities_array:[1.22538622e-04 1.94677114e-02 5.85856475e-02 8.31499100e-02
 1.12091877e-01 9.48575139e-02 3.75001319e-02 2.50548095e-01
 2.04477876e-01 1.03182584e-01 0.00000000e+00 3.60160954e-02]

rule6: 73.345 < blast_furnace_slag < 130.403
probabilities_array:[0.00156765 0.10068725 0.00048323 0.         0.10720117 0.08867873
 0.02875802 0.11054411 0.19159423 0.1998363  0.14233285 0.02831644]

rule13: 167.054 < water < 181.413
probabilities_array:[0.10439919 0.         0.         0.05517591 0.         0.0054036
 0.04006453 0.23376301 0.1939593  0.003041   0.310105   0.05408834]

rule30: 47.449 < age < 93.438
probabilities_array:[0.0000000e+00 0.0000000e+00 0.0000000e+00 0.0000000e+00 9.6513398e-02
 1.1472990e-04 0.0000000e+00 0.0000000e+00 2.4774796e-01 9.2166387e-02
 3.0235389e-01 2.6110375e-01]

rule27: fine_aggregate > 829.007
probabilities_array:[0.19701828 0.06430876 0.07544021 0.13039649 0.01243292 0.05024217
 0.15011543 0.00022556 0.15506943 0.         0.13443626 0.03031448]

rule5: 16.288 < blast_furnace_slag < 73.345
probabilities_array:[0.         0.         0.14626652 0.         0.         0.08751728
 0.1422333  0.07204757 0.15049507 0.1801876  0.16676663 0.054486  ]

rule24: fine_aggregate < 720.562
probabilities_array:[0.         0.         0.         0.         0.         0.00987791
 0.         0.22366115 0.17388365 0.25071162 0.15316515 0.1887005 ]

rule18: 6.327 < superplasticizer < 10.414
probabilities_array:[0.00000000e+00 0.00000000e+00 1.04994914e-02 5.90269268e-02
 3.66651639e-02 2.18178684e-04 1.25414282e-01 1.66845515e-01
 1.55172676e-01 2.52737463e-01 8.77165124e-02 1.05703816e-01]

rule0: cement < 212.751
probabilities_array:[0.24706751 0.22661278 0.19418679 0.02059325 0.06086348 0.01050296
 0.03527345 0.00271829 0.1306862  0.         0.         0.07149524]

rule31: age > 93.438
probabilities_array:[0.         0.         0.         0.         0.01031653 0.03525982
 0.23956504 0.22546312 0.11919855 0.23549694 0.0773982  0.05730183]

rule15: water > 195.772
probabilities_array:[0.30033934 0.00661663 0.         0.         0.2963556  0.08150989
 0.04919975 0.05066067 0.12062336 0.         0.         0.09469485]

rule21: 918.865 < coarse_aggregate < 971.446
probabilities_array:[0.02678329 0.         0.08933979 0.19828074 0.02865191 0.10379525
 0.03558596 0.08602327 0.11430425 0.1429558  0.07215033 0.10212941]

rule11: fly_ash > 96.289
probabilities_array:[0.01050397 0.03039739 0.08607576 0.16470817 0.05930673 0.10104895
 0.14661708 0.         0.10447051 0.22373122 0.         0.0731403 ]

rule2: 283.763 < cement < 354.775
probabilities_array:[0.00313472 0.06042551 0.06132117 0.         0.1857341  0.01916466
 0.16443367 0.08083122 0.0968589  0.23236309 0.06637517 0.02935772]

rule1: 212.751 < cement < 283.763
probabilities_array:[0.06395588 0.15529326 0.10542205 0.00759018 0.2099459  0.0792672
 0.         0.00906922 0.09979104 0.18871419 0.01550574 0.06544531]

rule16: superplasticizer < 2.240
probabilities_array:[0.1222106  0.1414223  0.06472136 0.09890749 0.15711378 0.0916046
 0.         0.14514145 0.08378263 0.         0.         0.09509572]

rule12: water < 167.054
probabilities_array:[0.         0.         0.00342538 0.00407213 0.         0.03056364
 0.         0.         0.0927944  0.3139635  0.27378005 0.28140086]

rule26: 774.784 < fine_aggregate < 829.007
probabilities_array:[0.12183082 0.06242308 0.02835618 0.07999866 0.09636108 0.03564509
 0.09392966 0.15230635 0.06411432 0.         0.2095246  0.05551012]

rule3: cement > 354.775
probabilities_array:[0.         0.         0.         0.03547376 0.         0.00436014
 0.20241661 0.17779224 0.05073911 0.24321418 0.24963051 0.03637341]

rule7: blast_furnace_slag > 130.403
probabilities_array:[0.         0.         0.06485    0.26581085 0.         0.21153395
 0.0304221  0.04943925 0.0476885  0.01897025 0.20583154 0.10545349]


---9---
rule3: cement > 354.775
probabilities_array:[0.         0.         0.         0.03547376 0.         0.00436014
 0.20241661 0.17779224 0.05073911 0.24321418 0.24963051 0.03637341]

rule18: 6.327 < superplasticizer < 10.414
probabilities_array:[0.00000000e+00 0.00000000e+00 1.04994914e-02 5.90269268e-02
 3.66651639e-02 2.18178684e-04 1.25414282e-01 1.66845515e-01
 1.55172676e-01 2.52737463e-01 8.77165124e-02 1.05703816e-01]

rule12: water < 167.054
probabilities_array:[0.         0.         0.00342538 0.00407213 0.         0.03056364
 0.         0.         0.0927944  0.3139635  0.27378005 0.28140086]

rule2: 283.763 < cement < 354.775
probabilities_array:[0.00313472 0.06042551 0.06132117 0.         0.1857341  0.01916466
 0.16443367 0.08083122 0.0968589  0.23236309 0.06637517 0.02935772]

rule31: age > 93.438
probabilities_array:[0.         0.         0.         0.         0.01031653 0.03525982
 0.23956504 0.22546312 0.11919855 0.23549694 0.0773982  0.05730183]

rule11: fly_ash > 96.289
probabilities_array:[0.01050397 0.03039739 0.08607576 0.16470817 0.05930673 0.10104895
 0.14661708 0.         0.10447051 0.22373122 0.         0.0731403 ]

rule24: fine_aggregate < 720.562
probabilities_array:[0.         0.         0.         0.         0.         0.00987791
 0.         0.22366115 0.17388365 0.25071162 0.15316515 0.1887005 ]

rule6: 73.345 < blast_furnace_slag < 130.403
probabilities_array:[0.00156765 0.10068725 0.00048323 0.         0.10720117 0.08867873
 0.02875802 0.11054411 0.19159423 0.1998363  0.14233285 0.02831644]

rule22: 971.446 < coarse_aggregate < 1024.027
probabilities_array:[0.         0.14715071 0.04775054 0.1160953  0.08048059 0.
 0.13913056 0.14274342 0.02562433 0.20175545 0.         0.09926905]

rule1: 212.751 < cement < 283.763
probabilities_array:[0.06395588 0.15529326 0.10542205 0.00759018 0.2099459  0.0792672
 0.         0.00906922 0.09979104 0.18871419 0.01550574 0.06544531]

rule5: 16.288 < blast_furnace_slag < 73.345
probabilities_array:[0.         0.         0.14626652 0.         0.         0.08751728
 0.1422333  0.07204757 0.15049507 0.1801876  0.16676663 0.054486  ]

rule8: fly_ash < 10.911
probabilities_array:[0.0000000e+00 0.0000000e+00 0.0000000e+00 0.0000000e+00 0.0000000e+00
 2.9497477e-04 0.0000000e+00 1.4866538e-01 0.0000000e+00 2.0642814e-01
 2.7950254e-01 3.6510903e-01]

rule21: 918.865 < coarse_aggregate < 971.446
probabilities_array:[0.02678329 0.         0.08933979 0.19828074 0.02865191 0.10379525
 0.03558596 0.08602327 0.11430425 0.1429558  0.07215033 0.10212941]

rule20: coarse_aggregate < 918.865
probabilities_array:[0.         0.         0.00222945 0.         0.03111813 0.1989829
 0.04635429 0.21914232 0.01932415 0.13303106 0.23984404 0.10997369]

rule23: coarse_aggregate > 1024.027
probabilities_array:[0.         0.12214206 0.04840898 0.         0.00590331 0.
 0.01609284 0.         0.25900224 0.13176145 0.29153988 0.12514924]

rule25: 720.562 < fine_aggregate < 774.784
probabilities_array:[0.00454766 0.01483973 0.01550615 0.01872375 0.22933416 0.13471563
 0.16519319 0.         0.0330947  0.10641834 0.23046446 0.0471622 ]

rule4: blast_furnace_slag < 16.288
probabilities_array:[0.11704467 0.12471221 0.02384311 0.08477192 0.1907607  0.
 0.14416514 0.         0.00262391 0.11384384 0.08011205 0.1181225 ]

rule10: 53.600 < fly_ash < 96.289
probabilities_array:[1.22538622e-04 1.94677114e-02 5.85856475e-02 8.31499100e-02
 1.12091877e-01 9.48575139e-02 3.75001319e-02 2.50548095e-01
 2.04477876e-01 1.03182584e-01 0.00000000e+00 3.60160954e-02]

rule19: superplasticizer > 10.414
probabilities_array:[0.         0.05542732 0.         0.         0.21285234 0.13738005
 0.02603319 0.         0.22241685 0.08793812 0.20249498 0.05545719]

rule9: 10.911 < fly_ash < 53.600
probabilities_array:[0.16193825 0.         0.         0.         0.27181315 0.
 0.         0.         0.24546555 0.08416722 0.17614076 0.06047511]

rule30: 47.449 < age < 93.438
probabilities_array:[0.0000000e+00 0.0000000e+00 0.0000000e+00 0.0000000e+00 9.6513398e-02
 1.1472990e-04 0.0000000e+00 0.0000000e+00 2.4774796e-01 9.2166387e-02
 3.0235389e-01 2.6110375e-01]

rule17: 2.240 < superplasticizer < 6.327
probabilities_array:[4.28797938e-02 1.93097185e-05 1.66514292e-01 9.05856639e-02
 0.00000000e+00 1.11037746e-01 1.39412850e-01 1.50233164e-01
 0.00000000e+00 6.09435067e-02 2.24757522e-01 1.36161055e-02]


---10---
rule13: 167.054 < water < 181.413
probabilities_array:[0.10439919 0.         0.         0.05517591 0.         0.0054036
 0.04006453 0.23376301 0.1939593  0.003041   0.310105   0.05408834]

rule23: coarse_aggregate > 1024.027
probabilities_array:[0.         0.12214206 0.04840898 0.         0.00590331 0.
 0.01609284 0.         0.25900224 0.13176145 0.29153988 0.12514924]

rule3: cement > 354.775
probabilities_array:[0.         0.         0.         0.03547376 0.         0.00436014
 0.20241661 0.17779224 0.05073911 0.24321418 0.24963051 0.03637341]

rule30: 47.449 < age < 93.438
probabilities_array:[0.0000000e+00 0.0000000e+00 0.0000000e+00 0.0000000e+00 9.6513398e-02
 1.1472990e-04 0.0000000e+00 0.0000000e+00 2.4774796e-01 9.2166387e-02
 3.0235389e-01 2.6110375e-01]

rule17: 2.240 < superplasticizer < 6.327
probabilities_array:[4.28797938e-02 1.93097185e-05 1.66514292e-01 9.05856639e-02
 0.00000000e+00 1.11037746e-01 1.39412850e-01 1.50233164e-01
 0.00000000e+00 6.09435067e-02 2.24757522e-01 1.36161055e-02]

rule25: 720.562 < fine_aggregate < 774.784
probabilities_array:[0.00454766 0.01483973 0.01550615 0.01872375 0.22933416 0.13471563
 0.16519319 0.         0.0330947  0.10641834 0.23046446 0.0471622 ]

rule20: coarse_aggregate < 918.865
probabilities_array:[0.         0.         0.00222945 0.         0.03111813 0.1989829
 0.04635429 0.21914232 0.01932415 0.13303106 0.23984404 0.10997369]

rule26: 774.784 < fine_aggregate < 829.007
probabilities_array:[0.12183082 0.06242308 0.02835618 0.07999866 0.09636108 0.03564509
 0.09392966 0.15230635 0.06411432 0.         0.2095246  0.05551012]

rule12: water < 167.054
probabilities_array:[0.         0.         0.00342538 0.00407213 0.         0.03056364
 0.         0.         0.0927944  0.3139635  0.27378005 0.28140086]

rule19: superplasticizer > 10.414
probabilities_array:[0.         0.05542732 0.         0.         0.21285234 0.13738005
 0.02603319 0.         0.22241685 0.08793812 0.20249498 0.05545719]

rule7: blast_furnace_slag > 130.403
probabilities_array:[0.         0.         0.06485    0.26581085 0.         0.21153395
 0.0304221  0.04943925 0.0476885  0.01897025 0.20583154 0.10545349]

rule8: fly_ash < 10.911
probabilities_array:[0.0000000e+00 0.0000000e+00 0.0000000e+00 0.0000000e+00 0.0000000e+00
 2.9497477e-04 0.0000000e+00 1.4866538e-01 0.0000000e+00 2.0642814e-01
 2.7950254e-01 3.6510903e-01]

rule9: 10.911 < fly_ash < 53.600
probabilities_array:[0.16193825 0.         0.         0.         0.27181315 0.
 0.         0.         0.24546555 0.08416722 0.17614076 0.06047511]

rule5: 16.288 < blast_furnace_slag < 73.345
probabilities_array:[0.         0.         0.14626652 0.         0.         0.08751728
 0.1422333  0.07204757 0.15049507 0.1801876  0.16676663 0.054486  ]

rule6: 73.345 < blast_furnace_slag < 130.403
probabilities_array:[0.00156765 0.10068725 0.00048323 0.         0.10720117 0.08867873
 0.02875802 0.11054411 0.19159423 0.1998363  0.14233285 0.02831644]

rule27: fine_aggregate > 829.007
probabilities_array:[0.19701828 0.06430876 0.07544021 0.13039649 0.01243292 0.05024217
 0.15011543 0.00022556 0.15506943 0.         0.13443626 0.03031448]

rule24: fine_aggregate < 720.562
probabilities_array:[0.         0.         0.         0.         0.         0.00987791
 0.         0.22366115 0.17388365 0.25071162 0.15316515 0.1887005 ]

rule18: 6.327 < superplasticizer < 10.414
probabilities_array:[0.00000000e+00 0.00000000e+00 1.04994914e-02 5.90269268e-02
 3.66651639e-02 2.18178684e-04 1.25414282e-01 1.66845515e-01
 1.55172676e-01 2.52737463e-01 8.77165124e-02 1.05703816e-01]

rule31: age > 93.438
probabilities_array:[0.         0.         0.         0.         0.01031653 0.03525982
 0.23956504 0.22546312 0.11919855 0.23549694 0.0773982  0.05730183]

rule4: blast_furnace_slag < 16.288
probabilities_array:[0.11704467 0.12471221 0.02384311 0.08477192 0.1907607  0.
 0.14416514 0.         0.00262391 0.11384384 0.08011205 0.1181225 ]

rule21: 918.865 < coarse_aggregate < 971.446
probabilities_array:[0.02678329 0.         0.08933979 0.19828074 0.02865191 0.10379525
 0.03558596 0.08602327 0.11430425 0.1429558  0.07215033 0.10212941]

rule2: 283.763 < cement < 354.775
probabilities_array:[0.00313472 0.06042551 0.06132117 0.         0.1857341  0.01916466
 0.16443367 0.08083122 0.0968589  0.23236309 0.06637517 0.02935772]

