R2: -2.0402183931616578


MAE: 18.64356251111753


MSE: 820.8534318621142


Accuracy: 0.2978702384143078


F1: 0.31176470588235294


Most important rules
-----------------------------

---0---
rule15: water > 197.018
probabilities_array:[0.30804786 0.05830339 0.16805688 0.08510582 0.21792075 0.01615423
 0.04943302 0.08690847 0.00257343 0.00046092 0.0070352 ]

rule14: 182.343 < water < 197.018
probabilities_array:[0.297687   0.0767013  0.15265597 0.1273934  0.12773448 0.00644421
 0.14574972 0.01091124 0.         0.00777523 0.04694747]

rule0: cement < 214.346
probabilities_array:[0.267706   0.24427037 0.15456016 0.04432968 0.13840167 0.03658727
 0.0079566  0.05353178 0.05084369 0.         0.0018128 ]

rule27: fine_aggregate > 822.646
probabilities_array:[0.26974714 0.15725455 0.04350542 0.12768999 0.03588171 0.02741163
 0.056795   0.23713085 0.         0.         0.04458385]

rule28: age < 3.079
probabilities_array:[3.2276350e-01 3.4126383e-01 0.0000000e+00 0.0000000e+00 2.3100586e-04
 7.9883993e-02 1.2173218e-02 0.0000000e+00 0.0000000e+00 0.0000000e+00
 2.4368440e-01]

rule16: superplasticizer < 2.039
probabilities_array:[0.22979307 0.21353012 0.2000369  0.07280127 0.         0.0658743
 0.07061165 0.0395675  0.02954662 0.         0.07823855]

rule11: fly_ash > 97.289
probabilities_array:[0.17344892 0.06684812 0.06704833 0.23530483 0.01113206 0.21297868
 0.01480913 0.00756189 0.08490901 0.         0.1259591 ]

rule5: 14.672 < blast_furnace_slag < 73.292
probabilities_array:[0.16071063 0.         0.19206296 0.         0.03447682 0.01064475
 0.01036102 0.2064708  0.12096239 0.20366243 0.06064824]

rule1: 214.346 < cement < 285.015
probabilities_array:[0.17420447 0.09356981 0.01274751 0.0559707  0.13252813 0.
 0.06899913 0.06967582 0.14528298 0.11279614 0.13422534]

rule8: fly_ash < 10.639
probabilities_array:[0.17866735 0.01921649 0.         0.         0.08233019 0.
 0.13985567 0.00123713 0.18867129 0.22060533 0.1694165 ]

rule13: 167.668 < water < 182.343
probabilities_array:[0.15435967 0.01610287 0.02568285 0.04990405 0.14427887 0.12823585
 0.2670386  0.0972048  0.         0.07180116 0.04539121]

rule9: 10.639 < fly_ash < 53.964
probabilities_array:[0.15480128 0.3022713  0.         0.         0.         0.
 0.         0.13758416 0.00788305 0.2683676  0.12909259]

rule4: blast_furnace_slag < 14.672
probabilities_array:[0.13473669 0.13840874 0.1359712  0.09679157 0.03484078 0.13118508
 0.         0.09581988 0.1675749  0.         0.0646712 ]

rule23: coarse_aggregate > 1024.060
probabilities_array:[0.11639494 0.19729427 0.03722725 0.01996303 0.         0.
 0.07045407 0.3056504  0.0760514  0.07836157 0.09860311]

rule21: 919.655 < coarse_aggregate < 971.858
probabilities_array:[0.06868842 0.11872819 0.06645837 0.31368247 0.00092946 0.20499745
 0.00941233 0.         0.11700995 0.         0.10009345]

rule20: coarse_aggregate < 919.655
probabilities_array:[0.07718331 0.         0.         0.         0.23836009 0.06309745
 0.         0.         0.08636749 0.25147018 0.28352147]

rule17: 2.039 < superplasticizer < 6.128
probabilities_array:[0.04177669 0.02357265 0.16463429 0.13498451 0.08558109 0.08726516
 0.29592597 0.00721767 0.         0.15232481 0.00671707]

rule18: 6.128 < superplasticizer < 10.217
probabilities_array:[0.04242698 0.01403526 0.12404451 0.16680856 0.         0.
 0.0918288  0.21441846 0.23032571 0.0624136  0.05369806]


---1---
rule9: 10.639 < fly_ash < 53.964
probabilities_array:[0.15480128 0.3022713  0.         0.         0.         0.
 0.         0.13758416 0.00788305 0.2683676  0.12909259]

rule28: age < 3.079
probabilities_array:[3.2276350e-01 3.4126383e-01 0.0000000e+00 0.0000000e+00 2.3100586e-04
 7.9883993e-02 1.2173218e-02 0.0000000e+00 0.0000000e+00 0.0000000e+00
 2.4368440e-01]

rule0: cement < 214.346
probabilities_array:[0.267706   0.24427037 0.15456016 0.04432968 0.13840167 0.03658727
 0.0079566  0.05353178 0.05084369 0.         0.0018128 ]

rule16: superplasticizer < 2.039
probabilities_array:[0.22979307 0.21353012 0.2000369  0.07280127 0.         0.0658743
 0.07061165 0.0395675  0.02954662 0.         0.07823855]

rule22: 971.858 < coarse_aggregate < 1024.060
probabilities_array:[0.03513121 0.20530938 0.         0.13679777 0.02226431 0.14380647
 0.10081272 0.13519923 0.15336463 0.01429843 0.05301578]

rule23: coarse_aggregate > 1024.060
probabilities_array:[0.11639494 0.19729427 0.03722725 0.01996303 0.         0.
 0.07045407 0.3056504  0.0760514  0.07836157 0.09860311]

rule26: 769.661 < fine_aggregate < 822.646
probabilities_array:[0.01794149 0.21586737 0.         0.09846763 0.         0.06873966
 0.0728105  0.         0.         0.27592567 0.25024772]

rule27: fine_aggregate > 822.646
probabilities_array:[0.26974714 0.15725455 0.04350542 0.12768999 0.03588171 0.02741163
 0.056795   0.23713085 0.         0.         0.04458385]

rule4: blast_furnace_slag < 14.672
probabilities_array:[0.13473669 0.13840874 0.1359712  0.09679157 0.03484078 0.13118508
 0.         0.09581988 0.1675749  0.         0.0646712 ]

rule2: 285.015 < cement < 355.684
probabilities_array:[0.         0.12937906 0.07181671 0.04857016 0.14127828 0.21924937
 0.16602956 0.0373286  0.0317647  0.12635784 0.02822575]

rule21: 919.655 < coarse_aggregate < 971.858
probabilities_array:[0.06868842 0.11872819 0.06645837 0.31368247 0.00092946 0.20499745
 0.00941233 0.         0.11700995 0.         0.10009345]

rule1: 214.346 < cement < 285.015
probabilities_array:[0.17420447 0.09356981 0.01274751 0.0559707  0.13252813 0.
 0.06899913 0.06967582 0.14528298 0.11279614 0.13422534]

rule6: 73.292 < blast_furnace_slag < 131.911
probabilities_array:[0.03893112 0.08364678 0.04374047 0.         0.1409001  0.02467527
 0.18219861 0.04308376 0.1997521  0.1926362  0.0504356 ]

rule14: 182.343 < water < 197.018
probabilities_array:[0.297687   0.0767013  0.15265597 0.1273934  0.12773448 0.00644421
 0.14574972 0.01091124 0.         0.00777523 0.04694747]

rule12: water < 167.668
probabilities_array:[0.         0.1010314  0.         0.         0.         0.0054341
 0.00775253 0.05983882 0.2638162  0.26737076 0.29475617]

rule10: 53.964 < fly_ash < 97.289
probabilities_array:[0.02819771 0.0692293  0.10721474 0.02895323 0.14416043 0.22084157
 0.15355027 0.18399628 0.03914332 0.         0.02471312]

rule11: fly_ash > 97.289
probabilities_array:[0.17344892 0.06684812 0.06704833 0.23530483 0.01113206 0.21297868
 0.01480913 0.00756189 0.08490901 0.         0.1259591 ]

rule15: water > 197.018
probabilities_array:[0.30804786 0.05830339 0.16805688 0.08510582 0.21792075 0.01615423
 0.04943302 0.08690847 0.00257343 0.00046092 0.0070352 ]

rule29: 3.079 < age < 46.300
probabilities_array:[0.         0.04724278 0.20024587 0.1440525  0.16389526 0.1646951
 0.0567675  0.07110319 0.05310992 0.07216422 0.02672368]

rule25: 716.677 < fine_aggregate < 769.661
probabilities_array:[0.         0.05219221 0.09436738 0.         0.30499375 0.00273049
 0.00194686 0.03512067 0.02213161 0.2836323  0.20288469]


---2---
rule29: 3.079 < age < 46.300
probabilities_array:[0.         0.04724278 0.20024587 0.1440525  0.16389526 0.1646951
 0.0567675  0.07110319 0.05310992 0.07216422 0.02672368]

rule16: superplasticizer < 2.039
probabilities_array:[0.22979307 0.21353012 0.2000369  0.07280127 0.         0.0658743
 0.07061165 0.0395675  0.02954662 0.         0.07823855]

rule5: 14.672 < blast_furnace_slag < 73.292
probabilities_array:[0.16071063 0.         0.19206296 0.         0.03447682 0.01064475
 0.01036102 0.2064708  0.12096239 0.20366243 0.06064824]

rule15: water > 197.018
probabilities_array:[0.30804786 0.05830339 0.16805688 0.08510582 0.21792075 0.01615423
 0.04943302 0.08690847 0.00257343 0.00046092 0.0070352 ]

rule17: 2.039 < superplasticizer < 6.128
probabilities_array:[0.04177669 0.02357265 0.16463429 0.13498451 0.08558109 0.08726516
 0.29592597 0.00721767 0.         0.15232481 0.00671707]

rule0: cement < 214.346
probabilities_array:[0.267706   0.24427037 0.15456016 0.04432968 0.13840167 0.03658727
 0.0079566  0.05353178 0.05084369 0.         0.0018128 ]

rule14: 182.343 < water < 197.018
probabilities_array:[0.297687   0.0767013  0.15265597 0.1273934  0.12773448 0.00644421
 0.14574972 0.01091124 0.         0.00777523 0.04694747]

rule4: blast_furnace_slag < 14.672
probabilities_array:[0.13473669 0.13840874 0.1359712  0.09679157 0.03484078 0.13118508
 0.         0.09581988 0.1675749  0.         0.0646712 ]

rule18: 6.128 < superplasticizer < 10.217
probabilities_array:[0.04242698 0.01403526 0.12404451 0.16680856 0.         0.
 0.0918288  0.21441846 0.23032571 0.0624136  0.05369806]

rule10: 53.964 < fly_ash < 97.289
probabilities_array:[0.02819771 0.0692293  0.10721474 0.02895323 0.14416043 0.22084157
 0.15355027 0.18399628 0.03914332 0.         0.02471312]

rule25: 716.677 < fine_aggregate < 769.661
probabilities_array:[0.         0.05219221 0.09436738 0.         0.30499375 0.00273049
 0.00194686 0.03512067 0.02213161 0.2836323  0.20288469]

rule2: 285.015 < cement < 355.684
probabilities_array:[0.         0.12937906 0.07181671 0.04857016 0.14127828 0.21924937
 0.16602956 0.0373286  0.0317647  0.12635784 0.02822575]

rule21: 919.655 < coarse_aggregate < 971.858
probabilities_array:[0.06868842 0.11872819 0.06645837 0.31368247 0.00092946 0.20499745
 0.00941233 0.         0.11700995 0.         0.10009345]

rule11: fly_ash > 97.289
probabilities_array:[0.17344892 0.06684812 0.06704833 0.23530483 0.01113206 0.21297868
 0.01480913 0.00756189 0.08490901 0.         0.1259591 ]

rule27: fine_aggregate > 822.646
probabilities_array:[0.26974714 0.15725455 0.04350542 0.12768999 0.03588171 0.02741163
 0.056795   0.23713085 0.         0.         0.04458385]

rule6: 73.292 < blast_furnace_slag < 131.911
probabilities_array:[0.03893112 0.08364678 0.04374047 0.         0.1409001  0.02467527
 0.18219861 0.04308376 0.1997521  0.1926362  0.0504356 ]


---3---
rule21: 919.655 < coarse_aggregate < 971.858
probabilities_array:[0.06868842 0.11872819 0.06645837 0.31368247 0.00092946 0.20499745
 0.00941233 0.         0.11700995 0.         0.10009345]

rule11: fly_ash > 97.289
probabilities_array:[0.17344892 0.06684812 0.06704833 0.23530483 0.01113206 0.21297868
 0.01480913 0.00756189 0.08490901 0.         0.1259591 ]

rule7: blast_furnace_slag > 131.911
probabilities_array:[0.         0.04430505 0.         0.21770203 0.10898352 0.13308328
 0.07410207 0.00286623 0.02123758 0.2212743  0.17644604]

rule18: 6.128 < superplasticizer < 10.217
probabilities_array:[0.04242698 0.01403526 0.12404451 0.16680856 0.         0.
 0.0918288  0.21441846 0.23032571 0.0624136  0.05369806]

rule29: 3.079 < age < 46.300
probabilities_array:[0.         0.04724278 0.20024587 0.1440525  0.16389526 0.1646951
 0.0567675  0.07110319 0.05310992 0.07216422 0.02672368]

rule17: 2.039 < superplasticizer < 6.128
probabilities_array:[0.04177669 0.02357265 0.16463429 0.13498451 0.08558109 0.08726516
 0.29592597 0.00721767 0.         0.15232481 0.00671707]

rule22: 971.858 < coarse_aggregate < 1024.060
probabilities_array:[0.03513121 0.20530938 0.         0.13679777 0.02226431 0.14380647
 0.10081272 0.13519923 0.15336463 0.01429843 0.05301578]

rule27: fine_aggregate > 822.646
probabilities_array:[0.26974714 0.15725455 0.04350542 0.12768999 0.03588171 0.02741163
 0.056795   0.23713085 0.         0.         0.04458385]

rule14: 182.343 < water < 197.018
probabilities_array:[0.297687   0.0767013  0.15265597 0.1273934  0.12773448 0.00644421
 0.14574972 0.01091124 0.         0.00777523 0.04694747]

rule4: blast_furnace_slag < 14.672
probabilities_array:[0.13473669 0.13840874 0.1359712  0.09679157 0.03484078 0.13118508
 0.         0.09581988 0.1675749  0.         0.0646712 ]

rule15: water > 197.018
probabilities_array:[0.30804786 0.05830339 0.16805688 0.08510582 0.21792075 0.01615423
 0.04943302 0.08690847 0.00257343 0.00046092 0.0070352 ]

rule26: 769.661 < fine_aggregate < 822.646
probabilities_array:[0.01794149 0.21586737 0.         0.09846763 0.         0.06873966
 0.0728105  0.         0.         0.27592567 0.25024772]

rule16: superplasticizer < 2.039
probabilities_array:[0.22979307 0.21353012 0.2000369  0.07280127 0.         0.0658743
 0.07061165 0.0395675  0.02954662 0.         0.07823855]

rule24: fine_aggregate < 716.677
probabilities_array:[0.0295277  0.03735777 0.         0.06779812 0.         0.0998227
 0.09580386 0.15025532 0.3053621  0.17767018 0.03640224]

rule1: 214.346 < cement < 285.015
probabilities_array:[0.17420447 0.09356981 0.01274751 0.0559707  0.13252813 0.
 0.06899913 0.06967582 0.14528298 0.11279614 0.13422534]

rule13: 167.668 < water < 182.343
probabilities_array:[0.15435967 0.01610287 0.02568285 0.04990405 0.14427887 0.12823585
 0.2670386  0.0972048  0.         0.07180116 0.04539121]

rule2: 285.015 < cement < 355.684
probabilities_array:[0.         0.12937906 0.07181671 0.04857016 0.14127828 0.21924937
 0.16602956 0.0373286  0.0317647  0.12635784 0.02822575]

rule0: cement < 214.346
probabilities_array:[0.267706   0.24427037 0.15456016 0.04432968 0.13840167 0.03658727
 0.0079566  0.05353178 0.05084369 0.         0.0018128 ]


---4---
rule19: superplasticizer > 10.217
probabilities_array:[0.         0.         0.         0.         0.32070932 0.11851182
 0.00212965 0.         0.06986764 0.25206628 0.2367153 ]

rule25: 716.677 < fine_aggregate < 769.661
probabilities_array:[0.         0.05219221 0.09436738 0.         0.30499375 0.00273049
 0.00194686 0.03512067 0.02213161 0.2836323  0.20288469]

rule15: water > 197.018
probabilities_array:[0.30804786 0.05830339 0.16805688 0.08510582 0.21792075 0.01615423
 0.04943302 0.08690847 0.00257343 0.00046092 0.0070352 ]

rule20: coarse_aggregate < 919.655
probabilities_array:[0.07718331 0.         0.         0.         0.23836009 0.06309745
 0.         0.         0.08636749 0.25147018 0.28352147]

rule29: 3.079 < age < 46.300
probabilities_array:[0.         0.04724278 0.20024587 0.1440525  0.16389526 0.1646951
 0.0567675  0.07110319 0.05310992 0.07216422 0.02672368]

rule10: 53.964 < fly_ash < 97.289
probabilities_array:[0.02819771 0.0692293  0.10721474 0.02895323 0.14416043 0.22084157
 0.15355027 0.18399628 0.03914332 0.         0.02471312]

rule0: cement < 214.346
probabilities_array:[0.267706   0.24427037 0.15456016 0.04432968 0.13840167 0.03658727
 0.0079566  0.05353178 0.05084369 0.         0.0018128 ]

rule13: 167.668 < water < 182.343
probabilities_array:[0.15435967 0.01610287 0.02568285 0.04990405 0.14427887 0.12823585
 0.2670386  0.0972048  0.         0.07180116 0.04539121]

rule2: 285.015 < cement < 355.684
probabilities_array:[0.         0.12937906 0.07181671 0.04857016 0.14127828 0.21924937
 0.16602956 0.0373286  0.0317647  0.12635784 0.02822575]

rule6: 73.292 < blast_furnace_slag < 131.911
probabilities_array:[0.03893112 0.08364678 0.04374047 0.         0.1409001  0.02467527
 0.18219861 0.04308376 0.1997521  0.1926362  0.0504356 ]

rule14: 182.343 < water < 197.018
probabilities_array:[0.297687   0.0767013  0.15265597 0.1273934  0.12773448 0.00644421
 0.14574972 0.01091124 0.         0.00777523 0.04694747]

rule1: 214.346 < cement < 285.015
probabilities_array:[0.17420447 0.09356981 0.01274751 0.0559707  0.13252813 0.
 0.06899913 0.06967582 0.14528298 0.11279614 0.13422534]

rule7: blast_furnace_slag > 131.911
probabilities_array:[0.         0.04430505 0.         0.21770203 0.10898352 0.13308328
 0.07410207 0.00286623 0.02123758 0.2212743  0.17644604]

rule17: 2.039 < superplasticizer < 6.128
probabilities_array:[0.04177669 0.02357265 0.16463429 0.13498451 0.08558109 0.08726516
 0.29592597 0.00721767 0.         0.15232481 0.00671707]

rule31: age > 89.521
probabilities_array:[0.         0.         0.01475109 0.0123442  0.06954543 0.11716273
 0.15901567 0.21016803 0.18880694 0.22820583 0.        ]

rule8: fly_ash < 10.639
probabilities_array:[0.17866735 0.01921649 0.         0.         0.08233019 0.
 0.13985567 0.00123713 0.18867129 0.22060533 0.1694165 ]


---5---
rule10: 53.964 < fly_ash < 97.289
probabilities_array:[0.02819771 0.0692293  0.10721474 0.02895323 0.14416043 0.22084157
 0.15355027 0.18399628 0.03914332 0.         0.02471312]

rule2: 285.015 < cement < 355.684
probabilities_array:[0.         0.12937906 0.07181671 0.04857016 0.14127828 0.21924937
 0.16602956 0.0373286  0.0317647  0.12635784 0.02822575]

rule11: fly_ash > 97.289
probabilities_array:[0.17344892 0.06684812 0.06704833 0.23530483 0.01113206 0.21297868
 0.01480913 0.00756189 0.08490901 0.         0.1259591 ]

rule21: 919.655 < coarse_aggregate < 971.858
probabilities_array:[0.06868842 0.11872819 0.06645837 0.31368247 0.00092946 0.20499745
 0.00941233 0.         0.11700995 0.         0.10009345]

rule29: 3.079 < age < 46.300
probabilities_array:[0.         0.04724278 0.20024587 0.1440525  0.16389526 0.1646951
 0.0567675  0.07110319 0.05310992 0.07216422 0.02672368]

rule22: 971.858 < coarse_aggregate < 1024.060
probabilities_array:[0.03513121 0.20530938 0.         0.13679777 0.02226431 0.14380647
 0.10081272 0.13519923 0.15336463 0.01429843 0.05301578]

rule4: blast_furnace_slag < 14.672
probabilities_array:[0.13473669 0.13840874 0.1359712  0.09679157 0.03484078 0.13118508
 0.         0.09581988 0.1675749  0.         0.0646712 ]

rule13: 167.668 < water < 182.343
probabilities_array:[0.15435967 0.01610287 0.02568285 0.04990405 0.14427887 0.12823585
 0.2670386  0.0972048  0.         0.07180116 0.04539121]

rule3: cement > 355.684
probabilities_array:[0.         0.00199424 0.00240102 0.         0.02578851 0.12301896
 0.27350724 0.09411313 0.18598664 0.25395283 0.03923742]

rule31: age > 89.521
probabilities_array:[0.         0.         0.01475109 0.0123442  0.06954543 0.11716273
 0.15901567 0.21016803 0.18880694 0.22820583 0.        ]

rule7: blast_furnace_slag > 131.911
probabilities_array:[0.         0.04430505 0.         0.21770203 0.10898352 0.13308328
 0.07410207 0.00286623 0.02123758 0.2212743  0.17644604]

rule24: fine_aggregate < 716.677
probabilities_array:[0.0295277  0.03735777 0.         0.06779812 0.         0.0998227
 0.09580386 0.15025532 0.3053621  0.17767018 0.03640224]

rule19: superplasticizer > 10.217
probabilities_array:[0.         0.         0.         0.         0.32070932 0.11851182
 0.00212965 0.         0.06986764 0.25206628 0.2367153 ]

rule17: 2.039 < superplasticizer < 6.128
probabilities_array:[0.04177669 0.02357265 0.16463429 0.13498451 0.08558109 0.08726516
 0.29592597 0.00721767 0.         0.15232481 0.00671707]

rule16: superplasticizer < 2.039
probabilities_array:[0.22979307 0.21353012 0.2000369  0.07280127 0.         0.0658743
 0.07061165 0.0395675  0.02954662 0.         0.07823855]

rule28: age < 3.079
probabilities_array:[3.2276350e-01 3.4126383e-01 0.0000000e+00 0.0000000e+00 2.3100586e-04
 7.9883993e-02 1.2173218e-02 0.0000000e+00 0.0000000e+00 0.0000000e+00
 2.4368440e-01]

rule26: 769.661 < fine_aggregate < 822.646
probabilities_array:[0.01794149 0.21586737 0.         0.09846763 0.         0.06873966
 0.0728105  0.         0.         0.27592567 0.25024772]

rule20: coarse_aggregate < 919.655
probabilities_array:[0.07718331 0.         0.         0.         0.23836009 0.06309745
 0.         0.         0.08636749 0.25147018 0.28352147]


---6---
rule17: 2.039 < superplasticizer < 6.128
probabilities_array:[0.04177669 0.02357265 0.16463429 0.13498451 0.08558109 0.08726516
 0.29592597 0.00721767 0.         0.15232481 0.00671707]

rule3: cement > 355.684
probabilities_array:[0.         0.00199424 0.00240102 0.         0.02578851 0.12301896
 0.27350724 0.09411313 0.18598664 0.25395283 0.03923742]

rule13: 167.668 < water < 182.343
probabilities_array:[0.15435967 0.01610287 0.02568285 0.04990405 0.14427887 0.12823585
 0.2670386  0.0972048  0.         0.07180116 0.04539121]

rule6: 73.292 < blast_furnace_slag < 131.911
probabilities_array:[0.03893112 0.08364678 0.04374047 0.         0.1409001  0.02467527
 0.18219861 0.04308376 0.1997521  0.1926362  0.0504356 ]

rule2: 285.015 < cement < 355.684
probabilities_array:[0.         0.12937906 0.07181671 0.04857016 0.14127828 0.21924937
 0.16602956 0.0373286  0.0317647  0.12635784 0.02822575]

rule31: age > 89.521
probabilities_array:[0.         0.         0.01475109 0.0123442  0.06954543 0.11716273
 0.15901567 0.21016803 0.18880694 0.22820583 0.        ]

rule10: 53.964 < fly_ash < 97.289
probabilities_array:[0.02819771 0.0692293  0.10721474 0.02895323 0.14416043 0.22084157
 0.15355027 0.18399628 0.03914332 0.         0.02471312]

rule14: 182.343 < water < 197.018
probabilities_array:[0.297687   0.0767013  0.15265597 0.1273934  0.12773448 0.00644421
 0.14574972 0.01091124 0.         0.00777523 0.04694747]

rule8: fly_ash < 10.639
probabilities_array:[0.17866735 0.01921649 0.         0.         0.08233019 0.
 0.13985567 0.00123713 0.18867129 0.22060533 0.1694165 ]

rule22: 971.858 < coarse_aggregate < 1024.060
probabilities_array:[0.03513121 0.20530938 0.         0.13679777 0.02226431 0.14380647
 0.10081272 0.13519923 0.15336463 0.01429843 0.05301578]

rule24: fine_aggregate < 716.677
probabilities_array:[0.0295277  0.03735777 0.         0.06779812 0.         0.0998227
 0.09580386 0.15025532 0.3053621  0.17767018 0.03640224]

rule18: 6.128 < superplasticizer < 10.217
probabilities_array:[0.04242698 0.01403526 0.12404451 0.16680856 0.         0.
 0.0918288  0.21441846 0.23032571 0.0624136  0.05369806]

rule16: superplasticizer < 2.039
probabilities_array:[0.22979307 0.21353012 0.2000369  0.07280127 0.         0.0658743
 0.07061165 0.0395675  0.02954662 0.         0.07823855]

rule23: coarse_aggregate > 1024.060
probabilities_array:[0.11639494 0.19729427 0.03722725 0.01996303 0.         0.
 0.07045407 0.3056504  0.0760514  0.07836157 0.09860311]

rule7: blast_furnace_slag > 131.911
probabilities_array:[0.         0.04430505 0.         0.21770203 0.10898352 0.13308328
 0.07410207 0.00286623 0.02123758 0.2212743  0.17644604]

rule1: 214.346 < cement < 285.015
probabilities_array:[0.17420447 0.09356981 0.01274751 0.0559707  0.13252813 0.
 0.06899913 0.06967582 0.14528298 0.11279614 0.13422534]

rule29: 3.079 < age < 46.300
probabilities_array:[0.         0.04724278 0.20024587 0.1440525  0.16389526 0.1646951
 0.0567675  0.07110319 0.05310992 0.07216422 0.02672368]

rule26: 769.661 < fine_aggregate < 822.646
probabilities_array:[0.01794149 0.21586737 0.         0.09846763 0.         0.06873966
 0.0728105  0.         0.         0.27592567 0.25024772]

rule27: fine_aggregate > 822.646
probabilities_array:[0.26974714 0.15725455 0.04350542 0.12768999 0.03588171 0.02741163
 0.056795   0.23713085 0.         0.         0.04458385]

rule15: water > 197.018
probabilities_array:[0.30804786 0.05830339 0.16805688 0.08510582 0.21792075 0.01615423
 0.04943302 0.08690847 0.00257343 0.00046092 0.0070352 ]


---7---
rule23: coarse_aggregate > 1024.060
probabilities_array:[0.11639494 0.19729427 0.03722725 0.01996303 0.         0.
 0.07045407 0.3056504  0.0760514  0.07836157 0.09860311]

rule27: fine_aggregate > 822.646
probabilities_array:[0.26974714 0.15725455 0.04350542 0.12768999 0.03588171 0.02741163
 0.056795   0.23713085 0.         0.         0.04458385]

rule31: age > 89.521
probabilities_array:[0.         0.         0.01475109 0.0123442  0.06954543 0.11716273
 0.15901567 0.21016803 0.18880694 0.22820583 0.        ]

rule18: 6.128 < superplasticizer < 10.217
probabilities_array:[0.04242698 0.01403526 0.12404451 0.16680856 0.         0.
 0.0918288  0.21441846 0.23032571 0.0624136  0.05369806]

rule5: 14.672 < blast_furnace_slag < 73.292
probabilities_array:[0.16071063 0.         0.19206296 0.         0.03447682 0.01064475
 0.01036102 0.2064708  0.12096239 0.20366243 0.06064824]

rule10: 53.964 < fly_ash < 97.289
probabilities_array:[0.02819771 0.0692293  0.10721474 0.02895323 0.14416043 0.22084157
 0.15355027 0.18399628 0.03914332 0.         0.02471312]

rule30: 46.300 < age < 89.521
probabilities_array:[0.         0.         0.         0.00068849 0.         0.
 0.         0.20017502 0.2844866  0.35042706 0.16422273]

rule24: fine_aggregate < 716.677
probabilities_array:[0.0295277  0.03735777 0.         0.06779812 0.         0.0998227
 0.09580386 0.15025532 0.3053621  0.17767018 0.03640224]

rule22: 971.858 < coarse_aggregate < 1024.060
probabilities_array:[0.03513121 0.20530938 0.         0.13679777 0.02226431 0.14380647
 0.10081272 0.13519923 0.15336463 0.01429843 0.05301578]

rule9: 10.639 < fly_ash < 53.964
probabilities_array:[0.15480128 0.3022713  0.         0.         0.         0.
 0.         0.13758416 0.00788305 0.2683676  0.12909259]

rule13: 167.668 < water < 182.343
probabilities_array:[0.15435967 0.01610287 0.02568285 0.04990405 0.14427887 0.12823585
 0.2670386  0.0972048  0.         0.07180116 0.04539121]

rule3: cement > 355.684
probabilities_array:[0.         0.00199424 0.00240102 0.         0.02578851 0.12301896
 0.27350724 0.09411313 0.18598664 0.25395283 0.03923742]

rule4: blast_furnace_slag < 14.672
probabilities_array:[0.13473669 0.13840874 0.1359712  0.09679157 0.03484078 0.13118508
 0.         0.09581988 0.1675749  0.         0.0646712 ]

rule15: water > 197.018
probabilities_array:[0.30804786 0.05830339 0.16805688 0.08510582 0.21792075 0.01615423
 0.04943302 0.08690847 0.00257343 0.00046092 0.0070352 ]

rule29: 3.079 < age < 46.300
probabilities_array:[0.         0.04724278 0.20024587 0.1440525  0.16389526 0.1646951
 0.0567675  0.07110319 0.05310992 0.07216422 0.02672368]

rule1: 214.346 < cement < 285.015
probabilities_array:[0.17420447 0.09356981 0.01274751 0.0559707  0.13252813 0.
 0.06899913 0.06967582 0.14528298 0.11279614 0.13422534]

rule0: cement < 214.346
probabilities_array:[0.267706   0.24427037 0.15456016 0.04432968 0.13840167 0.03658727
 0.0079566  0.05353178 0.05084369 0.         0.0018128 ]

rule12: water < 167.668
probabilities_array:[0.         0.1010314  0.         0.         0.         0.0054341
 0.00775253 0.05983882 0.2638162  0.26737076 0.29475617]

rule6: 73.292 < blast_furnace_slag < 131.911
probabilities_array:[0.03893112 0.08364678 0.04374047 0.         0.1409001  0.02467527
 0.18219861 0.04308376 0.1997521  0.1926362  0.0504356 ]


---8---
rule24: fine_aggregate < 716.677
probabilities_array:[0.0295277  0.03735777 0.         0.06779812 0.         0.0998227
 0.09580386 0.15025532 0.3053621  0.17767018 0.03640224]

rule30: 46.300 < age < 89.521
probabilities_array:[0.         0.         0.         0.00068849 0.         0.
 0.         0.20017502 0.2844866  0.35042706 0.16422273]

rule18: 6.128 < superplasticizer < 10.217
probabilities_array:[0.04242698 0.01403526 0.12404451 0.16680856 0.         0.
 0.0918288  0.21441846 0.23032571 0.0624136  0.05369806]

rule6: 73.292 < blast_furnace_slag < 131.911
probabilities_array:[0.03893112 0.08364678 0.04374047 0.         0.1409001  0.02467527
 0.18219861 0.04308376 0.1997521  0.1926362  0.0504356 ]

rule31: age > 89.521
probabilities_array:[0.         0.         0.01475109 0.0123442  0.06954543 0.11716273
 0.15901567 0.21016803 0.18880694 0.22820583 0.        ]

rule12: water < 167.668
probabilities_array:[0.         0.1010314  0.         0.         0.         0.0054341
 0.00775253 0.05983882 0.2638162  0.26737076 0.29475617]

rule3: cement > 355.684
probabilities_array:[0.         0.00199424 0.00240102 0.         0.02578851 0.12301896
 0.27350724 0.09411313 0.18598664 0.25395283 0.03923742]

rule4: blast_furnace_slag < 14.672
probabilities_array:[0.13473669 0.13840874 0.1359712  0.09679157 0.03484078 0.13118508
 0.         0.09581988 0.1675749  0.         0.0646712 ]

rule8: fly_ash < 10.639
probabilities_array:[0.17866735 0.01921649 0.         0.         0.08233019 0.
 0.13985567 0.00123713 0.18867129 0.22060533 0.1694165 ]

rule22: 971.858 < coarse_aggregate < 1024.060
probabilities_array:[0.03513121 0.20530938 0.         0.13679777 0.02226431 0.14380647
 0.10081272 0.13519923 0.15336463 0.01429843 0.05301578]

rule1: 214.346 < cement < 285.015
probabilities_array:[0.17420447 0.09356981 0.01274751 0.0559707  0.13252813 0.
 0.06899913 0.06967582 0.14528298 0.11279614 0.13422534]

rule5: 14.672 < blast_furnace_slag < 73.292
probabilities_array:[0.16071063 0.         0.19206296 0.         0.03447682 0.01064475
 0.01036102 0.2064708  0.12096239 0.20366243 0.06064824]

rule21: 919.655 < coarse_aggregate < 971.858
probabilities_array:[0.06868842 0.11872819 0.06645837 0.31368247 0.00092946 0.20499745
 0.00941233 0.         0.11700995 0.         0.10009345]

rule11: fly_ash > 97.289
probabilities_array:[0.17344892 0.06684812 0.06704833 0.23530483 0.01113206 0.21297868
 0.01480913 0.00756189 0.08490901 0.         0.1259591 ]

rule23: coarse_aggregate > 1024.060
probabilities_array:[0.11639494 0.19729427 0.03722725 0.01996303 0.         0.
 0.07045407 0.3056504  0.0760514  0.07836157 0.09860311]

rule20: coarse_aggregate < 919.655
probabilities_array:[0.07718331 0.         0.         0.         0.23836009 0.06309745
 0.         0.         0.08636749 0.25147018 0.28352147]

rule19: superplasticizer > 10.217
probabilities_array:[0.         0.         0.         0.         0.32070932 0.11851182
 0.00212965 0.         0.06986764 0.25206628 0.2367153 ]

rule29: 3.079 < age < 46.300
probabilities_array:[0.         0.04724278 0.20024587 0.1440525  0.16389526 0.1646951
 0.0567675  0.07110319 0.05310992 0.07216422 0.02672368]

rule0: cement < 214.346
probabilities_array:[0.267706   0.24427037 0.15456016 0.04432968 0.13840167 0.03658727
 0.0079566  0.05353178 0.05084369 0.         0.0018128 ]


---9---
rule30: 46.300 < age < 89.521
probabilities_array:[0.         0.         0.         0.00068849 0.         0.
 0.         0.20017502 0.2844866  0.35042706 0.16422273]

rule3: cement > 355.684
probabilities_array:[0.         0.00199424 0.00240102 0.         0.02578851 0.12301896
 0.27350724 0.09411313 0.18598664 0.25395283 0.03923742]

rule9: 10.639 < fly_ash < 53.964
probabilities_array:[0.15480128 0.3022713  0.         0.         0.         0.
 0.         0.13758416 0.00788305 0.2683676  0.12909259]

rule31: age > 89.521
probabilities_array:[0.         0.         0.01475109 0.0123442  0.06954543 0.11716273
 0.15901567 0.21016803 0.18880694 0.22820583 0.        ]

rule25: 716.677 < fine_aggregate < 769.661
probabilities_array:[0.         0.05219221 0.09436738 0.         0.30499375 0.00273049
 0.00194686 0.03512067 0.02213161 0.2836323  0.20288469]

rule26: 769.661 < fine_aggregate < 822.646
probabilities_array:[0.01794149 0.21586737 0.         0.09846763 0.         0.06873966
 0.0728105  0.         0.         0.27592567 0.25024772]

rule19: superplasticizer > 10.217
probabilities_array:[0.         0.         0.         0.         0.32070932 0.11851182
 0.00212965 0.         0.06986764 0.25206628 0.2367153 ]

rule5: 14.672 < blast_furnace_slag < 73.292
probabilities_array:[0.16071063 0.         0.19206296 0.         0.03447682 0.01064475
 0.01036102 0.2064708  0.12096239 0.20366243 0.06064824]

rule12: water < 167.668
probabilities_array:[0.         0.1010314  0.         0.         0.         0.0054341
 0.00775253 0.05983882 0.2638162  0.26737076 0.29475617]

rule8: fly_ash < 10.639
probabilities_array:[0.17866735 0.01921649 0.         0.         0.08233019 0.
 0.13985567 0.00123713 0.18867129 0.22060533 0.1694165 ]

rule6: 73.292 < blast_furnace_slag < 131.911
probabilities_array:[0.03893112 0.08364678 0.04374047 0.         0.1409001  0.02467527
 0.18219861 0.04308376 0.1997521  0.1926362  0.0504356 ]

rule7: blast_furnace_slag > 131.911
probabilities_array:[0.         0.04430505 0.         0.21770203 0.10898352 0.13308328
 0.07410207 0.00286623 0.02123758 0.2212743  0.17644604]

rule20: coarse_aggregate < 919.655
probabilities_array:[0.07718331 0.         0.         0.         0.23836009 0.06309745
 0.         0.         0.08636749 0.25147018 0.28352147]

rule24: fine_aggregate < 716.677
probabilities_array:[0.0295277  0.03735777 0.         0.06779812 0.         0.0998227
 0.09580386 0.15025532 0.3053621  0.17767018 0.03640224]

rule17: 2.039 < superplasticizer < 6.128
probabilities_array:[0.04177669 0.02357265 0.16463429 0.13498451 0.08558109 0.08726516
 0.29592597 0.00721767 0.         0.15232481 0.00671707]

rule2: 285.015 < cement < 355.684
probabilities_array:[0.         0.12937906 0.07181671 0.04857016 0.14127828 0.21924937
 0.16602956 0.0373286  0.0317647  0.12635784 0.02822575]

rule1: 214.346 < cement < 285.015
probabilities_array:[0.17420447 0.09356981 0.01274751 0.0559707  0.13252813 0.
 0.06899913 0.06967582 0.14528298 0.11279614 0.13422534]

rule23: coarse_aggregate > 1024.060
probabilities_array:[0.11639494 0.19729427 0.03722725 0.01996303 0.         0.
 0.07045407 0.3056504  0.0760514  0.07836157 0.09860311]

rule29: 3.079 < age < 46.300
probabilities_array:[0.         0.04724278 0.20024587 0.1440525  0.16389526 0.1646951
 0.0567675  0.07110319 0.05310992 0.07216422 0.02672368]

rule13: 167.668 < water < 182.343
probabilities_array:[0.15435967 0.01610287 0.02568285 0.04990405 0.14427887 0.12823585
 0.2670386  0.0972048  0.         0.07180116 0.04539121]

rule18: 6.128 < superplasticizer < 10.217
probabilities_array:[0.04242698 0.01403526 0.12404451 0.16680856 0.         0.
 0.0918288  0.21441846 0.23032571 0.0624136  0.05369806]

