R2: -0.28799206801862787


MAE: 10.860562579995868


MSE: 362.51706326946277


Accuracy: 0.26900355688515665


F1: 0.27941176470588236


Most important rules
-----------------------------

---0---
rule27: fine_aggregate > 828.195
probabilities_array:[0.27286237 0.06504577 0.04427093 0.12342431 0.00754537 0.00293586
 0.08765873 0.         0.16971205 0.         0.10021915 0.12632547]

rule0: cement < 212.515
probabilities_array:[0.23025322 0.19956101 0.11814912 0.05988082 0.09236541 0.0557479
 0.16466296 0.0218161  0.01705036 0.04051313 0.         0.        ]

rule29: 2.930 < age < 45.867
probabilities_array:[0.18726616 0.20180304 0.1795153  0.16882828 0.03373273 0.14035109
 0.01861968 0.02552618 0.0251542  0.01657517 0.         0.00262822]

rule15: water > 196.125
probabilities_array:[0.18786743 0.04724108 0.13077803 0.10203408 0.23038405 0.15920846
 0.01203942 0.07563871 0.0140889  0.02779715 0.         0.01292264]

rule16: superplasticizer < 2.066
probabilities_array:[0.16243862 0.19293402 0.10079768 0.08949894 0.17235026 0.02880781
 0.         0.         0.06088717 0.0527522  0.         0.13953322]

rule4: blast_furnace_slag < 14.431
probabilities_array:[0.12836672 0.15734239 0.11450364 0.13694136 0.06626103 0.
 0.1687277  0.0841637  0.06621674 0.06708444 0.00957751 0.00081482]

rule28: age < 2.930
probabilities_array:[0.35704076 0.         0.         0.         0.         0.
 0.         0.         0.         0.         0.         0.64295924]

rule1: 212.515 < cement < 283.995
probabilities_array:[0.14008762 0.16597965 0.         0.         0.15470293 0.03703867
 0.03513727 0.         0.25123528 0.12541851 0.         0.09040008]

rule14: 181.725 < water < 196.125
probabilities_array:[0.11778835 0.04213642 0.05073255 0.08010104 0.22900097 0.02679663
 0.13586962 0.18250161 0.         0.         0.11990205 0.01517072]

rule5: 14.431 < blast_furnace_slag < 72.680
probabilities_array:[0.12916446 0.03342299 0.         0.         0.         0.0060392
 0.0428916  0.00961294 0.         0.267778   0.28349185 0.22759897]

rule26: 773.647 < fine_aggregate < 828.195
probabilities_array:[0.07408444 0.03384799 0.11917364 0.06783026 0.07170876 0.
 0.07184891 0.22322667 0.09100217 0.         0.21561319 0.03166399]

rule6: 72.680 < blast_furnace_slag < 130.928
probabilities_array:[0.04897774 0.09203326 0.09559882 0.         0.06619522 0.08781508
 0.         0.13052593 0.17263184 0.14384557 0.12958401 0.03279257]


---1---
rule9: 10.102 < fly_ash < 53.345
probabilities_array:[0.         0.260859   0.         0.         0.28250685 0.
 0.         0.12266557 0.13335449 0.163619   0.         0.03699502]

rule29: 2.930 < age < 45.867
probabilities_array:[0.18726616 0.20180304 0.1795153  0.16882828 0.03373273 0.14035109
 0.01861968 0.02552618 0.0251542  0.01657517 0.         0.00262822]

rule0: cement < 212.515
probabilities_array:[0.23025322 0.19956101 0.11814912 0.05988082 0.09236541 0.0557479
 0.16466296 0.0218161  0.01705036 0.04051313 0.         0.        ]

rule16: superplasticizer < 2.066
probabilities_array:[0.16243862 0.19293402 0.10079768 0.08949894 0.17235026 0.02880781
 0.         0.         0.06088717 0.0527522  0.         0.13953322]

rule4: blast_furnace_slag < 14.431
probabilities_array:[0.12836672 0.15734239 0.11450364 0.13694136 0.06626103 0.
 0.1687277  0.0841637  0.06621674 0.06708444 0.00957751 0.00081482]

rule1: 212.515 < cement < 283.995
probabilities_array:[0.14008762 0.16597965 0.         0.         0.15470293 0.03703867
 0.03513727 0.         0.25123528 0.12541851 0.         0.09040008]

rule22: 972.170 < coarse_aggregate < 1024.627
probabilities_array:[0.         0.10995682 0.00383536 0.16969644 0.         0.03220221
 0.16483982 0.01872108 0.24500924 0.14411563 0.00535935 0.10626408]

rule2: 283.995 < cement < 355.476
probabilities_array:[0.         0.09995087 0.05320458 0.00463195 0.23403084 0.00183261
 0.14617896 0.06350157 0.0970585  0.17776689 0.0719706  0.04987265]

rule6: 72.680 < blast_furnace_slag < 130.928
probabilities_array:[0.04897774 0.09203326 0.09559882 0.         0.06619522 0.08781508
 0.         0.13052593 0.17263184 0.14384557 0.12958401 0.03279257]

rule23: coarse_aggregate > 1024.627
probabilities_array:[0.         0.10442558 0.05628903 0.08455962 0.01180682 0.
 0.17302628 0.00375691 0.02862197 0.12912205 0.25219122 0.15620053]

rule27: fine_aggregate > 828.195
probabilities_array:[0.27286237 0.06504577 0.04427093 0.12342431 0.00754537 0.00293586
 0.08765873 0.         0.16971205 0.         0.10021915 0.12632547]

rule11: fly_ash > 96.588
probabilities_array:[0.         0.05274017 0.         0.08525286 0.21116766 0.03898267
 0.         0.1348816  0.12327631 0.16994113 0.07780599 0.10595164]

rule15: water > 196.125
probabilities_array:[0.18786743 0.04724108 0.13077803 0.10203408 0.23038405 0.15920846
 0.01203942 0.07563871 0.0140889  0.02779715 0.         0.01292264]

rule14: 181.725 < water < 196.125
probabilities_array:[0.11778835 0.04213642 0.05073255 0.08010104 0.22900097 0.02679663
 0.13586962 0.18250161 0.         0.         0.11990205 0.01517072]


---2---
rule10: 53.345 < fly_ash < 96.588
probabilities_array:[0.01367877 0.         0.2099001  0.03428992 0.0601234  0.10441431
 0.17178053 0.08598451 0.19618462 0.11149976 0.         0.01214409]

rule29: 2.930 < age < 45.867
probabilities_array:[0.18726616 0.20180304 0.1795153  0.16882828 0.03373273 0.14035109
 0.01861968 0.02552618 0.0251542  0.01657517 0.         0.00262822]

rule15: water > 196.125
probabilities_array:[0.18786743 0.04724108 0.13077803 0.10203408 0.23038405 0.15920846
 0.01203942 0.07563871 0.0140889  0.02779715 0.         0.01292264]

rule17: 2.066 < superplasticizer < 6.204
probabilities_array:[0.02681675 0.         0.13471447 0.16560623 0.         0.21099843
 0.05740659 0.22585452 0.05998708 0.07518511 0.         0.04343075]

rule0: cement < 212.515
probabilities_array:[0.23025322 0.19956101 0.11814912 0.05988082 0.09236541 0.0557479
 0.16466296 0.0218161  0.01705036 0.04051313 0.         0.        ]

rule26: 773.647 < fine_aggregate < 828.195
probabilities_array:[0.07408444 0.03384799 0.11917364 0.06783026 0.07170876 0.
 0.07184891 0.22322667 0.09100217 0.         0.21561319 0.03166399]

rule4: blast_furnace_slag < 14.431
probabilities_array:[0.12836672 0.15734239 0.11450364 0.13694136 0.06626103 0.
 0.1687277  0.0841637  0.06621674 0.06708444 0.00957751 0.00081482]

rule18: 6.204 < superplasticizer < 10.342
probabilities_array:[0.02301368 0.01814156 0.11576263 0.04421384 0.17561238 0.
 0.00299292 0.05749854 0.10016997 0.19668101 0.23209809 0.03381542]

rule6: 72.680 < blast_furnace_slag < 130.928
probabilities_array:[0.04897774 0.09203326 0.09559882 0.         0.06619522 0.08781508
 0.         0.13052593 0.17263184 0.14384557 0.12958401 0.03279257]

rule16: superplasticizer < 2.066
probabilities_array:[0.16243862 0.19293402 0.10079768 0.08949894 0.17235026 0.02880781
 0.         0.         0.06088717 0.0527522  0.         0.13953322]

rule25: 719.100 < fine_aggregate < 773.647
probabilities_array:[0.         0.01921899 0.07882936 0.         0.09159672 0.23171623
 0.         0.02072225 0.15694223 0.10188777 0.23859838 0.06048801]

rule2: 283.995 < cement < 355.476
probabilities_array:[0.         0.09995087 0.05320458 0.00463195 0.23403084 0.00183261
 0.14617896 0.06350157 0.0970585  0.17776689 0.0719706  0.04987265]

rule14: 181.725 < water < 196.125
probabilities_array:[0.11778835 0.04213642 0.05073255 0.08010104 0.22900097 0.02679663
 0.13586962 0.18250161 0.         0.         0.11990205 0.01517072]

rule23: coarse_aggregate > 1024.627
probabilities_array:[0.         0.10442558 0.05628903 0.08455962 0.01180682 0.
 0.17302628 0.00375691 0.02862197 0.12912205 0.25219122 0.15620053]


---3---
rule21: 919.713 < coarse_aggregate < 972.170
probabilities_array:[0.00121286 0.04394514 0.03161141 0.24130411 0.07487966 0.01541435
 0.         0.12424631 0.09229125 0.06336431 0.1969772  0.1147534 ]

rule7: blast_furnace_slag > 130.928
probabilities_array:[0.         0.         0.03220704 0.21716891 0.02376961 0.1686388
 0.08698541 0.02985104 0.06826361 0.01324408 0.21610306 0.14376846]

rule29: 2.930 < age < 45.867
probabilities_array:[0.18726616 0.20180304 0.1795153  0.16882828 0.03373273 0.14035109
 0.01861968 0.02552618 0.0251542  0.01657517 0.         0.00262822]

rule17: 2.066 < superplasticizer < 6.204
probabilities_array:[0.02681675 0.         0.13471447 0.16560623 0.         0.21099843
 0.05740659 0.22585452 0.05998708 0.07518511 0.         0.04343075]

rule22: 972.170 < coarse_aggregate < 1024.627
probabilities_array:[0.         0.10995682 0.00383536 0.16969644 0.         0.03220221
 0.16483982 0.01872108 0.24500924 0.14411563 0.00535935 0.10626408]

rule4: blast_furnace_slag < 14.431
probabilities_array:[0.12836672 0.15734239 0.11450364 0.13694136 0.06626103 0.
 0.1687277  0.0841637  0.06621674 0.06708444 0.00957751 0.00081482]

rule13: 167.324 < water < 181.725
probabilities_array:[0.00944641 0.01198149 0.0223527  0.15277366 0.         0.07625326
 0.09081351 0.00345607 0.275216   0.         0.17154954 0.18615742]

rule27: fine_aggregate > 828.195
probabilities_array:[0.27286237 0.06504577 0.04427093 0.12342431 0.00754537 0.00293586
 0.08765873 0.         0.16971205 0.         0.10021915 0.12632547]

rule15: water > 196.125
probabilities_array:[0.18786743 0.04724108 0.13077803 0.10203408 0.23038405 0.15920846
 0.01203942 0.07563871 0.0140889  0.02779715 0.         0.01292264]

rule14: 181.725 < water < 196.125
probabilities_array:[0.11778835 0.04213642 0.05073255 0.08010104 0.22900097 0.02679663
 0.13586962 0.18250161 0.         0.         0.11990205 0.01517072]

rule16: superplasticizer < 2.066
probabilities_array:[0.16243862 0.19293402 0.10079768 0.08949894 0.17235026 0.02880781
 0.         0.         0.06088717 0.0527522  0.         0.13953322]

rule11: fly_ash > 96.588
probabilities_array:[0.         0.05274017 0.         0.08525286 0.21116766 0.03898267
 0.         0.1348816  0.12327631 0.16994113 0.07780599 0.10595164]

rule23: coarse_aggregate > 1024.627
probabilities_array:[0.         0.10442558 0.05628903 0.08455962 0.01180682 0.
 0.17302628 0.00375691 0.02862197 0.12912205 0.25219122 0.15620053]

rule26: 773.647 < fine_aggregate < 828.195
probabilities_array:[0.07408444 0.03384799 0.11917364 0.06783026 0.07170876 0.
 0.07184891 0.22322667 0.09100217 0.         0.21561319 0.03166399]

rule0: cement < 212.515
probabilities_array:[0.23025322 0.19956101 0.11814912 0.05988082 0.09236541 0.0557479
 0.16466296 0.0218161  0.01705036 0.04051313 0.         0.        ]

rule18: 6.204 < superplasticizer < 10.342
probabilities_array:[0.02301368 0.01814156 0.11576263 0.04421384 0.17561238 0.
 0.00299292 0.05749854 0.10016997 0.19668101 0.23209809 0.03381542]


---4---
rule9: 10.102 < fly_ash < 53.345
probabilities_array:[0.         0.260859   0.         0.         0.28250685 0.
 0.         0.12266557 0.13335449 0.163619   0.         0.03699502]

rule15: water > 196.125
probabilities_array:[0.18786743 0.04724108 0.13077803 0.10203408 0.23038405 0.15920846
 0.01203942 0.07563871 0.0140889  0.02779715 0.         0.01292264]

rule14: 181.725 < water < 196.125
probabilities_array:[0.11778835 0.04213642 0.05073255 0.08010104 0.22900097 0.02679663
 0.13586962 0.18250161 0.         0.         0.11990205 0.01517072]

rule2: 283.995 < cement < 355.476
probabilities_array:[0.         0.09995087 0.05320458 0.00463195 0.23403084 0.00183261
 0.14617896 0.06350157 0.0970585  0.17776689 0.0719706  0.04987265]

rule11: fly_ash > 96.588
probabilities_array:[0.         0.05274017 0.         0.08525286 0.21116766 0.03898267
 0.         0.1348816  0.12327631 0.16994113 0.07780599 0.10595164]

rule18: 6.204 < superplasticizer < 10.342
probabilities_array:[0.02301368 0.01814156 0.11576263 0.04421384 0.17561238 0.
 0.00299292 0.05749854 0.10016997 0.19668101 0.23209809 0.03381542]

rule16: superplasticizer < 2.066
probabilities_array:[0.16243862 0.19293402 0.10079768 0.08949894 0.17235026 0.02880781
 0.         0.         0.06088717 0.0527522  0.         0.13953322]

rule1: 212.515 < cement < 283.995
probabilities_array:[0.14008762 0.16597965 0.         0.         0.15470293 0.03703867
 0.03513727 0.         0.25123528 0.12541851 0.         0.09040008]

rule0: cement < 212.515
probabilities_array:[0.23025322 0.19956101 0.11814912 0.05988082 0.09236541 0.0557479
 0.16466296 0.0218161  0.01705036 0.04051313 0.         0.        ]

rule25: 719.100 < fine_aggregate < 773.647
probabilities_array:[0.         0.01921899 0.07882936 0.         0.09159672 0.23171623
 0.         0.02072225 0.15694223 0.10188777 0.23859838 0.06048801]

rule19: superplasticizer > 10.342
probabilities_array:[0.         0.01839932 0.         0.         0.08176535 0.08598804
 0.20069697 0.         0.17145284 0.13983297 0.24675693 0.05510757]

rule26: 773.647 < fine_aggregate < 828.195
probabilities_array:[0.07408444 0.03384799 0.11917364 0.06783026 0.07170876 0.
 0.07184891 0.22322667 0.09100217 0.         0.21561319 0.03166399]

rule21: 919.713 < coarse_aggregate < 972.170
probabilities_array:[0.00121286 0.04394514 0.03161141 0.24130411 0.07487966 0.01541435
 0.         0.12424631 0.09229125 0.06336431 0.1969772  0.1147534 ]

rule4: blast_furnace_slag < 14.431
probabilities_array:[0.12836672 0.15734239 0.11450364 0.13694136 0.06626103 0.
 0.1687277  0.0841637  0.06621674 0.06708444 0.00957751 0.00081482]

rule6: 72.680 < blast_furnace_slag < 130.928
probabilities_array:[0.04897774 0.09203326 0.09559882 0.         0.06619522 0.08781508
 0.         0.13052593 0.17263184 0.14384557 0.12958401 0.03279257]

rule10: 53.345 < fly_ash < 96.588
probabilities_array:[0.01367877 0.         0.2099001  0.03428992 0.0601234  0.10441431
 0.17178053 0.08598451 0.19618462 0.11149976 0.         0.01214409]

rule20: coarse_aggregate < 919.713
probabilities_array:[0.01203168 0.0175966  0.00554668 0.         0.0526315  0.19961783
 0.05176188 0.13987216 0.08876759 0.18654495 0.22432795 0.02130109]

rule31: age > 88.804
probabilities_array:[0.         0.         0.         0.         0.04210154 0.02226399
 0.06519528 0.23764394 0.21421954 0.13388373 0.27135283 0.01333916]


---5---
rule25: 719.100 < fine_aggregate < 773.647
probabilities_array:[0.         0.01921899 0.07882936 0.         0.09159672 0.23171623
 0.         0.02072225 0.15694223 0.10188777 0.23859838 0.06048801]

rule17: 2.066 < superplasticizer < 6.204
probabilities_array:[0.02681675 0.         0.13471447 0.16560623 0.         0.21099843
 0.05740659 0.22585452 0.05998708 0.07518511 0.         0.04343075]

rule20: coarse_aggregate < 919.713
probabilities_array:[0.01203168 0.0175966  0.00554668 0.         0.0526315  0.19961783
 0.05176188 0.13987216 0.08876759 0.18654495 0.22432795 0.02130109]

rule15: water > 196.125
probabilities_array:[0.18786743 0.04724108 0.13077803 0.10203408 0.23038405 0.15920846
 0.01203942 0.07563871 0.0140889  0.02779715 0.         0.01292264]

rule7: blast_furnace_slag > 130.928
probabilities_array:[0.         0.         0.03220704 0.21716891 0.02376961 0.1686388
 0.08698541 0.02985104 0.06826361 0.01324408 0.21610306 0.14376846]

rule29: 2.930 < age < 45.867
probabilities_array:[0.18726616 0.20180304 0.1795153  0.16882828 0.03373273 0.14035109
 0.01861968 0.02552618 0.0251542  0.01657517 0.         0.00262822]

rule10: 53.345 < fly_ash < 96.588
probabilities_array:[0.01367877 0.         0.2099001  0.03428992 0.0601234  0.10441431
 0.17178053 0.08598451 0.19618462 0.11149976 0.         0.01214409]

rule6: 72.680 < blast_furnace_slag < 130.928
probabilities_array:[0.04897774 0.09203326 0.09559882 0.         0.06619522 0.08781508
 0.         0.13052593 0.17263184 0.14384557 0.12958401 0.03279257]

rule19: superplasticizer > 10.342
probabilities_array:[0.         0.01839932 0.         0.         0.08176535 0.08598804
 0.20069697 0.         0.17145284 0.13983297 0.24675693 0.05510757]

rule13: 167.324 < water < 181.725
probabilities_array:[0.00944641 0.01198149 0.0223527  0.15277366 0.         0.07625326
 0.09081351 0.00345607 0.275216   0.         0.17154954 0.18615742]

rule0: cement < 212.515
probabilities_array:[0.23025322 0.19956101 0.11814912 0.05988082 0.09236541 0.0557479
 0.16466296 0.0218161  0.01705036 0.04051313 0.         0.        ]

rule24: fine_aggregate < 719.100
probabilities_array:[0.         0.         0.         0.         0.01734084 0.04121937
 0.15666333 0.15178856 0.21565904 0.22713576 0.16533962 0.02485345]


---6---
rule30: 45.867 < age < 88.804
probabilities_array:[0.         0.         0.         0.         0.         0.
 0.26795164 0.         0.06636331 0.25180686 0.2899238  0.12395446]

rule19: superplasticizer > 10.342
probabilities_array:[0.         0.01839932 0.         0.         0.08176535 0.08598804
 0.20069697 0.         0.17145284 0.13983297 0.24675693 0.05510757]

rule10: 53.345 < fly_ash < 96.588
probabilities_array:[0.01367877 0.         0.2099001  0.03428992 0.0601234  0.10441431
 0.17178053 0.08598451 0.19618462 0.11149976 0.         0.01214409]

rule4: blast_furnace_slag < 14.431
probabilities_array:[0.12836672 0.15734239 0.11450364 0.13694136 0.06626103 0.
 0.1687277  0.0841637  0.06621674 0.06708444 0.00957751 0.00081482]

rule0: cement < 212.515
probabilities_array:[0.23025322 0.19956101 0.11814912 0.05988082 0.09236541 0.0557479
 0.16466296 0.0218161  0.01705036 0.04051313 0.         0.        ]

rule24: fine_aggregate < 719.100
probabilities_array:[0.         0.         0.         0.         0.01734084 0.04121937
 0.15666333 0.15178856 0.21565904 0.22713576 0.16533962 0.02485345]

rule22: 972.170 < coarse_aggregate < 1024.627
probabilities_array:[0.         0.10995682 0.00383536 0.16969644 0.         0.03220221
 0.16483982 0.01872108 0.24500924 0.14411563 0.00535935 0.10626408]

rule23: coarse_aggregate > 1024.627
probabilities_array:[0.         0.10442558 0.05628903 0.08455962 0.01180682 0.
 0.17302628 0.00375691 0.02862197 0.12912205 0.25219122 0.15620053]

rule2: 283.995 < cement < 355.476
probabilities_array:[0.         0.09995087 0.05320458 0.00463195 0.23403084 0.00183261
 0.14617896 0.06350157 0.0970585  0.17776689 0.0719706  0.04987265]

rule14: 181.725 < water < 196.125
probabilities_array:[0.11778835 0.04213642 0.05073255 0.08010104 0.22900097 0.02679663
 0.13586962 0.18250161 0.         0.         0.11990205 0.01517072]

rule27: fine_aggregate > 828.195
probabilities_array:[0.27286237 0.06504577 0.04427093 0.12342431 0.00754537 0.00293586
 0.08765873 0.         0.16971205 0.         0.10021915 0.12632547]

rule7: blast_furnace_slag > 130.928
probabilities_array:[0.         0.         0.03220704 0.21716891 0.02376961 0.1686388
 0.08698541 0.02985104 0.06826361 0.01324408 0.21610306 0.14376846]

rule13: 167.324 < water < 181.725
probabilities_array:[0.00944641 0.01198149 0.0223527  0.15277366 0.         0.07625326
 0.09081351 0.00345607 0.275216   0.         0.17154954 0.18615742]

rule26: 773.647 < fine_aggregate < 828.195
probabilities_array:[0.07408444 0.03384799 0.11917364 0.06783026 0.07170876 0.
 0.07184891 0.22322667 0.09100217 0.         0.21561319 0.03166399]

rule31: age > 88.804
probabilities_array:[0.         0.         0.         0.         0.04210154 0.02226399
 0.06519528 0.23764394 0.21421954 0.13388373 0.27135283 0.01333916]

rule17: 2.066 < superplasticizer < 6.204
probabilities_array:[0.02681675 0.         0.13471447 0.16560623 0.         0.21099843
 0.05740659 0.22585452 0.05998708 0.07518511 0.         0.04343075]

rule8: fly_ash < 10.102
probabilities_array:[0.         0.         0.00259697 0.         0.         0.
 0.07913001 0.         0.00841366 0.3013635  0.29693738 0.3115585 ]

rule20: coarse_aggregate < 919.713
probabilities_array:[0.01203168 0.0175966  0.00554668 0.         0.0526315  0.19961783
 0.05176188 0.13987216 0.08876759 0.18654495 0.22432795 0.02130109]


---7---
rule31: age > 88.804
probabilities_array:[0.         0.         0.         0.         0.04210154 0.02226399
 0.06519528 0.23764394 0.21421954 0.13388373 0.27135283 0.01333916]

rule26: 773.647 < fine_aggregate < 828.195
probabilities_array:[0.07408444 0.03384799 0.11917364 0.06783026 0.07170876 0.
 0.07184891 0.22322667 0.09100217 0.         0.21561319 0.03166399]

rule17: 2.066 < superplasticizer < 6.204
probabilities_array:[0.02681675 0.         0.13471447 0.16560623 0.         0.21099843
 0.05740659 0.22585452 0.05998708 0.07518511 0.         0.04343075]

rule3: cement > 355.476
probabilities_array:[0.         0.         0.         0.01111698 0.         0.00530875
 0.         0.26988977 0.01252733 0.19905503 0.27303937 0.22906274]

rule14: 181.725 < water < 196.125
probabilities_array:[0.11778835 0.04213642 0.05073255 0.08010104 0.22900097 0.02679663
 0.13586962 0.18250161 0.         0.         0.11990205 0.01517072]

rule24: fine_aggregate < 719.100
probabilities_array:[0.         0.         0.         0.         0.01734084 0.04121937
 0.15666333 0.15178856 0.21565904 0.22713576 0.16533962 0.02485345]

rule20: coarse_aggregate < 919.713
probabilities_array:[0.01203168 0.0175966  0.00554668 0.         0.0526315  0.19961783
 0.05176188 0.13987216 0.08876759 0.18654495 0.22432795 0.02130109]

rule6: 72.680 < blast_furnace_slag < 130.928
probabilities_array:[0.04897774 0.09203326 0.09559882 0.         0.06619522 0.08781508
 0.         0.13052593 0.17263184 0.14384557 0.12958401 0.03279257]

rule11: fly_ash > 96.588
probabilities_array:[0.         0.05274017 0.         0.08525286 0.21116766 0.03898267
 0.         0.1348816  0.12327631 0.16994113 0.07780599 0.10595164]

rule9: 10.102 < fly_ash < 53.345
probabilities_array:[0.         0.260859   0.         0.         0.28250685 0.
 0.         0.12266557 0.13335449 0.163619   0.         0.03699502]

rule21: 919.713 < coarse_aggregate < 972.170
probabilities_array:[0.00121286 0.04394514 0.03161141 0.24130411 0.07487966 0.01541435
 0.         0.12424631 0.09229125 0.06336431 0.1969772  0.1147534 ]

rule10: 53.345 < fly_ash < 96.588
probabilities_array:[0.01367877 0.         0.2099001  0.03428992 0.0601234  0.10441431
 0.17178053 0.08598451 0.19618462 0.11149976 0.         0.01214409]

rule4: blast_furnace_slag < 14.431
probabilities_array:[0.12836672 0.15734239 0.11450364 0.13694136 0.06626103 0.
 0.1687277  0.0841637  0.06621674 0.06708444 0.00957751 0.00081482]

rule15: water > 196.125
probabilities_array:[0.18786743 0.04724108 0.13077803 0.10203408 0.23038405 0.15920846
 0.01203942 0.07563871 0.0140889  0.02779715 0.         0.01292264]

rule2: 283.995 < cement < 355.476
probabilities_array:[0.         0.09995087 0.05320458 0.00463195 0.23403084 0.00183261
 0.14617896 0.06350157 0.0970585  0.17776689 0.0719706  0.04987265]

rule18: 6.204 < superplasticizer < 10.342
probabilities_array:[0.02301368 0.01814156 0.11576263 0.04421384 0.17561238 0.
 0.00299292 0.05749854 0.10016997 0.19668101 0.23209809 0.03381542]


---8---
rule1: 212.515 < cement < 283.995
probabilities_array:[0.14008762 0.16597965 0.         0.         0.15470293 0.03703867
 0.03513727 0.         0.25123528 0.12541851 0.         0.09040008]

rule13: 167.324 < water < 181.725
probabilities_array:[0.00944641 0.01198149 0.0223527  0.15277366 0.         0.07625326
 0.09081351 0.00345607 0.275216   0.         0.17154954 0.18615742]

rule22: 972.170 < coarse_aggregate < 1024.627
probabilities_array:[0.         0.10995682 0.00383536 0.16969644 0.         0.03220221
 0.16483982 0.01872108 0.24500924 0.14411563 0.00535935 0.10626408]

rule31: age > 88.804
probabilities_array:[0.         0.         0.         0.         0.04210154 0.02226399
 0.06519528 0.23764394 0.21421954 0.13388373 0.27135283 0.01333916]

rule24: fine_aggregate < 719.100
probabilities_array:[0.         0.         0.         0.         0.01734084 0.04121937
 0.15666333 0.15178856 0.21565904 0.22713576 0.16533962 0.02485345]

rule10: 53.345 < fly_ash < 96.588
probabilities_array:[0.01367877 0.         0.2099001  0.03428992 0.0601234  0.10441431
 0.17178053 0.08598451 0.19618462 0.11149976 0.         0.01214409]

rule6: 72.680 < blast_furnace_slag < 130.928
probabilities_array:[0.04897774 0.09203326 0.09559882 0.         0.06619522 0.08781508
 0.         0.13052593 0.17263184 0.14384557 0.12958401 0.03279257]

rule19: superplasticizer > 10.342
probabilities_array:[0.         0.01839932 0.         0.         0.08176535 0.08598804
 0.20069697 0.         0.17145284 0.13983297 0.24675693 0.05510757]

rule27: fine_aggregate > 828.195
probabilities_array:[0.27286237 0.06504577 0.04427093 0.12342431 0.00754537 0.00293586
 0.08765873 0.         0.16971205 0.         0.10021915 0.12632547]

rule25: 719.100 < fine_aggregate < 773.647
probabilities_array:[0.         0.01921899 0.07882936 0.         0.09159672 0.23171623
 0.         0.02072225 0.15694223 0.10188777 0.23859838 0.06048801]

rule9: 10.102 < fly_ash < 53.345
probabilities_array:[0.         0.260859   0.         0.         0.28250685 0.
 0.         0.12266557 0.13335449 0.163619   0.         0.03699502]

rule11: fly_ash > 96.588
probabilities_array:[0.         0.05274017 0.         0.08525286 0.21116766 0.03898267
 0.         0.1348816  0.12327631 0.16994113 0.07780599 0.10595164]

rule18: 6.204 < superplasticizer < 10.342
probabilities_array:[0.02301368 0.01814156 0.11576263 0.04421384 0.17561238 0.
 0.00299292 0.05749854 0.10016997 0.19668101 0.23209809 0.03381542]

rule2: 283.995 < cement < 355.476
probabilities_array:[0.         0.09995087 0.05320458 0.00463195 0.23403084 0.00183261
 0.14617896 0.06350157 0.0970585  0.17776689 0.0719706  0.04987265]

rule26: 773.647 < fine_aggregate < 828.195
probabilities_array:[0.07408444 0.03384799 0.11917364 0.06783026 0.07170876 0.
 0.07184891 0.22322667 0.09100217 0.         0.21561319 0.03166399]

rule20: coarse_aggregate < 919.713
probabilities_array:[0.01203168 0.0175966  0.00554668 0.         0.0526315  0.19961783
 0.05176188 0.13987216 0.08876759 0.18654495 0.22432795 0.02130109]

rule21: 919.713 < coarse_aggregate < 972.170
probabilities_array:[0.00121286 0.04394514 0.03161141 0.24130411 0.07487966 0.01541435
 0.         0.12424631 0.09229125 0.06336431 0.1969772  0.1147534 ]

rule4: blast_furnace_slag < 14.431
probabilities_array:[0.12836672 0.15734239 0.11450364 0.13694136 0.06626103 0.
 0.1687277  0.0841637  0.06621674 0.06708444 0.00957751 0.00081482]

rule7: blast_furnace_slag > 130.928
probabilities_array:[0.         0.         0.03220704 0.21716891 0.02376961 0.1686388
 0.08698541 0.02985104 0.06826361 0.01324408 0.21610306 0.14376846]

rule30: 45.867 < age < 88.804
probabilities_array:[0.         0.         0.         0.         0.         0.
 0.26795164 0.         0.06636331 0.25180686 0.2899238  0.12395446]

rule17: 2.066 < superplasticizer < 6.204
probabilities_array:[0.02681675 0.         0.13471447 0.16560623 0.         0.21099843
 0.05740659 0.22585452 0.05998708 0.07518511 0.         0.04343075]

rule16: superplasticizer < 2.066
probabilities_array:[0.16243862 0.19293402 0.10079768 0.08949894 0.17235026 0.02880781
 0.         0.         0.06088717 0.0527522  0.         0.13953322]


---9---
rule24: fine_aggregate < 719.100
probabilities_array:[0.         0.         0.         0.         0.01734084 0.04121937
 0.15666333 0.15178856 0.21565904 0.22713576 0.16533962 0.02485345]

rule30: 45.867 < age < 88.804
probabilities_array:[0.         0.         0.         0.         0.         0.
 0.26795164 0.         0.06636331 0.25180686 0.2899238  0.12395446]

rule8: fly_ash < 10.102
probabilities_array:[0.         0.         0.00259697 0.         0.         0.
 0.07913001 0.         0.00841366 0.3013635  0.29693738 0.3115585 ]

rule5: 14.431 < blast_furnace_slag < 72.680
probabilities_array:[0.12916446 0.03342299 0.         0.         0.         0.0060392
 0.0428916  0.00961294 0.         0.267778   0.28349185 0.22759897]

rule18: 6.204 < superplasticizer < 10.342
probabilities_array:[0.02301368 0.01814156 0.11576263 0.04421384 0.17561238 0.
 0.00299292 0.05749854 0.10016997 0.19668101 0.23209809 0.03381542]

rule12: water < 167.324
probabilities_array:[0.         0.         0.         0.         0.         0.01459064
 0.00095847 0.01046907 0.         0.30151233 0.28761405 0.38485548]

rule20: coarse_aggregate < 919.713
probabilities_array:[0.01203168 0.0175966  0.00554668 0.         0.0526315  0.19961783
 0.05176188 0.13987216 0.08876759 0.18654495 0.22432795 0.02130109]

rule2: 283.995 < cement < 355.476
probabilities_array:[0.         0.09995087 0.05320458 0.00463195 0.23403084 0.00183261
 0.14617896 0.06350157 0.0970585  0.17776689 0.0719706  0.04987265]

rule9: 10.102 < fly_ash < 53.345
probabilities_array:[0.         0.260859   0.         0.         0.28250685 0.
 0.         0.12266557 0.13335449 0.163619   0.         0.03699502]

rule3: cement > 355.476
probabilities_array:[0.         0.         0.         0.01111698 0.         0.00530875
 0.         0.26988977 0.01252733 0.19905503 0.27303937 0.22906274]

rule11: fly_ash > 96.588
probabilities_array:[0.         0.05274017 0.         0.08525286 0.21116766 0.03898267
 0.         0.1348816  0.12327631 0.16994113 0.07780599 0.10595164]

rule6: 72.680 < blast_furnace_slag < 130.928
probabilities_array:[0.04897774 0.09203326 0.09559882 0.         0.06619522 0.08781508
 0.         0.13052593 0.17263184 0.14384557 0.12958401 0.03279257]

rule19: superplasticizer > 10.342
probabilities_array:[0.         0.01839932 0.         0.         0.08176535 0.08598804
 0.20069697 0.         0.17145284 0.13983297 0.24675693 0.05510757]

rule31: age > 88.804
probabilities_array:[0.         0.         0.         0.         0.04210154 0.02226399
 0.06519528 0.23764394 0.21421954 0.13388373 0.27135283 0.01333916]

rule22: 972.170 < coarse_aggregate < 1024.627
probabilities_array:[0.         0.10995682 0.00383536 0.16969644 0.         0.03220221
 0.16483982 0.01872108 0.24500924 0.14411563 0.00535935 0.10626408]

rule1: 212.515 < cement < 283.995
probabilities_array:[0.14008762 0.16597965 0.         0.         0.15470293 0.03703867
 0.03513727 0.         0.25123528 0.12541851 0.         0.09040008]

rule10: 53.345 < fly_ash < 96.588
probabilities_array:[0.01367877 0.         0.2099001  0.03428992 0.0601234  0.10441431
 0.17178053 0.08598451 0.19618462 0.11149976 0.         0.01214409]

rule23: coarse_aggregate > 1024.627
probabilities_array:[0.         0.10442558 0.05628903 0.08455962 0.01180682 0.
 0.17302628 0.00375691 0.02862197 0.12912205 0.25219122 0.15620053]

rule25: 719.100 < fine_aggregate < 773.647
probabilities_array:[0.         0.01921899 0.07882936 0.         0.09159672 0.23171623
 0.         0.02072225 0.15694223 0.10188777 0.23859838 0.06048801]

rule17: 2.066 < superplasticizer < 6.204
probabilities_array:[0.02681675 0.         0.13471447 0.16560623 0.         0.21099843
 0.05740659 0.22585452 0.05998708 0.07518511 0.         0.04343075]

rule4: blast_furnace_slag < 14.431
probabilities_array:[0.12836672 0.15734239 0.11450364 0.13694136 0.06626103 0.
 0.1687277  0.0841637  0.06621674 0.06708444 0.00957751 0.00081482]

rule21: 919.713 < coarse_aggregate < 972.170
probabilities_array:[0.00121286 0.04394514 0.03161141 0.24130411 0.07487966 0.01541435
 0.         0.12424631 0.09229125 0.06336431 0.1969772  0.1147534 ]

rule16: superplasticizer < 2.066
probabilities_array:[0.16243862 0.19293402 0.10079768 0.08949894 0.17235026 0.02880781
 0.         0.         0.06088717 0.0527522  0.         0.13953322]

rule0: cement < 212.515
probabilities_array:[0.23025322 0.19956101 0.11814912 0.05988082 0.09236541 0.0557479
 0.16466296 0.0218161  0.01705036 0.04051313 0.         0.        ]


---10---
rule31: age > 88.804
probabilities_array:[0.         0.         0.         0.         0.04210154 0.02226399
 0.06519528 0.23764394 0.21421954 0.13388373 0.27135283 0.01333916]

rule30: 45.867 < age < 88.804
probabilities_array:[0.         0.         0.         0.         0.         0.
 0.26795164 0.         0.06636331 0.25180686 0.2899238  0.12395446]

rule19: superplasticizer > 10.342
probabilities_array:[0.         0.01839932 0.         0.         0.08176535 0.08598804
 0.20069697 0.         0.17145284 0.13983297 0.24675693 0.05510757]

rule18: 6.204 < superplasticizer < 10.342
probabilities_array:[0.02301368 0.01814156 0.11576263 0.04421384 0.17561238 0.
 0.00299292 0.05749854 0.10016997 0.19668101 0.23209809 0.03381542]

rule25: 719.100 < fine_aggregate < 773.647
probabilities_array:[0.         0.01921899 0.07882936 0.         0.09159672 0.23171623
 0.         0.02072225 0.15694223 0.10188777 0.23859838 0.06048801]

rule20: coarse_aggregate < 919.713
probabilities_array:[0.01203168 0.0175966  0.00554668 0.         0.0526315  0.19961783
 0.05176188 0.13987216 0.08876759 0.18654495 0.22432795 0.02130109]

rule5: 14.431 < blast_furnace_slag < 72.680
probabilities_array:[0.12916446 0.03342299 0.         0.         0.         0.0060392
 0.0428916  0.00961294 0.         0.267778   0.28349185 0.22759897]

rule23: coarse_aggregate > 1024.627
probabilities_array:[0.         0.10442558 0.05628903 0.08455962 0.01180682 0.
 0.17302628 0.00375691 0.02862197 0.12912205 0.25219122 0.15620053]

rule3: cement > 355.476
probabilities_array:[0.         0.         0.         0.01111698 0.         0.00530875
 0.         0.26988977 0.01252733 0.19905503 0.27303937 0.22906274]

rule26: 773.647 < fine_aggregate < 828.195
probabilities_array:[0.07408444 0.03384799 0.11917364 0.06783026 0.07170876 0.
 0.07184891 0.22322667 0.09100217 0.         0.21561319 0.03166399]

rule8: fly_ash < 10.102
probabilities_array:[0.         0.         0.00259697 0.         0.         0.
 0.07913001 0.         0.00841366 0.3013635  0.29693738 0.3115585 ]

rule7: blast_furnace_slag > 130.928
probabilities_array:[0.         0.         0.03220704 0.21716891 0.02376961 0.1686388
 0.08698541 0.02985104 0.06826361 0.01324408 0.21610306 0.14376846]

rule12: water < 167.324
probabilities_array:[0.         0.         0.         0.         0.         0.01459064
 0.00095847 0.01046907 0.         0.30151233 0.28761405 0.38485548]

rule21: 919.713 < coarse_aggregate < 972.170
probabilities_array:[0.00121286 0.04394514 0.03161141 0.24130411 0.07487966 0.01541435
 0.         0.12424631 0.09229125 0.06336431 0.1969772  0.1147534 ]

rule24: fine_aggregate < 719.100
probabilities_array:[0.         0.         0.         0.         0.01734084 0.04121937
 0.15666333 0.15178856 0.21565904 0.22713576 0.16533962 0.02485345]

rule13: 167.324 < water < 181.725
probabilities_array:[0.00944641 0.01198149 0.0223527  0.15277366 0.         0.07625326
 0.09081351 0.00345607 0.275216   0.         0.17154954 0.18615742]

rule6: 72.680 < blast_furnace_slag < 130.928
probabilities_array:[0.04897774 0.09203326 0.09559882 0.         0.06619522 0.08781508
 0.         0.13052593 0.17263184 0.14384557 0.12958401 0.03279257]

rule14: 181.725 < water < 196.125
probabilities_array:[0.11778835 0.04213642 0.05073255 0.08010104 0.22900097 0.02679663
 0.13586962 0.18250161 0.         0.         0.11990205 0.01517072]

rule27: fine_aggregate > 828.195
probabilities_array:[0.27286237 0.06504577 0.04427093 0.12342431 0.00754537 0.00293586
 0.08765873 0.         0.16971205 0.         0.10021915 0.12632547]

rule11: fly_ash > 96.588
probabilities_array:[0.         0.05274017 0.         0.08525286 0.21116766 0.03898267
 0.         0.1348816  0.12327631 0.16994113 0.07780599 0.10595164]

rule2: 283.995 < cement < 355.476
probabilities_array:[0.         0.09995087 0.05320458 0.00463195 0.23403084 0.00183261
 0.14617896 0.06350157 0.0970585  0.17776689 0.0719706  0.04987265]

