R2: 0.4989327994213909

MAE: 56468.69245449207

MSE: 6611627948.624927

Accuracy: 0.40120375807398706

F1: 0.33495365464816484

Confusion Matrix: [[526, 218, 49, 6, 2, 0, 0, 5], [212, 644, 313, 43, 15, 0, 0, 4], [84, 314, 636, 191, 37, 9, 1, 36], [33, 136, 344, 316, 85, 11, 9, 97], [20, 59, 180, 233, 166, 42, 9, 142], [8, 24, 67, 100, 118, 37, 3, 155], [8, 22, 35, 78, 85, 25, 3, 189], [9, 17, 28, 64, 70, 32, 3, 405]]

Uncertainties: {'class0': [0.04953823983669281, 0.06778950244188309, 0.08271066099405289, 0.12069465219974518, 0.14570222795009613], 'class1': [0.04953823983669281, 0.054053355008363724, 0.06778950244188309, 0.08271066099405289, 0.12069465219974518], 'class2': [0.001274600625038147, 0.0036694612354040146, 0.04953823983669281, 0.054053355008363724, 0.08271066099405289], 'class3': [0.001274600625038147, 0.0036694612354040146, 0.04953823983669281, 0.054053355008363724, 0.08271066099405289], 'class4': [0.001274600625038147, 0.0036694612354040146, 0.011643480509519577, 0.04953823983669281, 0.054053355008363724], 'class5': [0.001274600625038147, 0.0036694612354040146, 0.011643480509519577, 0.04953823983669281, 0.054053355008363724], 'class6': [0.001274600625038147, 0.0036694612354040146, 0.011643480509519577, 0.04953823983669281, 0.054053355008363724], 'class7': [0.001274600625038147, 0.0036694612354040146, 0.011643480509519577, 0.06778950244188309, 0.10339081287384033]}

Most important rules
-----------------------------

---0---
rule28: median_income < 2.591
probabilities_array:[0.3780344  0.35183826 0.14822374 0.00120899 0.         0.
 0.         0.         0.12069465]

rule12: total_rooms < 1172.783
probabilities_array:[0.27947506 0.17943808 0.24885786 0.04483676 0.09203734 0.04633227
 0.05948441 0.         0.04953824]

rule38: ocean_proximity_NEAR OCEAN = 0.0
probabilities_array:[0.30940205 0.13951714 0.16059841 0.17866185 0.03350972 0.03211363
 0.00049493 0.         0.14570223]

rule36: ocean_proximity_NEAR BAY = 0.0
probabilities_array:[0.33118084 0.15805748 0.13106464 0.00274736 0.08312764 0.00801469
 0.00518713 0.         0.28062013]

rule33: ocean_proximity_INLAND = 1.0
probabilities_array:[3.55168968e-01 2.46014670e-01 6.59409463e-02 1.01868885e-04
 3.83999402e-04 0.00000000e+00 0.00000000e+00 0.00000000e+00
 3.32389504e-01]

rule5: 34.195 < latitude < 35.633
probabilities_array:[0.23463675 0.08315641 0.15393776 0.20569736 0.13118194 0.09177445
 0.01690471 0.         0.08271066]

rule2: -119.581 < longitude < -118.226
probabilities_array:[0.20296402 0.13813162 0.         0.02984533 0.0596298  0.05548517
 0.20726189 0.23889269 0.0677895 ]

rule1: -120.935 < longitude < -119.581
probabilities_array:[0.2843049  0.23249736 0.01446936 0.         0.         0.
 0.07736924 0.05667741 0.33468175]

rule6: 35.633 < latitude < 37.071
probabilities_array:[0.38393256 0.         0.         0.         0.06622046 0.04081472
 0.         0.         0.5090322 ]

rule22: 1427.664 < population < 2204.724
probabilities_array:[0.24699204 0.20968425 0.19764203 0.0339331  0.03304692 0.
 0.         0.         0.27870163]

rule23: population > 2204.724
probabilities_array:[0.18292356 0.19116867 0.33069912 0.0815944  0.04946229 0.00471647
 0.         0.         0.15943547]

rule10: 28.719 < housing_median_age < 37.172
probabilities_array:[0.22188304 0.11205202 0.10576419 0.1613109  0.00687938 0.
 0.         0.07201084 0.32009962]

rule11: housing_median_age > 37.172
probabilities_array:[0.2018333  0.08563545 0.0423387  0.         0.00287824 0.03440601
 0.02963684 0.2897558  0.3135157 ]

rule24: households < 241.824
probabilities_array:[0.22620398 0.18299913 0.17460498 0.         0.         0.
 0.         0.01337044 0.40282142]

rule17: 254.744 < total_bedrooms < 536.964
probabilities_array:[0.2173897  0.11220731 0.18112947 0.         0.00991906 0.01345634
 0.00352325 0.         0.46237487]

rule13: 1172.783 < total_rooms < 2629.671
probabilities_array:[0.19338417 0.15537237 0.1651099  0.0148234  0.04520672 0.00315876
 0.         0.00477247 0.41817212]

rule34: ocean_proximity_ISLAND = 0.0
probabilities_array:[1.8385538e-01 1.9542508e-01 1.2826324e-01 3.7102395e-04 2.1816701e-02
 1.0481728e-03 2.3480534e-04 0.0000000e+00 4.6898571e-01]

rule16: total_bedrooms < 254.744
probabilities_array:[0.12919752 0.18660447 0.05873127 0.10896888 0.         0.
 0.         0.00232162 0.5141763 ]

rule25: 241.824 < households < 500.304
probabilities_array:[1.2198298e-01 2.4037255e-01 8.9161590e-02 4.5790145e-04 4.7952794e-02
 5.4663448e-03 6.5895813e-03 0.0000000e+00 4.8801628e-01]

rule9: 20.266 < housing_median_age < 28.719
probabilities_array:[0.09765933 0.05507947 0.0029042  0.14390658 0.12064821 0.07313322
 0.12263679 0.00148131 0.3825509 ]

rule8: housing_median_age < 20.266
probabilities_array:[0.06477124 0.15604007 0.20448071 0.1490491  0.11082835 0.11759797
 0.05067791 0.         0.14655465]

rule18: 536.964 < total_bedrooms < 819.184
probabilities_array:[0.08610694 0.16042942 0.06637479 0.06051254 0.08476929 0.06207049
 0.04134808 0.         0.43838847]

rule21: 650.604 < population < 1427.664
probabilities_array:[0.07700051 0.1483112  0.01500804 0.         0.         0.02416957
 0.08206438 0.18882541 0.46462086]

rule3: longitude > -118.226
probabilities_array:[0.05766127 0.15161112 0.24834976 0.22486891 0.02287285 0.
 0.         0.         0.2946361 ]


---1---
rule28: median_income < 2.591
probabilities_array:[0.3780344  0.35183826 0.14822374 0.00120899 0.         0.
 0.         0.         0.12069465]

rule39: ocean_proximity_NEAR OCEAN = 1.0
probabilities_array:[0.02927083 0.23274215 0.00822688 0.         0.0384166  0.1558517
 0.02207948 0.32803097 0.18538134]

rule12: total_rooms < 1172.783
probabilities_array:[0.27947506 0.17943808 0.24885786 0.04483676 0.09203734 0.04633227
 0.05948441 0.         0.04953824]

rule33: ocean_proximity_INLAND = 1.0
probabilities_array:[3.55168968e-01 2.46014670e-01 6.59409463e-02 1.01868885e-04
 3.83999402e-04 0.00000000e+00 0.00000000e+00 0.00000000e+00
 3.32389504e-01]

rule23: population > 2204.724
probabilities_array:[0.18292356 0.19116867 0.33069912 0.0815944  0.04946229 0.00471647
 0.         0.         0.15943547]

rule37: ocean_proximity_NEAR BAY = 1.0
probabilities_array:[0.008049   0.22081758 0.         0.         0.         0.
 0.22291291 0.27274147 0.27547908]

rule1: -120.935 < longitude < -119.581
probabilities_array:[0.2843049  0.23249736 0.01446936 0.         0.         0.
 0.07736924 0.05667741 0.33468175]

rule22: 1427.664 < population < 2204.724
probabilities_array:[0.24699204 0.20968425 0.19764203 0.0339331  0.03304692 0.
 0.         0.         0.27870163]

rule4: latitude < 34.195
probabilities_array:[0.00907621 0.19661681 0.13960883 0.10863391 0.05795574 0.03741668
 0.03113296 0.12877797 0.29078087]

rule7: latitude > 37.071
probabilities_array:[0.         0.27057418 0.14748439 0.01079528 0.00628915 0.
 0.02061279 0.03976282 0.5044813 ]

rule8: housing_median_age < 20.266
probabilities_array:[0.06477124 0.15604007 0.20448071 0.1490491  0.11082835 0.11759797
 0.05067791 0.         0.14655465]

rule2: -119.581 < longitude < -118.226
probabilities_array:[0.20296402 0.13813162 0.         0.02984533 0.0596298  0.05548517
 0.20726189 0.23889269 0.0677895 ]

rule29: 2.591 < median_income < 3.861
probabilities_array:[0.         0.13022746 0.19004422 0.21368057 0.17489609 0.12290227
 0.09298184 0.0212141  0.05405336]

rule25: 241.824 < households < 500.304
probabilities_array:[1.2198298e-01 2.4037255e-01 8.9161590e-02 4.5790145e-04 4.7952794e-02
 5.4663448e-03 6.5895813e-03 0.0000000e+00 4.8801628e-01]

rule38: ocean_proximity_NEAR OCEAN = 0.0
probabilities_array:[0.30940205 0.13951714 0.16059841 0.17866185 0.03350972 0.03211363
 0.00049493 0.         0.14570223]

rule36: ocean_proximity_NEAR BAY = 0.0
probabilities_array:[0.33118084 0.15805748 0.13106464 0.00274736 0.08312764 0.00801469
 0.00518713 0.         0.28062013]

rule24: households < 241.824
probabilities_array:[0.22620398 0.18299913 0.17460498 0.         0.         0.
 0.         0.01337044 0.40282142]

rule3: longitude > -118.226
probabilities_array:[0.05766127 0.15161112 0.24834976 0.22486891 0.02287285 0.
 0.         0.         0.2946361 ]

rule34: ocean_proximity_ISLAND = 0.0
probabilities_array:[1.8385538e-01 1.9542508e-01 1.2826324e-01 3.7102395e-04 2.1816701e-02
 1.0481728e-03 2.3480534e-04 0.0000000e+00 4.6898571e-01]

rule15: total_rooms > 4086.558
probabilities_array:[0.         0.11906958 0.         0.         0.02076064 0.18236622
 0.116331   0.3893468  0.17212573]

rule16: total_bedrooms < 254.744
probabilities_array:[0.12919752 0.18660447 0.05873127 0.10896888 0.         0.
 0.         0.00232162 0.5141763 ]

rule13: 1172.783 < total_rooms < 2629.671
probabilities_array:[0.19338417 0.15537237 0.1651099  0.0148234  0.04520672 0.00315876
 0.         0.00477247 0.41817212]

rule18: 536.964 < total_bedrooms < 819.184
probabilities_array:[0.08610694 0.16042942 0.06637479 0.06051254 0.08476929 0.06207049
 0.04134808 0.         0.43838847]

rule21: 650.604 < population < 1427.664
probabilities_array:[0.07700051 0.1483112  0.01500804 0.         0.         0.02416957
 0.08206438 0.18882541 0.46462086]

rule5: 34.195 < latitude < 35.633
probabilities_array:[0.23463675 0.08315641 0.15393776 0.20569736 0.13118194 0.09177445
 0.01690471 0.         0.08271066]

rule10: 28.719 < housing_median_age < 37.172
probabilities_array:[0.22188304 0.11205202 0.10576419 0.1613109  0.00687938 0.
 0.         0.07201084 0.32009962]

rule14: 2629.671 < total_rooms < 4086.558
probabilities_array:[0.         0.09299842 0.00940988 0.02546376 0.05141101 0.06677624
 0.16802444 0.28756133 0.29835498]

rule17: 254.744 < total_bedrooms < 536.964
probabilities_array:[0.2173897  0.11220731 0.18112947 0.         0.00991906 0.01345634
 0.00352325 0.         0.46237487]

rule11: housing_median_age > 37.172
probabilities_array:[0.2018333  0.08563545 0.0423387  0.         0.00287824 0.03440601
 0.02963684 0.2897558  0.3135157 ]

rule19: total_bedrooms > 819.184
probabilities_array:[0.00960297 0.1024837  0.05503013 0.12227964 0.05076386 0.02994972
 0.02155868 0.1196045  0.48872682]


---2---
rule23: population > 2204.724
probabilities_array:[0.18292356 0.19116867 0.33069912 0.0815944  0.04946229 0.00471647
 0.         0.         0.15943547]

rule12: total_rooms < 1172.783
probabilities_array:[0.27947506 0.17943808 0.24885786 0.04483676 0.09203734 0.04633227
 0.05948441 0.         0.04953824]

rule29: 2.591 < median_income < 3.861
probabilities_array:[0.         0.13022746 0.19004422 0.21368057 0.17489609 0.12290227
 0.09298184 0.0212141  0.05405336]

rule3: longitude > -118.226
probabilities_array:[0.05766127 0.15161112 0.24834976 0.22486891 0.02287285 0.
 0.         0.         0.2946361 ]

rule8: housing_median_age < 20.266
probabilities_array:[0.06477124 0.15604007 0.20448071 0.1490491  0.11082835 0.11759797
 0.05067791 0.         0.14655465]

rule22: 1427.664 < population < 2204.724
probabilities_array:[0.24699204 0.20968425 0.19764203 0.0339331  0.03304692 0.
 0.         0.         0.27870163]

rule5: 34.195 < latitude < 35.633
probabilities_array:[0.23463675 0.08315641 0.15393776 0.20569736 0.13118194 0.09177445
 0.01690471 0.         0.08271066]

rule38: ocean_proximity_NEAR OCEAN = 0.0
probabilities_array:[0.30940205 0.13951714 0.16059841 0.17866185 0.03350972 0.03211363
 0.00049493 0.         0.14570223]

rule28: median_income < 2.591
probabilities_array:[0.3780344  0.35183826 0.14822374 0.00120899 0.         0.
 0.         0.         0.12069465]

rule30: 3.861 < median_income < 5.132
probabilities_array:[4.77731228e-05 3.24231274e-02 1.10161744e-01 1.94772437e-01
 2.03846008e-01 2.00545803e-01 1.66589871e-01 8.79438519e-02
 3.66946124e-03]

rule24: households < 241.824
probabilities_array:[0.22620398 0.18299913 0.17460498 0.         0.         0.
 0.         0.01337044 0.40282142]

rule4: latitude < 34.195
probabilities_array:[0.00907621 0.19661681 0.13960883 0.10863391 0.05795574 0.03741668
 0.03113296 0.12877797 0.29078087]

rule17: 254.744 < total_bedrooms < 536.964
probabilities_array:[0.2173897  0.11220731 0.18112947 0.         0.00991906 0.01345634
 0.00352325 0.         0.46237487]

rule13: 1172.783 < total_rooms < 2629.671
probabilities_array:[0.19338417 0.15537237 0.1651099  0.0148234  0.04520672 0.00315876
 0.         0.00477247 0.41817212]

rule36: ocean_proximity_NEAR BAY = 0.0
probabilities_array:[0.33118084 0.15805748 0.13106464 0.00274736 0.08312764 0.00801469
 0.00518713 0.         0.28062013]

rule7: latitude > 37.071
probabilities_array:[0.         0.27057418 0.14748439 0.01079528 0.00628915 0.
 0.02061279 0.03976282 0.5044813 ]

rule10: 28.719 < housing_median_age < 37.172
probabilities_array:[0.22188304 0.11205202 0.10576419 0.1613109  0.00687938 0.
 0.         0.07201084 0.32009962]

rule32: ocean_proximity_INLAND = 0.0
probabilities_array:[0.00128841 0.01423168 0.07000476 0.19228221 0.20714845 0.20110564
 0.16987883 0.14278536 0.0012746 ]

rule34: ocean_proximity_ISLAND = 0.0
probabilities_array:[1.8385538e-01 1.9542508e-01 1.2826324e-01 3.7102395e-04 2.1816701e-02
 1.0481728e-03 2.3480534e-04 0.0000000e+00 4.6898571e-01]

rule26: 500.304 < households < 758.785
probabilities_array:[0.05242246 0.06280327 0.11983354 0.09312145 0.08468575 0.00744082
 0.01881634 0.00122124 0.55965513]

rule27: households > 758.785
probabilities_array:[0.01182645 0.00825963 0.08543777 0.06950478 0.15513133 0.17371394
 0.03957942 0.04105206 0.41549462]

rule25: 241.824 < households < 500.304
probabilities_array:[1.2198298e-01 2.4037255e-01 8.9161590e-02 4.5790145e-04 4.7952794e-02
 5.4663448e-03 6.5895813e-03 0.0000000e+00 4.8801628e-01]

rule33: ocean_proximity_INLAND = 1.0
probabilities_array:[3.55168968e-01 2.46014670e-01 6.59409463e-02 1.01868885e-04
 3.83999402e-04 0.00000000e+00 0.00000000e+00 0.00000000e+00
 3.32389504e-01]


---3---
rule29: 2.591 < median_income < 3.861
probabilities_array:[0.         0.13022746 0.19004422 0.21368057 0.17489609 0.12290227
 0.09298184 0.0212141  0.05405336]

rule30: 3.861 < median_income < 5.132
probabilities_array:[4.77731228e-05 3.24231274e-02 1.10161744e-01 1.94772437e-01
 2.03846008e-01 2.00545803e-01 1.66589871e-01 8.79438519e-02
 3.66946124e-03]

rule32: ocean_proximity_INLAND = 0.0
probabilities_array:[0.00128841 0.01423168 0.07000476 0.19228221 0.20714845 0.20110564
 0.16987883 0.14278536 0.0012746 ]

rule5: 34.195 < latitude < 35.633
probabilities_array:[0.23463675 0.08315641 0.15393776 0.20569736 0.13118194 0.09177445
 0.01690471 0.         0.08271066]

rule3: longitude > -118.226
probabilities_array:[0.05766127 0.15161112 0.24834976 0.22486891 0.02287285 0.
 0.         0.         0.2946361 ]

rule38: ocean_proximity_NEAR OCEAN = 0.0
probabilities_array:[0.30940205 0.13951714 0.16059841 0.17866185 0.03350972 0.03211363
 0.00049493 0.         0.14570223]

rule8: housing_median_age < 20.266
probabilities_array:[0.06477124 0.15604007 0.20448071 0.1490491  0.11082835 0.11759797
 0.05067791 0.         0.14655465]

rule20: population < 650.604
probabilities_array:[0.         0.03518184 0.         0.12777546 0.08272713 0.10071071
 0.17609979 0.37411422 0.10339081]

rule10: 28.719 < housing_median_age < 37.172
probabilities_array:[0.22188304 0.11205202 0.10576419 0.1613109  0.00687938 0.
 0.         0.07201084 0.32009962]

rule9: 20.266 < housing_median_age < 28.719
probabilities_array:[0.09765933 0.05507947 0.0029042  0.14390658 0.12064821 0.07313322
 0.12263679 0.00148131 0.3825509 ]

rule4: latitude < 34.195
probabilities_array:[0.00907621 0.19661681 0.13960883 0.10863391 0.05795574 0.03741668
 0.03113296 0.12877797 0.29078087]

rule23: population > 2204.724
probabilities_array:[0.18292356 0.19116867 0.33069912 0.0815944  0.04946229 0.00471647
 0.         0.         0.15943547]

rule19: total_bedrooms > 819.184
probabilities_array:[0.00960297 0.1024837  0.05503013 0.12227964 0.05076386 0.02994972
 0.02155868 0.1196045  0.48872682]

rule16: total_bedrooms < 254.744
probabilities_array:[0.12919752 0.18660447 0.05873127 0.10896888 0.         0.
 0.         0.00232162 0.5141763 ]

rule12: total_rooms < 1172.783
probabilities_array:[0.27947506 0.17943808 0.24885786 0.04483676 0.09203734 0.04633227
 0.05948441 0.         0.04953824]

rule26: 500.304 < households < 758.785
probabilities_array:[0.05242246 0.06280327 0.11983354 0.09312145 0.08468575 0.00744082
 0.01881634 0.00122124 0.55965513]

rule27: households > 758.785
probabilities_array:[0.01182645 0.00825963 0.08543777 0.06950478 0.15513133 0.17371394
 0.03957942 0.04105206 0.41549462]


---4---
rule32: ocean_proximity_INLAND = 0.0
probabilities_array:[0.00128841 0.01423168 0.07000476 0.19228221 0.20714845 0.20110564
 0.16987883 0.14278536 0.0012746 ]

rule30: 3.861 < median_income < 5.132
probabilities_array:[4.77731228e-05 3.24231274e-02 1.10161744e-01 1.94772437e-01
 2.03846008e-01 2.00545803e-01 1.66589871e-01 8.79438519e-02
 3.66946124e-03]

rule29: 2.591 < median_income < 3.861
probabilities_array:[0.         0.13022746 0.19004422 0.21368057 0.17489609 0.12290227
 0.09298184 0.0212141  0.05405336]

rule31: median_income > 5.132
probabilities_array:[0.         0.         0.         0.02468954 0.13420737 0.21666692
 0.2715773  0.3412154  0.01164348]

rule0: longitude < -120.935
probabilities_array:[0.         0.         0.02669221 0.01689143 0.23405176 0.09770712
 0.04922895 0.09097189 0.48445663]

rule5: 34.195 < latitude < 35.633
probabilities_array:[0.23463675 0.08315641 0.15393776 0.20569736 0.13118194 0.09177445
 0.01690471 0.         0.08271066]

rule8: housing_median_age < 20.266
probabilities_array:[0.06477124 0.15604007 0.20448071 0.1490491  0.11082835 0.11759797
 0.05067791 0.         0.14655465]

rule27: households > 758.785
probabilities_array:[0.01182645 0.00825963 0.08543777 0.06950478 0.15513133 0.17371394
 0.03957942 0.04105206 0.41549462]

rule12: total_rooms < 1172.783
probabilities_array:[0.27947506 0.17943808 0.24885786 0.04483676 0.09203734 0.04633227
 0.05948441 0.         0.04953824]

rule9: 20.266 < housing_median_age < 28.719
probabilities_array:[0.09765933 0.05507947 0.0029042  0.14390658 0.12064821 0.07313322
 0.12263679 0.00148131 0.3825509 ]

rule20: population < 650.604
probabilities_array:[0.         0.03518184 0.         0.12777546 0.08272713 0.10071071
 0.17609979 0.37411422 0.10339081]

rule36: ocean_proximity_NEAR BAY = 0.0
probabilities_array:[0.33118084 0.15805748 0.13106464 0.00274736 0.08312764 0.00801469
 0.00518713 0.         0.28062013]

rule2: -119.581 < longitude < -118.226
probabilities_array:[0.20296402 0.13813162 0.         0.02984533 0.0596298  0.05548517
 0.20726189 0.23889269 0.0677895 ]

rule18: 536.964 < total_bedrooms < 819.184
probabilities_array:[0.08610694 0.16042942 0.06637479 0.06051254 0.08476929 0.06207049
 0.04134808 0.         0.43838847]

rule23: population > 2204.724
probabilities_array:[0.18292356 0.19116867 0.33069912 0.0815944  0.04946229 0.00471647
 0.         0.         0.15943547]

rule4: latitude < 34.195
probabilities_array:[0.00907621 0.19661681 0.13960883 0.10863391 0.05795574 0.03741668
 0.03113296 0.12877797 0.29078087]


---5---
rule31: median_income > 5.132
probabilities_array:[0.         0.         0.         0.02468954 0.13420737 0.21666692
 0.2715773  0.3412154  0.01164348]

rule32: ocean_proximity_INLAND = 0.0
probabilities_array:[0.00128841 0.01423168 0.07000476 0.19228221 0.20714845 0.20110564
 0.16987883 0.14278536 0.0012746 ]

rule30: 3.861 < median_income < 5.132
probabilities_array:[4.77731228e-05 3.24231274e-02 1.10161744e-01 1.94772437e-01
 2.03846008e-01 2.00545803e-01 1.66589871e-01 8.79438519e-02
 3.66946124e-03]

rule15: total_rooms > 4086.558
probabilities_array:[0.         0.11906958 0.         0.         0.02076064 0.18236622
 0.116331   0.3893468  0.17212573]

rule39: ocean_proximity_NEAR OCEAN = 1.0
probabilities_array:[0.02927083 0.23274215 0.00822688 0.         0.0384166  0.1558517
 0.02207948 0.32803097 0.18538134]

rule29: 2.591 < median_income < 3.861
probabilities_array:[0.         0.13022746 0.19004422 0.21368057 0.17489609 0.12290227
 0.09298184 0.0212141  0.05405336]

rule27: households > 758.785
probabilities_array:[0.01182645 0.00825963 0.08543777 0.06950478 0.15513133 0.17371394
 0.03957942 0.04105206 0.41549462]

rule8: housing_median_age < 20.266
probabilities_array:[0.06477124 0.15604007 0.20448071 0.1490491  0.11082835 0.11759797
 0.05067791 0.         0.14655465]

rule20: population < 650.604
probabilities_array:[0.         0.03518184 0.         0.12777546 0.08272713 0.10071071
 0.17609979 0.37411422 0.10339081]

rule35: ocean_proximity_ISLAND = 1.0
probabilities_array:[0.         0.         0.         0.         0.         0.15937881
 0.         0.39959738 0.4410238 ]

rule5: 34.195 < latitude < 35.633
probabilities_array:[0.23463675 0.08315641 0.15393776 0.20569736 0.13118194 0.09177445
 0.01690471 0.         0.08271066]

rule2: -119.581 < longitude < -118.226
probabilities_array:[0.20296402 0.13813162 0.         0.02984533 0.0596298  0.05548517
 0.20726189 0.23889269 0.0677895 ]

rule0: longitude < -120.935
probabilities_array:[0.         0.         0.02669221 0.01689143 0.23405176 0.09770712
 0.04922895 0.09097189 0.48445663]

rule14: 2629.671 < total_rooms < 4086.558
probabilities_array:[0.         0.09299842 0.00940988 0.02546376 0.05141101 0.06677624
 0.16802444 0.28756133 0.29835498]

rule9: 20.266 < housing_median_age < 28.719
probabilities_array:[0.09765933 0.05507947 0.0029042  0.14390658 0.12064821 0.07313322
 0.12263679 0.00148131 0.3825509 ]

rule12: total_rooms < 1172.783
probabilities_array:[0.27947506 0.17943808 0.24885786 0.04483676 0.09203734 0.04633227
 0.05948441 0.         0.04953824]


---6---
rule31: median_income > 5.132
probabilities_array:[0.         0.         0.         0.02468954 0.13420737 0.21666692
 0.2715773  0.3412154  0.01164348]

rule2: -119.581 < longitude < -118.226
probabilities_array:[0.20296402 0.13813162 0.         0.02984533 0.0596298  0.05548517
 0.20726189 0.23889269 0.0677895 ]

rule32: ocean_proximity_INLAND = 0.0
probabilities_array:[0.00128841 0.01423168 0.07000476 0.19228221 0.20714845 0.20110564
 0.16987883 0.14278536 0.0012746 ]

rule30: 3.861 < median_income < 5.132
probabilities_array:[4.77731228e-05 3.24231274e-02 1.10161744e-01 1.94772437e-01
 2.03846008e-01 2.00545803e-01 1.66589871e-01 8.79438519e-02
 3.66946124e-03]

rule37: ocean_proximity_NEAR BAY = 1.0
probabilities_array:[0.008049   0.22081758 0.         0.         0.         0.
 0.22291291 0.27274147 0.27547908]

rule20: population < 650.604
probabilities_array:[0.         0.03518184 0.         0.12777546 0.08272713 0.10071071
 0.17609979 0.37411422 0.10339081]

rule14: 2629.671 < total_rooms < 4086.558
probabilities_array:[0.         0.09299842 0.00940988 0.02546376 0.05141101 0.06677624
 0.16802444 0.28756133 0.29835498]

rule15: total_rooms > 4086.558
probabilities_array:[0.         0.11906958 0.         0.         0.02076064 0.18236622
 0.116331   0.3893468  0.17212573]

rule29: 2.591 < median_income < 3.861
probabilities_array:[0.         0.13022746 0.19004422 0.21368057 0.17489609 0.12290227
 0.09298184 0.0212141  0.05405336]

rule9: 20.266 < housing_median_age < 28.719
probabilities_array:[0.09765933 0.05507947 0.0029042  0.14390658 0.12064821 0.07313322
 0.12263679 0.00148131 0.3825509 ]

rule12: total_rooms < 1172.783
probabilities_array:[0.27947506 0.17943808 0.24885786 0.04483676 0.09203734 0.04633227
 0.05948441 0.         0.04953824]

rule1: -120.935 < longitude < -119.581
probabilities_array:[0.2843049  0.23249736 0.01446936 0.         0.         0.
 0.07736924 0.05667741 0.33468175]

rule21: 650.604 < population < 1427.664
probabilities_array:[0.07700051 0.1483112  0.01500804 0.         0.         0.02416957
 0.08206438 0.18882541 0.46462086]

rule8: housing_median_age < 20.266
probabilities_array:[0.06477124 0.15604007 0.20448071 0.1490491  0.11082835 0.11759797
 0.05067791 0.         0.14655465]


---7---
rule31: median_income > 5.132
probabilities_array:[0.         0.         0.         0.02468954 0.13420737 0.21666692
 0.2715773  0.3412154  0.01164348]

rule20: population < 650.604
probabilities_array:[0.         0.03518184 0.         0.12777546 0.08272713 0.10071071
 0.17609979 0.37411422 0.10339081]

rule15: total_rooms > 4086.558
probabilities_array:[0.         0.11906958 0.         0.         0.02076064 0.18236622
 0.116331   0.3893468  0.17212573]

rule39: ocean_proximity_NEAR OCEAN = 1.0
probabilities_array:[0.02927083 0.23274215 0.00822688 0.         0.0384166  0.1558517
 0.02207948 0.32803097 0.18538134]

rule35: ocean_proximity_ISLAND = 1.0
probabilities_array:[0.         0.         0.         0.         0.         0.15937881
 0.         0.39959738 0.4410238 ]

rule2: -119.581 < longitude < -118.226
probabilities_array:[0.20296402 0.13813162 0.         0.02984533 0.0596298  0.05548517
 0.20726189 0.23889269 0.0677895 ]

rule14: 2629.671 < total_rooms < 4086.558
probabilities_array:[0.         0.09299842 0.00940988 0.02546376 0.05141101 0.06677624
 0.16802444 0.28756133 0.29835498]

rule11: housing_median_age > 37.172
probabilities_array:[0.2018333  0.08563545 0.0423387  0.         0.00287824 0.03440601
 0.02963684 0.2897558  0.3135157 ]

rule37: ocean_proximity_NEAR BAY = 1.0
probabilities_array:[0.008049   0.22081758 0.         0.         0.         0.
 0.22291291 0.27274147 0.27547908]

rule32: ocean_proximity_INLAND = 0.0
probabilities_array:[0.00128841 0.01423168 0.07000476 0.19228221 0.20714845 0.20110564
 0.16987883 0.14278536 0.0012746 ]

rule21: 650.604 < population < 1427.664
probabilities_array:[0.07700051 0.1483112  0.01500804 0.         0.         0.02416957
 0.08206438 0.18882541 0.46462086]

rule4: latitude < 34.195
probabilities_array:[0.00907621 0.19661681 0.13960883 0.10863391 0.05795574 0.03741668
 0.03113296 0.12877797 0.29078087]

rule30: 3.861 < median_income < 5.132
probabilities_array:[4.77731228e-05 3.24231274e-02 1.10161744e-01 1.94772437e-01
 2.03846008e-01 2.00545803e-01 1.66589871e-01 8.79438519e-02
 3.66946124e-03]

rule19: total_bedrooms > 819.184
probabilities_array:[0.00960297 0.1024837  0.05503013 0.12227964 0.05076386 0.02994972
 0.02155868 0.1196045  0.48872682]

rule10: 28.719 < housing_median_age < 37.172
probabilities_array:[0.22188304 0.11205202 0.10576419 0.1613109  0.00687938 0.
 0.         0.07201084 0.32009962]

rule0: longitude < -120.935
probabilities_array:[0.         0.         0.02669221 0.01689143 0.23405176 0.09770712
 0.04922895 0.09097189 0.48445663]

