R2: 0.4740268034790742

MAE: 57948.82134468585

MSE: 7052019639.22798

Accuracy: 0.34541984732824427

F1: 0.2730688797886394

Confusion Matrix: [[428, 184, 22, 10, 3, 0, 0, 0, 0, 0], [173, 508, 188, 70, 7, 8, 2, 0, 0, 7], [45, 283, 259, 240, 26, 10, 8, 0, 0, 13], [35, 200, 175, 510, 92, 27, 17, 1, 0, 29], [6, 115, 86, 305, 114, 71, 21, 0, 0, 69], [11, 82, 60, 155, 92, 76, 89, 1, 0, 96], [4, 37, 43, 84, 54, 42, 91, 2, 0, 126], [5, 30, 22, 46, 49, 39, 72, 0, 0, 131], [4, 18, 15, 27, 28, 30, 46, 0, 0, 144], [5, 27, 7, 37, 44, 45, 62, 0, 0, 367]]

Uncertainties: {'class0': [0.03261589631438255, 0.0722748413681984, 0.07626162469387054, 0.1955217570066452, 0.21153242886066437], 'class1': [0.02963409572839737, 0.03261589631438255, 0.0722748413681984, 0.07626162469387054, 0.09948291629552841], 'class2': [0.0, 0.0, 0.02963409572839737, 0.03261589631438255, 0.07626162469387054], 'class3': [0.0, 0.0, 0.02963409572839737, 0.03261589631438255, 0.07626162469387054], 'class4': [0.0, 0.0, 0.02963409572839737, 0.03261589631438255, 0.07626162469387054], 'class5': [0.0, 0.0, 0.02134663239121437, 0.02963409572839737, 0.03261589631438255], 'class6': [0.0, 0.0, 0.02134663239121437, 0.02963409572839737, 0.03261589631438255], 'class7': [0.0, 0.0, 0.02134663239121437, 0.02963409572839737, 0.03261589631438255], 'class8': [0.0, 0.0, 0.02134663239121437, 0.02963409572839737, 0.03261589631438255], 'class9': [0.0, 0.0, 0.02134663239121437, 0.0722748413681984, 0.09948291629552841]}

Most important rules
-----------------------------

---0---
rule28: median_income < 2.598
probabilities_array:[0.37657267 0.30267018 0.10095557 0.00504313 0.         0.
 0.         0.         0.         0.         0.21475843]

rule33: ocean_proximity_INLAND = 1.0
probabilities_array:[0.3242269  0.26311234 0.1948258  0.02231315 0.         0.
 0.         0.         0.         0.         0.19552176]

rule38: ocean_proximity_NEAR OCEAN = 0.0
probabilities_array:[0.27507764 0.15341021 0.11204342 0.14905585 0.07861865 0.00807204
 0.00499932 0.00148307 0.         0.         0.21723975]

rule12: total_rooms < 1169.801
probabilities_array:[0.21925764 0.14149623 0.18380068 0.15075275 0.04188553 0.06376012
 0.0463888  0.06448234 0.05555991 0.         0.0326159 ]

rule1: -120.947 < longitude < -119.593
probabilities_array:[0.28728247 0.22568454 0.19713399 0.         0.         0.
 0.00760648 0.         0.01759173 0.00055493 0.26414594]

rule5: 34.211 < latitude < 35.655
probabilities_array:[0.22172856 0.0888032  0.08982992 0.1526256  0.17081153 0.11527643
 0.05879859 0.0258645  0.         0.         0.07626162]

rule36: ocean_proximity_NEAR BAY = 0.0
probabilities_array:[0.27140808 0.16423784 0.1291055  0.07693421 0.01130548 0.08522762
 0.00576573 0.00355654 0.00555889 0.         0.24690005]

rule2: -119.593 < longitude < -118.238
probabilities_array:[0.202033   0.13382876 0.02389358 0.         0.02219653 0.05138225
 0.02284799 0.14124872 0.11147227 0.21882203 0.07227484]

rule22: 1417.939 < population < 2167.843
probabilities_array:[0.22961314 0.16206239 0.15529805 0.13856573 0.0412792  0.01979769
 0.03344259 0.00840888 0.         0.         0.21153243]

rule10: 28.629 < housing_median_age < 37.105
probabilities_array:[0.22422862 0.09876867 0.00244723 0.11004193 0.17778337 0.03629964
 0.         0.         0.         0.06560344 0.2848272 ]

rule6: 35.655 < latitude < 37.099
probabilities_array:[3.5801011e-01 2.2430852e-02 0.0000000e+00 0.0000000e+00 3.4511967e-03
 4.2139012e-03 0.0000000e+00 2.2143585e-04 2.3572529e-02 0.0000000e+00
 5.8809996e-01]

rule13: 1169.801 < total_rooms < 2628.561
probabilities_array:[2.19630644e-01 1.30109891e-01 9.12153795e-02 1.77086994e-01
 2.50749514e-02 1.22002486e-04 8.45873787e-04 0.00000000e+00
 0.00000000e+00 0.00000000e+00 3.55914295e-01]

rule23: population > 2167.843
probabilities_array:[0.16553651 0.07376318 0.25010684 0.26443124 0.01041297 0.00851685
 0.00756977 0.         0.         0.         0.21966271]

rule25: 240.348 < households < 497.817
probabilities_array:[0.20392345 0.15050769 0.1900877  0.01364661 0.03164583 0.01642246
 0.00058445 0.         0.0123439  0.         0.38083795]

rule16: total_bedrooms < 252.338
probabilities_array:[0.18072838 0.16115092 0.03135595 0.07723971 0.1667479  0.
 0.         0.         0.         0.05723686 0.32554027]

rule11: housing_median_age > 37.105
probabilities_array:[0.18293129 0.06511725 0.         0.         0.         0.
 0.         0.         0.06049956 0.30355516 0.38789675]

rule17: 252.338 < total_bedrooms < 535.434
probabilities_array:[0.18041342 0.14676306 0.1073433  0.10362009 0.00279718 0.0622097
 0.01598375 0.00076274 0.         0.         0.38010684]

rule24: households < 240.348
probabilities_array:[0.16617182 0.18014626 0.12942076 0.11890212 0.         0.0224643
 0.         0.         0.         0.0180622  0.36483246]

rule9: 20.153 < housing_median_age < 28.629
probabilities_array:[7.9635270e-02 1.5029077e-01 6.1385307e-02 1.2699229e-03 1.3952954e-01
 9.9042974e-02 1.3216649e-01 9.5548501e-05 1.7576415e-02 2.0922799e-04
 3.1879857e-01]

rule21: 668.035 < population < 1417.939
probabilities_array:[0.10030471 0.1853674  0.         0.01577096 0.         0.
 0.         0.02056908 0.04045329 0.1634969  0.47403774]

rule34: ocean_proximity_ISLAND = 0.0
probabilities_array:[8.9928620e-02 1.7708075e-01 1.3274579e-01 7.5754754e-02 2.4158105e-02
 2.0819092e-02 3.3584849e-03 3.9935095e-04 5.8145082e-04 0.0000000e+00
 4.7517356e-01]

rule18: 535.434 < total_bedrooms < 818.529
probabilities_array:[0.07776755 0.13380367 0.10886812 0.0225106  0.02934517 0.0683814
 0.00611785 0.01291719 0.06847056 0.         0.47181782]


---1---
rule28: median_income < 2.598
probabilities_array:[0.37657267 0.30267018 0.10095557 0.00504313 0.         0.
 0.         0.         0.         0.         0.21475843]

rule33: ocean_proximity_INLAND = 1.0
probabilities_array:[0.3242269  0.26311234 0.1948258  0.02231315 0.         0.
 0.         0.         0.         0.         0.19552176]

rule1: -120.947 < longitude < -119.593
probabilities_array:[0.28728247 0.22568454 0.19713399 0.         0.         0.
 0.00760648 0.         0.01759173 0.00055493 0.26414594]

rule39: ocean_proximity_NEAR OCEAN = 1.0
probabilities_array:[0.00046146 0.17303893 0.12984294 0.         0.         0.01159518
 0.07889757 0.11153489 0.14022884 0.25491726 0.09948292]

rule37: ocean_proximity_NEAR BAY = 1.0
probabilities_array:[0.         0.19770092 0.11635748 0.00225799 0.05923139 0.
 0.         0.04721474 0.1343602  0.22582671 0.21705051]

rule7: latitude > 37.099
probabilities_array:[0.         0.23262106 0.28331998 0.05285586 0.00365527 0.00565561
 0.00150719 0.00378713 0.         0.03933213 0.37726578]

rule12: total_rooms < 1169.801
probabilities_array:[0.21925764 0.14149623 0.18380068 0.15075275 0.04188553 0.06376012
 0.0463888  0.06448234 0.05555991 0.         0.0326159 ]

rule22: 1417.939 < population < 2167.843
probabilities_array:[0.22961314 0.16206239 0.15529805 0.13856573 0.0412792  0.01979769
 0.03344259 0.00840888 0.         0.         0.21153243]

rule2: -119.593 < longitude < -118.238
probabilities_array:[0.202033   0.13382876 0.02389358 0.         0.02219653 0.05138225
 0.02284799 0.14124872 0.11147227 0.21882203 0.07227484]

rule36: ocean_proximity_NEAR BAY = 0.0
probabilities_array:[0.27140808 0.16423784 0.1291055  0.07693421 0.01130548 0.08522762
 0.00576573 0.00355654 0.00555889 0.         0.24690005]

rule38: ocean_proximity_NEAR OCEAN = 0.0
probabilities_array:[0.27507764 0.15341021 0.11204342 0.14905585 0.07861865 0.00807204
 0.00499932 0.00148307 0.         0.         0.21723975]

rule24: households < 240.348
probabilities_array:[0.16617182 0.18014626 0.12942076 0.11890212 0.         0.0224643
 0.         0.         0.         0.0180622  0.36483246]

rule16: total_bedrooms < 252.338
probabilities_array:[0.18072838 0.16115092 0.03135595 0.07723971 0.1667479  0.
 0.         0.         0.         0.05723686 0.32554027]

rule9: 20.153 < housing_median_age < 28.629
probabilities_array:[7.9635270e-02 1.5029077e-01 6.1385307e-02 1.2699229e-03 1.3952954e-01
 9.9042974e-02 1.3216649e-01 9.5548501e-05 1.7576415e-02 2.0922799e-04
 3.1879857e-01]

rule21: 668.035 < population < 1417.939
probabilities_array:[0.10030471 0.1853674  0.         0.01577096 0.         0.
 0.         0.02056908 0.04045329 0.1634969  0.47403774]

rule8: housing_median_age < 20.153
probabilities_array:[0.00556703 0.11051635 0.17017485 0.14786582 0.14949417 0.07403105
 0.10576117 0.07399362 0.0319129  0.         0.13068305]

rule25: 240.348 < households < 497.817
probabilities_array:[0.20392345 0.15050769 0.1900877  0.01364661 0.03164583 0.01642246
 0.00058445 0.         0.0123439  0.         0.38083795]

rule34: ocean_proximity_ISLAND = 0.0
probabilities_array:[8.9928620e-02 1.7708075e-01 1.3274579e-01 7.5754754e-02 2.4158105e-02
 2.0819092e-02 3.3584849e-03 3.9935095e-04 5.8145082e-04 0.0000000e+00
 4.7517356e-01]

rule17: 252.338 < total_bedrooms < 535.434
probabilities_array:[0.18041342 0.14676306 0.1073433  0.10362009 0.00279718 0.0622097
 0.01598375 0.00076274 0.         0.         0.38010684]

rule19: total_bedrooms > 818.529
probabilities_array:[0.         0.14903018 0.11265464 0.03381874 0.09285563 0.
 0.06371434 0.01733434 0.048063   0.04820526 0.43432382]

rule13: 1169.801 < total_rooms < 2628.561
probabilities_array:[2.19630644e-01 1.30109891e-01 9.12153795e-02 1.77086994e-01
 2.50749514e-02 1.22002486e-04 8.45873787e-04 0.00000000e+00
 0.00000000e+00 0.00000000e+00 3.55914295e-01]

rule5: 34.211 < latitude < 35.655
probabilities_array:[0.22172856 0.0888032  0.08982992 0.1526256  0.17081153 0.11527643
 0.05879859 0.0258645  0.         0.         0.07626162]

rule3: longitude > -118.238
probabilities_array:[0.01161296 0.10663982 0.20561142 0.2361782  0.13997352 0.03077375
 0.00133492 0.         0.         0.         0.2678754 ]

rule4: latitude < 34.211
probabilities_array:[0.0061306  0.09327956 0.18217348 0.10825546 0.1347814  0.07014681
 0.05387955 0.00736662 0.02671438 0.10692538 0.21034677]

rule18: 535.434 < total_bedrooms < 818.529
probabilities_array:[0.07776755 0.13380367 0.10886812 0.0225106  0.02934517 0.0683814
 0.00611785 0.01291719 0.06847056 0.         0.47181782]

rule10: 28.629 < housing_median_age < 37.105
probabilities_array:[0.22422862 0.09876867 0.00244723 0.11004193 0.17778337 0.03629964
 0.         0.         0.         0.06560344 0.2848272 ]

rule29: 2.598 < median_income < 3.875
probabilities_array:[0.         0.07068423 0.126379   0.14926697 0.17242374 0.17713402
 0.12055263 0.07018882 0.06779162 0.01594489 0.0296341 ]

rule15: total_rooms > 4087.322
probabilities_array:[0.         0.07841491 0.01799848 0.         0.05497555 0.06569342
 0.12777773 0.13394302 0.07168853 0.30773917 0.14176913]

rule23: population > 2167.843
probabilities_array:[0.16553651 0.07376318 0.25010684 0.26443124 0.01041297 0.00851685
 0.00756977 0.         0.         0.         0.21966271]

rule26: 497.817 < households < 755.286
probabilities_array:[6.34088665e-02 1.08881384e-01 2.16478191e-04 1.02310531e-01
 2.90673673e-02 6.49864925e-03 1.02781542e-01 4.84635383e-02
 6.04072178e-04 0.00000000e+00 5.37767529e-01]

rule20: population < 668.035
probabilities_array:[0.         0.04819054 0.00144982 0.         0.10084387 0.13442026
 0.11282058 0.07038347 0.05704932 0.3391536  0.13568859]


---2---
rule23: population > 2167.843
probabilities_array:[0.16553651 0.07376318 0.25010684 0.26443124 0.01041297 0.00851685
 0.00756977 0.         0.         0.         0.21966271]

rule12: total_rooms < 1169.801
probabilities_array:[0.21925764 0.14149623 0.18380068 0.15075275 0.04188553 0.06376012
 0.0463888  0.06448234 0.05555991 0.         0.0326159 ]

rule7: latitude > 37.099
probabilities_array:[0.         0.23262106 0.28331998 0.05285586 0.00365527 0.00565561
 0.00150719 0.00378713 0.         0.03933213 0.37726578]

rule33: ocean_proximity_INLAND = 1.0
probabilities_array:[0.3242269  0.26311234 0.1948258  0.02231315 0.         0.
 0.         0.         0.         0.         0.19552176]

rule3: longitude > -118.238
probabilities_array:[0.01161296 0.10663982 0.20561142 0.2361782  0.13997352 0.03077375
 0.00133492 0.         0.         0.         0.2678754 ]

rule8: housing_median_age < 20.153
probabilities_array:[0.00556703 0.11051635 0.17017485 0.14786582 0.14949417 0.07403105
 0.10576117 0.07399362 0.0319129  0.         0.13068305]

rule1: -120.947 < longitude < -119.593
probabilities_array:[0.28728247 0.22568454 0.19713399 0.         0.         0.
 0.00760648 0.         0.01759173 0.00055493 0.26414594]

rule4: latitude < 34.211
probabilities_array:[0.0061306  0.09327956 0.18217348 0.10825546 0.1347814  0.07014681
 0.05387955 0.00736662 0.02671438 0.10692538 0.21034677]

rule29: 2.598 < median_income < 3.875
probabilities_array:[0.         0.07068423 0.126379   0.14926697 0.17242374 0.17713402
 0.12055263 0.07018882 0.06779162 0.01594489 0.0296341 ]

rule22: 1417.939 < population < 2167.843
probabilities_array:[0.22961314 0.16206239 0.15529805 0.13856573 0.0412792  0.01979769
 0.03344259 0.00840888 0.         0.         0.21153243]

rule25: 240.348 < households < 497.817
probabilities_array:[0.20392345 0.15050769 0.1900877  0.01364661 0.03164583 0.01642246
 0.00058445 0.         0.0123439  0.         0.38083795]

rule39: ocean_proximity_NEAR OCEAN = 1.0
probabilities_array:[0.00046146 0.17303893 0.12984294 0.         0.         0.01159518
 0.07889757 0.11153489 0.14022884 0.25491726 0.09948292]

rule36: ocean_proximity_NEAR BAY = 0.0
probabilities_array:[0.27140808 0.16423784 0.1291055  0.07693421 0.01130548 0.08522762
 0.00576573 0.00355654 0.00555889 0.         0.24690005]

rule37: ocean_proximity_NEAR BAY = 1.0
probabilities_array:[0.         0.19770092 0.11635748 0.00225799 0.05923139 0.
 0.         0.04721474 0.1343602  0.22582671 0.21705051]

rule38: ocean_proximity_NEAR OCEAN = 0.0
probabilities_array:[0.27507764 0.15341021 0.11204342 0.14905585 0.07861865 0.00807204
 0.00499932 0.00148307 0.         0.         0.21723975]

rule5: 34.211 < latitude < 35.655
probabilities_array:[0.22172856 0.0888032  0.08982992 0.1526256  0.17081153 0.11527643
 0.05879859 0.0258645  0.         0.         0.07626162]

rule24: households < 240.348
probabilities_array:[0.16617182 0.18014626 0.12942076 0.11890212 0.         0.0224643
 0.         0.         0.         0.0180622  0.36483246]

rule28: median_income < 2.598
probabilities_array:[0.37657267 0.30267018 0.10095557 0.00504313 0.         0.
 0.         0.         0.         0.         0.21475843]

rule34: ocean_proximity_ISLAND = 0.0
probabilities_array:[8.9928620e-02 1.7708075e-01 1.3274579e-01 7.5754754e-02 2.4158105e-02
 2.0819092e-02 3.3584849e-03 3.9935095e-04 5.8145082e-04 0.0000000e+00
 4.7517356e-01]

rule17: 252.338 < total_bedrooms < 535.434
probabilities_array:[0.18041342 0.14676306 0.1073433  0.10362009 0.00279718 0.0622097
 0.01598375 0.00076274 0.         0.         0.38010684]

rule19: total_bedrooms > 818.529
probabilities_array:[0.         0.14903018 0.11265464 0.03381874 0.09285563 0.
 0.06371434 0.01733434 0.048063   0.04820526 0.43432382]

rule13: 1169.801 < total_rooms < 2628.561
probabilities_array:[2.19630644e-01 1.30109891e-01 9.12153795e-02 1.77086994e-01
 2.50749514e-02 1.22002486e-04 8.45873787e-04 0.00000000e+00
 0.00000000e+00 0.00000000e+00 3.55914295e-01]

rule18: 535.434 < total_bedrooms < 818.529
probabilities_array:[0.07776755 0.13380367 0.10886812 0.0225106  0.02934517 0.0683814
 0.00611785 0.01291719 0.06847056 0.         0.47181782]

rule30: 3.875 < median_income < 5.152
probabilities_array:[0.         0.01530553 0.05274107 0.09191175 0.14635772 0.15647244
 0.1621962  0.16256    0.13235077 0.08010451 0.        ]

rule9: 20.153 < housing_median_age < 28.629
probabilities_array:[7.9635270e-02 1.5029077e-01 6.1385307e-02 1.2699229e-03 1.3952954e-01
 9.9042974e-02 1.3216649e-01 9.5548501e-05 1.7576415e-02 2.0922799e-04
 3.1879857e-01]

rule32: ocean_proximity_INLAND = 0.0
probabilities_array:[0.         0.01723917 0.04171779 0.10442035 0.15892342 0.15761486
 0.18606064 0.11976365 0.11036986 0.1038902  0.        ]


---3---
rule23: population > 2167.843
probabilities_array:[0.16553651 0.07376318 0.25010684 0.26443124 0.01041297 0.00851685
 0.00756977 0.         0.         0.         0.21966271]

rule3: longitude > -118.238
probabilities_array:[0.01161296 0.10663982 0.20561142 0.2361782  0.13997352 0.03077375
 0.00133492 0.         0.         0.         0.2678754 ]

rule12: total_rooms < 1169.801
probabilities_array:[0.21925764 0.14149623 0.18380068 0.15075275 0.04188553 0.06376012
 0.0463888  0.06448234 0.05555991 0.         0.0326159 ]

rule29: 2.598 < median_income < 3.875
probabilities_array:[0.         0.07068423 0.126379   0.14926697 0.17242374 0.17713402
 0.12055263 0.07018882 0.06779162 0.01594489 0.0296341 ]

rule5: 34.211 < latitude < 35.655
probabilities_array:[0.22172856 0.0888032  0.08982992 0.1526256  0.17081153 0.11527643
 0.05879859 0.0258645  0.         0.         0.07626162]

rule8: housing_median_age < 20.153
probabilities_array:[0.00556703 0.11051635 0.17017485 0.14786582 0.14949417 0.07403105
 0.10576117 0.07399362 0.0319129  0.         0.13068305]

rule38: ocean_proximity_NEAR OCEAN = 0.0
probabilities_array:[0.27507764 0.15341021 0.11204342 0.14905585 0.07861865 0.00807204
 0.00499932 0.00148307 0.         0.         0.21723975]

rule13: 1169.801 < total_rooms < 2628.561
probabilities_array:[2.19630644e-01 1.30109891e-01 9.12153795e-02 1.77086994e-01
 2.50749514e-02 1.22002486e-04 8.45873787e-04 0.00000000e+00
 0.00000000e+00 0.00000000e+00 3.55914295e-01]

rule22: 1417.939 < population < 2167.843
probabilities_array:[0.22961314 0.16206239 0.15529805 0.13856573 0.0412792  0.01979769
 0.03344259 0.00840888 0.         0.         0.21153243]

rule32: ocean_proximity_INLAND = 0.0
probabilities_array:[0.         0.01723917 0.04171779 0.10442035 0.15892342 0.15761486
 0.18606064 0.11976365 0.11036986 0.1038902  0.        ]

rule30: 3.875 < median_income < 5.152
probabilities_array:[0.         0.01530553 0.05274107 0.09191175 0.14635772 0.15647244
 0.1621962  0.16256    0.13235077 0.08010451 0.        ]

rule4: latitude < 34.211
probabilities_array:[0.0061306  0.09327956 0.18217348 0.10825546 0.1347814  0.07014681
 0.05387955 0.00736662 0.02671438 0.10692538 0.21034677]

rule10: 28.629 < housing_median_age < 37.105
probabilities_array:[0.22422862 0.09876867 0.00244723 0.11004193 0.17778337 0.03629964
 0.         0.         0.         0.06560344 0.2848272 ]

rule27: households > 755.286
probabilities_array:[0.03217763 0.04181902 0.00284031 0.12645763 0.05113284 0.1682794
 0.09470964 0.03563237 0.03956746 0.01325325 0.39413047]

rule24: households < 240.348
probabilities_array:[0.16617182 0.18014626 0.12942076 0.11890212 0.         0.0224643
 0.         0.         0.         0.0180622  0.36483246]

rule17: 252.338 < total_bedrooms < 535.434
probabilities_array:[0.18041342 0.14676306 0.1073433  0.10362009 0.00279718 0.0622097
 0.01598375 0.00076274 0.         0.         0.38010684]

rule36: ocean_proximity_NEAR BAY = 0.0
probabilities_array:[0.27140808 0.16423784 0.1291055  0.07693421 0.01130548 0.08522762
 0.00576573 0.00355654 0.00555889 0.         0.24690005]

rule16: total_bedrooms < 252.338
probabilities_array:[0.18072838 0.16115092 0.03135595 0.07723971 0.1667479  0.
 0.         0.         0.         0.05723686 0.32554027]

rule26: 497.817 < households < 755.286
probabilities_array:[6.34088665e-02 1.08881384e-01 2.16478191e-04 1.02310531e-01
 2.90673673e-02 6.49864925e-03 1.02781542e-01 4.84635383e-02
 6.04072178e-04 0.00000000e+00 5.37767529e-01]


---4---
rule29: 2.598 < median_income < 3.875
probabilities_array:[0.         0.07068423 0.126379   0.14926697 0.17242374 0.17713402
 0.12055263 0.07018882 0.06779162 0.01594489 0.0296341 ]

rule32: ocean_proximity_INLAND = 0.0
probabilities_array:[0.         0.01723917 0.04171779 0.10442035 0.15892342 0.15761486
 0.18606064 0.11976365 0.11036986 0.1038902  0.        ]

rule5: 34.211 < latitude < 35.655
probabilities_array:[0.22172856 0.0888032  0.08982992 0.1526256  0.17081153 0.11527643
 0.05879859 0.0258645  0.         0.         0.07626162]

rule30: 3.875 < median_income < 5.152
probabilities_array:[0.         0.01530553 0.05274107 0.09191175 0.14635772 0.15647244
 0.1621962  0.16256    0.13235077 0.08010451 0.        ]

rule8: housing_median_age < 20.153
probabilities_array:[0.00556703 0.11051635 0.17017485 0.14786582 0.14949417 0.07403105
 0.10576117 0.07399362 0.0319129  0.         0.13068305]

rule10: 28.629 < housing_median_age < 37.105
probabilities_array:[0.22422862 0.09876867 0.00244723 0.11004193 0.17778337 0.03629964
 0.         0.         0.         0.06560344 0.2848272 ]

rule16: total_bedrooms < 252.338
probabilities_array:[0.18072838 0.16115092 0.03135595 0.07723971 0.1667479  0.
 0.         0.         0.         0.05723686 0.32554027]

rule4: latitude < 34.211
probabilities_array:[0.0061306  0.09327956 0.18217348 0.10825546 0.1347814  0.07014681
 0.05387955 0.00736662 0.02671438 0.10692538 0.21034677]

rule3: longitude > -118.238
probabilities_array:[0.01161296 0.10663982 0.20561142 0.2361782  0.13997352 0.03077375
 0.00133492 0.         0.         0.         0.2678754 ]

rule9: 20.153 < housing_median_age < 28.629
probabilities_array:[7.9635270e-02 1.5029077e-01 6.1385307e-02 1.2699229e-03 1.3952954e-01
 9.9042974e-02 1.3216649e-01 9.5548501e-05 1.7576415e-02 2.0922799e-04
 3.1879857e-01]

rule20: population < 668.035
probabilities_array:[0.         0.04819054 0.00144982 0.         0.10084387 0.13442026
 0.11282058 0.07038347 0.05704932 0.3391536  0.13568859]

rule38: ocean_proximity_NEAR OCEAN = 0.0
probabilities_array:[0.27507764 0.15341021 0.11204342 0.14905585 0.07861865 0.00807204
 0.00499932 0.00148307 0.         0.         0.21723975]

rule19: total_bedrooms > 818.529
probabilities_array:[0.         0.14903018 0.11265464 0.03381874 0.09285563 0.
 0.06371434 0.01733434 0.048063   0.04820526 0.43432382]

rule15: total_rooms > 4087.322
probabilities_array:[0.         0.07841491 0.01799848 0.         0.05497555 0.06569342
 0.12777773 0.13394302 0.07168853 0.30773917 0.14176913]

rule37: ocean_proximity_NEAR BAY = 1.0
probabilities_array:[0.         0.19770092 0.11635748 0.00225799 0.05923139 0.
 0.         0.04721474 0.1343602  0.22582671 0.21705051]

rule12: total_rooms < 1169.801
probabilities_array:[0.21925764 0.14149623 0.18380068 0.15075275 0.04188553 0.06376012
 0.0463888  0.06448234 0.05555991 0.         0.0326159 ]


---5---
rule29: 2.598 < median_income < 3.875
probabilities_array:[0.         0.07068423 0.126379   0.14926697 0.17242374 0.17713402
 0.12055263 0.07018882 0.06779162 0.01594489 0.0296341 ]

rule32: ocean_proximity_INLAND = 0.0
probabilities_array:[0.         0.01723917 0.04171779 0.10442035 0.15892342 0.15761486
 0.18606064 0.11976365 0.11036986 0.1038902  0.        ]

rule30: 3.875 < median_income < 5.152
probabilities_array:[0.         0.01530553 0.05274107 0.09191175 0.14635772 0.15647244
 0.1621962  0.16256    0.13235077 0.08010451 0.        ]

rule0: longitude < -120.947
probabilities_array:[0.0471523  0.         0.         0.02897313 0.0161775  0.20382532
 0.08683887 0.08502704 0.06181927 0.08055329 0.38963327]

rule20: population < 668.035
probabilities_array:[0.         0.04819054 0.00144982 0.         0.10084387 0.13442026
 0.11282058 0.07038347 0.05704932 0.3391536  0.13568859]

rule5: 34.211 < latitude < 35.655
probabilities_array:[0.22172856 0.0888032  0.08982992 0.1526256  0.17081153 0.11527643
 0.05879859 0.0258645  0.         0.         0.07626162]

rule27: households > 755.286
probabilities_array:[0.03217763 0.04181902 0.00284031 0.12645763 0.05113284 0.1682794
 0.09470964 0.03563237 0.03956746 0.01325325 0.39413047]

rule31: median_income > 5.152
probabilities_array:[0.         0.         0.         0.00368419 0.02514687 0.09239342
 0.16079798 0.20778383 0.22341003 0.26543704 0.02134663]

rule9: 20.153 < housing_median_age < 28.629
probabilities_array:[7.9635270e-02 1.5029077e-01 6.1385307e-02 1.2699229e-03 1.3952954e-01
 9.9042974e-02 1.3216649e-01 9.5548501e-05 1.7576415e-02 2.0922799e-04
 3.1879857e-01]

rule8: housing_median_age < 20.153
probabilities_array:[0.00556703 0.11051635 0.17017485 0.14786582 0.14949417 0.07403105
 0.10576117 0.07399362 0.0319129  0.         0.13068305]

rule36: ocean_proximity_NEAR BAY = 0.0
probabilities_array:[0.27140808 0.16423784 0.1291055  0.07693421 0.01130548 0.08522762
 0.00576573 0.00355654 0.00555889 0.         0.24690005]

rule12: total_rooms < 1169.801
probabilities_array:[0.21925764 0.14149623 0.18380068 0.15075275 0.04188553 0.06376012
 0.0463888  0.06448234 0.05555991 0.         0.0326159 ]

rule15: total_rooms > 4087.322
probabilities_array:[0.         0.07841491 0.01799848 0.         0.05497555 0.06569342
 0.12777773 0.13394302 0.07168853 0.30773917 0.14176913]

rule4: latitude < 34.211
probabilities_array:[0.0061306  0.09327956 0.18217348 0.10825546 0.1347814  0.07014681
 0.05387955 0.00736662 0.02671438 0.10692538 0.21034677]

rule2: -119.593 < longitude < -118.238
probabilities_array:[0.202033   0.13382876 0.02389358 0.         0.02219653 0.05138225
 0.02284799 0.14124872 0.11147227 0.21882203 0.07227484]

rule14: 2628.561 < total_rooms < 4087.322
probabilities_array:[0.         0.03532927 0.03376376 0.         0.02663099 0.05900745
 0.04382693 0.1054966  0.10526534 0.2814779  0.30920163]


---6---
rule32: ocean_proximity_INLAND = 0.0
probabilities_array:[0.         0.01723917 0.04171779 0.10442035 0.15892342 0.15761486
 0.18606064 0.11976365 0.11036986 0.1038902  0.        ]

rule30: 3.875 < median_income < 5.152
probabilities_array:[0.         0.01530553 0.05274107 0.09191175 0.14635772 0.15647244
 0.1621962  0.16256    0.13235077 0.08010451 0.        ]

rule31: median_income > 5.152
probabilities_array:[0.         0.         0.         0.00368419 0.02514687 0.09239342
 0.16079798 0.20778383 0.22341003 0.26543704 0.02134663]

rule29: 2.598 < median_income < 3.875
probabilities_array:[0.         0.07068423 0.126379   0.14926697 0.17242374 0.17713402
 0.12055263 0.07018882 0.06779162 0.01594489 0.0296341 ]

rule15: total_rooms > 4087.322
probabilities_array:[0.         0.07841491 0.01799848 0.         0.05497555 0.06569342
 0.12777773 0.13394302 0.07168853 0.30773917 0.14176913]

rule20: population < 668.035
probabilities_array:[0.         0.04819054 0.00144982 0.         0.10084387 0.13442026
 0.11282058 0.07038347 0.05704932 0.3391536  0.13568859]

rule8: housing_median_age < 20.153
probabilities_array:[0.00556703 0.11051635 0.17017485 0.14786582 0.14949417 0.07403105
 0.10576117 0.07399362 0.0319129  0.         0.13068305]

rule9: 20.153 < housing_median_age < 28.629
probabilities_array:[7.9635270e-02 1.5029077e-01 6.1385307e-02 1.2699229e-03 1.3952954e-01
 9.9042974e-02 1.3216649e-01 9.5548501e-05 1.7576415e-02 2.0922799e-04
 3.1879857e-01]

rule35: ocean_proximity_ISLAND = 1.0
probabilities_array:[0.         0.         0.         0.         0.         0.
 0.15497284 0.1709258  0.01049127 0.19334036 0.4702697 ]

rule39: ocean_proximity_NEAR OCEAN = 1.0
probabilities_array:[0.00046146 0.17303893 0.12984294 0.         0.         0.01159518
 0.07889757 0.11153489 0.14022884 0.25491726 0.09948292]

rule27: households > 755.286
probabilities_array:[0.03217763 0.04181902 0.00284031 0.12645763 0.05113284 0.1682794
 0.09470964 0.03563237 0.03956746 0.01325325 0.39413047]

rule5: 34.211 < latitude < 35.655
probabilities_array:[0.22172856 0.0888032  0.08982992 0.1526256  0.17081153 0.11527643
 0.05879859 0.0258645  0.         0.         0.07626162]

rule0: longitude < -120.947
probabilities_array:[0.0471523  0.         0.         0.02897313 0.0161775  0.20382532
 0.08683887 0.08502704 0.06181927 0.08055329 0.38963327]

rule26: 497.817 < households < 755.286
probabilities_array:[6.34088665e-02 1.08881384e-01 2.16478191e-04 1.02310531e-01
 2.90673673e-02 6.49864925e-03 1.02781542e-01 4.84635383e-02
 6.04072178e-04 0.00000000e+00 5.37767529e-01]

rule12: total_rooms < 1169.801
probabilities_array:[0.21925764 0.14149623 0.18380068 0.15075275 0.04188553 0.06376012
 0.0463888  0.06448234 0.05555991 0.         0.0326159 ]

rule4: latitude < 34.211
probabilities_array:[0.0061306  0.09327956 0.18217348 0.10825546 0.1347814  0.07014681
 0.05387955 0.00736662 0.02671438 0.10692538 0.21034677]


---7---
rule31: median_income > 5.152
probabilities_array:[0.         0.         0.         0.00368419 0.02514687 0.09239342
 0.16079798 0.20778383 0.22341003 0.26543704 0.02134663]

rule30: 3.875 < median_income < 5.152
probabilities_array:[0.         0.01530553 0.05274107 0.09191175 0.14635772 0.15647244
 0.1621962  0.16256    0.13235077 0.08010451 0.        ]

rule2: -119.593 < longitude < -118.238
probabilities_array:[0.202033   0.13382876 0.02389358 0.         0.02219653 0.05138225
 0.02284799 0.14124872 0.11147227 0.21882203 0.07227484]

rule32: ocean_proximity_INLAND = 0.0
probabilities_array:[0.         0.01723917 0.04171779 0.10442035 0.15892342 0.15761486
 0.18606064 0.11976365 0.11036986 0.1038902  0.        ]

rule15: total_rooms > 4087.322
probabilities_array:[0.         0.07841491 0.01799848 0.         0.05497555 0.06569342
 0.12777773 0.13394302 0.07168853 0.30773917 0.14176913]

rule39: ocean_proximity_NEAR OCEAN = 1.0
probabilities_array:[0.00046146 0.17303893 0.12984294 0.         0.         0.01159518
 0.07889757 0.11153489 0.14022884 0.25491726 0.09948292]

rule35: ocean_proximity_ISLAND = 1.0
probabilities_array:[0.         0.         0.         0.         0.         0.
 0.15497284 0.1709258  0.01049127 0.19334036 0.4702697 ]

rule14: 2628.561 < total_rooms < 4087.322
probabilities_array:[0.         0.03532927 0.03376376 0.         0.02663099 0.05900745
 0.04382693 0.1054966  0.10526534 0.2814779  0.30920163]

rule29: 2.598 < median_income < 3.875
probabilities_array:[0.         0.07068423 0.126379   0.14926697 0.17242374 0.17713402
 0.12055263 0.07018882 0.06779162 0.01594489 0.0296341 ]

rule8: housing_median_age < 20.153
probabilities_array:[0.00556703 0.11051635 0.17017485 0.14786582 0.14949417 0.07403105
 0.10576117 0.07399362 0.0319129  0.         0.13068305]

rule12: total_rooms < 1169.801
probabilities_array:[0.21925764 0.14149623 0.18380068 0.15075275 0.04188553 0.06376012
 0.0463888  0.06448234 0.05555991 0.         0.0326159 ]

rule20: population < 668.035
probabilities_array:[0.         0.04819054 0.00144982 0.         0.10084387 0.13442026
 0.11282058 0.07038347 0.05704932 0.3391536  0.13568859]

rule0: longitude < -120.947
probabilities_array:[0.0471523  0.         0.         0.02897313 0.0161775  0.20382532
 0.08683887 0.08502704 0.06181927 0.08055329 0.38963327]


---8---
rule31: median_income > 5.152
probabilities_array:[0.         0.         0.         0.00368419 0.02514687 0.09239342
 0.16079798 0.20778383 0.22341003 0.26543704 0.02134663]

rule30: 3.875 < median_income < 5.152
probabilities_array:[0.         0.01530553 0.05274107 0.09191175 0.14635772 0.15647244
 0.1621962  0.16256    0.13235077 0.08010451 0.        ]

rule39: ocean_proximity_NEAR OCEAN = 1.0
probabilities_array:[0.00046146 0.17303893 0.12984294 0.         0.         0.01159518
 0.07889757 0.11153489 0.14022884 0.25491726 0.09948292]

rule32: ocean_proximity_INLAND = 0.0
probabilities_array:[0.         0.01723917 0.04171779 0.10442035 0.15892342 0.15761486
 0.18606064 0.11976365 0.11036986 0.1038902  0.        ]

rule37: ocean_proximity_NEAR BAY = 1.0
probabilities_array:[0.         0.19770092 0.11635748 0.00225799 0.05923139 0.
 0.         0.04721474 0.1343602  0.22582671 0.21705051]

rule2: -119.593 < longitude < -118.238
probabilities_array:[0.202033   0.13382876 0.02389358 0.         0.02219653 0.05138225
 0.02284799 0.14124872 0.11147227 0.21882203 0.07227484]

rule14: 2628.561 < total_rooms < 4087.322
probabilities_array:[0.         0.03532927 0.03376376 0.         0.02663099 0.05900745
 0.04382693 0.1054966  0.10526534 0.2814779  0.30920163]

rule29: 2.598 < median_income < 3.875
probabilities_array:[0.         0.07068423 0.126379   0.14926697 0.17242374 0.17713402
 0.12055263 0.07018882 0.06779162 0.01594489 0.0296341 ]

rule15: total_rooms > 4087.322
probabilities_array:[0.         0.07841491 0.01799848 0.         0.05497555 0.06569342
 0.12777773 0.13394302 0.07168853 0.30773917 0.14176913]

rule12: total_rooms < 1169.801
probabilities_array:[0.21925764 0.14149623 0.18380068 0.15075275 0.04188553 0.06376012
 0.0463888  0.06448234 0.05555991 0.         0.0326159 ]

rule20: population < 668.035
probabilities_array:[0.         0.04819054 0.00144982 0.         0.10084387 0.13442026
 0.11282058 0.07038347 0.05704932 0.3391536  0.13568859]


---9---
rule20: population < 668.035
probabilities_array:[0.         0.04819054 0.00144982 0.         0.10084387 0.13442026
 0.11282058 0.07038347 0.05704932 0.3391536  0.13568859]

rule15: total_rooms > 4087.322
probabilities_array:[0.         0.07841491 0.01799848 0.         0.05497555 0.06569342
 0.12777773 0.13394302 0.07168853 0.30773917 0.14176913]

rule31: median_income > 5.152
probabilities_array:[0.         0.         0.         0.00368419 0.02514687 0.09239342
 0.16079798 0.20778383 0.22341003 0.26543704 0.02134663]

rule39: ocean_proximity_NEAR OCEAN = 1.0
probabilities_array:[0.00046146 0.17303893 0.12984294 0.         0.         0.01159518
 0.07889757 0.11153489 0.14022884 0.25491726 0.09948292]

rule2: -119.593 < longitude < -118.238
probabilities_array:[0.202033   0.13382876 0.02389358 0.         0.02219653 0.05138225
 0.02284799 0.14124872 0.11147227 0.21882203 0.07227484]

rule14: 2628.561 < total_rooms < 4087.322
probabilities_array:[0.         0.03532927 0.03376376 0.         0.02663099 0.05900745
 0.04382693 0.1054966  0.10526534 0.2814779  0.30920163]

rule11: housing_median_age > 37.105
probabilities_array:[0.18293129 0.06511725 0.         0.         0.         0.
 0.         0.         0.06049956 0.30355516 0.38789675]

rule37: ocean_proximity_NEAR BAY = 1.0
probabilities_array:[0.         0.19770092 0.11635748 0.00225799 0.05923139 0.
 0.         0.04721474 0.1343602  0.22582671 0.21705051]

rule32: ocean_proximity_INLAND = 0.0
probabilities_array:[0.         0.01723917 0.04171779 0.10442035 0.15892342 0.15761486
 0.18606064 0.11976365 0.11036986 0.1038902  0.        ]

rule35: ocean_proximity_ISLAND = 1.0
probabilities_array:[0.         0.         0.         0.         0.         0.
 0.15497284 0.1709258  0.01049127 0.19334036 0.4702697 ]

rule21: 668.035 < population < 1417.939
probabilities_array:[0.10030471 0.1853674  0.         0.01577096 0.         0.
 0.         0.02056908 0.04045329 0.1634969  0.47403774]

rule4: latitude < 34.211
probabilities_array:[0.0061306  0.09327956 0.18217348 0.10825546 0.1347814  0.07014681
 0.05387955 0.00736662 0.02671438 0.10692538 0.21034677]

rule30: 3.875 < median_income < 5.152
probabilities_array:[0.         0.01530553 0.05274107 0.09191175 0.14635772 0.15647244
 0.1621962  0.16256    0.13235077 0.08010451 0.        ]

rule0: longitude < -120.947
probabilities_array:[0.0471523  0.         0.         0.02897313 0.0161775  0.20382532
 0.08683887 0.08502704 0.06181927 0.08055329 0.38963327]

rule10: 28.629 < housing_median_age < 37.105
probabilities_array:[0.22422862 0.09876867 0.00244723 0.11004193 0.17778337 0.03629964
 0.         0.         0.         0.06560344 0.2848272 ]

