R2: 0.47323163881953634

MAE: 57997.85349383441

MSE: 7023402387.96653

Accuracy: 0.3672930123311803

F1: 0.2878289225602624

Confusion Matrix: [[435, 195, 43, 6, 0, 0, 0, 0, 1], [228, 528, 249, 61, 3, 7, 0, 0, 6], [57, 291, 487, 241, 31, 9, 0, 0, 22], [24, 172, 241, 442, 67, 15, 0, 1, 51], [15, 108, 119, 323, 90, 52, 0, 1, 134], [11, 53, 77, 174, 69, 90, 2, 2, 185], [7, 26, 19, 79, 36, 59, 1, 1, 178], [1, 24, 13, 62, 35, 49, 1, 0, 182], [11, 28, 20, 57, 40, 29, 2, 5, 429]]

Uncertainties: {'class0': [0.03586254268884659, 0.06354708224534988, 0.10384941101074219, 0.12648175656795502, 0.1452624648809433], 'class1': [0.03140841796994209, 0.03586254268884659, 0.06354708224534988, 0.10384941101074219, 0.12648175656795502], 'class2': [0.0, 0.0017800175119191408, 0.03140841796994209, 0.03586254268884659, 0.06354708224534988], 'class3': [0.0, 0.0017800175119191408, 0.03140841796994209, 0.03586254268884659, 0.06354708224534988], 'class4': [0.0, 0.0017800175119191408, 0.02209462784230709, 0.03140841796994209, 0.03586254268884659], 'class5': [0.0, 0.0017800175119191408, 0.02209462784230709, 0.03140841796994209, 0.03586254268884659], 'class6': [0.0, 0.0017800175119191408, 0.02209462784230709, 0.03140841796994209, 0.03586254268884659], 'class7': [0.0, 0.0017800175119191408, 0.02209462784230709, 0.03140841796994209, 0.03586254268884659], 'class8': [0.0, 0.0017800175119191408, 0.02209462784230709, 0.10384941101074219, 0.1364119052886963]}

Most important rules
-----------------------------

---0---
rule28: median_income < 2.590
probabilities_array:[0.3713377  0.31372276 0.16613346 0.00354362 0.         0.
 0.         0.         0.         0.14526246]

rule12: total_rooms < 1147.338
probabilities_array:[0.26372173 0.16158111 0.22228125 0.10222539 0.04544382 0.06044891
 0.05343266 0.05500264 0.         0.03586254]

rule33: ocean_proximity_INLAND = 1.0
probabilities_array:[3.3792710e-01 2.5867751e-01 1.2403984e-01 8.3886990e-03 2.5313964e-05
 0.0000000e+00 0.0000000e+00 0.0000000e+00 0.0000000e+00 2.7094144e-01]

rule2: -119.572 < longitude < -118.217
probabilities_array:[0.2549592  0.1664286  0.         0.01611546 0.06699794 0.01654915
 0.03721042 0.13284469 0.20504512 0.10384941]

rule38: ocean_proximity_NEAR OCEAN = 0.0
probabilities_array:[0.28260615 0.17979625 0.12785925 0.13265654 0.04447586 0.01209718
 0.01495847 0.00226823 0.         0.20328216]

rule10: 28.574 < housing_median_age < 37.038
probabilities_array:[0.2825106  0.15206788 0.0538133  0.1156361  0.05127147 0.
 0.         0.         0.13843365 0.20626698]

rule11: housing_median_age > 37.038
probabilities_array:[2.8043759e-01 1.4549501e-01 0.0000000e+00 0.0000000e+00 2.1618484e-05
 0.0000000e+00 5.2571755e-02 3.9179634e-02 2.5938296e-01 2.2291148e-01]

rule5: 34.191 < latitude < 35.636
probabilities_array:[0.2429549  0.05543678 0.08904608 0.1757791  0.18617018 0.06730264
 0.05682853 0.         0.         0.12648176]

rule23: population > 2211.751
probabilities_array:[0.22345866 0.14575827 0.3051224  0.13978998 0.05330673 0.05517981
 0.01011521 0.00372188 0.         0.06354708]

rule22: 1430.006 < population < 2211.751
probabilities_array:[0.26052094 0.17239216 0.22347555 0.09075032 0.00220387 0.00770136
 0.         0.         0.         0.24295574]

rule36: ocean_proximity_NEAR BAY = 0.0
probabilities_array:[0.2754372  0.16386054 0.12515286 0.0209238  0.04536399 0.0320956
 0.01268573 0.00412915 0.         0.3203512 ]

rule6: 35.636 < latitude < 37.081
probabilities_array:[0.40709516 0.         0.         0.         0.0243595  0.
 0.         0.02825509 0.         0.54029024]

rule1: -120.928 < longitude < -119.572
probabilities_array:[0.2689872  0.2867068  0.09483132 0.         0.         0.
 0.00220533 0.02119365 0.         0.32607567]

rule13: 1147.338 < total_rooms < 2642.435
probabilities_array:[0.24806973 0.14460683 0.1375072  0.10125562 0.0223973  0.01560054
 0.00164923 0.         0.         0.3289135 ]

rule25: 239.642 < households < 500.578
probabilities_array:[0.25872633 0.18589094 0.11650889 0.01842978 0.00101245 0.00582863
 0.00145933 0.00255447 0.         0.40958926]

rule17: 252.234 < total_bedrooms < 538.228
probabilities_array:[2.4918565e-01 1.4348964e-01 1.5973659e-01 0.0000000e+00 0.0000000e+00
 3.9282680e-02 0.0000000e+00 1.1956834e-04 0.0000000e+00 4.0818593e-01]

rule24: households < 239.642
probabilities_array:[0.18351988 0.18869811 0.19477263 0.         0.01926379 0.
 0.         0.         0.02558753 0.38815805]

rule16: total_bedrooms < 252.234
probabilities_array:[0.18120109 0.13694789 0.03824141 0.12346482 0.05215162 0.
 0.00106935 0.         0.01331102 0.45361283]

rule9: 20.109 < housing_median_age < 28.574
probabilities_array:[0.09063046 0.12033763 0.00104584 0.05930721 0.10688706 0.10654776
 0.         0.09163438 0.04417631 0.37943324]

rule34: ocean_proximity_ISLAND = 0.0
probabilities_array:[1.21187203e-01 1.97086349e-01 1.07122116e-01 3.29180472e-02
 5.06669632e-04 9.50792572e-04 1.60428905e-03 1.39677513e-03
 0.00000000e+00 5.37227690e-01]

rule26: 500.578 < households < 761.515
probabilities_array:[0.11039785 0.08178415 0.0392267  0.05998532 0.00109595 0.13373043
 0.03881876 0.00123449 0.01261362 0.5211127 ]


---1---
rule28: median_income < 2.590
probabilities_array:[0.3713377  0.31372276 0.16613346 0.00354362 0.         0.
 0.         0.         0.         0.14526246]

rule1: -120.928 < longitude < -119.572
probabilities_array:[0.2689872  0.2867068  0.09483132 0.         0.         0.
 0.00220533 0.02119365 0.         0.32607567]

rule33: ocean_proximity_INLAND = 1.0
probabilities_array:[3.3792710e-01 2.5867751e-01 1.2403984e-01 8.3886990e-03 2.5313964e-05
 0.0000000e+00 0.0000000e+00 0.0000000e+00 0.0000000e+00 2.7094144e-01]

rule7: latitude > 37.081
probabilities_array:[0.0000000e+00 2.8518033e-01 2.3823363e-01 3.4864333e-02 0.0000000e+00
 0.0000000e+00 2.9379399e-03 1.6621561e-04 4.8654407e-02 3.8996309e-01]

rule39: ocean_proximity_NEAR OCEAN = 1.0
probabilities_array:[0.00176156 0.20153153 0.08439885 0.         0.00042756 0.07059152
 0.07996951 0.09467612 0.32680956 0.13983366]

rule37: ocean_proximity_NEAR BAY = 1.0
probabilities_array:[0.         0.21644157 0.08251378 0.         0.         0.
 0.         0.17243515 0.25057337 0.2780361 ]

rule12: total_rooms < 1147.338
probabilities_array:[0.26372173 0.16158111 0.22228125 0.10222539 0.04544382 0.06044891
 0.05343266 0.05500264 0.         0.03586254]

rule2: -119.572 < longitude < -118.217
probabilities_array:[0.2549592  0.1664286  0.         0.01611546 0.06699794 0.01654915
 0.03721042 0.13284469 0.20504512 0.10384941]

rule38: ocean_proximity_NEAR OCEAN = 0.0
probabilities_array:[0.28260615 0.17979625 0.12785925 0.13265654 0.04447586 0.01209718
 0.01495847 0.00226823 0.         0.20328216]

rule23: population > 2211.751
probabilities_array:[0.22345866 0.14575827 0.3051224  0.13978998 0.05330673 0.05517981
 0.01011521 0.00372188 0.         0.06354708]

rule22: 1430.006 < population < 2211.751
probabilities_array:[0.26052094 0.17239216 0.22347555 0.09075032 0.00220387 0.00770136
 0.         0.         0.         0.24295574]

rule4: latitude < 34.191
probabilities_array:[0.00491492 0.16697124 0.17850758 0.10223371 0.03503062 0.05975904
 0.04738137 0.03180513 0.14106867 0.23232765]

rule10: 28.574 < housing_median_age < 37.038
probabilities_array:[0.2825106  0.15206788 0.0538133  0.1156361  0.05127147 0.
 0.         0.         0.13843365 0.20626698]

rule3: longitude > -118.217
probabilities_array:[2.9248836e-02 1.4457096e-01 2.4823709e-01 1.9678698e-01 1.8318208e-01
 8.9263471e-05 0.0000000e+00 0.0000000e+00 0.0000000e+00 1.9788477e-01]

rule24: households < 239.642
probabilities_array:[0.18351988 0.18869811 0.19477263 0.         0.01926379 0.
 0.         0.         0.02558753 0.38815805]

rule11: housing_median_age > 37.038
probabilities_array:[2.8043759e-01 1.4549501e-01 0.0000000e+00 0.0000000e+00 2.1618484e-05
 0.0000000e+00 5.2571755e-02 3.9179634e-02 2.5938296e-01 2.2291148e-01]

rule36: ocean_proximity_NEAR BAY = 0.0
probabilities_array:[0.2754372  0.16386054 0.12515286 0.0209238  0.04536399 0.0320956
 0.01268573 0.00412915 0.         0.3203512 ]

rule25: 239.642 < households < 500.578
probabilities_array:[0.25872633 0.18589094 0.11650889 0.01842978 0.00101245 0.00582863
 0.00145933 0.00255447 0.         0.40958926]

rule8: housing_median_age < 20.109
probabilities_array:[0.02696614 0.12094168 0.17709178 0.16115081 0.06732623 0.11550947
 0.11089776 0.03940742 0.         0.18070877]

rule13: 1147.338 < total_rooms < 2642.435
probabilities_array:[0.24806973 0.14460683 0.1375072  0.10125562 0.0223973  0.01560054
 0.00164923 0.         0.         0.3289135 ]

rule34: ocean_proximity_ISLAND = 0.0
probabilities_array:[1.21187203e-01 1.97086349e-01 1.07122116e-01 3.29180472e-02
 5.06669632e-04 9.50792572e-04 1.60428905e-03 1.39677513e-03
 0.00000000e+00 5.37227690e-01]

rule17: 252.234 < total_bedrooms < 538.228
probabilities_array:[2.4918565e-01 1.4348964e-01 1.5973659e-01 0.0000000e+00 0.0000000e+00
 3.9282680e-02 0.0000000e+00 1.1956834e-04 0.0000000e+00 4.0818593e-01]

rule29: 2.590 < median_income < 3.867
probabilities_array:[0.         0.08451687 0.15940069 0.19135724 0.17245135 0.1578554
 0.09808403 0.07859503 0.02633088 0.03140842]

rule16: total_bedrooms < 252.234
probabilities_array:[0.18120109 0.13694789 0.03824141 0.12346482 0.05215162 0.
 0.00106935 0.         0.01331102 0.45361283]

rule9: 20.109 < housing_median_age < 28.574
probabilities_array:[0.09063046 0.12033763 0.00104584 0.05930721 0.10688706 0.10654776
 0.         0.09163438 0.04417631 0.37943324]

rule19: total_bedrooms > 824.222
probabilities_array:[0.03904598 0.13958976 0.         0.0369526  0.09042689 0.05667092
 0.06297119 0.04119166 0.05146904 0.48168203]

rule21: 648.261 < population < 1430.006
probabilities_array:[0.08911451 0.15127112 0.01244867 0.         0.         0.
 0.01850831 0.02610805 0.13867983 0.56386954]

rule18: 538.228 < total_bedrooms < 824.222
probabilities_array:[0.04772196 0.11530007 0.1349776  0.05939075 0.05169863 0.0395403
 0.03740568 0.04873139 0.         0.46523356]

rule15: total_rooms > 4137.532
probabilities_array:[0.04142532 0.06723668 0.         0.         0.01056976 0.03991789
 0.15903595 0.14377342 0.38260707 0.155434  ]

rule5: 34.191 < latitude < 35.636
probabilities_array:[0.2429549  0.05543678 0.08904608 0.1757791  0.18617018 0.06730264
 0.05682853 0.         0.         0.12648176]


---2---
rule23: population > 2211.751
probabilities_array:[0.22345866 0.14575827 0.3051224  0.13978998 0.05330673 0.05517981
 0.01011521 0.00372188 0.         0.06354708]

rule12: total_rooms < 1147.338
probabilities_array:[0.26372173 0.16158111 0.22228125 0.10222539 0.04544382 0.06044891
 0.05343266 0.05500264 0.         0.03586254]

rule3: longitude > -118.217
probabilities_array:[2.9248836e-02 1.4457096e-01 2.4823709e-01 1.9678698e-01 1.8318208e-01
 8.9263471e-05 0.0000000e+00 0.0000000e+00 0.0000000e+00 1.9788477e-01]

rule22: 1430.006 < population < 2211.751
probabilities_array:[0.26052094 0.17239216 0.22347555 0.09075032 0.00220387 0.00770136
 0.         0.         0.         0.24295574]

rule29: 2.590 < median_income < 3.867
probabilities_array:[0.         0.08451687 0.15940069 0.19135724 0.17245135 0.1578554
 0.09808403 0.07859503 0.02633088 0.03140842]

rule7: latitude > 37.081
probabilities_array:[0.0000000e+00 2.8518033e-01 2.3823363e-01 3.4864333e-02 0.0000000e+00
 0.0000000e+00 2.9379399e-03 1.6621561e-04 4.8654407e-02 3.8996309e-01]

rule8: housing_median_age < 20.109
probabilities_array:[0.02696614 0.12094168 0.17709178 0.16115081 0.06732623 0.11550947
 0.11089776 0.03940742 0.         0.18070877]

rule28: median_income < 2.590
probabilities_array:[0.3713377  0.31372276 0.16613346 0.00354362 0.         0.
 0.         0.         0.         0.14526246]

rule4: latitude < 34.191
probabilities_array:[0.00491492 0.16697124 0.17850758 0.10223371 0.03503062 0.05975904
 0.04738137 0.03180513 0.14106867 0.23232765]

rule24: households < 239.642
probabilities_array:[0.18351988 0.18869811 0.19477263 0.         0.01926379 0.
 0.         0.         0.02558753 0.38815805]

rule38: ocean_proximity_NEAR OCEAN = 0.0
probabilities_array:[0.28260615 0.17979625 0.12785925 0.13265654 0.04447586 0.01209718
 0.01495847 0.00226823 0.         0.20328216]

rule17: 252.234 < total_bedrooms < 538.228
probabilities_array:[2.4918565e-01 1.4348964e-01 1.5973659e-01 0.0000000e+00 0.0000000e+00
 3.9282680e-02 0.0000000e+00 1.1956834e-04 0.0000000e+00 4.0818593e-01]

rule13: 1147.338 < total_rooms < 2642.435
probabilities_array:[0.24806973 0.14460683 0.1375072  0.10125562 0.0223973  0.01560054
 0.00164923 0.         0.         0.3289135 ]

rule33: ocean_proximity_INLAND = 1.0
probabilities_array:[3.3792710e-01 2.5867751e-01 1.2403984e-01 8.3886990e-03 2.5313964e-05
 0.0000000e+00 0.0000000e+00 0.0000000e+00 0.0000000e+00 2.7094144e-01]

rule36: ocean_proximity_NEAR BAY = 0.0
probabilities_array:[0.2754372  0.16386054 0.12515286 0.0209238  0.04536399 0.0320956
 0.01268573 0.00412915 0.         0.3203512 ]

rule5: 34.191 < latitude < 35.636
probabilities_array:[0.2429549  0.05543678 0.08904608 0.1757791  0.18617018 0.06730264
 0.05682853 0.         0.         0.12648176]

rule30: 3.867 < median_income < 5.143
probabilities_array:[0.00099146 0.01682808 0.07594953 0.14229663 0.18500455 0.16463694
 0.18344945 0.1466793  0.08238414 0.00178002]

rule39: ocean_proximity_NEAR OCEAN = 1.0
probabilities_array:[0.00176156 0.20153153 0.08439885 0.         0.00042756 0.07059152
 0.07996951 0.09467612 0.32680956 0.13983366]

rule18: 538.228 < total_bedrooms < 824.222
probabilities_array:[0.04772196 0.11530007 0.1349776  0.05939075 0.05169863 0.0395403
 0.03740568 0.04873139 0.         0.46523356]

rule25: 239.642 < households < 500.578
probabilities_array:[0.25872633 0.18589094 0.11650889 0.01842978 0.00101245 0.00582863
 0.00145933 0.00255447 0.         0.40958926]

rule1: -120.928 < longitude < -119.572
probabilities_array:[0.2689872  0.2867068  0.09483132 0.         0.         0.
 0.00220533 0.02119365 0.         0.32607567]

rule37: ocean_proximity_NEAR BAY = 1.0
probabilities_array:[0.         0.21644157 0.08251378 0.         0.         0.
 0.         0.17243515 0.25057337 0.2780361 ]

rule34: ocean_proximity_ISLAND = 0.0
probabilities_array:[1.21187203e-01 1.97086349e-01 1.07122116e-01 3.29180472e-02
 5.06669632e-04 9.50792572e-04 1.60428905e-03 1.39677513e-03
 0.00000000e+00 5.37227690e-01]

rule10: 28.574 < housing_median_age < 37.038
probabilities_array:[0.2825106  0.15206788 0.0538133  0.1156361  0.05127147 0.
 0.         0.         0.13843365 0.20626698]

rule32: ocean_proximity_INLAND = 0.0
probabilities_array:[0.         0.01021002 0.04205502 0.14243166 0.18664287 0.20224203
 0.1620607  0.1449046  0.10945313 0.        ]


---3---
rule29: 2.590 < median_income < 3.867
probabilities_array:[0.         0.08451687 0.15940069 0.19135724 0.17245135 0.1578554
 0.09808403 0.07859503 0.02633088 0.03140842]

rule3: longitude > -118.217
probabilities_array:[2.9248836e-02 1.4457096e-01 2.4823709e-01 1.9678698e-01 1.8318208e-01
 8.9263471e-05 0.0000000e+00 0.0000000e+00 0.0000000e+00 1.9788477e-01]

rule5: 34.191 < latitude < 35.636
probabilities_array:[0.2429549  0.05543678 0.08904608 0.1757791  0.18617018 0.06730264
 0.05682853 0.         0.         0.12648176]

rule32: ocean_proximity_INLAND = 0.0
probabilities_array:[0.         0.01021002 0.04205502 0.14243166 0.18664287 0.20224203
 0.1620607  0.1449046  0.10945313 0.        ]

rule30: 3.867 < median_income < 5.143
probabilities_array:[0.00099146 0.01682808 0.07594953 0.14229663 0.18500455 0.16463694
 0.18344945 0.1466793  0.08238414 0.00178002]

rule8: housing_median_age < 20.109
probabilities_array:[0.02696614 0.12094168 0.17709178 0.16115081 0.06732623 0.11550947
 0.11089776 0.03940742 0.         0.18070877]

rule23: population > 2211.751
probabilities_array:[0.22345866 0.14575827 0.3051224  0.13978998 0.05330673 0.05517981
 0.01011521 0.00372188 0.         0.06354708]

rule38: ocean_proximity_NEAR OCEAN = 0.0
probabilities_array:[0.28260615 0.17979625 0.12785925 0.13265654 0.04447586 0.01209718
 0.01495847 0.00226823 0.         0.20328216]

rule12: total_rooms < 1147.338
probabilities_array:[0.26372173 0.16158111 0.22228125 0.10222539 0.04544382 0.06044891
 0.05343266 0.05500264 0.         0.03586254]

rule10: 28.574 < housing_median_age < 37.038
probabilities_array:[0.2825106  0.15206788 0.0538133  0.1156361  0.05127147 0.
 0.         0.         0.13843365 0.20626698]

rule4: latitude < 34.191
probabilities_array:[0.00491492 0.16697124 0.17850758 0.10223371 0.03503062 0.05975904
 0.04738137 0.03180513 0.14106867 0.23232765]

rule22: 1430.006 < population < 2211.751
probabilities_array:[0.26052094 0.17239216 0.22347555 0.09075032 0.00220387 0.00770136
 0.         0.         0.         0.24295574]

rule13: 1147.338 < total_rooms < 2642.435
probabilities_array:[0.24806973 0.14460683 0.1375072  0.10125562 0.0223973  0.01560054
 0.00164923 0.         0.         0.3289135 ]

rule16: total_bedrooms < 252.234
probabilities_array:[0.18120109 0.13694789 0.03824141 0.12346482 0.05215162 0.
 0.00106935 0.         0.01331102 0.45361283]

rule20: population < 648.261
probabilities_array:[0.         0.03038571 0.         0.05845892 0.12847254 0.08990633
 0.08455887 0.14234103 0.32946467 0.1364119 ]


---4---
rule32: ocean_proximity_INLAND = 0.0
probabilities_array:[0.         0.01021002 0.04205502 0.14243166 0.18664287 0.20224203
 0.1620607  0.1449046  0.10945313 0.        ]

rule30: 3.867 < median_income < 5.143
probabilities_array:[0.00099146 0.01682808 0.07594953 0.14229663 0.18500455 0.16463694
 0.18344945 0.1466793  0.08238414 0.00178002]

rule29: 2.590 < median_income < 3.867
probabilities_array:[0.         0.08451687 0.15940069 0.19135724 0.17245135 0.1578554
 0.09808403 0.07859503 0.02633088 0.03140842]

rule5: 34.191 < latitude < 35.636
probabilities_array:[0.2429549  0.05543678 0.08904608 0.1757791  0.18617018 0.06730264
 0.05682853 0.         0.         0.12648176]

rule3: longitude > -118.217
probabilities_array:[2.9248836e-02 1.4457096e-01 2.4823709e-01 1.9678698e-01 1.8318208e-01
 8.9263471e-05 0.0000000e+00 0.0000000e+00 0.0000000e+00 1.9788477e-01]

rule20: population < 648.261
probabilities_array:[0.         0.03038571 0.         0.05845892 0.12847254 0.08990633
 0.08455887 0.14234103 0.32946467 0.1364119 ]

rule27: households > 761.515
probabilities_array:[0.         0.03684337 0.03055226 0.03965172 0.14946747 0.13961212
 0.04120986 0.09294853 0.04032377 0.4293909 ]

rule0: longitude < -120.928
probabilities_array:[0.00773971 0.         0.04291302 0.04223339 0.13117681 0.15629013
 0.06011321 0.05307833 0.06496623 0.4414892 ]

rule31: median_income > 5.143
probabilities_array:[0.         0.         0.00067451 0.00801948 0.06991326 0.1475921
 0.21165165 0.23991698 0.30013734 0.02209463]

rule9: 20.109 < housing_median_age < 28.574
probabilities_array:[0.09063046 0.12033763 0.00104584 0.05930721 0.10688706 0.10654776
 0.         0.09163438 0.04417631 0.37943324]

rule2: -119.572 < longitude < -118.217
probabilities_array:[0.2549592  0.1664286  0.         0.01611546 0.06699794 0.01654915
 0.03721042 0.13284469 0.20504512 0.10384941]

rule14: 2642.435 < total_rooms < 4137.532
probabilities_array:[3.1475665e-05 4.3646175e-02 3.5028167e-03 0.0000000e+00 8.6754210e-02
 2.3667935e-02 7.1384676e-02 1.6047266e-01 2.7989033e-01 3.3064970e-01]

rule8: housing_median_age < 20.109
probabilities_array:[0.02696614 0.12094168 0.17709178 0.16115081 0.06732623 0.11550947
 0.11089776 0.03940742 0.         0.18070877]

rule23: population > 2211.751
probabilities_array:[0.22345866 0.14575827 0.3051224  0.13978998 0.05330673 0.05517981
 0.01011521 0.00372188 0.         0.06354708]

rule19: total_bedrooms > 824.222
probabilities_array:[0.03904598 0.13958976 0.         0.0369526  0.09042689 0.05667092
 0.06297119 0.04119166 0.05146904 0.48168203]

rule12: total_rooms < 1147.338
probabilities_array:[0.26372173 0.16158111 0.22228125 0.10222539 0.04544382 0.06044891
 0.05343266 0.05500264 0.         0.03586254]

rule10: 28.574 < housing_median_age < 37.038
probabilities_array:[0.2825106  0.15206788 0.0538133  0.1156361  0.05127147 0.
 0.         0.         0.13843365 0.20626698]


---5---
rule32: ocean_proximity_INLAND = 0.0
probabilities_array:[0.         0.01021002 0.04205502 0.14243166 0.18664287 0.20224203
 0.1620607  0.1449046  0.10945313 0.        ]

rule30: 3.867 < median_income < 5.143
probabilities_array:[0.00099146 0.01682808 0.07594953 0.14229663 0.18500455 0.16463694
 0.18344945 0.1466793  0.08238414 0.00178002]

rule29: 2.590 < median_income < 3.867
probabilities_array:[0.         0.08451687 0.15940069 0.19135724 0.17245135 0.1578554
 0.09808403 0.07859503 0.02633088 0.03140842]

rule31: median_income > 5.143
probabilities_array:[0.         0.         0.00067451 0.00801948 0.06991326 0.1475921
 0.21165165 0.23991698 0.30013734 0.02209463]

rule8: housing_median_age < 20.109
probabilities_array:[0.02696614 0.12094168 0.17709178 0.16115081 0.06732623 0.11550947
 0.11089776 0.03940742 0.         0.18070877]

rule0: longitude < -120.928
probabilities_array:[0.00773971 0.         0.04291302 0.04223339 0.13117681 0.15629013
 0.06011321 0.05307833 0.06496623 0.4414892 ]

rule27: households > 761.515
probabilities_array:[0.         0.03684337 0.03055226 0.03965172 0.14946747 0.13961212
 0.04120986 0.09294853 0.04032377 0.4293909 ]

rule20: population < 648.261
probabilities_array:[0.         0.03038571 0.         0.05845892 0.12847254 0.08990633
 0.08455887 0.14234103 0.32946467 0.1364119 ]

rule9: 20.109 < housing_median_age < 28.574
probabilities_array:[0.09063046 0.12033763 0.00104584 0.05930721 0.10688706 0.10654776
 0.         0.09163438 0.04417631 0.37943324]

rule26: 500.578 < households < 761.515
probabilities_array:[0.11039785 0.08178415 0.0392267  0.05998532 0.00109595 0.13373043
 0.03881876 0.00123449 0.01261362 0.5211127 ]

rule39: ocean_proximity_NEAR OCEAN = 1.0
probabilities_array:[0.00176156 0.20153153 0.08439885 0.         0.00042756 0.07059152
 0.07996951 0.09467612 0.32680956 0.13983366]

rule5: 34.191 < latitude < 35.636
probabilities_array:[0.2429549  0.05543678 0.08904608 0.1757791  0.18617018 0.06730264
 0.05682853 0.         0.         0.12648176]

rule12: total_rooms < 1147.338
probabilities_array:[0.26372173 0.16158111 0.22228125 0.10222539 0.04544382 0.06044891
 0.05343266 0.05500264 0.         0.03586254]

rule23: population > 2211.751
probabilities_array:[0.22345866 0.14575827 0.3051224  0.13978998 0.05330673 0.05517981
 0.01011521 0.00372188 0.         0.06354708]

rule4: latitude < 34.191
probabilities_array:[0.00491492 0.16697124 0.17850758 0.10223371 0.03503062 0.05975904
 0.04738137 0.03180513 0.14106867 0.23232765]


---6---
rule31: median_income > 5.143
probabilities_array:[0.         0.         0.00067451 0.00801948 0.06991326 0.1475921
 0.21165165 0.23991698 0.30013734 0.02209463]

rule30: 3.867 < median_income < 5.143
probabilities_array:[0.00099146 0.01682808 0.07594953 0.14229663 0.18500455 0.16463694
 0.18344945 0.1466793  0.08238414 0.00178002]

rule32: ocean_proximity_INLAND = 0.0
probabilities_array:[0.         0.01021002 0.04205502 0.14243166 0.18664287 0.20224203
 0.1620607  0.1449046  0.10945313 0.        ]

rule15: total_rooms > 4137.532
probabilities_array:[0.04142532 0.06723668 0.         0.         0.01056976 0.03991789
 0.15903595 0.14377342 0.38260707 0.155434  ]

rule35: ocean_proximity_ISLAND = 1.0
probabilities_array:[0.         0.         0.         0.         0.         0.
 0.25168723 0.01256261 0.255877   0.47987318]

rule29: 2.590 < median_income < 3.867
probabilities_array:[0.         0.08451687 0.15940069 0.19135724 0.17245135 0.1578554
 0.09808403 0.07859503 0.02633088 0.03140842]

rule8: housing_median_age < 20.109
probabilities_array:[0.02696614 0.12094168 0.17709178 0.16115081 0.06732623 0.11550947
 0.11089776 0.03940742 0.         0.18070877]

rule20: population < 648.261
probabilities_array:[0.         0.03038571 0.         0.05845892 0.12847254 0.08990633
 0.08455887 0.14234103 0.32946467 0.1364119 ]

rule39: ocean_proximity_NEAR OCEAN = 1.0
probabilities_array:[0.00176156 0.20153153 0.08439885 0.         0.00042756 0.07059152
 0.07996951 0.09467612 0.32680956 0.13983366]

rule12: total_rooms < 1147.338
probabilities_array:[0.26372173 0.16158111 0.22228125 0.10222539 0.04544382 0.06044891
 0.05343266 0.05500264 0.         0.03586254]

rule5: 34.191 < latitude < 35.636
probabilities_array:[0.2429549  0.05543678 0.08904608 0.1757791  0.18617018 0.06730264
 0.05682853 0.         0.         0.12648176]

rule14: 2642.435 < total_rooms < 4137.532
probabilities_array:[3.1475665e-05 4.3646175e-02 3.5028167e-03 0.0000000e+00 8.6754210e-02
 2.3667935e-02 7.1384676e-02 1.6047266e-01 2.7989033e-01 3.3064970e-01]

rule11: housing_median_age > 37.038
probabilities_array:[2.8043759e-01 1.4549501e-01 0.0000000e+00 0.0000000e+00 2.1618484e-05
 0.0000000e+00 5.2571755e-02 3.9179634e-02 2.5938296e-01 2.2291148e-01]


---7---
rule31: median_income > 5.143
probabilities_array:[0.         0.         0.00067451 0.00801948 0.06991326 0.1475921
 0.21165165 0.23991698 0.30013734 0.02209463]

rule30: 3.867 < median_income < 5.143
probabilities_array:[0.00099146 0.01682808 0.07594953 0.14229663 0.18500455 0.16463694
 0.18344945 0.1466793  0.08238414 0.00178002]

rule32: ocean_proximity_INLAND = 0.0
probabilities_array:[0.         0.01021002 0.04205502 0.14243166 0.18664287 0.20224203
 0.1620607  0.1449046  0.10945313 0.        ]

rule37: ocean_proximity_NEAR BAY = 1.0
probabilities_array:[0.         0.21644157 0.08251378 0.         0.         0.
 0.         0.17243515 0.25057337 0.2780361 ]

rule20: population < 648.261
probabilities_array:[0.         0.03038571 0.         0.05845892 0.12847254 0.08990633
 0.08455887 0.14234103 0.32946467 0.1364119 ]

rule15: total_rooms > 4137.532
probabilities_array:[0.04142532 0.06723668 0.         0.         0.01056976 0.03991789
 0.15903595 0.14377342 0.38260707 0.155434  ]

rule2: -119.572 < longitude < -118.217
probabilities_array:[0.2549592  0.1664286  0.         0.01611546 0.06699794 0.01654915
 0.03721042 0.13284469 0.20504512 0.10384941]

rule14: 2642.435 < total_rooms < 4137.532
probabilities_array:[3.1475665e-05 4.3646175e-02 3.5028167e-03 0.0000000e+00 8.6754210e-02
 2.3667935e-02 7.1384676e-02 1.6047266e-01 2.7989033e-01 3.3064970e-01]

rule39: ocean_proximity_NEAR OCEAN = 1.0
probabilities_array:[0.00176156 0.20153153 0.08439885 0.         0.00042756 0.07059152
 0.07996951 0.09467612 0.32680956 0.13983366]

rule29: 2.590 < median_income < 3.867
probabilities_array:[0.         0.08451687 0.15940069 0.19135724 0.17245135 0.1578554
 0.09808403 0.07859503 0.02633088 0.03140842]

rule9: 20.109 < housing_median_age < 28.574
probabilities_array:[0.09063046 0.12033763 0.00104584 0.05930721 0.10688706 0.10654776
 0.         0.09163438 0.04417631 0.37943324]

rule27: households > 761.515
probabilities_array:[0.         0.03684337 0.03055226 0.03965172 0.14946747 0.13961212
 0.04120986 0.09294853 0.04032377 0.4293909 ]

rule12: total_rooms < 1147.338
probabilities_array:[0.26372173 0.16158111 0.22228125 0.10222539 0.04544382 0.06044891
 0.05343266 0.05500264 0.         0.03586254]


---8---
rule15: total_rooms > 4137.532
probabilities_array:[0.04142532 0.06723668 0.         0.         0.01056976 0.03991789
 0.15903595 0.14377342 0.38260707 0.155434  ]

rule31: median_income > 5.143
probabilities_array:[0.         0.         0.00067451 0.00801948 0.06991326 0.1475921
 0.21165165 0.23991698 0.30013734 0.02209463]

rule20: population < 648.261
probabilities_array:[0.         0.03038571 0.         0.05845892 0.12847254 0.08990633
 0.08455887 0.14234103 0.32946467 0.1364119 ]

rule39: ocean_proximity_NEAR OCEAN = 1.0
probabilities_array:[0.00176156 0.20153153 0.08439885 0.         0.00042756 0.07059152
 0.07996951 0.09467612 0.32680956 0.13983366]

rule11: housing_median_age > 37.038
probabilities_array:[2.8043759e-01 1.4549501e-01 0.0000000e+00 0.0000000e+00 2.1618484e-05
 0.0000000e+00 5.2571755e-02 3.9179634e-02 2.5938296e-01 2.2291148e-01]

rule14: 2642.435 < total_rooms < 4137.532
probabilities_array:[3.1475665e-05 4.3646175e-02 3.5028167e-03 0.0000000e+00 8.6754210e-02
 2.3667935e-02 7.1384676e-02 1.6047266e-01 2.7989033e-01 3.3064970e-01]

rule2: -119.572 < longitude < -118.217
probabilities_array:[0.2549592  0.1664286  0.         0.01611546 0.06699794 0.01654915
 0.03721042 0.13284469 0.20504512 0.10384941]

rule37: ocean_proximity_NEAR BAY = 1.0
probabilities_array:[0.         0.21644157 0.08251378 0.         0.         0.
 0.         0.17243515 0.25057337 0.2780361 ]

rule35: ocean_proximity_ISLAND = 1.0
probabilities_array:[0.         0.         0.         0.         0.         0.
 0.25168723 0.01256261 0.255877   0.47987318]

rule10: 28.574 < housing_median_age < 37.038
probabilities_array:[0.2825106  0.15206788 0.0538133  0.1156361  0.05127147 0.
 0.         0.         0.13843365 0.20626698]

rule32: ocean_proximity_INLAND = 0.0
probabilities_array:[0.         0.01021002 0.04205502 0.14243166 0.18664287 0.20224203
 0.1620607  0.1449046  0.10945313 0.        ]

rule4: latitude < 34.191
probabilities_array:[0.00491492 0.16697124 0.17850758 0.10223371 0.03503062 0.05975904
 0.04738137 0.03180513 0.14106867 0.23232765]

rule30: 3.867 < median_income < 5.143
probabilities_array:[0.00099146 0.01682808 0.07594953 0.14229663 0.18500455 0.16463694
 0.18344945 0.1466793  0.08238414 0.00178002]

rule21: 648.261 < population < 1430.006
probabilities_array:[0.08911451 0.15127112 0.01244867 0.         0.         0.
 0.01850831 0.02610805 0.13867983 0.56386954]

