R2: 0.479933538856686

MAE: 58246.862008220785

MSE: 7037340543.485614

Accuracy: 0.36611861421021724

F1: 0.29550198946407097

Confusion Matrix: [[488, 168, 36, 12, 3, 0, 0, 0, 1], [236, 495, 261, 62, 6, 5, 0, 0, 8], [62, 280, 480, 234, 29, 9, 2, 0, 22], [29, 143, 301, 450, 44, 19, 6, 2, 59], [17, 91, 112, 309, 75, 47, 21, 0, 127], [10, 58, 63, 179, 63, 66, 29, 0, 143], [7, 33, 27, 76, 34, 48, 30, 1, 132], [7, 23, 26, 68, 37, 57, 28, 1, 180], [10, 20, 10, 67, 29, 58, 30, 2, 409]]

Uncertainties: {'class0': [0.040984805673360825, 0.08475464582443237, 0.1196627989411354, 0.15813852846622467, 0.1686556488275528], 'class1': [0.040984805673360825, 0.04255368188023567, 0.08475464582443237, 0.10711738467216492, 0.1196627989411354], 'class2': [0.0, 0.001098260865546763, 0.040984805673360825, 0.04255368188023567, 0.08475464582443237], 'class3': [0.0, 0.001098260865546763, 0.040984805673360825, 0.04255368188023567, 0.08475464582443237], 'class4': [0.0, 0.001098260865546763, 0.023222345858812332, 0.040984805673360825, 0.04255368188023567], 'class5': [0.0, 0.001098260865546763, 0.023222345858812332, 0.040984805673360825, 0.04255368188023567], 'class6': [0.0, 0.001098260865546763, 0.023222345858812332, 0.040984805673360825, 0.04255368188023567], 'class7': [0.0, 0.001098260865546763, 0.023222345858812332, 0.040984805673360825, 0.04255368188023567], 'class8': [0.0, 0.001098260865546763, 0.023222345858812332, 0.10711738467216492, 0.15813852846622467]}

Most important rules
-----------------------------

---0---
rule28: median_income < 2.589
probabilities_array:[0.3764158  0.3142876  0.11226696 0.00085508 0.         0.
 0.         0.         0.         0.19617459]

rule12: total_rooms < 1158.136
probabilities_array:[0.27290553 0.158964   0.19890815 0.11702836 0.05366029 0.06638411
 0.04299215 0.04817253 0.         0.04098481]

rule33: ocean_proximity_INLAND = 1.0
probabilities_array:[3.37980717e-01 2.62380958e-01 1.48832083e-01 1.21697085e-02
 3.05840513e-04 0.00000000e+00 0.00000000e+00 0.00000000e+00
 0.00000000e+00 2.38330603e-01]

rule5: 34.199 < latitude < 35.644
probabilities_array:[0.27165627 0.05220152 0.09379864 0.15634452 0.15762949 0.10258885
 0.07880403 0.00222215 0.         0.08475465]

rule38: ocean_proximity_NEAR OCEAN = 0.0
probabilities_array:[0.29704598 0.1380852  0.13816777 0.15891494 0.01683339 0.01640157
 0.01192805 0.00164322 0.         0.22097993]

rule22: 1423.924 < population < 2194.869
probabilities_array:[0.28060123 0.1283345  0.19438818 0.11293367 0.03098804 0.02943656
 0.00274759 0.         0.         0.22057028]

rule36: ocean_proximity_NEAR BAY = 0.0
probabilities_array:[0.2829711  0.18844795 0.12198928 0.00573499 0.03284776 0.02094286
 0.0077241  0.00242425 0.         0.33691767]

rule1: -120.937 < longitude < -119.584
probabilities_array:[0.25205085 0.23957483 0.116652   0.         0.         0.03254536
 0.         0.06302466 0.00044639 0.29570594]

rule6: 35.644 < latitude < 37.090
probabilities_array:[0.3938384  0.         0.         0.         0.03371145 0.
 0.         0.0105793  0.         0.5618709 ]

rule10: 28.602 < housing_median_age < 37.098
probabilities_array:[0.25662598 0.13696833 0.01307864 0.10667069 0.04169321 0.
 0.         0.         0.08704557 0.35791758]

rule23: population > 2194.869
probabilities_array:[0.19254154 0.05776164 0.2975194  0.20415132 0.03145901 0.04791146
 0.         0.         0.         0.16865565]

rule2: -119.584 < longitude < -118.231
probabilities_array:[0.1863765  0.17190169 0.         0.00517114 0.03216556 0.
 0.03785024 0.1526854  0.255711   0.15813853]

rule13: 1158.136 < total_rooms < 2620.259
probabilities_array:[2.2627628e-01 1.4033754e-01 9.7501181e-02 1.6447018e-01 2.6855310e-02
 1.0253349e-02 2.9257452e-04 0.0000000e+00 0.0000000e+00 3.3401358e-01]

rule17: 253.590 < total_bedrooms < 534.167
probabilities_array:[0.22994334 0.14886883 0.15908726 0.00133748 0.01124658 0.0319419
 0.00148697 0.00072115 0.         0.4153665 ]

rule24: households < 241.577
probabilities_array:[0.22782442 0.1297502  0.19203606 0.         0.01325728 0.
 0.         0.         0.01295767 0.42417437]

rule11: housing_median_age > 37.098
probabilities_array:[0.15137787 0.12182955 0.02304311 0.         0.         0.
 0.02876706 0.07321985 0.2963258  0.30543685]

rule25: 241.577 < households < 497.317
probabilities_array:[0.16703464 0.15647939 0.12688081 0.01070788 0.03727303 0.
 0.0025122  0.00323035 0.         0.49588177]

rule16: total_bedrooms < 253.590
probabilities_array:[0.15434678 0.15033    0.06364038 0.15792395 0.         0.
 0.         0.         0.00748131 0.46627748]

rule21: 652.980 < population < 1423.924
probabilities_array:[0.12462911 0.16158321 0.         0.         0.         0.
 0.01616858 0.06146977 0.15074928 0.48540002]

rule34: ocean_proximity_ISLAND = 0.0
probabilities_array:[0.13246524 0.1742395  0.12887897 0.01945193 0.02287948 0.00100707
 0.00298697 0.00092103 0.         0.5171697 ]

rule8: housing_median_age < 20.105
probabilities_array:[0.05059459 0.14480798 0.16828431 0.16303068 0.11307568 0.09156118
 0.10722532 0.04175754 0.         0.1196628 ]

rule18: 534.167 < total_bedrooms < 814.745
probabilities_array:[0.09556665 0.16789228 0.06423862 0.06170946 0.0271142  0.02948544
 0.00102681 0.00374241 0.01411208 0.5351122 ]


---1---
rule28: median_income < 2.589
probabilities_array:[0.3764158  0.3142876  0.11226696 0.00085508 0.         0.
 0.         0.         0.         0.19617459]

rule33: ocean_proximity_INLAND = 1.0
probabilities_array:[3.37980717e-01 2.62380958e-01 1.48832083e-01 1.21697085e-02
 3.05840513e-04 0.00000000e+00 0.00000000e+00 0.00000000e+00
 0.00000000e+00 2.38330603e-01]

rule39: ocean_proximity_NEAR OCEAN = 1.0
probabilities_array:[0.0080702  0.22090194 0.08134764 0.         0.         0.05593422
 0.04415612 0.10618429 0.31484365 0.16856195]

rule1: -120.937 < longitude < -119.584
probabilities_array:[0.25205085 0.23957483 0.116652   0.         0.         0.03254536
 0.         0.06302466 0.00044639 0.29570594]

rule4: latitude < 34.199
probabilities_array:[0.01157586 0.20803484 0.16631137 0.08625022 0.06312116 0.03302879
 0.04856587 0.00521457 0.12414157 0.2537558 ]

rule12: total_rooms < 1158.136
probabilities_array:[0.27290553 0.158964   0.19890815 0.11702836 0.05366029 0.06638411
 0.04299215 0.04817253 0.         0.04098481]

rule7: latitude > 37.090
probabilities_array:[0.         0.24523652 0.25358596 0.03547202 0.         0.04002005
 0.00176571 0.00048672 0.02244682 0.40098622]

rule2: -119.584 < longitude < -118.231
probabilities_array:[0.1863765  0.17190169 0.         0.00517114 0.03216556 0.
 0.03785024 0.1526854  0.255711   0.15813853]

rule8: housing_median_age < 20.105
probabilities_array:[0.05059459 0.14480798 0.16828431 0.16303068 0.11307568 0.09156118
 0.10722532 0.04175754 0.         0.1196628 ]

rule37: ocean_proximity_NEAR BAY = 1.0
probabilities_array:[0.00161207 0.16799612 0.07874346 0.04502871 0.         0.
 0.         0.20439948 0.24921097 0.25300923]

rule36: ocean_proximity_NEAR BAY = 0.0
probabilities_array:[0.2829711  0.18844795 0.12198928 0.00573499 0.03284776 0.02094286
 0.0077241  0.00242425 0.         0.33691767]

rule38: ocean_proximity_NEAR OCEAN = 0.0
probabilities_array:[0.29704598 0.1380852  0.13816777 0.15891494 0.01683339 0.01640157
 0.01192805 0.00164322 0.         0.22097993]

rule22: 1423.924 < population < 2194.869
probabilities_array:[0.28060123 0.1283345  0.19438818 0.11293367 0.03098804 0.02943656
 0.00274759 0.         0.         0.22057028]

rule27: households > 753.057
probabilities_array:[0.01475218 0.16603474 0.01011935 0.01498089 0.06829166 0.15879022
 0.00583046 0.07114416 0.07318804 0.41686824]

rule13: 1158.136 < total_rooms < 2620.259
probabilities_array:[2.2627628e-01 1.4033754e-01 9.7501181e-02 1.6447018e-01 2.6855310e-02
 1.0253349e-02 2.9257452e-04 0.0000000e+00 0.0000000e+00 3.3401358e-01]

rule10: 28.602 < housing_median_age < 37.098
probabilities_array:[0.25662598 0.13696833 0.01307864 0.10667069 0.04169321 0.
 0.         0.         0.08704557 0.35791758]

rule17: 253.590 < total_bedrooms < 534.167
probabilities_array:[0.22994334 0.14886883 0.15908726 0.00133748 0.01124658 0.0319419
 0.00148697 0.00072115 0.         0.4153665 ]

rule11: housing_median_age > 37.098
probabilities_array:[0.15137787 0.12182955 0.02304311 0.         0.         0.
 0.02876706 0.07321985 0.2963258  0.30543685]

rule29: 2.589 < median_income < 3.856
probabilities_array:[0.         0.0880796  0.16185187 0.1805348  0.18674017 0.15273154
 0.10001017 0.07101119 0.01648699 0.04255368]

rule34: ocean_proximity_ISLAND = 0.0
probabilities_array:[0.13246524 0.1742395  0.12887897 0.01945193 0.02287948 0.00100707
 0.00298697 0.00092103 0.         0.5171697 ]

rule21: 652.980 < population < 1423.924
probabilities_array:[0.12462911 0.16158321 0.         0.         0.         0.
 0.01616858 0.06146977 0.15074928 0.48540002]

rule3: longitude > -118.231
probabilities_array:[0.0507452  0.10918988 0.27804908 0.21042086 0.091818   0.00558846
 0.0071108  0.         0.         0.24707775]

rule16: total_bedrooms < 253.590
probabilities_array:[0.15434678 0.15033    0.06364038 0.15792395 0.         0.
 0.         0.         0.00748131 0.46627748]

rule25: 241.577 < households < 497.317
probabilities_array:[0.16703464 0.15647939 0.12688081 0.01070788 0.03727303 0.
 0.0025122  0.00323035 0.         0.49588177]

rule18: 534.167 < total_bedrooms < 814.745
probabilities_array:[0.09556665 0.16789228 0.06423862 0.06170946 0.0271142  0.02948544
 0.00102681 0.00374241 0.01411208 0.5351122 ]

rule19: total_bedrooms > 814.745
probabilities_array:[0.01967072 0.15326743 0.04413111 0.03607954 0.05695453 0.0617269
 0.05481017 0.0434421  0.02827585 0.5016416 ]

rule24: households < 241.577
probabilities_array:[0.22782442 0.1297502  0.19203606 0.         0.01325728 0.
 0.         0.         0.01295767 0.42417437]

rule9: 20.105 < housing_median_age < 28.602
probabilities_array:[0.0588746  0.10117298 0.00913332 0.13311438 0.1669892  0.0974402
 0.         0.11078124 0.         0.32249406]

rule14: 2620.259 < total_rooms < 4082.382
probabilities_array:[0.         0.08450911 0.00244219 0.         0.07039139 0.07781154
 0.07981314 0.15383692 0.26738784 0.26380786]

rule20: population < 652.980
probabilities_array:[0.         0.05507834 0.         0.05659626 0.10901492 0.09138526
 0.14587817 0.10643301 0.32849666 0.10711738]

rule23: population > 2194.869
probabilities_array:[0.19254154 0.05776164 0.2975194  0.20415132 0.03145901 0.04791146
 0.         0.         0.         0.16865565]

rule5: 34.199 < latitude < 35.644
probabilities_array:[0.27165627 0.05220152 0.09379864 0.15634452 0.15762949 0.10258885
 0.07880403 0.00222215 0.         0.08475465]


---2---
rule23: population > 2194.869
probabilities_array:[0.19254154 0.05776164 0.2975194  0.20415132 0.03145901 0.04791146
 0.         0.         0.         0.16865565]

rule3: longitude > -118.231
probabilities_array:[0.0507452  0.10918988 0.27804908 0.21042086 0.091818   0.00558846
 0.0071108  0.         0.         0.24707775]

rule12: total_rooms < 1158.136
probabilities_array:[0.27290553 0.158964   0.19890815 0.11702836 0.05366029 0.06638411
 0.04299215 0.04817253 0.         0.04098481]

rule29: 2.589 < median_income < 3.856
probabilities_array:[0.         0.0880796  0.16185187 0.1805348  0.18674017 0.15273154
 0.10001017 0.07101119 0.01648699 0.04255368]

rule7: latitude > 37.090
probabilities_array:[0.         0.24523652 0.25358596 0.03547202 0.         0.04002005
 0.00176571 0.00048672 0.02244682 0.40098622]

rule22: 1423.924 < population < 2194.869
probabilities_array:[0.28060123 0.1283345  0.19438818 0.11293367 0.03098804 0.02943656
 0.00274759 0.         0.         0.22057028]

rule8: housing_median_age < 20.105
probabilities_array:[0.05059459 0.14480798 0.16828431 0.16303068 0.11307568 0.09156118
 0.10722532 0.04175754 0.         0.1196628 ]

rule4: latitude < 34.199
probabilities_array:[0.01157586 0.20803484 0.16631137 0.08625022 0.06312116 0.03302879
 0.04856587 0.00521457 0.12414157 0.2537558 ]

rule33: ocean_proximity_INLAND = 1.0
probabilities_array:[3.37980717e-01 2.62380958e-01 1.48832083e-01 1.21697085e-02
 3.05840513e-04 0.00000000e+00 0.00000000e+00 0.00000000e+00
 0.00000000e+00 2.38330603e-01]

rule24: households < 241.577
probabilities_array:[0.22782442 0.1297502  0.19203606 0.         0.01325728 0.
 0.         0.         0.01295767 0.42417437]

rule38: ocean_proximity_NEAR OCEAN = 0.0
probabilities_array:[0.29704598 0.1380852  0.13816777 0.15891494 0.01683339 0.01640157
 0.01192805 0.00164322 0.         0.22097993]

rule17: 253.590 < total_bedrooms < 534.167
probabilities_array:[0.22994334 0.14886883 0.15908726 0.00133748 0.01124658 0.0319419
 0.00148697 0.00072115 0.         0.4153665 ]

rule28: median_income < 2.589
probabilities_array:[0.3764158  0.3142876  0.11226696 0.00085508 0.         0.
 0.         0.         0.         0.19617459]

rule5: 34.199 < latitude < 35.644
probabilities_array:[0.27165627 0.05220152 0.09379864 0.15634452 0.15762949 0.10258885
 0.07880403 0.00222215 0.         0.08475465]

rule1: -120.937 < longitude < -119.584
probabilities_array:[0.25205085 0.23957483 0.116652   0.         0.         0.03254536
 0.         0.06302466 0.00044639 0.29570594]

rule36: ocean_proximity_NEAR BAY = 0.0
probabilities_array:[0.2829711  0.18844795 0.12198928 0.00573499 0.03284776 0.02094286
 0.0077241  0.00242425 0.         0.33691767]

rule39: ocean_proximity_NEAR OCEAN = 1.0
probabilities_array:[0.0080702  0.22090194 0.08134764 0.         0.         0.05593422
 0.04415612 0.10618429 0.31484365 0.16856195]

rule13: 1158.136 < total_rooms < 2620.259
probabilities_array:[2.2627628e-01 1.4033754e-01 9.7501181e-02 1.6447018e-01 2.6855310e-02
 1.0253349e-02 2.9257452e-04 0.0000000e+00 0.0000000e+00 3.3401358e-01]

rule30: 3.856 < median_income < 5.124
probabilities_array:[0.00023011 0.01979083 0.06476374 0.15643127 0.18369776 0.17265467
 0.16406275 0.13929321 0.09797746 0.00109826]

rule25: 241.577 < households < 497.317
probabilities_array:[0.16703464 0.15647939 0.12688081 0.01070788 0.03727303 0.
 0.0025122  0.00323035 0.         0.49588177]

rule34: ocean_proximity_ISLAND = 0.0
probabilities_array:[0.13246524 0.1742395  0.12887897 0.01945193 0.02287948 0.00100707
 0.00298697 0.00092103 0.         0.5171697 ]

rule37: ocean_proximity_NEAR BAY = 1.0
probabilities_array:[0.00161207 0.16799612 0.07874346 0.04502871 0.         0.
 0.         0.20439948 0.24921097 0.25300923]

rule32: ocean_proximity_INLAND = 0.0
probabilities_array:[0.         0.01402877 0.04831308 0.1298579  0.19059588 0.19349872
 0.17094181 0.13333522 0.11942865 0.        ]


---3---
rule29: 2.589 < median_income < 3.856
probabilities_array:[0.         0.0880796  0.16185187 0.1805348  0.18674017 0.15273154
 0.10001017 0.07101119 0.01648699 0.04255368]

rule23: population > 2194.869
probabilities_array:[0.19254154 0.05776164 0.2975194  0.20415132 0.03145901 0.04791146
 0.         0.         0.         0.16865565]

rule3: longitude > -118.231
probabilities_array:[0.0507452  0.10918988 0.27804908 0.21042086 0.091818   0.00558846
 0.0071108  0.         0.         0.24707775]

rule30: 3.856 < median_income < 5.124
probabilities_array:[0.00023011 0.01979083 0.06476374 0.15643127 0.18369776 0.17265467
 0.16406275 0.13929321 0.09797746 0.00109826]

rule8: housing_median_age < 20.105
probabilities_array:[0.05059459 0.14480798 0.16828431 0.16303068 0.11307568 0.09156118
 0.10722532 0.04175754 0.         0.1196628 ]

rule5: 34.199 < latitude < 35.644
probabilities_array:[0.27165627 0.05220152 0.09379864 0.15634452 0.15762949 0.10258885
 0.07880403 0.00222215 0.         0.08475465]

rule32: ocean_proximity_INLAND = 0.0
probabilities_array:[0.         0.01402877 0.04831308 0.1298579  0.19059588 0.19349872
 0.17094181 0.13333522 0.11942865 0.        ]

rule38: ocean_proximity_NEAR OCEAN = 0.0
probabilities_array:[0.29704598 0.1380852  0.13816777 0.15891494 0.01683339 0.01640157
 0.01192805 0.00164322 0.         0.22097993]

rule12: total_rooms < 1158.136
probabilities_array:[0.27290553 0.158964   0.19890815 0.11702836 0.05366029 0.06638411
 0.04299215 0.04817253 0.         0.04098481]

rule13: 1158.136 < total_rooms < 2620.259
probabilities_array:[2.2627628e-01 1.4033754e-01 9.7501181e-02 1.6447018e-01 2.6855310e-02
 1.0253349e-02 2.9257452e-04 0.0000000e+00 0.0000000e+00 3.3401358e-01]

rule9: 20.105 < housing_median_age < 28.602
probabilities_array:[0.0588746  0.10117298 0.00913332 0.13311438 0.1669892  0.0974402
 0.         0.11078124 0.         0.32249406]

rule22: 1423.924 < population < 2194.869
probabilities_array:[0.28060123 0.1283345  0.19438818 0.11293367 0.03098804 0.02943656
 0.00274759 0.         0.         0.22057028]

rule16: total_bedrooms < 253.590
probabilities_array:[0.15434678 0.15033    0.06364038 0.15792395 0.         0.
 0.         0.         0.00748131 0.46627748]

rule10: 28.602 < housing_median_age < 37.098
probabilities_array:[0.25662598 0.13696833 0.01307864 0.10667069 0.04169321 0.
 0.         0.         0.08704557 0.35791758]

rule4: latitude < 34.199
probabilities_array:[0.01157586 0.20803484 0.16631137 0.08625022 0.06312116 0.03302879
 0.04856587 0.00521457 0.12414157 0.2537558 ]

rule20: population < 652.980
probabilities_array:[0.         0.05507834 0.         0.05659626 0.10901492 0.09138526
 0.14587817 0.10643301 0.32849666 0.10711738]


---4---
rule32: ocean_proximity_INLAND = 0.0
probabilities_array:[0.         0.01402877 0.04831308 0.1298579  0.19059588 0.19349872
 0.17094181 0.13333522 0.11942865 0.        ]

rule30: 3.856 < median_income < 5.124
probabilities_array:[0.00023011 0.01979083 0.06476374 0.15643127 0.18369776 0.17265467
 0.16406275 0.13929321 0.09797746 0.00109826]

rule29: 2.589 < median_income < 3.856
probabilities_array:[0.         0.0880796  0.16185187 0.1805348  0.18674017 0.15273154
 0.10001017 0.07101119 0.01648699 0.04255368]

rule5: 34.199 < latitude < 35.644
probabilities_array:[0.27165627 0.05220152 0.09379864 0.15634452 0.15762949 0.10258885
 0.07880403 0.00222215 0.         0.08475465]

rule9: 20.105 < housing_median_age < 28.602
probabilities_array:[0.0588746  0.10117298 0.00913332 0.13311438 0.1669892  0.0974402
 0.         0.11078124 0.         0.32249406]

rule8: housing_median_age < 20.105
probabilities_array:[0.05059459 0.14480798 0.16828431 0.16303068 0.11307568 0.09156118
 0.10722532 0.04175754 0.         0.1196628 ]

rule20: population < 652.980
probabilities_array:[0.         0.05507834 0.         0.05659626 0.10901492 0.09138526
 0.14587817 0.10643301 0.32849666 0.10711738]

rule0: longitude < -120.937
probabilities_array:[0.         0.00739014 0.02072201 0.02736549 0.15882118 0.15192682
 0.04002327 0.0416286  0.06277329 0.48934916]

rule3: longitude > -118.231
probabilities_array:[0.0507452  0.10918988 0.27804908 0.21042086 0.091818   0.00558846
 0.0071108  0.         0.         0.24707775]

rule31: median_income > 5.124
probabilities_array:[0.         0.         0.         0.00692548 0.05866213 0.15505965
 0.21425125 0.23753984 0.30433926 0.02322235]

rule15: total_rooms > 4082.382
probabilities_array:[0.         0.03571267 0.01451006 0.         0.06833745 0.04422238
 0.18804137 0.10847067 0.33158034 0.20912509]

rule14: 2620.259 < total_rooms < 4082.382
probabilities_array:[0.         0.08450911 0.00244219 0.         0.07039139 0.07781154
 0.07981314 0.15383692 0.26738784 0.26380786]

rule12: total_rooms < 1158.136
probabilities_array:[0.27290553 0.158964   0.19890815 0.11702836 0.05366029 0.06638411
 0.04299215 0.04817253 0.         0.04098481]

rule4: latitude < 34.199
probabilities_array:[0.01157586 0.20803484 0.16631137 0.08625022 0.06312116 0.03302879
 0.04856587 0.00521457 0.12414157 0.2537558 ]


---5---
rule32: ocean_proximity_INLAND = 0.0
probabilities_array:[0.         0.01402877 0.04831308 0.1298579  0.19059588 0.19349872
 0.17094181 0.13333522 0.11942865 0.        ]

rule30: 3.856 < median_income < 5.124
probabilities_array:[0.00023011 0.01979083 0.06476374 0.15643127 0.18369776 0.17265467
 0.16406275 0.13929321 0.09797746 0.00109826]

rule31: median_income > 5.124
probabilities_array:[0.         0.         0.         0.00692548 0.05866213 0.15505965
 0.21425125 0.23753984 0.30433926 0.02322235]

rule29: 2.589 < median_income < 3.856
probabilities_array:[0.         0.0880796  0.16185187 0.1805348  0.18674017 0.15273154
 0.10001017 0.07101119 0.01648699 0.04255368]

rule5: 34.199 < latitude < 35.644
probabilities_array:[0.27165627 0.05220152 0.09379864 0.15634452 0.15762949 0.10258885
 0.07880403 0.00222215 0.         0.08475465]

rule27: households > 753.057
probabilities_array:[0.01475218 0.16603474 0.01011935 0.01498089 0.06829166 0.15879022
 0.00583046 0.07114416 0.07318804 0.41686824]

rule20: population < 652.980
probabilities_array:[0.         0.05507834 0.         0.05659626 0.10901492 0.09138526
 0.14587817 0.10643301 0.32849666 0.10711738]

rule8: housing_median_age < 20.105
probabilities_array:[0.05059459 0.14480798 0.16828431 0.16303068 0.11307568 0.09156118
 0.10722532 0.04175754 0.         0.1196628 ]

rule0: longitude < -120.937
probabilities_array:[0.         0.00739014 0.02072201 0.02736549 0.15882118 0.15192682
 0.04002327 0.0416286  0.06277329 0.48934916]

rule9: 20.105 < housing_median_age < 28.602
probabilities_array:[0.0588746  0.10117298 0.00913332 0.13311438 0.1669892  0.0974402
 0.         0.11078124 0.         0.32249406]

rule12: total_rooms < 1158.136
probabilities_array:[0.27290553 0.158964   0.19890815 0.11702836 0.05366029 0.06638411
 0.04299215 0.04817253 0.         0.04098481]

rule14: 2620.259 < total_rooms < 4082.382
probabilities_array:[0.         0.08450911 0.00244219 0.         0.07039139 0.07781154
 0.07981314 0.15383692 0.26738784 0.26380786]

rule39: ocean_proximity_NEAR OCEAN = 1.0
probabilities_array:[0.0080702  0.22090194 0.08134764 0.         0.         0.05593422
 0.04415612 0.10618429 0.31484365 0.16856195]

rule26: 497.317 < households < 753.057
probabilities_array:[0.0639825  0.04330134 0.0862784  0.07125469 0.02624521 0.10353886
 0.02569864 0.         0.01041821 0.5692821 ]


---6---
rule35: ocean_proximity_ISLAND = 1.0
probabilities_array:[0.         0.         0.         0.         0.         0.
 0.30171385 0.         0.44503376 0.2532524 ]

rule31: median_income > 5.124
probabilities_array:[0.         0.         0.         0.00692548 0.05866213 0.15505965
 0.21425125 0.23753984 0.30433926 0.02322235]

rule32: ocean_proximity_INLAND = 0.0
probabilities_array:[0.         0.01402877 0.04831308 0.1298579  0.19059588 0.19349872
 0.17094181 0.13333522 0.11942865 0.        ]

rule30: 3.856 < median_income < 5.124
probabilities_array:[0.00023011 0.01979083 0.06476374 0.15643127 0.18369776 0.17265467
 0.16406275 0.13929321 0.09797746 0.00109826]

rule15: total_rooms > 4082.382
probabilities_array:[0.         0.03571267 0.01451006 0.         0.06833745 0.04422238
 0.18804137 0.10847067 0.33158034 0.20912509]

rule20: population < 652.980
probabilities_array:[0.         0.05507834 0.         0.05659626 0.10901492 0.09138526
 0.14587817 0.10643301 0.32849666 0.10711738]

rule29: 2.589 < median_income < 3.856
probabilities_array:[0.         0.0880796  0.16185187 0.1805348  0.18674017 0.15273154
 0.10001017 0.07101119 0.01648699 0.04255368]

rule8: housing_median_age < 20.105
probabilities_array:[0.05059459 0.14480798 0.16828431 0.16303068 0.11307568 0.09156118
 0.10722532 0.04175754 0.         0.1196628 ]

rule5: 34.199 < latitude < 35.644
probabilities_array:[0.27165627 0.05220152 0.09379864 0.15634452 0.15762949 0.10258885
 0.07880403 0.00222215 0.         0.08475465]

rule14: 2620.259 < total_rooms < 4082.382
probabilities_array:[0.         0.08450911 0.00244219 0.         0.07039139 0.07781154
 0.07981314 0.15383692 0.26738784 0.26380786]

rule12: total_rooms < 1158.136
probabilities_array:[0.27290553 0.158964   0.19890815 0.11702836 0.05366029 0.06638411
 0.04299215 0.04817253 0.         0.04098481]


---7---
rule31: median_income > 5.124
probabilities_array:[0.         0.         0.         0.00692548 0.05866213 0.15505965
 0.21425125 0.23753984 0.30433926 0.02322235]

rule37: ocean_proximity_NEAR BAY = 1.0
probabilities_array:[0.00161207 0.16799612 0.07874346 0.04502871 0.         0.
 0.         0.20439948 0.24921097 0.25300923]

rule30: 3.856 < median_income < 5.124
probabilities_array:[0.00023011 0.01979083 0.06476374 0.15643127 0.18369776 0.17265467
 0.16406275 0.13929321 0.09797746 0.00109826]

rule32: ocean_proximity_INLAND = 0.0
probabilities_array:[0.         0.01402877 0.04831308 0.1298579  0.19059588 0.19349872
 0.17094181 0.13333522 0.11942865 0.        ]

rule2: -119.584 < longitude < -118.231
probabilities_array:[0.1863765  0.17190169 0.         0.00517114 0.03216556 0.
 0.03785024 0.1526854  0.255711   0.15813853]

rule14: 2620.259 < total_rooms < 4082.382
probabilities_array:[0.         0.08450911 0.00244219 0.         0.07039139 0.07781154
 0.07981314 0.15383692 0.26738784 0.26380786]

rule20: population < 652.980
probabilities_array:[0.         0.05507834 0.         0.05659626 0.10901492 0.09138526
 0.14587817 0.10643301 0.32849666 0.10711738]

rule39: ocean_proximity_NEAR OCEAN = 1.0
probabilities_array:[0.0080702  0.22090194 0.08134764 0.         0.         0.05593422
 0.04415612 0.10618429 0.31484365 0.16856195]

rule15: total_rooms > 4082.382
probabilities_array:[0.         0.03571267 0.01451006 0.         0.06833745 0.04422238
 0.18804137 0.10847067 0.33158034 0.20912509]

rule9: 20.105 < housing_median_age < 28.602
probabilities_array:[0.0588746  0.10117298 0.00913332 0.13311438 0.1669892  0.0974402
 0.         0.11078124 0.         0.32249406]

rule29: 2.589 < median_income < 3.856
probabilities_array:[0.         0.0880796  0.16185187 0.1805348  0.18674017 0.15273154
 0.10001017 0.07101119 0.01648699 0.04255368]

rule11: housing_median_age > 37.098
probabilities_array:[0.15137787 0.12182955 0.02304311 0.         0.         0.
 0.02876706 0.07321985 0.2963258  0.30543685]

rule12: total_rooms < 1158.136
probabilities_array:[0.27290553 0.158964   0.19890815 0.11702836 0.05366029 0.06638411
 0.04299215 0.04817253 0.         0.04098481]

rule1: -120.937 < longitude < -119.584
probabilities_array:[0.25205085 0.23957483 0.116652   0.         0.         0.03254536
 0.         0.06302466 0.00044639 0.29570594]

rule27: households > 753.057
probabilities_array:[0.01475218 0.16603474 0.01011935 0.01498089 0.06829166 0.15879022
 0.00583046 0.07114416 0.07318804 0.41686824]


---8---
rule35: ocean_proximity_ISLAND = 1.0
probabilities_array:[0.         0.         0.         0.         0.         0.
 0.30171385 0.         0.44503376 0.2532524 ]

rule31: median_income > 5.124
probabilities_array:[0.         0.         0.         0.00692548 0.05866213 0.15505965
 0.21425125 0.23753984 0.30433926 0.02322235]

rule20: population < 652.980
probabilities_array:[0.         0.05507834 0.         0.05659626 0.10901492 0.09138526
 0.14587817 0.10643301 0.32849666 0.10711738]

rule15: total_rooms > 4082.382
probabilities_array:[0.         0.03571267 0.01451006 0.         0.06833745 0.04422238
 0.18804137 0.10847067 0.33158034 0.20912509]

rule39: ocean_proximity_NEAR OCEAN = 1.0
probabilities_array:[0.0080702  0.22090194 0.08134764 0.         0.         0.05593422
 0.04415612 0.10618429 0.31484365 0.16856195]

rule2: -119.584 < longitude < -118.231
probabilities_array:[0.1863765  0.17190169 0.         0.00517114 0.03216556 0.
 0.03785024 0.1526854  0.255711   0.15813853]

rule11: housing_median_age > 37.098
probabilities_array:[0.15137787 0.12182955 0.02304311 0.         0.         0.
 0.02876706 0.07321985 0.2963258  0.30543685]

rule14: 2620.259 < total_rooms < 4082.382
probabilities_array:[0.         0.08450911 0.00244219 0.         0.07039139 0.07781154
 0.07981314 0.15383692 0.26738784 0.26380786]

rule37: ocean_proximity_NEAR BAY = 1.0
probabilities_array:[0.00161207 0.16799612 0.07874346 0.04502871 0.         0.
 0.         0.20439948 0.24921097 0.25300923]

rule32: ocean_proximity_INLAND = 0.0
probabilities_array:[0.         0.01402877 0.04831308 0.1298579  0.19059588 0.19349872
 0.17094181 0.13333522 0.11942865 0.        ]

rule30: 3.856 < median_income < 5.124
probabilities_array:[0.00023011 0.01979083 0.06476374 0.15643127 0.18369776 0.17265467
 0.16406275 0.13929321 0.09797746 0.00109826]

rule4: latitude < 34.199
probabilities_array:[0.01157586 0.20803484 0.16631137 0.08625022 0.06312116 0.03302879
 0.04856587 0.00521457 0.12414157 0.2537558 ]

rule21: 652.980 < population < 1423.924
probabilities_array:[0.12462911 0.16158321 0.         0.         0.         0.
 0.01616858 0.06146977 0.15074928 0.48540002]

rule10: 28.602 < housing_median_age < 37.098
probabilities_array:[0.25662598 0.13696833 0.01307864 0.10667069 0.04169321 0.
 0.         0.         0.08704557 0.35791758]

rule27: households > 753.057
probabilities_array:[0.01475218 0.16603474 0.01011935 0.01498089 0.06829166 0.15879022
 0.00583046 0.07114416 0.07318804 0.41686824]

