R2: 0.452380035349796

MAE: 59128.03699354081

MSE: 7372324519.8088665

Accuracy: 0.35775102759835586

F1: 0.28342609619747877

Confusion Matrix: [[439, 223, 31, 12, 3, 0, 0, 0, 6], [211, 585, 221, 56, 4, 6, 0, 0, 5], [60, 385, 394, 233, 50, 7, 0, 0, 19], [16, 183, 220, 429, 86, 22, 0, 0, 52], [25, 116, 114, 302, 96, 74, 0, 0, 96], [10, 73, 69, 164, 53, 100, 0, 0, 135], [7, 36, 24, 82, 53, 69, 0, 0, 155], [9, 32, 21, 64, 29, 63, 0, 0, 181], [12, 22, 14, 70, 53, 37, 0, 0, 394]]

Uncertainties: {'class0': [0.06818552315235138, 0.0798582211136818, 0.12800833582878113, 0.1680605262517929, 0.20776548981666565], 'class1': [0.04509041830897331, 0.06818552315235138, 0.0798582211136818, 0.12719903886318207, 0.12800833582878113], 'class2': [0.0, 0.003369720419868827, 0.04509041830897331, 0.06818552315235138, 0.0798582211136818], 'class3': [0.0, 0.003369720419868827, 0.04509041830897331, 0.06818552315235138, 0.0798582211136818], 'class4': [0.0, 0.003369720419868827, 0.022869907319545746, 0.04509041830897331, 0.0798582211136818], 'class5': [0.0, 0.003369720419868827, 0.022869907319545746, 0.04509041830897331, 0.06818552315235138], 'class6': [0.0, 0.003369720419868827, 0.022869907319545746, 0.04509041830897331, 0.12719903886318207], 'class7': [0.0, 0.003369720419868827, 0.022869907319545746, 0.04509041830897331, 0.06818552315235138], 'class8': [0.0, 0.003369720419868827, 0.022869907319545746, 0.12719903886318207, 0.12800833582878113]}

Most important rules
-----------------------------

---0---
rule28: median_income < 2.586
probabilities_array:[0.3753811  0.31249306 0.09646787 0.         0.         0.
 0.         0.         0.         0.21565786]

rule33: ocean_proximity_INLAND = 1.0
probabilities_array:[0.32596076 0.25480416 0.15078261 0.01341245 0.         0.
 0.         0.         0.         0.25503996]

rule12: total_rooms < 1158.121
probabilities_array:[0.2589569  0.15491924 0.22645755 0.11592819 0.0276011  0.07203196
 0.03184476 0.04407471 0.         0.06818552]

rule2: -119.562 < longitude < -118.209
probabilities_array:[0.24877629 0.16137609 0.         0.         0.06224879 0.00047535
 0.04893637 0.08912589 0.26105288 0.12800834]

rule38: ocean_proximity_NEAR OCEAN = 0.0
probabilities_array:[0.2837496  0.1756527  0.13233325 0.13851395 0.00898779 0.00740696
 0.00480073 0.00051312 0.         0.24804185]

rule36: ocean_proximity_NEAR BAY = 0.0
probabilities_array:[0.3036217  0.18073812 0.14203142 0.02323921 0.01616657 0.01439134
 0.00278963 0.00078337 0.         0.31623867]

rule5: 34.183 < latitude < 35.622
probabilities_array:[0.20932399 0.04894108 0.09360075 0.1882476  0.20169547 0.1269508
 0.038714   0.01266815 0.         0.07985822]

rule10: 28.632 < housing_median_age < 37.141
probabilities_array:[0.27644074 0.1232371  0.01324187 0.10003277 0.05098571 0.
 0.         0.         0.12237927 0.31368256]

rule22: 1425.399 < population < 2178.168
probabilities_array:[0.26909855 0.14534798 0.19770038 0.04480239 0.01516573 0.02896048
 0.         0.         0.         0.2989245 ]

rule11: housing_median_age > 37.141
probabilities_array:[0.2452607  0.10172462 0.         0.         0.         0.
 0.00639871 0.08106896 0.2874055  0.27814144]

rule1: -120.915 < longitude < -119.562
probabilities_array:[0.26535407 0.24811609 0.09117782 0.         0.         0.
 0.00484462 0.01328767 0.02315293 0.35406676]

rule25: 242.291 < households < 500.722
probabilities_array:[2.5365603e-01 1.9257037e-01 1.3410011e-01 2.0129172e-02 2.7454387e-06
 3.2743264e-03 3.3329096e-02 1.5509696e-02 0.0000000e+00 3.4742844e-01]

rule6: 35.622 < latitude < 37.060
probabilities_array:[0.4026779  0.         0.         0.         0.00112268 0.
 0.00325246 0.         0.         0.592947  ]

rule23: population > 2178.168
probabilities_array:[0.19413264 0.11038381 0.27986383 0.16266651 0.03805544 0.04683716
 0.         0.         0.         0.16806053]

rule13: 1158.121 < total_rooms < 2648.938
probabilities_array:[0.22758049 0.11417823 0.14085647 0.12456019 0.02935052 0.02788368
 0.         0.         0.         0.33559042]

rule24: households < 242.291
probabilities_array:[0.20639898 0.17290701 0.14547896 0.         0.05596787 0.
 0.         0.         0.06298985 0.35625726]

rule16: total_bedrooms < 254.367
probabilities_array:[0.2023012  0.1626003  0.06739762 0.10029131 0.06225815 0.
 0.00051814 0.         0.0071748  0.39745852]

rule17: 254.367 < total_bedrooms < 538.181
probabilities_array:[0.22816475 0.113038   0.13167523 0.00576468 0.02360784 0.00563601
 0.         0.00089919 0.         0.49121436]

rule34: ocean_proximity_ISLAND = 0.0
probabilities_array:[1.1441695e-01 1.9335631e-01 1.4233190e-01 1.1965537e-02 2.3683026e-02
 3.4824894e-03 1.3487781e-03 2.6408306e-04 0.0000000e+00 5.0915098e-01]

rule26: 500.722 < households < 759.152
probabilities_array:[0.08606391 0.09882985 0.07553563 0.06458753 0.02733167 0.12155642
 0.01445397 0.         0.00957469 0.50206625]

rule3: longitude > -118.209
probabilities_array:[0.05255266 0.08419317 0.2065278  0.23770724 0.19182818 0.01942545
 0.         0.         0.         0.20776549]


---1---
rule28: median_income < 2.586
probabilities_array:[0.3753811  0.31249306 0.09646787 0.         0.         0.
 0.         0.         0.         0.21565786]

rule33: ocean_proximity_INLAND = 1.0
probabilities_array:[0.32596076 0.25480416 0.15078261 0.01341245 0.         0.
 0.         0.         0.         0.25503996]

rule39: ocean_proximity_NEAR OCEAN = 1.0
probabilities_array:[0.00214322 0.20641685 0.07029635 0.         0.00058444 0.06407911
 0.11501603 0.15490955 0.25935546 0.12719904]

rule4: latitude < 34.183
probabilities_array:[0.00994553 0.21265668 0.18983902 0.10045686 0.0367066  0.04332803
 0.05983097 0.03188313 0.08192806 0.23342516]

rule1: -120.915 < longitude < -119.562
probabilities_array:[0.26535407 0.24811609 0.09117782 0.         0.         0.
 0.00484462 0.01328767 0.02315293 0.35406676]

rule7: latitude > 37.060
probabilities_array:[0.         0.26919654 0.21067253 0.05700042 0.01361388 0.00700919
 0.         0.         0.03006597 0.41244146]

rule37: ocean_proximity_NEAR BAY = 1.0
probabilities_array:[0.         0.20623825 0.05648905 0.         0.         0.
 0.03939434 0.1812741  0.22092232 0.29568195]

rule12: total_rooms < 1158.121
probabilities_array:[0.2589569  0.15491924 0.22645755 0.11592819 0.0276011  0.07203196
 0.03184476 0.04407471 0.         0.06818552]

rule2: -119.562 < longitude < -118.209
probabilities_array:[0.24877629 0.16137609 0.         0.         0.06224879 0.00047535
 0.04893637 0.08912589 0.26105288 0.12800834]

rule38: ocean_proximity_NEAR OCEAN = 0.0
probabilities_array:[0.2837496  0.1756527  0.13233325 0.13851395 0.00898779 0.00740696
 0.00480073 0.00051312 0.         0.24804185]

rule25: 242.291 < households < 500.722
probabilities_array:[2.5365603e-01 1.9257037e-01 1.3410011e-01 2.0129172e-02 2.7454387e-06
 3.2743264e-03 3.3329096e-02 1.5509696e-02 0.0000000e+00 3.4742844e-01]

rule36: ocean_proximity_NEAR BAY = 0.0
probabilities_array:[0.3036217  0.18073812 0.14203142 0.02323921 0.01616657 0.01439134
 0.00278963 0.00078337 0.         0.31623867]

rule8: housing_median_age < 20.122
probabilities_array:[0.0007119  0.16480422 0.17530061 0.13098943 0.06511627 0.07861923
 0.08394431 0.00515889 0.         0.29535523]

rule24: households < 242.291
probabilities_array:[0.20639898 0.17290701 0.14547896 0.         0.05596787 0.
 0.         0.         0.06298985 0.35625726]

rule22: 1425.399 < population < 2178.168
probabilities_array:[0.26909855 0.14534798 0.19770038 0.04480239 0.01516573 0.02896048
 0.         0.         0.         0.2989245 ]

rule16: total_bedrooms < 254.367
probabilities_array:[0.2023012  0.1626003  0.06739762 0.10029131 0.06225815 0.
 0.00051814 0.         0.0071748  0.39745852]

rule34: ocean_proximity_ISLAND = 0.0
probabilities_array:[1.1441695e-01 1.9335631e-01 1.4233190e-01 1.1965537e-02 2.3683026e-02
 3.4824894e-03 1.3487781e-03 2.6408306e-04 0.0000000e+00 5.0915098e-01]

rule23: population > 2178.168
probabilities_array:[0.19413264 0.11038381 0.27986383 0.16266651 0.03805544 0.04683716
 0.         0.         0.         0.16806053]

rule21: 672.631 < population < 1425.399
probabilities_array:[0.08127589 0.20540419 0.00750132 0.         0.00995009 0.
 0.         0.01881827 0.1031955  0.5738548 ]

rule29: 2.586 < median_income < 3.878
probabilities_array:[0.         0.09139156 0.16110402 0.20434633 0.19236417 0.14704417
 0.08593476 0.06517213 0.00755248 0.04509042]

rule10: 28.632 < housing_median_age < 37.141
probabilities_array:[0.27644074 0.1232371  0.01324187 0.10003277 0.05098571 0.
 0.         0.         0.12237927 0.31368256]

rule9: 20.122 < housing_median_age < 28.632
probabilities_array:[0.06206293 0.12701951 0.         0.11313117 0.16923049 0.13582192
 0.00254889 0.         0.02695136 0.3632337 ]

rule13: 1158.121 < total_rooms < 2648.938
probabilities_array:[0.22758049 0.11417823 0.14085647 0.12456019 0.02935052 0.02788368
 0.         0.         0.         0.33559042]

rule15: total_rooms > 4139.756
probabilities_array:[0.02480549 0.09285732 0.         0.         0.04934389 0.04514756
 0.14222316 0.0951111  0.3440188  0.20649277]

rule11: housing_median_age > 37.141
probabilities_array:[0.2452607  0.10172462 0.         0.         0.         0.
 0.00639871 0.08106896 0.2874055  0.27814144]

rule3: longitude > -118.209
probabilities_array:[0.05255266 0.08419317 0.2065278  0.23770724 0.19182818 0.01942545
 0.         0.         0.         0.20776549]

rule18: 538.181 < total_bedrooms < 821.995
probabilities_array:[7.72522688e-02 1.35569066e-01 1.21063516e-01 5.75238988e-02
 2.34115156e-04 1.41286254e-02 4.59021702e-02 1.42697599e-02
 6.77815825e-03 5.27278364e-01]

rule17: 254.367 < total_bedrooms < 538.181
probabilities_array:[0.22816475 0.113038   0.13167523 0.00576468 0.02360784 0.00563601
 0.         0.00089919 0.         0.49121436]

rule19: total_bedrooms > 821.995
probabilities_array:[0.02799021 0.1220644  0.04162253 0.         0.06090907 0.07111202
 0.02995678 0.04095212 0.03632315 0.5690698 ]

rule26: 500.722 < households < 759.152
probabilities_array:[0.08606391 0.09882985 0.07553563 0.06458753 0.02733167 0.12155642
 0.01445397 0.         0.00957469 0.50206625]

rule5: 34.183 < latitude < 35.622
probabilities_array:[0.20932399 0.04894108 0.09360075 0.1882476  0.20169547 0.1269508
 0.038714   0.01266815 0.         0.07985822]

rule20: population < 672.631
probabilities_array:[0.         0.0546841  0.         0.05771843 0.10226019 0.05423748
 0.11208726 0.11164136 0.30381113 0.20356   ]


---2---
rule23: population > 2178.168
probabilities_array:[0.19413264 0.11038381 0.27986383 0.16266651 0.03805544 0.04683716
 0.         0.         0.         0.16806053]

rule12: total_rooms < 1158.121
probabilities_array:[0.2589569  0.15491924 0.22645755 0.11592819 0.0276011  0.07203196
 0.03184476 0.04407471 0.         0.06818552]

rule3: longitude > -118.209
probabilities_array:[0.05255266 0.08419317 0.2065278  0.23770724 0.19182818 0.01942545
 0.         0.         0.         0.20776549]

rule29: 2.586 < median_income < 3.878
probabilities_array:[0.         0.09139156 0.16110402 0.20434633 0.19236417 0.14704417
 0.08593476 0.06517213 0.00755248 0.04509042]

rule4: latitude < 34.183
probabilities_array:[0.00994553 0.21265668 0.18983902 0.10045686 0.0367066  0.04332803
 0.05983097 0.03188313 0.08192806 0.23342516]

rule22: 1425.399 < population < 2178.168
probabilities_array:[0.26909855 0.14534798 0.19770038 0.04480239 0.01516573 0.02896048
 0.         0.         0.         0.2989245 ]

rule7: latitude > 37.060
probabilities_array:[0.         0.26919654 0.21067253 0.05700042 0.01361388 0.00700919
 0.         0.         0.03006597 0.41244146]

rule8: housing_median_age < 20.122
probabilities_array:[0.0007119  0.16480422 0.17530061 0.13098943 0.06511627 0.07861923
 0.08394431 0.00515889 0.         0.29535523]

rule33: ocean_proximity_INLAND = 1.0
probabilities_array:[0.32596076 0.25480416 0.15078261 0.01341245 0.         0.
 0.         0.         0.         0.25503996]

rule38: ocean_proximity_NEAR OCEAN = 0.0
probabilities_array:[0.2837496  0.1756527  0.13233325 0.13851395 0.00898779 0.00740696
 0.00480073 0.00051312 0.         0.24804185]

rule36: ocean_proximity_NEAR BAY = 0.0
probabilities_array:[0.3036217  0.18073812 0.14203142 0.02323921 0.01616657 0.01439134
 0.00278963 0.00078337 0.         0.31623867]

rule24: households < 242.291
probabilities_array:[0.20639898 0.17290701 0.14547896 0.         0.05596787 0.
 0.         0.         0.06298985 0.35625726]

rule13: 1158.121 < total_rooms < 2648.938
probabilities_array:[0.22758049 0.11417823 0.14085647 0.12456019 0.02935052 0.02788368
 0.         0.         0.         0.33559042]

rule25: 242.291 < households < 500.722
probabilities_array:[2.5365603e-01 1.9257037e-01 1.3410011e-01 2.0129172e-02 2.7454387e-06
 3.2743264e-03 3.3329096e-02 1.5509696e-02 0.0000000e+00 3.4742844e-01]

rule5: 34.183 < latitude < 35.622
probabilities_array:[0.20932399 0.04894108 0.09360075 0.1882476  0.20169547 0.1269508
 0.038714   0.01266815 0.         0.07985822]

rule28: median_income < 2.586
probabilities_array:[0.3753811  0.31249306 0.09646787 0.         0.         0.
 0.         0.         0.         0.21565786]

rule34: ocean_proximity_ISLAND = 0.0
probabilities_array:[1.1441695e-01 1.9335631e-01 1.4233190e-01 1.1965537e-02 2.3683026e-02
 3.4824894e-03 1.3487781e-03 2.6408306e-04 0.0000000e+00 5.0915098e-01]

rule17: 254.367 < total_bedrooms < 538.181
probabilities_array:[0.22816475 0.113038   0.13167523 0.00576468 0.02360784 0.00563601
 0.         0.00089919 0.         0.49121436]

rule39: ocean_proximity_NEAR OCEAN = 1.0
probabilities_array:[0.00214322 0.20641685 0.07029635 0.         0.00058444 0.06407911
 0.11501603 0.15490955 0.25935546 0.12719904]

rule30: 3.878 < median_income < 5.170
probabilities_array:[0.00192416 0.01898719 0.0607232  0.14420253 0.18446393 0.1731223
 0.17994037 0.13955508 0.09371153 0.00336972]

rule1: -120.915 < longitude < -119.562
probabilities_array:[0.26535407 0.24811609 0.09117782 0.         0.         0.
 0.00484462 0.01328767 0.02315293 0.35406676]

rule18: 538.181 < total_bedrooms < 821.995
probabilities_array:[7.72522688e-02 1.35569066e-01 1.21063516e-01 5.75238988e-02
 2.34115156e-04 1.41286254e-02 4.59021702e-02 1.42697599e-02
 6.77815825e-03 5.27278364e-01]

rule32: ocean_proximity_INLAND = 0.0
probabilities_array:[0.0008357  0.01342512 0.04920409 0.14363664 0.18426952 0.2084614
 0.15162782 0.13311248 0.11542714 0.        ]

rule16: total_bedrooms < 254.367
probabilities_array:[0.2023012  0.1626003  0.06739762 0.10029131 0.06225815 0.
 0.00051814 0.         0.0071748  0.39745852]


---3---
rule29: 2.586 < median_income < 3.878
probabilities_array:[0.         0.09139156 0.16110402 0.20434633 0.19236417 0.14704417
 0.08593476 0.06517213 0.00755248 0.04509042]

rule3: longitude > -118.209
probabilities_array:[0.05255266 0.08419317 0.2065278  0.23770724 0.19182818 0.01942545
 0.         0.         0.         0.20776549]

rule5: 34.183 < latitude < 35.622
probabilities_array:[0.20932399 0.04894108 0.09360075 0.1882476  0.20169547 0.1269508
 0.038714   0.01266815 0.         0.07985822]

rule30: 3.878 < median_income < 5.170
probabilities_array:[0.00192416 0.01898719 0.0607232  0.14420253 0.18446393 0.1731223
 0.17994037 0.13955508 0.09371153 0.00336972]

rule32: ocean_proximity_INLAND = 0.0
probabilities_array:[0.0008357  0.01342512 0.04920409 0.14363664 0.18426952 0.2084614
 0.15162782 0.13311248 0.11542714 0.        ]

rule23: population > 2178.168
probabilities_array:[0.19413264 0.11038381 0.27986383 0.16266651 0.03805544 0.04683716
 0.         0.         0.         0.16806053]

rule12: total_rooms < 1158.121
probabilities_array:[0.2589569  0.15491924 0.22645755 0.11592819 0.0276011  0.07203196
 0.03184476 0.04407471 0.         0.06818552]

rule38: ocean_proximity_NEAR OCEAN = 0.0
probabilities_array:[0.2837496  0.1756527  0.13233325 0.13851395 0.00898779 0.00740696
 0.00480073 0.00051312 0.         0.24804185]

rule8: housing_median_age < 20.122
probabilities_array:[0.0007119  0.16480422 0.17530061 0.13098943 0.06511627 0.07861923
 0.08394431 0.00515889 0.         0.29535523]

rule13: 1158.121 < total_rooms < 2648.938
probabilities_array:[0.22758049 0.11417823 0.14085647 0.12456019 0.02935052 0.02788368
 0.         0.         0.         0.33559042]

rule4: latitude < 34.183
probabilities_array:[0.00994553 0.21265668 0.18983902 0.10045686 0.0367066  0.04332803
 0.05983097 0.03188313 0.08192806 0.23342516]

rule9: 20.122 < housing_median_age < 28.632
probabilities_array:[0.06206293 0.12701951 0.         0.11313117 0.16923049 0.13582192
 0.00254889 0.         0.02695136 0.3632337 ]

rule10: 28.632 < housing_median_age < 37.141
probabilities_array:[0.27644074 0.1232371  0.01324187 0.10003277 0.05098571 0.
 0.         0.         0.12237927 0.31368256]

rule16: total_bedrooms < 254.367
probabilities_array:[0.2023012  0.1626003  0.06739762 0.10029131 0.06225815 0.
 0.00051814 0.         0.0071748  0.39745852]

rule20: population < 672.631
probabilities_array:[0.         0.0546841  0.         0.05771843 0.10226019 0.05423748
 0.11208726 0.11164136 0.30381113 0.20356   ]


---4---
rule5: 34.183 < latitude < 35.622
probabilities_array:[0.20932399 0.04894108 0.09360075 0.1882476  0.20169547 0.1269508
 0.038714   0.01266815 0.         0.07985822]

rule32: ocean_proximity_INLAND = 0.0
probabilities_array:[0.0008357  0.01342512 0.04920409 0.14363664 0.18426952 0.2084614
 0.15162782 0.13311248 0.11542714 0.        ]

rule30: 3.878 < median_income < 5.170
probabilities_array:[0.00192416 0.01898719 0.0607232  0.14420253 0.18446393 0.1731223
 0.17994037 0.13955508 0.09371153 0.00336972]

rule29: 2.586 < median_income < 3.878
probabilities_array:[0.         0.09139156 0.16110402 0.20434633 0.19236417 0.14704417
 0.08593476 0.06517213 0.00755248 0.04509042]

rule3: longitude > -118.209
probabilities_array:[0.05255266 0.08419317 0.2065278  0.23770724 0.19182818 0.01942545
 0.         0.         0.         0.20776549]

rule9: 20.122 < housing_median_age < 28.632
probabilities_array:[0.06206293 0.12701951 0.         0.11313117 0.16923049 0.13582192
 0.00254889 0.         0.02695136 0.3632337 ]

rule20: population < 672.631
probabilities_array:[0.         0.0546841  0.         0.05771843 0.10226019 0.05423748
 0.11208726 0.11164136 0.30381113 0.20356   ]

rule31: median_income > 5.170
probabilities_array:[0.         0.         0.00160474 0.0100183  0.07396255 0.1523817
 0.20774499 0.23344733 0.29797044 0.02286991]

rule14: 2648.938 < total_rooms < 4139.756
probabilities_array:[0.         0.05157221 0.00700568 0.         0.10751553 0.05790234
 0.08287187 0.08923139 0.2742579  0.32964313]

rule0: longitude < -120.915
probabilities_array:[0.         0.02571324 0.07309192 0.05867335 0.13074218 0.13691893
 0.02827476 0.02296383 0.04147788 0.48214397]

rule27: households > 759.152
probabilities_array:[0.00193745 0.04432004 0.06705473 0.01900833 0.11843474 0.12961361
 0.00780354 0.084335   0.01253934 0.51495326]

rule2: -119.562 < longitude < -118.209
probabilities_array:[0.24877629 0.16137609 0.         0.         0.06224879 0.00047535
 0.04893637 0.08912589 0.26105288 0.12800834]

rule8: housing_median_age < 20.122
probabilities_array:[0.0007119  0.16480422 0.17530061 0.13098943 0.06511627 0.07861923
 0.08394431 0.00515889 0.         0.29535523]


---5---
rule32: ocean_proximity_INLAND = 0.0
probabilities_array:[0.0008357  0.01342512 0.04920409 0.14363664 0.18426952 0.2084614
 0.15162782 0.13311248 0.11542714 0.        ]

rule30: 3.878 < median_income < 5.170
probabilities_array:[0.00192416 0.01898719 0.0607232  0.14420253 0.18446393 0.1731223
 0.17994037 0.13955508 0.09371153 0.00336972]

rule31: median_income > 5.170
probabilities_array:[0.         0.         0.00160474 0.0100183  0.07396255 0.1523817
 0.20774499 0.23344733 0.29797044 0.02286991]

rule29: 2.586 < median_income < 3.878
probabilities_array:[0.         0.09139156 0.16110402 0.20434633 0.19236417 0.14704417
 0.08593476 0.06517213 0.00755248 0.04509042]

rule5: 34.183 < latitude < 35.622
probabilities_array:[0.20932399 0.04894108 0.09360075 0.1882476  0.20169547 0.1269508
 0.038714   0.01266815 0.         0.07985822]

rule9: 20.122 < housing_median_age < 28.632
probabilities_array:[0.06206293 0.12701951 0.         0.11313117 0.16923049 0.13582192
 0.00254889 0.         0.02695136 0.3632337 ]

rule0: longitude < -120.915
probabilities_array:[0.         0.02571324 0.07309192 0.05867335 0.13074218 0.13691893
 0.02827476 0.02296383 0.04147788 0.48214397]

rule12: total_rooms < 1158.121
probabilities_array:[0.2589569  0.15491924 0.22645755 0.11592819 0.0276011  0.07203196
 0.03184476 0.04407471 0.         0.06818552]

rule27: households > 759.152
probabilities_array:[0.00193745 0.04432004 0.06705473 0.01900833 0.11843474 0.12961361
 0.00780354 0.084335   0.01253934 0.51495326]

rule26: 500.722 < households < 759.152
probabilities_array:[0.08606391 0.09882985 0.07553563 0.06458753 0.02733167 0.12155642
 0.01445397 0.         0.00957469 0.50206625]

rule39: ocean_proximity_NEAR OCEAN = 1.0
probabilities_array:[0.00214322 0.20641685 0.07029635 0.         0.00058444 0.06407911
 0.11501603 0.15490955 0.25935546 0.12719904]

rule8: housing_median_age < 20.122
probabilities_array:[0.0007119  0.16480422 0.17530061 0.13098943 0.06511627 0.07861923
 0.08394431 0.00515889 0.         0.29535523]

rule20: population < 672.631
probabilities_array:[0.         0.0546841  0.         0.05771843 0.10226019 0.05423748
 0.11208726 0.11164136 0.30381113 0.20356   ]


---6---
rule31: median_income > 5.170
probabilities_array:[0.         0.         0.00160474 0.0100183  0.07396255 0.1523817
 0.20774499 0.23344733 0.29797044 0.02286991]

rule30: 3.878 < median_income < 5.170
probabilities_array:[0.00192416 0.01898719 0.0607232  0.14420253 0.18446393 0.1731223
 0.17994037 0.13955508 0.09371153 0.00336972]

rule32: ocean_proximity_INLAND = 0.0
probabilities_array:[0.0008357  0.01342512 0.04920409 0.14363664 0.18426952 0.2084614
 0.15162782 0.13311248 0.11542714 0.        ]

rule15: total_rooms > 4139.756
probabilities_array:[0.02480549 0.09285732 0.         0.         0.04934389 0.04514756
 0.14222316 0.0951111  0.3440188  0.20649277]

rule39: ocean_proximity_NEAR OCEAN = 1.0
probabilities_array:[0.00214322 0.20641685 0.07029635 0.         0.00058444 0.06407911
 0.11501603 0.15490955 0.25935546 0.12719904]

rule20: population < 672.631
probabilities_array:[0.         0.0546841  0.         0.05771843 0.10226019 0.05423748
 0.11208726 0.11164136 0.30381113 0.20356   ]

rule35: ocean_proximity_ISLAND = 1.0
probabilities_array:[0.         0.         0.         0.         0.         0.
 0.1975291  0.00424805 0.23612738 0.56209546]

rule29: 2.586 < median_income < 3.878
probabilities_array:[0.         0.09139156 0.16110402 0.20434633 0.19236417 0.14704417
 0.08593476 0.06517213 0.00755248 0.04509042]

rule8: housing_median_age < 20.122
probabilities_array:[0.0007119  0.16480422 0.17530061 0.13098943 0.06511627 0.07861923
 0.08394431 0.00515889 0.         0.29535523]

rule14: 2648.938 < total_rooms < 4139.756
probabilities_array:[0.         0.05157221 0.00700568 0.         0.10751553 0.05790234
 0.08287187 0.08923139 0.2742579  0.32964313]

rule4: latitude < 34.183
probabilities_array:[0.00994553 0.21265668 0.18983902 0.10045686 0.0367066  0.04332803
 0.05983097 0.03188313 0.08192806 0.23342516]

rule2: -119.562 < longitude < -118.209
probabilities_array:[0.24877629 0.16137609 0.         0.         0.06224879 0.00047535
 0.04893637 0.08912589 0.26105288 0.12800834]


---7---
rule31: median_income > 5.170
probabilities_array:[0.         0.         0.00160474 0.0100183  0.07396255 0.1523817
 0.20774499 0.23344733 0.29797044 0.02286991]

rule30: 3.878 < median_income < 5.170
probabilities_array:[0.00192416 0.01898719 0.0607232  0.14420253 0.18446393 0.1731223
 0.17994037 0.13955508 0.09371153 0.00336972]

rule39: ocean_proximity_NEAR OCEAN = 1.0
probabilities_array:[0.00214322 0.20641685 0.07029635 0.         0.00058444 0.06407911
 0.11501603 0.15490955 0.25935546 0.12719904]

rule32: ocean_proximity_INLAND = 0.0
probabilities_array:[0.0008357  0.01342512 0.04920409 0.14363664 0.18426952 0.2084614
 0.15162782 0.13311248 0.11542714 0.        ]

rule37: ocean_proximity_NEAR BAY = 1.0
probabilities_array:[0.         0.20623825 0.05648905 0.         0.         0.
 0.03939434 0.1812741  0.22092232 0.29568195]

rule20: population < 672.631
probabilities_array:[0.         0.0546841  0.         0.05771843 0.10226019 0.05423748
 0.11208726 0.11164136 0.30381113 0.20356   ]

rule2: -119.562 < longitude < -118.209
probabilities_array:[0.24877629 0.16137609 0.         0.         0.06224879 0.00047535
 0.04893637 0.08912589 0.26105288 0.12800834]

rule15: total_rooms > 4139.756
probabilities_array:[0.02480549 0.09285732 0.         0.         0.04934389 0.04514756
 0.14222316 0.0951111  0.3440188  0.20649277]

rule29: 2.586 < median_income < 3.878
probabilities_array:[0.         0.09139156 0.16110402 0.20434633 0.19236417 0.14704417
 0.08593476 0.06517213 0.00755248 0.04509042]

rule14: 2648.938 < total_rooms < 4139.756
probabilities_array:[0.         0.05157221 0.00700568 0.         0.10751553 0.05790234
 0.08287187 0.08923139 0.2742579  0.32964313]

rule11: housing_median_age > 37.141
probabilities_array:[0.2452607  0.10172462 0.         0.         0.         0.
 0.00639871 0.08106896 0.2874055  0.27814144]

rule12: total_rooms < 1158.121
probabilities_array:[0.2589569  0.15491924 0.22645755 0.11592819 0.0276011  0.07203196
 0.03184476 0.04407471 0.         0.06818552]

rule27: households > 759.152
probabilities_array:[0.00193745 0.04432004 0.06705473 0.01900833 0.11843474 0.12961361
 0.00780354 0.084335   0.01253934 0.51495326]


---8---
rule31: median_income > 5.170
probabilities_array:[0.         0.         0.00160474 0.0100183  0.07396255 0.1523817
 0.20774499 0.23344733 0.29797044 0.02286991]

rule15: total_rooms > 4139.756
probabilities_array:[0.02480549 0.09285732 0.         0.         0.04934389 0.04514756
 0.14222316 0.0951111  0.3440188  0.20649277]

rule20: population < 672.631
probabilities_array:[0.         0.0546841  0.         0.05771843 0.10226019 0.05423748
 0.11208726 0.11164136 0.30381113 0.20356   ]

rule2: -119.562 < longitude < -118.209
probabilities_array:[0.24877629 0.16137609 0.         0.         0.06224879 0.00047535
 0.04893637 0.08912589 0.26105288 0.12800834]

rule39: ocean_proximity_NEAR OCEAN = 1.0
probabilities_array:[0.00214322 0.20641685 0.07029635 0.         0.00058444 0.06407911
 0.11501603 0.15490955 0.25935546 0.12719904]

rule11: housing_median_age > 37.141
probabilities_array:[0.2452607  0.10172462 0.         0.         0.         0.
 0.00639871 0.08106896 0.2874055  0.27814144]

rule14: 2648.938 < total_rooms < 4139.756
probabilities_array:[0.         0.05157221 0.00700568 0.         0.10751553 0.05790234
 0.08287187 0.08923139 0.2742579  0.32964313]

rule37: ocean_proximity_NEAR BAY = 1.0
probabilities_array:[0.         0.20623825 0.05648905 0.         0.         0.
 0.03939434 0.1812741  0.22092232 0.29568195]

rule32: ocean_proximity_INLAND = 0.0
probabilities_array:[0.0008357  0.01342512 0.04920409 0.14363664 0.18426952 0.2084614
 0.15162782 0.13311248 0.11542714 0.        ]

rule35: ocean_proximity_ISLAND = 1.0
probabilities_array:[0.         0.         0.         0.         0.         0.
 0.1975291  0.00424805 0.23612738 0.56209546]

rule30: 3.878 < median_income < 5.170
probabilities_array:[0.00192416 0.01898719 0.0607232  0.14420253 0.18446393 0.1731223
 0.17994037 0.13955508 0.09371153 0.00336972]

rule10: 28.632 < housing_median_age < 37.141
probabilities_array:[0.27644074 0.1232371  0.01324187 0.10003277 0.05098571 0.
 0.         0.         0.12237927 0.31368256]

rule4: latitude < 34.183
probabilities_array:[0.00994553 0.21265668 0.18983902 0.10045686 0.0367066  0.04332803
 0.05983097 0.03188313 0.08192806 0.23342516]

rule21: 672.631 < population < 1425.399
probabilities_array:[0.08127589 0.20540419 0.00750132 0.         0.00995009 0.
 0.         0.01881827 0.1031955  0.5738548 ]

rule24: households < 242.291
probabilities_array:[0.20639898 0.17290701 0.14547896 0.         0.05596787 0.
 0.         0.         0.06298985 0.35625726]

