R2: -3.2543550257878433

MAE: 207669.62650460217

MSE: 56378211098.47336

Accuracy: 0.35246623605402233

F1: 0.3365406282950747

Confusion Matrix: [[584, 102, 34, 14, 18, 1, 5, 0, 4], [228, 305, 94, 35, 41, 4, 14, 10, 10], [78, 215, 188, 119, 88, 12, 22, 25, 14], [31, 120, 97, 151, 213, 33, 34, 24, 21], [14, 80, 78, 87, 280, 60, 47, 59, 33], [11, 71, 36, 58, 200, 85, 121, 88, 59], [4, 46, 38, 37, 136, 72, 150, 201, 98], [1, 28, 16, 21, 88, 37, 155, 224, 235], [5, 16, 6, 12, 36, 24, 47, 190, 434]]

Uncertainties: {'class0': [0.6541044116020203, 0.5827313661575317, 0.5424975752830505, 0.5046738982200623, 0.46671274304389954], 'class1': [0.5046738982200623, 0.46671274304389954, 0.45008257031440735, 0.42428624629974365, 0.3367748558521271], 'class2': [0.46671274304389954, 0.45008257031440735, 0.42428624629974365, 0.3367748558521271, 0.2677402198314667], 'class3': [0.45008257031440735, 0.319916307926178, 0.17870217561721802, 0.17003335058689117, 0.13327229022979736], 'class4': [0.5046738982200623, 0.32512205839157104, 0.319916307926178, 0.27317437529563904, 0.24728402495384216], 'class5': [0.4466165006160736, 0.32512205839157104, 0.319916307926178, 0.3181203305721283, 0.27317437529563904], 'class6': [0.5424975752830505, 0.3367748558521271, 0.32512205839157104, 0.3181203305721283, 0.24728402495384216], 'class7': [0.5424975752830505, 0.5299686789512634, 0.4466165006160736, 0.32512205839157104, 0.3181203305721283], 'class8': [0.5896123647689819, 0.5299686789512634, 0.4466165006160736, 0.319916307926178, 0.3181203305721283]}

Most important rules
-----------------------------

---0---
rule28: median_income < 2.595
probabilities_array:[0.2948437  0.27576914 0.15768905 0.13826045 0.0759392  0.02184475
 0.01227368 0.         0.         0.02338014]

rule12: total_rooms < 1153.322
probabilities_array:[0.2668351  0.1308272  0.14563891 0.25776762 0.08897743 0.04445828
 0.03863756 0.0163174  0.         0.01054049]

rule33: ocean_proximity_INLAND = 1.0
probabilities_array:[0.3116832  0.24901998 0.21382073 0.01728592 0.00390986 0.00919148
 0.         0.         0.         0.19508885]

rule22: 1433.072 < population < 2204.017
probabilities_array:[0.24075384 0.15408038 0.1438574  0.19211169 0.07346387 0.03311007
 0.04613419 0.02285887 0.         0.09362963]

rule38: ocean_proximity_NEAR OCEAN = 0.0
probabilities_array:[0.2976607  0.12034845 0.04919705 0.01565043 0.12640642 0.08212409
 0.01504482 0.02039369 0.         0.27317438]

rule36: ocean_proximity_NEAR BAY = 0.0
probabilities_array:[0.32378572 0.08650556 0.07520229 0.00836786 0.00941946 0.02150377
 0.1120252  0.02641531 0.         0.33677486]

rule23: population > 2204.017
probabilities_array:[0.20446533 0.11102514 0.1637679  0.22440435 0.14609721 0.04695214
 0.06995483 0.02065487 0.         0.01267814]

rule13: 1153.322 < total_rooms < 2651.110
probabilities_array:[0.19685212 0.09500522 0.06819637 0.19894704 0.10440358 0.07182654
 0.06147737 0.03325838 0.         0.17003335]

rule1: -120.910 < longitude < -119.563
probabilities_array:[0.19343114 0.24766435 0.14638722 0.09973419 0.         0.
 0.         0.0380517  0.09602928 0.17870218]

rule6: 35.628 < latitude < 37.067
probabilities_array:[0.37197497 0.01945414 0.         0.         0.         0.
 0.02583954 0.         0.         0.58273137]

rule10: 28.600 < housing_median_age < 37.078
probabilities_array:[0.22786784 0.0857086  0.01446037 0.06492312 0.07540521 0.12305956
 0.         0.01553879 0.07312021 0.3199163 ]

rule5: 34.189 < latitude < 35.628
probabilities_array:[0.16000506 0.07749196 0.12471167 0.11644786 0.11845218 0.20144075
 0.0759152  0.04828944 0.         0.07724596]

rule25: 241.001 < households < 501.546
probabilities_array:[0.19451115 0.11601494 0.15468614 0.0257014  0.03364475 0.00908895
 0.         0.04206643 0.         0.42428625]

rule2: -119.563 < longitude < -118.216
probabilities_array:[0.13249789 0.22354165 0.02892748 0.         0.01258831 0.0128364
 0.06223135 0.07999558 0.26054415 0.1868372 ]

rule11: housing_median_age > 37.078
probabilities_array:[0.13899979 0.09536272 0.05090271 0.         0.         0.
 0.04554547 0.10151749 0.31582662 0.2518452 ]

rule21: 662.128 < population < 1433.072
probabilities_array:[0.1438351  0.12754068 0.05519036 0.04681554 0.00075861 0.
 0.00039596 0.08826913 0.23741436 0.29978028]

rule17: 252.833 < total_bedrooms < 538.465
probabilities_array:[0.17910206 0.07862    0.07434049 0.14730734 0.00523652 0.00596231
 0.05934877 0.         0.         0.45008257]

rule24: households < 241.001
probabilities_array:[1.64449081e-01 1.81370676e-01 1.17424645e-01 4.19739075e-02
 2.39921763e-04 0.00000000e+00 8.70729610e-03 0.00000000e+00
 1.91217717e-02 4.66712743e-01]

rule3: longitude > -118.216
probabilities_array:[0.08625045 0.0823779  0.17055058 0.21705489 0.19309723 0.1256829
 0.06687687 0.01025212 0.         0.04785701]

rule16: total_bedrooms < 252.833
probabilities_array:[0.14094739 0.08679385 0.02918423 0.         0.11809192 0.05469137
 0.05615899 0.         0.00945836 0.5046739 ]

rule8: housing_median_age < 20.122
probabilities_array:[0.05760255 0.10643499 0.15232456 0.19349782 0.11832122 0.11556408
 0.08518871 0.09851004 0.         0.07255608]

rule34: ocean_proximity_ISLAND = 0.0
probabilities_array:[0.14873624 0.11159966 0.03076549 0.00147543 0.00215694 0.00451425
 0.0415764  0.00507112 0.         0.6541044 ]

rule26: 501.546 < households < 762.091
probabilities_array:[0.10149233 0.         0.         0.         0.02844962 0.04359068
 0.11884154 0.12152681 0.04360139 0.5424976 ]

rule39: ocean_proximity_NEAR OCEAN = 1.0
probabilities_array:[0.04642554 0.21131453 0.1001337  0.         0.         0.00939298
 0.08463684 0.13204509 0.31419286 0.10185842]


---1---
rule28: median_income < 2.595
probabilities_array:[0.2948437  0.27576914 0.15768905 0.13826045 0.0759392  0.02184475
 0.01227368 0.         0.         0.02338014]

rule37: ocean_proximity_NEAR BAY = 1.0
probabilities_array:[0.02560768 0.3203366  0.07849377 0.         0.         0.04003365
 0.         0.05761795 0.21017005 0.26774022]

rule1: -120.910 < longitude < -119.563
probabilities_array:[0.19343114 0.24766435 0.14638722 0.09973419 0.         0.
 0.         0.0380517  0.09602928 0.17870218]

rule33: ocean_proximity_INLAND = 1.0
probabilities_array:[0.3116832  0.24901998 0.21382073 0.01728592 0.00390986 0.00919148
 0.         0.         0.         0.19508885]

rule39: ocean_proximity_NEAR OCEAN = 1.0
probabilities_array:[0.04642554 0.21131453 0.1001337  0.         0.         0.00939298
 0.08463684 0.13204509 0.31419286 0.10185842]

rule2: -119.563 < longitude < -118.216
probabilities_array:[0.13249789 0.22354165 0.02892748 0.         0.01258831 0.0128364
 0.06223135 0.07999558 0.26054415 0.1868372 ]

rule7: latitude > 37.067
probabilities_array:[0.         0.20316873 0.29137626 0.18177204 0.04223341 0.04755643
 0.01873391 0.01274187 0.06914505 0.13327229]

rule22: 1433.072 < population < 2204.017
probabilities_array:[0.24075384 0.15408038 0.1438574  0.19211169 0.07346387 0.03311007
 0.04613419 0.02285887 0.         0.09362963]

rule29: 2.595 < median_income < 3.889
probabilities_array:[0.02931575 0.13987753 0.18111369 0.21483904 0.1785805  0.10714324
 0.07991984 0.04807538 0.         0.021135  ]

rule4: latitude < 34.189
probabilities_array:[0.00097473 0.14569682 0.15425335 0.08258896 0.03689748 0.07474921
 0.04512608 0.14984089 0.24197859 0.06789379]

rule12: total_rooms < 1153.322
probabilities_array:[0.2668351  0.1308272  0.14563891 0.25776762 0.08897743 0.04445828
 0.03863756 0.0163174  0.         0.01054049]

rule23: population > 2204.017
probabilities_array:[0.20446533 0.11102514 0.1637679  0.22440435 0.14609721 0.04695214
 0.06995483 0.02065487 0.         0.01267814]

rule8: housing_median_age < 20.122
probabilities_array:[0.05760255 0.10643499 0.15232456 0.19349782 0.11832122 0.11556408
 0.08518871 0.09851004 0.         0.07255608]

rule24: households < 241.001
probabilities_array:[1.64449081e-01 1.81370676e-01 1.17424645e-01 4.19739075e-02
 2.39921763e-04 0.00000000e+00 8.70729610e-03 0.00000000e+00
 1.91217717e-02 4.66712743e-01]

rule21: 662.128 < population < 1433.072
probabilities_array:[0.1438351  0.12754068 0.05519036 0.04681554 0.00075861 0.
 0.00039596 0.08826913 0.23741436 0.29978028]

rule38: ocean_proximity_NEAR OCEAN = 0.0
probabilities_array:[0.2976607  0.12034845 0.04919705 0.01565043 0.12640642 0.08212409
 0.01504482 0.02039369 0.         0.27317438]

rule13: 1153.322 < total_rooms < 2651.110
probabilities_array:[0.19685212 0.09500522 0.06819637 0.19894704 0.10440358 0.07182654
 0.06147737 0.03325838 0.         0.17003335]

rule3: longitude > -118.216
probabilities_array:[0.08625045 0.0823779  0.17055058 0.21705489 0.19309723 0.1256829
 0.06687687 0.01025212 0.         0.04785701]

rule9: 20.122 < housing_median_age < 28.600
probabilities_array:[0.03580309 0.11131442 0.02854188 0.01612494 0.06587537 0.1962944
 0.14816743 0.07275631 0.         0.32512206]

rule5: 34.189 < latitude < 35.628
probabilities_array:[0.16000506 0.07749196 0.12471167 0.11644786 0.11845218 0.20144075
 0.0759152  0.04828944 0.         0.07724596]

rule11: housing_median_age > 37.078
probabilities_array:[0.13899979 0.09536272 0.05090271 0.         0.         0.
 0.04554547 0.10151749 0.31582662 0.2518452 ]

rule25: 241.001 < households < 501.546
probabilities_array:[0.19451115 0.11601494 0.15468614 0.0257014  0.03364475 0.00908895
 0.         0.04206643 0.         0.42428625]

rule10: 28.600 < housing_median_age < 37.078
probabilities_array:[0.22786784 0.0857086  0.01446037 0.06492312 0.07540521 0.12305956
 0.         0.01553879 0.07312021 0.3199163 ]

rule36: ocean_proximity_NEAR BAY = 0.0
probabilities_array:[0.32378572 0.08650556 0.07520229 0.00836786 0.00941946 0.02150377
 0.1120252  0.02641531 0.         0.33677486]

rule15: total_rooms > 4148.897
probabilities_array:[0.         0.07046477 0.00108217 0.         0.         0.
 0.01197824 0.19150624 0.49820733 0.2267612 ]

rule17: 252.833 < total_bedrooms < 538.465
probabilities_array:[0.17910206 0.07862    0.07434049 0.14730734 0.00523652 0.00596231
 0.05934877 0.         0.         0.45008257]

rule16: total_bedrooms < 252.833
probabilities_array:[0.14094739 0.08679385 0.02918423 0.         0.11809192 0.05469137
 0.05615899 0.         0.00945836 0.5046739 ]


---2---
rule7: latitude > 37.067
probabilities_array:[0.         0.20316873 0.29137626 0.18177204 0.04223341 0.04755643
 0.01873391 0.01274187 0.06914505 0.13327229]

rule29: 2.595 < median_income < 3.889
probabilities_array:[0.02931575 0.13987753 0.18111369 0.21483904 0.1785805  0.10714324
 0.07991984 0.04807538 0.         0.021135  ]

rule33: ocean_proximity_INLAND = 1.0
probabilities_array:[0.3116832  0.24901998 0.21382073 0.01728592 0.00390986 0.00919148
 0.         0.         0.         0.19508885]

rule3: longitude > -118.216
probabilities_array:[0.08625045 0.0823779  0.17055058 0.21705489 0.19309723 0.1256829
 0.06687687 0.01025212 0.         0.04785701]

rule23: population > 2204.017
probabilities_array:[0.20446533 0.11102514 0.1637679  0.22440435 0.14609721 0.04695214
 0.06995483 0.02065487 0.         0.01267814]

rule28: median_income < 2.595
probabilities_array:[0.2948437  0.27576914 0.15768905 0.13826045 0.0759392  0.02184475
 0.01227368 0.         0.         0.02338014]

rule12: total_rooms < 1153.322
probabilities_array:[0.2668351  0.1308272  0.14563891 0.25776762 0.08897743 0.04445828
 0.03863756 0.0163174  0.         0.01054049]

rule4: latitude < 34.189
probabilities_array:[0.00097473 0.14569682 0.15425335 0.08258896 0.03689748 0.07474921
 0.04512608 0.14984089 0.24197859 0.06789379]

rule8: housing_median_age < 20.122
probabilities_array:[0.05760255 0.10643499 0.15232456 0.19349782 0.11832122 0.11556408
 0.08518871 0.09851004 0.         0.07255608]

rule22: 1433.072 < population < 2204.017
probabilities_array:[0.24075384 0.15408038 0.1438574  0.19211169 0.07346387 0.03311007
 0.04613419 0.02285887 0.         0.09362963]

rule1: -120.910 < longitude < -119.563
probabilities_array:[0.19343114 0.24766435 0.14638722 0.09973419 0.         0.
 0.         0.0380517  0.09602928 0.17870218]

rule5: 34.189 < latitude < 35.628
probabilities_array:[0.16000506 0.07749196 0.12471167 0.11644786 0.11845218 0.20144075
 0.0759152  0.04828944 0.         0.07724596]

rule39: ocean_proximity_NEAR OCEAN = 1.0
probabilities_array:[0.04642554 0.21131453 0.1001337  0.         0.         0.00939298
 0.08463684 0.13204509 0.31419286 0.10185842]

rule25: 241.001 < households < 501.546
probabilities_array:[0.19451115 0.11601494 0.15468614 0.0257014  0.03364475 0.00908895
 0.         0.04206643 0.         0.42428625]

rule30: 3.889 < median_income < 5.182
probabilities_array:[0.         0.03022133 0.07649495 0.1662416  0.18772022 0.17315279
 0.16859493 0.13847551 0.05004594 0.00905264]

rule24: households < 241.001
probabilities_array:[1.64449081e-01 1.81370676e-01 1.17424645e-01 4.19739075e-02
 2.39921763e-04 0.00000000e+00 8.70729610e-03 0.00000000e+00
 1.91217717e-02 4.66712743e-01]

rule37: ocean_proximity_NEAR BAY = 1.0
probabilities_array:[0.02560768 0.3203366  0.07849377 0.         0.         0.04003365
 0.         0.05761795 0.21017005 0.26774022]

rule13: 1153.322 < total_rooms < 2651.110
probabilities_array:[0.19685212 0.09500522 0.06819637 0.19894704 0.10440358 0.07182654
 0.06147737 0.03325838 0.         0.17003335]

rule36: ocean_proximity_NEAR BAY = 0.0
probabilities_array:[0.32378572 0.08650556 0.07520229 0.00836786 0.00941946 0.02150377
 0.1120252  0.02641531 0.         0.33677486]

rule17: 252.833 < total_bedrooms < 538.465
probabilities_array:[0.17910206 0.07862    0.07434049 0.14730734 0.00523652 0.00596231
 0.05934877 0.         0.         0.45008257]


---3---
rule12: total_rooms < 1153.322
probabilities_array:[0.2668351  0.1308272  0.14563891 0.25776762 0.08897743 0.04445828
 0.03863756 0.0163174  0.         0.01054049]

rule23: population > 2204.017
probabilities_array:[0.20446533 0.11102514 0.1637679  0.22440435 0.14609721 0.04695214
 0.06995483 0.02065487 0.         0.01267814]

rule29: 2.595 < median_income < 3.889
probabilities_array:[0.02931575 0.13987753 0.18111369 0.21483904 0.1785805  0.10714324
 0.07991984 0.04807538 0.         0.021135  ]

rule3: longitude > -118.216
probabilities_array:[0.08625045 0.0823779  0.17055058 0.21705489 0.19309723 0.1256829
 0.06687687 0.01025212 0.         0.04785701]

rule8: housing_median_age < 20.122
probabilities_array:[0.05760255 0.10643499 0.15232456 0.19349782 0.11832122 0.11556408
 0.08518871 0.09851004 0.         0.07255608]

rule22: 1433.072 < population < 2204.017
probabilities_array:[0.24075384 0.15408038 0.1438574  0.19211169 0.07346387 0.03311007
 0.04613419 0.02285887 0.         0.09362963]

rule13: 1153.322 < total_rooms < 2651.110
probabilities_array:[0.19685212 0.09500522 0.06819637 0.19894704 0.10440358 0.07182654
 0.06147737 0.03325838 0.         0.17003335]

rule30: 3.889 < median_income < 5.182
probabilities_array:[0.         0.03022133 0.07649495 0.1662416  0.18772022 0.17315279
 0.16859493 0.13847551 0.05004594 0.00905264]

rule7: latitude > 37.067
probabilities_array:[0.         0.20316873 0.29137626 0.18177204 0.04223341 0.04755643
 0.01873391 0.01274187 0.06914505 0.13327229]

rule28: median_income < 2.595
probabilities_array:[0.2948437  0.27576914 0.15768905 0.13826045 0.0759392  0.02184475
 0.01227368 0.         0.         0.02338014]

rule5: 34.189 < latitude < 35.628
probabilities_array:[0.16000506 0.07749196 0.12471167 0.11644786 0.11845218 0.20144075
 0.0759152  0.04828944 0.         0.07724596]

rule1: -120.910 < longitude < -119.563
probabilities_array:[0.19343114 0.24766435 0.14638722 0.09973419 0.         0.
 0.         0.0380517  0.09602928 0.17870218]

rule17: 252.833 < total_bedrooms < 538.465
probabilities_array:[0.17910206 0.07862    0.07434049 0.14730734 0.00523652 0.00596231
 0.05934877 0.         0.         0.45008257]

rule4: latitude < 34.189
probabilities_array:[0.00097473 0.14569682 0.15425335 0.08258896 0.03689748 0.07474921
 0.04512608 0.14984089 0.24197859 0.06789379]

rule32: ocean_proximity_INLAND = 0.0
probabilities_array:[0.         0.01238787 0.02435275 0.04640865 0.14898905 0.17721975
 0.2130847  0.2047369  0.17282026 0.        ]

rule10: 28.600 < housing_median_age < 37.078
probabilities_array:[0.22786784 0.0857086  0.01446037 0.06492312 0.07540521 0.12305956
 0.         0.01553879 0.07312021 0.3199163 ]


---4---
rule30: 3.889 < median_income < 5.182
probabilities_array:[0.         0.03022133 0.07649495 0.1662416  0.18772022 0.17315279
 0.16859493 0.13847551 0.05004594 0.00905264]

rule3: longitude > -118.216
probabilities_array:[0.08625045 0.0823779  0.17055058 0.21705489 0.19309723 0.1256829
 0.06687687 0.01025212 0.         0.04785701]

rule29: 2.595 < median_income < 3.889
probabilities_array:[0.02931575 0.13987753 0.18111369 0.21483904 0.1785805  0.10714324
 0.07991984 0.04807538 0.         0.021135  ]

rule32: ocean_proximity_INLAND = 0.0
probabilities_array:[0.         0.01238787 0.02435275 0.04640865 0.14898905 0.17721975
 0.2130847  0.2047369  0.17282026 0.        ]

rule23: population > 2204.017
probabilities_array:[0.20446533 0.11102514 0.1637679  0.22440435 0.14609721 0.04695214
 0.06995483 0.02065487 0.         0.01267814]

rule8: housing_median_age < 20.122
probabilities_array:[0.05760255 0.10643499 0.15232456 0.19349782 0.11832122 0.11556408
 0.08518871 0.09851004 0.         0.07255608]

rule5: 34.189 < latitude < 35.628
probabilities_array:[0.16000506 0.07749196 0.12471167 0.11644786 0.11845218 0.20144075
 0.0759152  0.04828944 0.         0.07724596]

rule38: ocean_proximity_NEAR OCEAN = 0.0
probabilities_array:[0.2976607  0.12034845 0.04919705 0.01565043 0.12640642 0.08212409
 0.01504482 0.02039369 0.         0.27317438]

rule12: total_rooms < 1153.322
probabilities_array:[0.2668351  0.1308272  0.14563891 0.25776762 0.08897743 0.04445828
 0.03863756 0.0163174  0.         0.01054049]

rule13: 1153.322 < total_rooms < 2651.110
probabilities_array:[0.19685212 0.09500522 0.06819637 0.19894704 0.10440358 0.07182654
 0.06147737 0.03325838 0.         0.17003335]

rule28: median_income < 2.595
probabilities_array:[0.2948437  0.27576914 0.15768905 0.13826045 0.0759392  0.02184475
 0.01227368 0.         0.         0.02338014]

rule22: 1433.072 < population < 2204.017
probabilities_array:[0.24075384 0.15408038 0.1438574  0.19211169 0.07346387 0.03311007
 0.04613419 0.02285887 0.         0.09362963]

rule16: total_bedrooms < 252.833
probabilities_array:[0.14094739 0.08679385 0.02918423 0.         0.11809192 0.05469137
 0.05615899 0.         0.00945836 0.5046739 ]

rule10: 28.600 < housing_median_age < 37.078
probabilities_array:[0.22786784 0.0857086  0.01446037 0.06492312 0.07540521 0.12305956
 0.         0.01553879 0.07312021 0.3199163 ]

rule31: median_income > 5.182
probabilities_array:[0.         0.00529478 0.00905035 0.03786898 0.05070817 0.08918808
 0.17809907 0.2800644  0.34707692 0.00264921]

rule9: 20.122 < housing_median_age < 28.600
probabilities_array:[0.03580309 0.11131442 0.02854188 0.01612494 0.06587537 0.1962944
 0.14816743 0.07275631 0.         0.32512206]

rule0: longitude < -120.910
probabilities_array:[0.00601633 0.         0.         0.03324327 0.05725982 0.07062595
 0.22603142 0.2353372  0.12420202 0.24728402]

rule20: population < 662.128
probabilities_array:[0.00051009 0.00191896 0.00065894 0.         0.04426187 0.07600296
 0.09152061 0.24917513 0.45745158 0.07849985]


---5---
rule5: 34.189 < latitude < 35.628
probabilities_array:[0.16000506 0.07749196 0.12471167 0.11644786 0.11845218 0.20144075
 0.0759152  0.04828944 0.         0.07724596]

rule32: ocean_proximity_INLAND = 0.0
probabilities_array:[0.         0.01238787 0.02435275 0.04640865 0.14898905 0.17721975
 0.2130847  0.2047369  0.17282026 0.        ]

rule30: 3.889 < median_income < 5.182
probabilities_array:[0.         0.03022133 0.07649495 0.1662416  0.18772022 0.17315279
 0.16859493 0.13847551 0.05004594 0.00905264]

rule27: households > 762.091
probabilities_array:[0.         0.01317733 0.         0.         0.00475523 0.18154737
 0.1420992  0.1688511  0.34450358 0.14506611]

rule9: 20.122 < housing_median_age < 28.600
probabilities_array:[0.03580309 0.11131442 0.02854188 0.01612494 0.06587537 0.1962944
 0.14816743 0.07275631 0.         0.32512206]

rule3: longitude > -118.216
probabilities_array:[0.08625045 0.0823779  0.17055058 0.21705489 0.19309723 0.1256829
 0.06687687 0.01025212 0.         0.04785701]

rule8: housing_median_age < 20.122
probabilities_array:[0.05760255 0.10643499 0.15232456 0.19349782 0.11832122 0.11556408
 0.08518871 0.09851004 0.         0.07255608]

rule29: 2.595 < median_income < 3.889
probabilities_array:[0.02931575 0.13987753 0.18111369 0.21483904 0.1785805  0.10714324
 0.07991984 0.04807538 0.         0.021135  ]

rule31: median_income > 5.182
probabilities_array:[0.         0.00529478 0.00905035 0.03786898 0.05070817 0.08918808
 0.17809907 0.2800644  0.34707692 0.00264921]

rule10: 28.600 < housing_median_age < 37.078
probabilities_array:[0.22786784 0.0857086  0.01446037 0.06492312 0.07540521 0.12305956
 0.         0.01553879 0.07312021 0.3199163 ]

rule20: population < 662.128
probabilities_array:[0.00051009 0.00191896 0.00065894 0.         0.04426187 0.07600296
 0.09152061 0.24917513 0.45745158 0.07849985]

rule4: latitude < 34.189
probabilities_array:[0.00097473 0.14569682 0.15425335 0.08258896 0.03689748 0.07474921
 0.04512608 0.14984089 0.24197859 0.06789379]

rule38: ocean_proximity_NEAR OCEAN = 0.0
probabilities_array:[0.2976607  0.12034845 0.04919705 0.01565043 0.12640642 0.08212409
 0.01504482 0.02039369 0.         0.27317438]

rule13: 1153.322 < total_rooms < 2651.110
probabilities_array:[0.19685212 0.09500522 0.06819637 0.19894704 0.10440358 0.07182654
 0.06147737 0.03325838 0.         0.17003335]

rule0: longitude < -120.910
probabilities_array:[0.00601633 0.         0.         0.03324327 0.05725982 0.07062595
 0.22603142 0.2353372  0.12420202 0.24728402]

rule23: population > 2204.017
probabilities_array:[0.20446533 0.11102514 0.1637679  0.22440435 0.14609721 0.04695214
 0.06995483 0.02065487 0.         0.01267814]

rule12: total_rooms < 1153.322
probabilities_array:[0.2668351  0.1308272  0.14563891 0.25776762 0.08897743 0.04445828
 0.03863756 0.0163174  0.         0.01054049]

rule19: total_bedrooms > 824.098
probabilities_array:[0.0000000e+00 8.3045233e-03 6.1112583e-02 0.0000000e+00 8.3815365e-05
 7.4747339e-02 1.1571956e-02 1.9565147e-01 2.0191187e-01 4.4661650e-01]

rule7: latitude > 37.067
probabilities_array:[0.         0.20316873 0.29137626 0.18177204 0.04223341 0.04755643
 0.01873391 0.01274187 0.06914505 0.13327229]

rule14: 2651.110 < total_rooms < 4148.897
probabilities_array:[0.         0.00794745 0.04060555 0.01530031 0.0300422  0.05993624
 0.05995974 0.1400303  0.32805783 0.31812033]


---6---
rule32: ocean_proximity_INLAND = 0.0
probabilities_array:[0.         0.01238787 0.02435275 0.04640865 0.14898905 0.17721975
 0.2130847  0.2047369  0.17282026 0.        ]

rule31: median_income > 5.182
probabilities_array:[0.         0.00529478 0.00905035 0.03786898 0.05070817 0.08918808
 0.17809907 0.2800644  0.34707692 0.00264921]

rule0: longitude < -120.910
probabilities_array:[0.00601633 0.         0.         0.03324327 0.05725982 0.07062595
 0.22603142 0.2353372  0.12420202 0.24728402]

rule30: 3.889 < median_income < 5.182
probabilities_array:[0.         0.03022133 0.07649495 0.1662416  0.18772022 0.17315279
 0.16859493 0.13847551 0.05004594 0.00905264]

rule27: households > 762.091
probabilities_array:[0.         0.01317733 0.         0.         0.00475523 0.18154737
 0.1420992  0.1688511  0.34450358 0.14506611]

rule9: 20.122 < housing_median_age < 28.600
probabilities_array:[0.03580309 0.11131442 0.02854188 0.01612494 0.06587537 0.1962944
 0.14816743 0.07275631 0.         0.32512206]

rule20: population < 662.128
probabilities_array:[0.00051009 0.00191896 0.00065894 0.         0.04426187 0.07600296
 0.09152061 0.24917513 0.45745158 0.07849985]

rule8: housing_median_age < 20.122
probabilities_array:[0.05760255 0.10643499 0.15232456 0.19349782 0.11832122 0.11556408
 0.08518871 0.09851004 0.         0.07255608]

rule29: 2.595 < median_income < 3.889
probabilities_array:[0.02931575 0.13987753 0.18111369 0.21483904 0.1785805  0.10714324
 0.07991984 0.04807538 0.         0.021135  ]

rule39: ocean_proximity_NEAR OCEAN = 1.0
probabilities_array:[0.04642554 0.21131453 0.1001337  0.         0.         0.00939298
 0.08463684 0.13204509 0.31419286 0.10185842]

rule36: ocean_proximity_NEAR BAY = 0.0
probabilities_array:[0.32378572 0.08650556 0.07520229 0.00836786 0.00941946 0.02150377
 0.1120252  0.02641531 0.         0.33677486]

rule5: 34.189 < latitude < 35.628
probabilities_array:[0.16000506 0.07749196 0.12471167 0.11644786 0.11845218 0.20144075
 0.0759152  0.04828944 0.         0.07724596]

rule23: population > 2204.017
probabilities_array:[0.20446533 0.11102514 0.1637679  0.22440435 0.14609721 0.04695214
 0.06995483 0.02065487 0.         0.01267814]

rule3: longitude > -118.216
probabilities_array:[0.08625045 0.0823779  0.17055058 0.21705489 0.19309723 0.1256829
 0.06687687 0.01025212 0.         0.04785701]

rule26: 501.546 < households < 762.091
probabilities_array:[0.10149233 0.         0.         0.         0.02844962 0.04359068
 0.11884154 0.12152681 0.04360139 0.5424976 ]

rule13: 1153.322 < total_rooms < 2651.110
probabilities_array:[0.19685212 0.09500522 0.06819637 0.19894704 0.10440358 0.07182654
 0.06147737 0.03325838 0.         0.17003335]

rule2: -119.563 < longitude < -118.216
probabilities_array:[0.13249789 0.22354165 0.02892748 0.         0.01258831 0.0128364
 0.06223135 0.07999558 0.26054415 0.1868372 ]

rule4: latitude < 34.189
probabilities_array:[0.00097473 0.14569682 0.15425335 0.08258896 0.03689748 0.07474921
 0.04512608 0.14984089 0.24197859 0.06789379]

rule22: 1433.072 < population < 2204.017
probabilities_array:[0.24075384 0.15408038 0.1438574  0.19211169 0.07346387 0.03311007
 0.04613419 0.02285887 0.         0.09362963]

rule14: 2651.110 < total_rooms < 4148.897
probabilities_array:[0.         0.00794745 0.04060555 0.01530031 0.0300422  0.05993624
 0.05995974 0.1400303  0.32805783 0.31812033]


---7---
rule31: median_income > 5.182
probabilities_array:[0.         0.00529478 0.00905035 0.03786898 0.05070817 0.08918808
 0.17809907 0.2800644  0.34707692 0.00264921]

rule20: population < 662.128
probabilities_array:[0.00051009 0.00191896 0.00065894 0.         0.04426187 0.07600296
 0.09152061 0.24917513 0.45745158 0.07849985]

rule32: ocean_proximity_INLAND = 0.0
probabilities_array:[0.         0.01238787 0.02435275 0.04640865 0.14898905 0.17721975
 0.2130847  0.2047369  0.17282026 0.        ]

rule0: longitude < -120.910
probabilities_array:[0.00601633 0.         0.         0.03324327 0.05725982 0.07062595
 0.22603142 0.2353372  0.12420202 0.24728402]

rule15: total_rooms > 4148.897
probabilities_array:[0.         0.07046477 0.00108217 0.         0.         0.
 0.01197824 0.19150624 0.49820733 0.2267612 ]

rule27: households > 762.091
probabilities_array:[0.         0.01317733 0.         0.         0.00475523 0.18154737
 0.1420992  0.1688511  0.34450358 0.14506611]

rule4: latitude < 34.189
probabilities_array:[0.00097473 0.14569682 0.15425335 0.08258896 0.03689748 0.07474921
 0.04512608 0.14984089 0.24197859 0.06789379]

rule30: 3.889 < median_income < 5.182
probabilities_array:[0.         0.03022133 0.07649495 0.1662416  0.18772022 0.17315279
 0.16859493 0.13847551 0.05004594 0.00905264]

rule35: ocean_proximity_ISLAND = 1.0
probabilities_array:[0.         0.         0.         0.         0.         0.
 0.         0.25833997 0.21169132 0.5299687 ]

rule39: ocean_proximity_NEAR OCEAN = 1.0
probabilities_array:[0.04642554 0.21131453 0.1001337  0.         0.         0.00939298
 0.08463684 0.13204509 0.31419286 0.10185842]

rule19: total_bedrooms > 824.098
probabilities_array:[0.0000000e+00 8.3045233e-03 6.1112583e-02 0.0000000e+00 8.3815365e-05
 7.4747339e-02 1.1571956e-02 1.9565147e-01 2.0191187e-01 4.4661650e-01]

rule14: 2651.110 < total_rooms < 4148.897
probabilities_array:[0.         0.00794745 0.04060555 0.01530031 0.0300422  0.05993624
 0.05995974 0.1400303  0.32805783 0.31812033]

rule8: housing_median_age < 20.122
probabilities_array:[0.05760255 0.10643499 0.15232456 0.19349782 0.11832122 0.11556408
 0.08518871 0.09851004 0.         0.07255608]

rule11: housing_median_age > 37.078
probabilities_array:[0.13899979 0.09536272 0.05090271 0.         0.         0.
 0.04554547 0.10151749 0.31582662 0.2518452 ]

rule2: -119.563 < longitude < -118.216
probabilities_array:[0.13249789 0.22354165 0.02892748 0.         0.01258831 0.0128364
 0.06223135 0.07999558 0.26054415 0.1868372 ]

rule21: 662.128 < population < 1433.072
probabilities_array:[0.1438351  0.12754068 0.05519036 0.04681554 0.00075861 0.
 0.00039596 0.08826913 0.23741436 0.29978028]

rule26: 501.546 < households < 762.091
probabilities_array:[0.10149233 0.         0.         0.         0.02844962 0.04359068
 0.11884154 0.12152681 0.04360139 0.5424976 ]

rule9: 20.122 < housing_median_age < 28.600
probabilities_array:[0.03580309 0.11131442 0.02854188 0.01612494 0.06587537 0.1962944
 0.14816743 0.07275631 0.         0.32512206]

rule29: 2.595 < median_income < 3.889
probabilities_array:[0.02931575 0.13987753 0.18111369 0.21483904 0.1785805  0.10714324
 0.07991984 0.04807538 0.         0.021135  ]

rule5: 34.189 < latitude < 35.628
probabilities_array:[0.16000506 0.07749196 0.12471167 0.11644786 0.11845218 0.20144075
 0.0759152  0.04828944 0.         0.07724596]

rule37: ocean_proximity_NEAR BAY = 1.0
probabilities_array:[0.02560768 0.3203366  0.07849377 0.         0.         0.04003365
 0.         0.05761795 0.21017005 0.26774022]


---8---
rule20: population < 662.128
probabilities_array:[0.00051009 0.00191896 0.00065894 0.         0.04426187 0.07600296
 0.09152061 0.24917513 0.45745158 0.07849985]

rule15: total_rooms > 4148.897
probabilities_array:[0.         0.07046477 0.00108217 0.         0.         0.
 0.01197824 0.19150624 0.49820733 0.2267612 ]

rule31: median_income > 5.182
probabilities_array:[0.         0.00529478 0.00905035 0.03786898 0.05070817 0.08918808
 0.17809907 0.2800644  0.34707692 0.00264921]

rule27: households > 762.091
probabilities_array:[0.         0.01317733 0.         0.         0.00475523 0.18154737
 0.1420992  0.1688511  0.34450358 0.14506611]

rule39: ocean_proximity_NEAR OCEAN = 1.0
probabilities_array:[0.04642554 0.21131453 0.1001337  0.         0.         0.00939298
 0.08463684 0.13204509 0.31419286 0.10185842]

rule11: housing_median_age > 37.078
probabilities_array:[0.13899979 0.09536272 0.05090271 0.         0.         0.
 0.04554547 0.10151749 0.31582662 0.2518452 ]

rule4: latitude < 34.189
probabilities_array:[0.00097473 0.14569682 0.15425335 0.08258896 0.03689748 0.07474921
 0.04512608 0.14984089 0.24197859 0.06789379]

rule14: 2651.110 < total_rooms < 4148.897
probabilities_array:[0.         0.00794745 0.04060555 0.01530031 0.0300422  0.05993624
 0.05995974 0.1400303  0.32805783 0.31812033]

rule2: -119.563 < longitude < -118.216
probabilities_array:[0.13249789 0.22354165 0.02892748 0.         0.01258831 0.0128364
 0.06223135 0.07999558 0.26054415 0.1868372 ]

rule32: ocean_proximity_INLAND = 0.0
probabilities_array:[0.         0.01238787 0.02435275 0.04640865 0.14898905 0.17721975
 0.2130847  0.2047369  0.17282026 0.        ]

rule21: 662.128 < population < 1433.072
probabilities_array:[0.1438351  0.12754068 0.05519036 0.04681554 0.00075861 0.
 0.00039596 0.08826913 0.23741436 0.29978028]

rule37: ocean_proximity_NEAR BAY = 1.0
probabilities_array:[0.02560768 0.3203366  0.07849377 0.         0.         0.04003365
 0.         0.05761795 0.21017005 0.26774022]

rule19: total_bedrooms > 824.098
probabilities_array:[0.0000000e+00 8.3045233e-03 6.1112583e-02 0.0000000e+00 8.3815365e-05
 7.4747339e-02 1.1571956e-02 1.9565147e-01 2.0191187e-01 4.4661650e-01]

rule35: ocean_proximity_ISLAND = 1.0
probabilities_array:[0.         0.         0.         0.         0.         0.
 0.         0.25833997 0.21169132 0.5299687 ]

rule0: longitude < -120.910
probabilities_array:[0.00601633 0.         0.         0.03324327 0.05725982 0.07062595
 0.22603142 0.2353372  0.12420202 0.24728402]

rule1: -120.910 < longitude < -119.563
probabilities_array:[0.19343114 0.24766435 0.14638722 0.09973419 0.         0.
 0.         0.0380517  0.09602928 0.17870218]

rule7: latitude > 37.067
probabilities_array:[0.         0.20316873 0.29137626 0.18177204 0.04223341 0.04755643
 0.01873391 0.01274187 0.06914505 0.13327229]

rule18: 538.465 < total_bedrooms < 824.098
probabilities_array:[5.7941273e-02 6.9473915e-02 1.4885082e-03 0.0000000e+00 3.8459762e-06
 7.4932799e-02 3.8202066e-02 4.4411194e-02 1.2393400e-01 5.8961236e-01]

rule10: 28.600 < housing_median_age < 37.078
probabilities_array:[0.22786784 0.0857086  0.01446037 0.06492312 0.07540521 0.12305956
 0.         0.01553879 0.07312021 0.3199163 ]

rule30: 3.889 < median_income < 5.182
probabilities_array:[0.         0.03022133 0.07649495 0.1662416  0.18772022 0.17315279
 0.16859493 0.13847551 0.05004594 0.00905264]

