R2: -3.1518970978477823

MAE: 207363.8494273488

MSE: 56641781829.21648

Accuracy: 0.36127422196124487

F1: 0.34380358175796333

Confusion Matrix: [[604, 116, 41, 11, 12, 1, 2, 0, 1], [230, 279, 133, 39, 16, 7, 8, 11, 6], [95, 173, 264, 128, 43, 24, 18, 26, 15], [37, 107, 167, 179, 110, 37, 18, 33, 14], [19, 85, 113, 141, 184, 133, 65, 65, 35], [14, 59, 65, 66, 140, 125, 89, 87, 66], [5, 39, 38, 57, 83, 94, 120, 164, 110], [3, 33, 27, 25, 36, 56, 112, 230, 229], [4, 11, 16, 19, 10, 39, 40, 180, 476]]

Uncertainties: {'class0': [0.694381594657898, 0.650398313999176, 0.5653210878372192, 0.5464727282524109, 0.5258622169494629], 'class1': [0.5653210878372192, 0.5258622169494629, 0.48636001348495483, 0.4463581144809723, 0.41475561261177063], 'class2': [0.2959936559200287, 0.24906860291957855, 0.24719859659671783, 0.23497091233730316, 0.21408608555793762], 'class3': [0.4463581144809723, 0.2959936559200287, 0.24719859659671783, 0.21408608555793762, 0.15887673199176788], 'class4': [0.35192549228668213, 0.325168251991272, 0.31534963846206665, 0.21408608555793762, 0.15887673199176788], 'class5': [0.5258622169494629, 0.325168251991272, 0.31534963846206665, 0.30747872591018677, 0.25572407245635986], 'class6': [0.41475561261177063, 0.31534963846206665, 0.30747872591018677, 0.25572407245635986, 0.15887673199176788], 'class7': [0.3699778914451599, 0.361921101808548, 0.3175792694091797, 0.31534963846206665, 0.30747872591018677], 'class8': [0.558121919631958, 0.3699778914451599, 0.361921101808548, 0.3175792694091797, 0.30747872591018677]}

Most important rules
-----------------------------

---0---
rule28: median_income < 2.582
probabilities_array:[0.28805584 0.26914048 0.1943201  0.12345347 0.06927925 0.01791145
 0.00597687 0.         0.         0.03186256]

rule12: total_rooms < 1178.373
probabilities_array:[0.25569376 0.13211735 0.14645243 0.25613898 0.09596404 0.02762464
 0.05505066 0.01403782 0.         0.01692033]

rule33: ocean_proximity_INLAND = 1.0
probabilities_array:[0.31548595 0.23384508 0.19645076 0.00634906 0.00125577 0.01164245
 0.         0.         0.         0.23497091]

rule22: 1430.065 < population < 2205.393
probabilities_array:[0.25912154 0.14083135 0.14192599 0.20884661 0.05712553 0.04796782
 0.03492419 0.01252124 0.         0.09673575]

rule23: population > 2205.393
probabilities_array:[0.23176192 0.10717402 0.14871378 0.26251873 0.10866315 0.05092503
 0.05759289 0.01879762 0.00051586 0.01333705]

rule13: 1178.373 < total_rooms < 2630.282
probabilities_array:[0.26062655 0.08113569 0.08241259 0.16981451 0.10159437 0.03370347
 0.03718175 0.01944505 0.         0.21408609]

rule38: ocean_proximity_NEAR OCEAN = 0.0
probabilities_array:[0.27602372 0.09943522 0.03677415 0.0019662  0.16282868 0.05899976
 0.00802944 0.00401737 0.         0.3519255 ]

rule2: -119.575 < longitude < -118.222
probabilities_array:[0.20339487 0.19046046 0.01086152 0.         0.03345278 0.05493306
 0.04052228 0.07722878 0.2227236  0.16642256]

rule36: ocean_proximity_NEAR BAY = 0.0
probabilities_array:[0.28238323 0.13780148 0.03573368 0.00248842 0.00279845 0.02083643
 0.08416839 0.01903424 0.         0.4147556 ]

rule6: 35.632 < latitude < 37.073
probabilities_array:[0.36072338 0.01124274 0.         0.         0.         0.08156121
 0.         0.         0.         0.5464727 ]

rule5: 34.190 < latitude < 35.632
probabilities_array:[0.1783715  0.072137   0.11837352 0.13459869 0.10087898 0.14573415
 0.09943529 0.0617001  0.         0.08877081]

rule10: 28.727 < housing_median_age < 37.207
probabilities_array:[0.22389828 0.09634051 0.00095543 0.05846308 0.1017899  0.14667562
 0.         0.00698677 0.03972216 0.32516825]

rule11: housing_median_age > 37.207
probabilities_array:[0.1957778  0.10432992 0.01220737 0.         0.         0.00098616
 0.02548822 0.07128926 0.29462886 0.29529244]

rule25: 243.547 < households < 500.070
probabilities_array:[0.19159205 0.17367427 0.18326007 0.07793203 0.0120044  0.02322262
 0.         0.04232092 0.         0.29599366]

rule1: -120.928 < longitude < -119.575
probabilities_array:[0.16413696 0.13031037 0.1923462  0.06963133 0.         0.
 0.         0.03975402 0.15662248 0.2471986 ]

rule24: households < 243.547
probabilities_array:[0.21368931 0.10962263 0.04959369 0.02145066 0.         0.04225283
 0.00961466 0.         0.06741625 0.48636   ]

rule17: 256.179 < total_bedrooms < 537.438
probabilities_array:[0.19455475 0.09171738 0.05178899 0.16018304 0.         0.00624858
 0.0491492  0.         0.         0.4463581 ]

rule21: 654.737 < population < 1430.065
probabilities_array:[0.11884669 0.14119704 0.03802061 0.02963747 0.0003648  0.
 0.         0.08936974 0.22064257 0.3619211 ]

rule18: 537.438 < total_bedrooms < 818.697
probabilities_array:[0.15156844 0.10054071 0.09162378 0.         0.         0.0126825
 0.00974885 0.05424842 0.0142662  0.5653211 ]

rule3: longitude > -118.222
probabilities_array:[0.0665492  0.08562436 0.1627147  0.24569108 0.20786501 0.1229772
 0.04870765 0.00787574 0.         0.05199503]

rule34: ocean_proximity_ISLAND = 0.0
probabilities_array:[0.1560572  0.09121713 0.05830404 0.00091042 0.         0.00569139
 0.03495107 0.00247045 0.         0.6503983 ]

rule8: housing_median_age < 20.246
probabilities_array:[0.05460071 0.09968077 0.14479075 0.16013272 0.15142985 0.12804498
 0.10394478 0.08853807 0.         0.06883729]

rule16: total_bedrooms < 256.179
probabilities_array:[0.09306789 0.08949035 0.07270115 0.03116178 0.07815275 0.09572377
 0.01060821 0.         0.00323192 0.5258622 ]

rule9: 20.246 < housing_median_age < 28.727
probabilities_array:[0.0642681  0.07350588 0.04229885 0.00425402 0.10363065 0.150847
 0.16814078 0.0777051  0.         0.31534964]

rule26: 500.070 < households < 756.594
probabilities_array:[0.13841875 0.0342196  0.         0.00639963 0.00535718 0.00212414
 0.08918279 0.00859973 0.02131647 0.6943816 ]


---1---
rule28: median_income < 2.582
probabilities_array:[0.28805584 0.26914048 0.1943201  0.12345347 0.06927925 0.01791145
 0.00597687 0.         0.         0.03186256]

rule7: latitude > 37.073
probabilities_array:[0.         0.23404668 0.26921707 0.13998926 0.04769445 0.01533428
 0.07156339 0.02379945 0.03947872 0.15887673]

rule39: ocean_proximity_NEAR OCEAN = 1.0
probabilities_array:[0.04418937 0.20634438 0.10893386 0.         0.         0.01777282
 0.09131615 0.12075655 0.30796948 0.10271735]

rule37: ocean_proximity_NEAR BAY = 1.0
probabilities_array:[0.01634945 0.24222463 0.17008673 0.         0.         0.022576
 0.         0.05549608 0.24419852 0.2490686 ]

rule33: ocean_proximity_INLAND = 1.0
probabilities_array:[0.31548595 0.23384508 0.19645076 0.00634906 0.00125577 0.01164245
 0.         0.         0.         0.23497091]

rule2: -119.575 < longitude < -118.222
probabilities_array:[0.20339487 0.19046046 0.01086152 0.         0.03345278 0.05493306
 0.04052228 0.07722878 0.2227236  0.16642256]

rule12: total_rooms < 1178.373
probabilities_array:[0.25569376 0.13211735 0.14645243 0.25613898 0.09596404 0.02762464
 0.05505066 0.01403782 0.         0.01692033]

rule29: 2.582 < median_income < 3.856
probabilities_array:[0.02403541 0.13194507 0.18956238 0.20898813 0.16795884 0.11930159
 0.07507405 0.05630811 0.         0.0268263 ]

rule4: latitude < 34.190
probabilities_array:[0.00177976 0.14765465 0.16761416 0.03102743 0.00104467 0.04231417
 0.07597794 0.1649449  0.23296767 0.1346746 ]

rule22: 1430.065 < population < 2205.393
probabilities_array:[0.25912154 0.14083135 0.14192599 0.20884661 0.05712553 0.04796782
 0.03492419 0.01252124 0.         0.09673575]

rule25: 243.547 < households < 500.070
probabilities_array:[0.19159205 0.17367427 0.18326007 0.07793203 0.0120044  0.02322262
 0.         0.04232092 0.         0.29599366]

rule23: population > 2205.393
probabilities_array:[0.23176192 0.10717402 0.14871378 0.26251873 0.10866315 0.05092503
 0.05759289 0.01879762 0.00051586 0.01333705]

rule1: -120.928 < longitude < -119.575
probabilities_array:[0.16413696 0.13031037 0.1923462  0.06963133 0.         0.
 0.         0.03975402 0.15662248 0.2471986 ]

rule8: housing_median_age < 20.246
probabilities_array:[0.05460071 0.09968077 0.14479075 0.16013272 0.15142985 0.12804498
 0.10394478 0.08853807 0.         0.06883729]

rule21: 654.737 < population < 1430.065
probabilities_array:[0.11884669 0.14119704 0.03802061 0.02963747 0.0003648  0.
 0.         0.08936974 0.22064257 0.3619211 ]

rule3: longitude > -118.222
probabilities_array:[0.0665492  0.08562436 0.1627147  0.24569108 0.20786501 0.1229772
 0.04870765 0.00787574 0.         0.05199503]

rule36: ocean_proximity_NEAR BAY = 0.0
probabilities_array:[0.28238323 0.13780148 0.03573368 0.00248842 0.00279845 0.02083643
 0.08416839 0.01903424 0.         0.4147556 ]

rule11: housing_median_age > 37.207
probabilities_array:[0.1957778  0.10432992 0.01220737 0.         0.         0.00098616
 0.02548822 0.07128926 0.29462886 0.29529244]

rule5: 34.190 < latitude < 35.632
probabilities_array:[0.1783715  0.072137   0.11837352 0.13459869 0.10087898 0.14573415
 0.09943529 0.0617001  0.         0.08877081]

rule10: 28.727 < housing_median_age < 37.207
probabilities_array:[0.22389828 0.09634051 0.00095543 0.05846308 0.1017899  0.14667562
 0.         0.00698677 0.03972216 0.32516825]

rule38: ocean_proximity_NEAR OCEAN = 0.0
probabilities_array:[0.27602372 0.09943522 0.03677415 0.0019662  0.16282868 0.05899976
 0.00802944 0.00401737 0.         0.3519255 ]

rule13: 1178.373 < total_rooms < 2630.282
probabilities_array:[0.26062655 0.08113569 0.08241259 0.16981451 0.10159437 0.03370347
 0.03718175 0.01944505 0.         0.21408609]

rule24: households < 243.547
probabilities_array:[0.21368931 0.10962263 0.04959369 0.02145066 0.         0.04225283
 0.00961466 0.         0.06741625 0.48636   ]

rule15: total_rooms > 4082.190
probabilities_array:[0.         0.06259741 0.02861034 0.         0.         0.01158227
 0.02868635 0.2768922  0.46604294 0.12558852]

rule17: 256.179 < total_bedrooms < 537.438
probabilities_array:[0.19455475 0.09171738 0.05178899 0.16018304 0.         0.00624858
 0.0491492  0.         0.         0.4463581 ]

rule9: 20.246 < housing_median_age < 28.727
probabilities_array:[0.0642681  0.07350588 0.04229885 0.00425402 0.10363065 0.150847
 0.16814078 0.0777051  0.         0.31534964]

rule18: 537.438 < total_bedrooms < 818.697
probabilities_array:[0.15156844 0.10054071 0.09162378 0.         0.         0.0126825
 0.00974885 0.05424842 0.0142662  0.5653211 ]

rule16: total_bedrooms < 256.179
probabilities_array:[0.09306789 0.08949035 0.07270115 0.03116178 0.07815275 0.09572377
 0.01060821 0.         0.00323192 0.5258622 ]


---2---
rule7: latitude > 37.073
probabilities_array:[0.         0.23404668 0.26921707 0.13998926 0.04769445 0.01533428
 0.07156339 0.02379945 0.03947872 0.15887673]

rule28: median_income < 2.582
probabilities_array:[0.28805584 0.26914048 0.1943201  0.12345347 0.06927925 0.01791145
 0.00597687 0.         0.         0.03186256]

rule29: 2.582 < median_income < 3.856
probabilities_array:[0.02403541 0.13194507 0.18956238 0.20898813 0.16795884 0.11930159
 0.07507405 0.05630811 0.         0.0268263 ]

rule3: longitude > -118.222
probabilities_array:[0.0665492  0.08562436 0.1627147  0.24569108 0.20786501 0.1229772
 0.04870765 0.00787574 0.         0.05199503]

rule33: ocean_proximity_INLAND = 1.0
probabilities_array:[0.31548595 0.23384508 0.19645076 0.00634906 0.00125577 0.01164245
 0.         0.         0.         0.23497091]

rule23: population > 2205.393
probabilities_array:[0.23176192 0.10717402 0.14871378 0.26251873 0.10866315 0.05092503
 0.05759289 0.01879762 0.00051586 0.01333705]

rule4: latitude < 34.190
probabilities_array:[0.00177976 0.14765465 0.16761416 0.03102743 0.00104467 0.04231417
 0.07597794 0.1649449  0.23296767 0.1346746 ]

rule1: -120.928 < longitude < -119.575
probabilities_array:[0.16413696 0.13031037 0.1923462  0.06963133 0.         0.
 0.         0.03975402 0.15662248 0.2471986 ]

rule12: total_rooms < 1178.373
probabilities_array:[0.25569376 0.13211735 0.14645243 0.25613898 0.09596404 0.02762464
 0.05505066 0.01403782 0.         0.01692033]

rule8: housing_median_age < 20.246
probabilities_array:[0.05460071 0.09968077 0.14479075 0.16013272 0.15142985 0.12804498
 0.10394478 0.08853807 0.         0.06883729]

rule25: 243.547 < households < 500.070
probabilities_array:[0.19159205 0.17367427 0.18326007 0.07793203 0.0120044  0.02322262
 0.         0.04232092 0.         0.29599366]

rule22: 1430.065 < population < 2205.393
probabilities_array:[0.25912154 0.14083135 0.14192599 0.20884661 0.05712553 0.04796782
 0.03492419 0.01252124 0.         0.09673575]

rule37: ocean_proximity_NEAR BAY = 1.0
probabilities_array:[0.01634945 0.24222463 0.17008673 0.         0.         0.022576
 0.         0.05549608 0.24419852 0.2490686 ]

rule5: 34.190 < latitude < 35.632
probabilities_array:[0.1783715  0.072137   0.11837352 0.13459869 0.10087898 0.14573415
 0.09943529 0.0617001  0.         0.08877081]

rule39: ocean_proximity_NEAR OCEAN = 1.0
probabilities_array:[0.04418937 0.20634438 0.10893386 0.         0.         0.01777282
 0.09131615 0.12075655 0.30796948 0.10271735]

rule30: 3.856 < median_income < 5.130
probabilities_array:[0.         0.02108334 0.0924127  0.15402362 0.17648654 0.1763103
 0.16614224 0.14544326 0.05332812 0.01476988]

rule13: 1178.373 < total_rooms < 2630.282
probabilities_array:[0.26062655 0.08113569 0.08241259 0.16981451 0.10159437 0.03370347
 0.03718175 0.01944505 0.         0.21408609]


---3---
rule23: population > 2205.393
probabilities_array:[0.23176192 0.10717402 0.14871378 0.26251873 0.10866315 0.05092503
 0.05759289 0.01879762 0.00051586 0.01333705]

rule12: total_rooms < 1178.373
probabilities_array:[0.25569376 0.13211735 0.14645243 0.25613898 0.09596404 0.02762464
 0.05505066 0.01403782 0.         0.01692033]

rule3: longitude > -118.222
probabilities_array:[0.0665492  0.08562436 0.1627147  0.24569108 0.20786501 0.1229772
 0.04870765 0.00787574 0.         0.05199503]

rule29: 2.582 < median_income < 3.856
probabilities_array:[0.02403541 0.13194507 0.18956238 0.20898813 0.16795884 0.11930159
 0.07507405 0.05630811 0.         0.0268263 ]

rule22: 1430.065 < population < 2205.393
probabilities_array:[0.25912154 0.14083135 0.14192599 0.20884661 0.05712553 0.04796782
 0.03492419 0.01252124 0.         0.09673575]

rule30: 3.856 < median_income < 5.130
probabilities_array:[0.         0.02108334 0.0924127  0.15402362 0.17648654 0.1763103
 0.16614224 0.14544326 0.05332812 0.01476988]

rule8: housing_median_age < 20.246
probabilities_array:[0.05460071 0.09968077 0.14479075 0.16013272 0.15142985 0.12804498
 0.10394478 0.08853807 0.         0.06883729]

rule13: 1178.373 < total_rooms < 2630.282
probabilities_array:[0.26062655 0.08113569 0.08241259 0.16981451 0.10159437 0.03370347
 0.03718175 0.01944505 0.         0.21408609]

rule5: 34.190 < latitude < 35.632
probabilities_array:[0.1783715  0.072137   0.11837352 0.13459869 0.10087898 0.14573415
 0.09943529 0.0617001  0.         0.08877081]

rule28: median_income < 2.582
probabilities_array:[0.28805584 0.26914048 0.1943201  0.12345347 0.06927925 0.01791145
 0.00597687 0.         0.         0.03186256]

rule7: latitude > 37.073
probabilities_array:[0.         0.23404668 0.26921707 0.13998926 0.04769445 0.01533428
 0.07156339 0.02379945 0.03947872 0.15887673]

rule17: 256.179 < total_bedrooms < 537.438
probabilities_array:[0.19455475 0.09171738 0.05178899 0.16018304 0.         0.00624858
 0.0491492  0.         0.         0.4463581 ]

rule25: 243.547 < households < 500.070
probabilities_array:[0.19159205 0.17367427 0.18326007 0.07793203 0.0120044  0.02322262
 0.         0.04232092 0.         0.29599366]

rule32: ocean_proximity_INLAND = 0.0
probabilities_array:[0.         0.01229809 0.0252921  0.05453166 0.13748227 0.1950453
 0.20001097 0.20608905 0.16843276 0.00081778]

rule1: -120.928 < longitude < -119.575
probabilities_array:[0.16413696 0.13031037 0.1923462  0.06963133 0.         0.
 0.         0.03975402 0.15662248 0.2471986 ]

rule31: median_income > 5.130
probabilities_array:[0.         0.00708605 0.01309961 0.04202896 0.05608848 0.08821572
 0.1746286  0.27105343 0.34363073 0.00416839]


---4---
rule3: longitude > -118.222
probabilities_array:[0.0665492  0.08562436 0.1627147  0.24569108 0.20786501 0.1229772
 0.04870765 0.00787574 0.         0.05199503]

rule30: 3.856 < median_income < 5.130
probabilities_array:[0.         0.02108334 0.0924127  0.15402362 0.17648654 0.1763103
 0.16614224 0.14544326 0.05332812 0.01476988]

rule29: 2.582 < median_income < 3.856
probabilities_array:[0.02403541 0.13194507 0.18956238 0.20898813 0.16795884 0.11930159
 0.07507405 0.05630811 0.         0.0268263 ]

rule8: housing_median_age < 20.246
probabilities_array:[0.05460071 0.09968077 0.14479075 0.16013272 0.15142985 0.12804498
 0.10394478 0.08853807 0.         0.06883729]

rule32: ocean_proximity_INLAND = 0.0
probabilities_array:[0.         0.01229809 0.0252921  0.05453166 0.13748227 0.1950453
 0.20001097 0.20608905 0.16843276 0.00081778]

rule23: population > 2205.393
probabilities_array:[0.23176192 0.10717402 0.14871378 0.26251873 0.10866315 0.05092503
 0.05759289 0.01879762 0.00051586 0.01333705]

rule38: ocean_proximity_NEAR OCEAN = 0.0
probabilities_array:[0.27602372 0.09943522 0.03677415 0.0019662  0.16282868 0.05899976
 0.00802944 0.00401737 0.         0.3519255 ]

rule12: total_rooms < 1178.373
probabilities_array:[0.25569376 0.13211735 0.14645243 0.25613898 0.09596404 0.02762464
 0.05505066 0.01403782 0.         0.01692033]

rule5: 34.190 < latitude < 35.632
probabilities_array:[0.1783715  0.072137   0.11837352 0.13459869 0.10087898 0.14573415
 0.09943529 0.0617001  0.         0.08877081]

rule13: 1178.373 < total_rooms < 2630.282
probabilities_array:[0.26062655 0.08113569 0.08241259 0.16981451 0.10159437 0.03370347
 0.03718175 0.01944505 0.         0.21408609]

rule9: 20.246 < housing_median_age < 28.727
probabilities_array:[0.0642681  0.07350588 0.04229885 0.00425402 0.10363065 0.150847
 0.16814078 0.0777051  0.         0.31534964]

rule10: 28.727 < housing_median_age < 37.207
probabilities_array:[0.22389828 0.09634051 0.00095543 0.05846308 0.1017899  0.14667562
 0.         0.00698677 0.03972216 0.32516825]

rule28: median_income < 2.582
probabilities_array:[0.28805584 0.26914048 0.1943201  0.12345347 0.06927925 0.01791145
 0.00597687 0.         0.         0.03186256]

rule31: median_income > 5.130
probabilities_array:[0.         0.00708605 0.01309961 0.04202896 0.05608848 0.08821572
 0.1746286  0.27105343 0.34363073 0.00416839]

rule22: 1430.065 < population < 2205.393
probabilities_array:[0.25912154 0.14083135 0.14192599 0.20884661 0.05712553 0.04796782
 0.03492419 0.01252124 0.         0.09673575]

rule7: latitude > 37.073
probabilities_array:[0.         0.23404668 0.26921707 0.13998926 0.04769445 0.01533428
 0.07156339 0.02379945 0.03947872 0.15887673]


---5---
rule32: ocean_proximity_INLAND = 0.0
probabilities_array:[0.         0.01229809 0.0252921  0.05453166 0.13748227 0.1950453
 0.20001097 0.20608905 0.16843276 0.00081778]

rule30: 3.856 < median_income < 5.130
probabilities_array:[0.         0.02108334 0.0924127  0.15402362 0.17648654 0.1763103
 0.16614224 0.14544326 0.05332812 0.01476988]

rule5: 34.190 < latitude < 35.632
probabilities_array:[0.1783715  0.072137   0.11837352 0.13459869 0.10087898 0.14573415
 0.09943529 0.0617001  0.         0.08877081]

rule8: housing_median_age < 20.246
probabilities_array:[0.05460071 0.09968077 0.14479075 0.16013272 0.15142985 0.12804498
 0.10394478 0.08853807 0.         0.06883729]

rule3: longitude > -118.222
probabilities_array:[0.0665492  0.08562436 0.1627147  0.24569108 0.20786501 0.1229772
 0.04870765 0.00787574 0.         0.05199503]

rule29: 2.582 < median_income < 3.856
probabilities_array:[0.02403541 0.13194507 0.18956238 0.20898813 0.16795884 0.11930159
 0.07507405 0.05630811 0.         0.0268263 ]

rule27: households > 756.594
probabilities_array:[0.00120462 0.0339749  0.         0.         0.0241986  0.13908175
 0.09920301 0.09106391 0.3555492  0.25572407]

rule9: 20.246 < housing_median_age < 28.727
probabilities_array:[0.0642681  0.07350588 0.04229885 0.00425402 0.10363065 0.150847
 0.16814078 0.0777051  0.         0.31534964]

rule10: 28.727 < housing_median_age < 37.207
probabilities_array:[0.22389828 0.09634051 0.00095543 0.05846308 0.1017899  0.14667562
 0.         0.00698677 0.03972216 0.32516825]

rule20: population < 654.737
probabilities_array:[0.         0.01334562 0.00535923 0.         0.00113789 0.10453335
 0.03912539 0.24941573 0.43224487 0.15483794]

rule31: median_income > 5.130
probabilities_array:[0.         0.00708605 0.01309961 0.04202896 0.05608848 0.08821572
 0.1746286  0.27105343 0.34363073 0.00416839]

rule0: longitude < -120.928
probabilities_array:[0.01110555 0.         0.         0.0141782  0.03716685 0.11850551
 0.1860213  0.20063865 0.12490519 0.30747873]

rule23: population > 2205.393
probabilities_array:[0.23176192 0.10717402 0.14871378 0.26251873 0.10866315 0.05092503
 0.05759289 0.01879762 0.00051586 0.01333705]

rule2: -119.575 < longitude < -118.222
probabilities_array:[0.20339487 0.19046046 0.01086152 0.         0.03345278 0.05493306
 0.04052228 0.07722878 0.2227236  0.16642256]

rule16: total_bedrooms < 256.179
probabilities_array:[0.09306789 0.08949035 0.07270115 0.03116178 0.07815275 0.09572377
 0.01060821 0.         0.00323192 0.5258622 ]

rule22: 1430.065 < population < 2205.393
probabilities_array:[0.25912154 0.14083135 0.14192599 0.20884661 0.05712553 0.04796782
 0.03492419 0.01252124 0.         0.09673575]


---6---
rule32: ocean_proximity_INLAND = 0.0
probabilities_array:[0.         0.01229809 0.0252921  0.05453166 0.13748227 0.1950453
 0.20001097 0.20608905 0.16843276 0.00081778]

rule31: median_income > 5.130
probabilities_array:[0.         0.00708605 0.01309961 0.04202896 0.05608848 0.08821572
 0.1746286  0.27105343 0.34363073 0.00416839]

rule30: 3.856 < median_income < 5.130
probabilities_array:[0.         0.02108334 0.0924127  0.15402362 0.17648654 0.1763103
 0.16614224 0.14544326 0.05332812 0.01476988]

rule0: longitude < -120.928
probabilities_array:[0.01110555 0.         0.         0.0141782  0.03716685 0.11850551
 0.1860213  0.20063865 0.12490519 0.30747873]

rule9: 20.246 < housing_median_age < 28.727
probabilities_array:[0.0642681  0.07350588 0.04229885 0.00425402 0.10363065 0.150847
 0.16814078 0.0777051  0.         0.31534964]

rule8: housing_median_age < 20.246
probabilities_array:[0.05460071 0.09968077 0.14479075 0.16013272 0.15142985 0.12804498
 0.10394478 0.08853807 0.         0.06883729]

rule5: 34.190 < latitude < 35.632
probabilities_array:[0.1783715  0.072137   0.11837352 0.13459869 0.10087898 0.14573415
 0.09943529 0.0617001  0.         0.08877081]

rule39: ocean_proximity_NEAR OCEAN = 1.0
probabilities_array:[0.04418937 0.20634438 0.10893386 0.         0.         0.01777282
 0.09131615 0.12075655 0.30796948 0.10271735]

rule27: households > 756.594
probabilities_array:[0.00120462 0.0339749  0.         0.         0.0241986  0.13908175
 0.09920301 0.09106391 0.3555492  0.25572407]

rule29: 2.582 < median_income < 3.856
probabilities_array:[0.02403541 0.13194507 0.18956238 0.20898813 0.16795884 0.11930159
 0.07507405 0.05630811 0.         0.0268263 ]

rule4: latitude < 34.190
probabilities_array:[0.00177976 0.14765465 0.16761416 0.03102743 0.00104467 0.04231417
 0.07597794 0.1649449  0.23296767 0.1346746 ]

rule7: latitude > 37.073
probabilities_array:[0.         0.23404668 0.26921707 0.13998926 0.04769445 0.01533428
 0.07156339 0.02379945 0.03947872 0.15887673]

rule23: population > 2205.393
probabilities_array:[0.23176192 0.10717402 0.14871378 0.26251873 0.10866315 0.05092503
 0.05759289 0.01879762 0.00051586 0.01333705]

rule12: total_rooms < 1178.373
probabilities_array:[0.25569376 0.13211735 0.14645243 0.25613898 0.09596404 0.02762464
 0.05505066 0.01403782 0.         0.01692033]

rule36: ocean_proximity_NEAR BAY = 0.0
probabilities_array:[0.28238323 0.13780148 0.03573368 0.00248842 0.00279845 0.02083643
 0.08416839 0.01903424 0.         0.4147556 ]

rule3: longitude > -118.222
probabilities_array:[0.0665492  0.08562436 0.1627147  0.24569108 0.20786501 0.1229772
 0.04870765 0.00787574 0.         0.05199503]


---7---
rule31: median_income > 5.130
probabilities_array:[0.         0.00708605 0.01309961 0.04202896 0.05608848 0.08821572
 0.1746286  0.27105343 0.34363073 0.00416839]

rule15: total_rooms > 4082.190
probabilities_array:[0.         0.06259741 0.02861034 0.         0.         0.01158227
 0.02868635 0.2768922  0.46604294 0.12558852]

rule20: population < 654.737
probabilities_array:[0.         0.01334562 0.00535923 0.         0.00113789 0.10453335
 0.03912539 0.24941573 0.43224487 0.15483794]

rule32: ocean_proximity_INLAND = 0.0
probabilities_array:[0.         0.01229809 0.0252921  0.05453166 0.13748227 0.1950453
 0.20001097 0.20608905 0.16843276 0.00081778]

rule35: ocean_proximity_ISLAND = 1.0
probabilities_array:[0.         0.         0.         0.         0.         0.
 0.         0.23619297 0.39382914 0.3699779 ]

rule30: 3.856 < median_income < 5.130
probabilities_array:[0.         0.02108334 0.0924127  0.15402362 0.17648654 0.1763103
 0.16614224 0.14544326 0.05332812 0.01476988]

rule4: latitude < 34.190
probabilities_array:[0.00177976 0.14765465 0.16761416 0.03102743 0.00104467 0.04231417
 0.07597794 0.1649449  0.23296767 0.1346746 ]

rule0: longitude < -120.928
probabilities_array:[0.01110555 0.         0.         0.0141782  0.03716685 0.11850551
 0.1860213  0.20063865 0.12490519 0.30747873]

rule14: 2630.282 < total_rooms < 4082.190
probabilities_array:[0.0000000e+00 1.6849155e-02 4.3987505e-02 3.4667327e-04 0.0000000e+00
 5.5624451e-02 4.4390984e-02 1.6736472e-01 3.5385731e-01 3.1757927e-01]

rule39: ocean_proximity_NEAR OCEAN = 1.0
probabilities_array:[0.04418937 0.20634438 0.10893386 0.         0.         0.01777282
 0.09131615 0.12075655 0.30796948 0.10271735]

rule8: housing_median_age < 20.246
probabilities_array:[0.05460071 0.09968077 0.14479075 0.16013272 0.15142985 0.12804498
 0.10394478 0.08853807 0.         0.06883729]

rule27: households > 756.594
probabilities_array:[0.00120462 0.0339749  0.         0.         0.0241986  0.13908175
 0.09920301 0.09106391 0.3555492  0.25572407]

rule2: -119.575 < longitude < -118.222
probabilities_array:[0.20339487 0.19046046 0.01086152 0.         0.03345278 0.05493306
 0.04052228 0.07722878 0.2227236  0.16642256]

rule21: 654.737 < population < 1430.065
probabilities_array:[0.11884669 0.14119704 0.03802061 0.02963747 0.0003648  0.
 0.         0.08936974 0.22064257 0.3619211 ]

rule5: 34.190 < latitude < 35.632
probabilities_array:[0.1783715  0.072137   0.11837352 0.13459869 0.10087898 0.14573415
 0.09943529 0.0617001  0.         0.08877081]

rule29: 2.582 < median_income < 3.856
probabilities_array:[0.02403541 0.13194507 0.18956238 0.20898813 0.16795884 0.11930159
 0.07507405 0.05630811 0.         0.0268263 ]

rule9: 20.246 < housing_median_age < 28.727
probabilities_array:[0.0642681  0.07350588 0.04229885 0.00425402 0.10363065 0.150847
 0.16814078 0.0777051  0.         0.31534964]

rule11: housing_median_age > 37.207
probabilities_array:[0.1957778  0.10432992 0.01220737 0.         0.         0.00098616
 0.02548822 0.07128926 0.29462886 0.29529244]

rule37: ocean_proximity_NEAR BAY = 1.0
probabilities_array:[0.01634945 0.24222463 0.17008673 0.         0.         0.022576
 0.         0.05549608 0.24419852 0.2490686 ]


---8---
rule15: total_rooms > 4082.190
probabilities_array:[0.         0.06259741 0.02861034 0.         0.         0.01158227
 0.02868635 0.2768922  0.46604294 0.12558852]

rule20: population < 654.737
probabilities_array:[0.         0.01334562 0.00535923 0.         0.00113789 0.10453335
 0.03912539 0.24941573 0.43224487 0.15483794]

rule31: median_income > 5.130
probabilities_array:[0.         0.00708605 0.01309961 0.04202896 0.05608848 0.08821572
 0.1746286  0.27105343 0.34363073 0.00416839]

rule39: ocean_proximity_NEAR OCEAN = 1.0
probabilities_array:[0.04418937 0.20634438 0.10893386 0.         0.         0.01777282
 0.09131615 0.12075655 0.30796948 0.10271735]

rule27: households > 756.594
probabilities_array:[0.00120462 0.0339749  0.         0.         0.0241986  0.13908175
 0.09920301 0.09106391 0.3555492  0.25572407]

rule35: ocean_proximity_ISLAND = 1.0
probabilities_array:[0.         0.         0.         0.         0.         0.
 0.         0.23619297 0.39382914 0.3699779 ]

rule14: 2630.282 < total_rooms < 4082.190
probabilities_array:[0.0000000e+00 1.6849155e-02 4.3987505e-02 3.4667327e-04 0.0000000e+00
 5.5624451e-02 4.4390984e-02 1.6736472e-01 3.5385731e-01 3.1757927e-01]

rule11: housing_median_age > 37.207
probabilities_array:[0.1957778  0.10432992 0.01220737 0.         0.         0.00098616
 0.02548822 0.07128926 0.29462886 0.29529244]

rule4: latitude < 34.190
probabilities_array:[0.00177976 0.14765465 0.16761416 0.03102743 0.00104467 0.04231417
 0.07597794 0.1649449  0.23296767 0.1346746 ]

rule2: -119.575 < longitude < -118.222
probabilities_array:[0.20339487 0.19046046 0.01086152 0.         0.03345278 0.05493306
 0.04052228 0.07722878 0.2227236  0.16642256]

rule37: ocean_proximity_NEAR BAY = 1.0
probabilities_array:[0.01634945 0.24222463 0.17008673 0.         0.         0.022576
 0.         0.05549608 0.24419852 0.2490686 ]

rule32: ocean_proximity_INLAND = 0.0
probabilities_array:[0.         0.01229809 0.0252921  0.05453166 0.13748227 0.1950453
 0.20001097 0.20608905 0.16843276 0.00081778]

rule21: 654.737 < population < 1430.065
probabilities_array:[0.11884669 0.14119704 0.03802061 0.02963747 0.0003648  0.
 0.         0.08936974 0.22064257 0.3619211 ]

rule1: -120.928 < longitude < -119.575
probabilities_array:[0.16413696 0.13031037 0.1923462  0.06963133 0.         0.
 0.         0.03975402 0.15662248 0.2471986 ]

rule0: longitude < -120.928
probabilities_array:[0.01110555 0.         0.         0.0141782  0.03716685 0.11850551
 0.1860213  0.20063865 0.12490519 0.30747873]

rule19: total_bedrooms > 818.697
probabilities_array:[0.04811903 0.00677513 0.         0.         0.         0.08002955
 0.05568263 0.07159101 0.17968076 0.5581219 ]

rule30: 3.856 < median_income < 5.130
probabilities_array:[0.         0.02108334 0.0924127  0.15402362 0.17648654 0.1763103
 0.16614224 0.14544326 0.05332812 0.01476988]

