R2: -3.2505618581944384

MAE: 206109.0354974163

MSE: 55549268146.6206

Accuracy: 0.34923664122137404

F1: 0.3343945775696631

Confusion Matrix: [[557, 110, 57, 19, 3, 7, 5, 2, 0], [241, 256, 156, 63, 13, 13, 5, 9, 8], [101, 145, 220, 175, 39, 17, 17, 22, 6], [60, 96, 156, 256, 96, 71, 28, 33, 20], [17, 57, 84, 156, 154, 103, 33, 50, 43], [15, 48, 58, 115, 138, 112, 80, 100, 83], [11, 55, 35, 78, 91, 106, 147, 165, 121], [2, 33, 13, 30, 32, 77, 122, 193, 239], [3, 9, 10, 18, 10, 42, 38, 120, 484]]

Uncertainties: {'class0': [0.5499300360679626, 0.5446058511734009, 0.5281023979187012, 0.4921092987060547, 0.4436010718345642], 'class1': [0.5499300360679626, 0.5281023979187012, 0.4921092987060547, 0.4436010718345642, 0.39345690608024597], 'class2': [0.4921092987060547, 0.4436010718345642, 0.39345690608024597, 0.3161013424396515, 0.2978495657444], 'class3': [0.39345690608024597, 0.3260659873485565, 0.30284902453422546, 0.2978495657444, 0.20675528049468994], 'class4': [0.5281023979187012, 0.35748326778411865, 0.32550710439682007, 0.30284902453422546, 0.2000880390405655], 'class5': [0.5469639301300049, 0.35748326778411865, 0.34767699241638184, 0.32550710439682007, 0.3161013424396515], 'class6': [0.5469639301300049, 0.3584998548030853, 0.35748326778411865, 0.34767699241638184, 0.3161013424396515], 'class7': [0.34767699241638184, 0.3260659873485565, 0.3161013424396515, 0.29081451892852783, 0.28491613268852234], 'class8': [0.6508950591087341, 0.4921092987060547, 0.4436010718345642, 0.34767699241638184, 0.3260659873485565]}

Most important rules
-----------------------------

---0---
rule28: median_income < 2.594
probabilities_array:[0.27449417 0.25913537 0.16527934 0.12988509 0.06960738 0.03959174
 0.03963852 0.01707403 0.         0.00529431]

rule22: 1420.798 < population < 2186.523
probabilities_array:[0.26198572 0.11903272 0.13231708 0.19983685 0.09226114 0.06012714
 0.06022684 0.02496058 0.         0.04925186]

rule33: ocean_proximity_INLAND = 1.0
probabilities_array:[0.31842315 0.24883239 0.19668925 0.00813086 0.00139517 0.00657977
 0.00110712 0.         0.         0.21884222]

rule23: population > 2186.523
probabilities_array:[0.24136217 0.10253645 0.12863292 0.2550872  0.12194679 0.06074595
 0.0635875  0.01945867 0.         0.0066423 ]

rule12: total_rooms < 1178.853
probabilities_array:[0.23654541 0.13289839 0.14812142 0.2634281  0.08843058 0.03971441
 0.06196232 0.0149653  0.         0.01393411]

rule5: 34.203 < latitude < 35.643
probabilities_array:[0.2378287  0.07881817 0.05792313 0.06366983 0.10013344 0.1688687
 0.11720963 0.00718553 0.         0.16836277]

rule2: -119.583 < longitude < -118.231
probabilities_array:[0.21838623 0.18399385 0.05579722 0.         0.02372578 0.06630667
 0.01552327 0.10133713 0.21583475 0.11909515]

rule36: ocean_proximity_NEAR BAY = 0.0
probabilities_array:[0.26989236 0.13572943 0.03922435 0.00700662 0.00566073 0.03699305
 0.10503967 0.04195393 0.         0.35849985]

rule13: 1178.853 < total_rooms < 2630.128
probabilities_array:[0.2134904  0.08438773 0.08489039 0.19545299 0.09980834 0.04266398
 0.05887256 0.02034552 0.         0.20008804]

rule25: 244.446 < households < 497.949
probabilities_array:[0.23072429 0.12089553 0.19920087 0.06421052 0.02583607 0.00836807
 0.04170768 0.01120723 0.         0.29784957]

rule11: housing_median_age > 37.095
probabilities_array:[0.21342686 0.06230186 0.03095077 0.01543317 0.         0.
 0.01385064 0.11660483 0.30156913 0.2458627 ]

rule6: 35.643 < latitude < 37.083
probabilities_array:[0.34728214 0.06855096 0.         0.         0.         0.03956103
 0.         0.         0.         0.54460585]

rule38: ocean_proximity_NEAR OCEAN = 0.0
probabilities_array:[0.21912977 0.09657542 0.04946698 0.04792029 0.13950388 0.10347313
 0.01462163 0.0038019  0.         0.3255071 ]

rule1: -120.936 < longitude < -119.583
probabilities_array:[0.1692109  0.17014118 0.20070927 0.05447087 0.         0.
 0.         0.10374405 0.09496854 0.20675528]

rule10: 28.604 < housing_median_age < 37.095
probabilities_array:[1.8494278e-01 9.4710879e-02 3.1417955e-02 7.7563845e-02 1.2749724e-01
 1.2411385e-01 2.5323909e-04 0.0000000e+00 5.6651194e-02 3.0284902e-01]

rule17: 256.211 < total_bedrooms < 535.701
probabilities_array:[0.18643841 0.10667603 0.08504856 0.0773463  0.00740953 0.05327726
 0.05914969 0.03119726 0.         0.3934569 ]

rule16: total_bedrooms < 256.211
probabilities_array:[0.2066688  0.08586621 0.03756877 0.00483056 0.12982516 0.
 0.         0.00713806 0.         0.5281024 ]

rule21: 655.073 < population < 1420.798
probabilities_array:[0.12642294 0.1354248  0.02307353 0.11881338 0.         0.00119888
 0.         0.07624488 0.19275557 0.326066  ]

rule24: households < 244.446
probabilities_array:[0.16107926 0.0933212  0.08588084 0.04878316 0.         0.02433561
 0.         0.         0.09449071 0.4921093 ]

rule34: ocean_proximity_ISLAND = 0.0
probabilities_array:[0.16283375 0.1540281  0.0845498  0.00100424 0.         0.01033339
 0.03282699 0.00449372 0.         0.54993004]

rule9: 20.112 < housing_median_age < 28.604
probabilities_array:[0.09085412 0.03964249 0.03189542 0.         0.09143379 0.17881475
 0.11592475 0.05451328 0.03943806 0.35748327]

rule3: longitude > -118.231
probabilities_array:[0.06111493 0.11179038 0.16662055 0.26396054 0.1710886  0.12121713
 0.02519547 0.00643107 0.         0.07258128]

rule18: 535.701 < total_bedrooms < 815.191
probabilities_array:[0.07263113 0.14466743 0.11247413 0.03680865 0.         0.
 0.04187205 0.0278891  0.12005645 0.44360107]


---1---
rule28: median_income < 2.594
probabilities_array:[0.27449417 0.25913537 0.16527934 0.12988509 0.06960738 0.03959174
 0.03963852 0.01707403 0.         0.00529431]

rule7: latitude > 37.083
probabilities_array:[0.         0.24274057 0.29510805 0.11764739 0.05572152 0.0222891
 0.027471   0.02181712 0.03490064 0.18230462]

rule33: ocean_proximity_INLAND = 1.0
probabilities_array:[0.31842315 0.24883239 0.19668925 0.00813086 0.00139517 0.00657977
 0.00110712 0.         0.         0.21884222]

rule37: ocean_proximity_NEAR BAY = 1.0
probabilities_array:[0.02234328 0.2241868  0.14490873 0.         0.         0.0603611
 0.         0.05296928 0.22556564 0.26966524]

rule2: -119.583 < longitude < -118.231
probabilities_array:[0.21838623 0.18399385 0.05579722 0.         0.02372578 0.06630667
 0.01552327 0.10133713 0.21583475 0.11909515]

rule39: ocean_proximity_NEAR OCEAN = 1.0
probabilities_array:[0.04001884 0.1646891  0.10344023 0.         0.         0.00775472
 0.07641311 0.14307663 0.34353587 0.12107154]

rule1: -120.936 < longitude < -119.583
probabilities_array:[0.1692109  0.17014118 0.20070927 0.05447087 0.         0.
 0.         0.10374405 0.09496854 0.20675528]

rule12: total_rooms < 1178.853
probabilities_array:[0.23654541 0.13289839 0.14812142 0.2634281  0.08843058 0.03971441
 0.06196232 0.0149653  0.         0.01393411]

rule29: 2.594 < median_income < 3.878
probabilities_array:[0.0076065  0.12123343 0.1802587  0.22965635 0.17593963 0.1157285
 0.0880032  0.05028355 0.         0.03129015]

rule22: 1420.798 < population < 2186.523
probabilities_array:[0.26198572 0.11903272 0.13231708 0.19983685 0.09226114 0.06012714
 0.06022684 0.02496058 0.         0.04925186]

rule4: latitude < 34.203
probabilities_array:[0.00148799 0.12288111 0.16453981 0.03452288 0.04970337 0.04024808
 0.09316266 0.16312659 0.21748161 0.11284591]

rule3: longitude > -118.231
probabilities_array:[0.06111493 0.11179038 0.16662055 0.26396054 0.1710886  0.12121713
 0.02519547 0.00643107 0.         0.07258128]

rule23: population > 2186.523
probabilities_array:[0.24136217 0.10253645 0.12863292 0.2550872  0.12194679 0.06074595
 0.0635875  0.01945867 0.         0.0066423 ]

rule21: 655.073 < population < 1420.798
probabilities_array:[0.12642294 0.1354248  0.02307353 0.11881338 0.         0.00119888
 0.         0.07624488 0.19275557 0.326066  ]

rule36: ocean_proximity_NEAR BAY = 0.0
probabilities_array:[0.26989236 0.13572943 0.03922435 0.00700662 0.00566073 0.03699305
 0.10503967 0.04195393 0.         0.35849985]

rule25: 244.446 < households < 497.949
probabilities_array:[0.23072429 0.12089553 0.19920087 0.06421052 0.02583607 0.00836807
 0.04170768 0.01120723 0.         0.29784957]

rule18: 535.701 < total_bedrooms < 815.191
probabilities_array:[0.07263113 0.14466743 0.11247413 0.03680865 0.         0.
 0.04187205 0.0278891  0.12005645 0.44360107]

rule34: ocean_proximity_ISLAND = 0.0
probabilities_array:[0.16283375 0.1540281  0.0845498  0.00100424 0.         0.01033339
 0.03282699 0.00449372 0.         0.54993004]

rule13: 1178.853 < total_rooms < 2630.128
probabilities_array:[0.2134904  0.08438773 0.08489039 0.19545299 0.09980834 0.04266398
 0.05887256 0.02034552 0.         0.20008804]

rule10: 28.604 < housing_median_age < 37.095
probabilities_array:[1.8494278e-01 9.4710879e-02 3.1417955e-02 7.7563845e-02 1.2749724e-01
 1.2411385e-01 2.5323909e-04 0.0000000e+00 5.6651194e-02 3.0284902e-01]

rule5: 34.203 < latitude < 35.643
probabilities_array:[0.2378287  0.07881817 0.05792313 0.06366983 0.10013344 0.1688687
 0.11720963 0.00718553 0.         0.16836277]

rule38: ocean_proximity_NEAR OCEAN = 0.0
probabilities_array:[0.21912977 0.09657542 0.04946698 0.04792029 0.13950388 0.10347313
 0.01462163 0.0038019  0.         0.3255071 ]

rule17: 256.211 < total_bedrooms < 535.701
probabilities_array:[0.18643841 0.10667603 0.08504856 0.0773463  0.00740953 0.05327726
 0.05914969 0.03119726 0.         0.3934569 ]

rule8: housing_median_age < 20.112
probabilities_array:[0.04189314 0.07421595 0.16779041 0.1756723  0.14681616 0.11205455
 0.05704254 0.08736877 0.         0.13714604]

rule15: total_rooms > 4081.404
probabilities_array:[0.         0.06849882 0.02692605 0.         0.         0.00228852
 0.01600075 0.24797009 0.50264066 0.13567513]

rule24: households < 244.446
probabilities_array:[0.16107926 0.0933212  0.08588084 0.04878316 0.         0.02433561
 0.         0.         0.09449071 0.4921093 ]

rule11: housing_median_age > 37.095
probabilities_array:[0.21342686 0.06230186 0.03095077 0.01543317 0.         0.
 0.01385064 0.11660483 0.30156913 0.2458627 ]

rule16: total_bedrooms < 256.211
probabilities_array:[0.2066688  0.08586621 0.03756877 0.00483056 0.12982516 0.
 0.         0.00713806 0.         0.5281024 ]


---2---
rule7: latitude > 37.083
probabilities_array:[0.         0.24274057 0.29510805 0.11764739 0.05572152 0.0222891
 0.027471   0.02181712 0.03490064 0.18230462]

rule29: 2.594 < median_income < 3.878
probabilities_array:[0.0076065  0.12123343 0.1802587  0.22965635 0.17593963 0.1157285
 0.0880032  0.05028355 0.         0.03129015]

rule28: median_income < 2.594
probabilities_array:[0.27449417 0.25913537 0.16527934 0.12988509 0.06960738 0.03959174
 0.03963852 0.01707403 0.         0.00529431]

rule1: -120.936 < longitude < -119.583
probabilities_array:[0.1692109  0.17014118 0.20070927 0.05447087 0.         0.
 0.         0.10374405 0.09496854 0.20675528]

rule3: longitude > -118.231
probabilities_array:[0.06111493 0.11179038 0.16662055 0.26396054 0.1710886  0.12121713
 0.02519547 0.00643107 0.         0.07258128]

rule33: ocean_proximity_INLAND = 1.0
probabilities_array:[0.31842315 0.24883239 0.19668925 0.00813086 0.00139517 0.00657977
 0.00110712 0.         0.         0.21884222]

rule12: total_rooms < 1178.853
probabilities_array:[0.23654541 0.13289839 0.14812142 0.2634281  0.08843058 0.03971441
 0.06196232 0.0149653  0.         0.01393411]

rule4: latitude < 34.203
probabilities_array:[0.00148799 0.12288111 0.16453981 0.03452288 0.04970337 0.04024808
 0.09316266 0.16312659 0.21748161 0.11284591]

rule8: housing_median_age < 20.112
probabilities_array:[0.04189314 0.07421595 0.16779041 0.1756723  0.14681616 0.11205455
 0.05704254 0.08736877 0.         0.13714604]

rule25: 244.446 < households < 497.949
probabilities_array:[0.23072429 0.12089553 0.19920087 0.06421052 0.02583607 0.00836807
 0.04170768 0.01120723 0.         0.29784957]

rule23: population > 2186.523
probabilities_array:[0.24136217 0.10253645 0.12863292 0.2550872  0.12194679 0.06074595
 0.0635875  0.01945867 0.         0.0066423 ]

rule22: 1420.798 < population < 2186.523
probabilities_array:[0.26198572 0.11903272 0.13231708 0.19983685 0.09226114 0.06012714
 0.06022684 0.02496058 0.         0.04925186]

rule37: ocean_proximity_NEAR BAY = 1.0
probabilities_array:[0.02234328 0.2241868  0.14490873 0.         0.         0.0603611
 0.         0.05296928 0.22556564 0.26966524]

rule39: ocean_proximity_NEAR OCEAN = 1.0
probabilities_array:[0.04001884 0.1646891  0.10344023 0.         0.         0.00775472
 0.07641311 0.14307663 0.34353587 0.12107154]

rule30: 3.878 < median_income < 5.162
probabilities_array:[0.         0.02199701 0.0702173  0.15881866 0.19113645 0.16249754
 0.17297776 0.1541201  0.06049799 0.00773726]

rule13: 1178.853 < total_rooms < 2630.128
probabilities_array:[0.2134904  0.08438773 0.08489039 0.19545299 0.09980834 0.04266398
 0.05887256 0.02034552 0.         0.20008804]

rule18: 535.701 < total_bedrooms < 815.191
probabilities_array:[0.07263113 0.14466743 0.11247413 0.03680865 0.         0.
 0.04187205 0.0278891  0.12005645 0.44360107]

rule17: 256.211 < total_bedrooms < 535.701
probabilities_array:[0.18643841 0.10667603 0.08504856 0.0773463  0.00740953 0.05327726
 0.05914969 0.03119726 0.         0.3934569 ]

rule2: -119.583 < longitude < -118.231
probabilities_array:[0.21838623 0.18399385 0.05579722 0.         0.02372578 0.06630667
 0.01552327 0.10133713 0.21583475 0.11909515]

rule5: 34.203 < latitude < 35.643
probabilities_array:[0.2378287  0.07881817 0.05792313 0.06366983 0.10013344 0.1688687
 0.11720963 0.00718553 0.         0.16836277]

rule19: total_bedrooms > 815.191
probabilities_array:[0.00105991 0.01146292 0.06877243 0.         0.00071657 0.14278996
 0.10279801 0.07711672 0.2791822  0.31610134]

rule24: households < 244.446
probabilities_array:[0.16107926 0.0933212  0.08588084 0.04878316 0.         0.02433561
 0.         0.         0.09449071 0.4921093 ]


---3---
rule12: total_rooms < 1178.853
probabilities_array:[0.23654541 0.13289839 0.14812142 0.2634281  0.08843058 0.03971441
 0.06196232 0.0149653  0.         0.01393411]

rule23: population > 2186.523
probabilities_array:[0.24136217 0.10253645 0.12863292 0.2550872  0.12194679 0.06074595
 0.0635875  0.01945867 0.         0.0066423 ]

rule3: longitude > -118.231
probabilities_array:[0.06111493 0.11179038 0.16662055 0.26396054 0.1710886  0.12121713
 0.02519547 0.00643107 0.         0.07258128]

rule29: 2.594 < median_income < 3.878
probabilities_array:[0.0076065  0.12123343 0.1802587  0.22965635 0.17593963 0.1157285
 0.0880032  0.05028355 0.         0.03129015]

rule22: 1420.798 < population < 2186.523
probabilities_array:[0.26198572 0.11903272 0.13231708 0.19983685 0.09226114 0.06012714
 0.06022684 0.02496058 0.         0.04925186]

rule30: 3.878 < median_income < 5.162
probabilities_array:[0.         0.02199701 0.0702173  0.15881866 0.19113645 0.16249754
 0.17297776 0.1541201  0.06049799 0.00773726]

rule13: 1178.853 < total_rooms < 2630.128
probabilities_array:[0.2134904  0.08438773 0.08489039 0.19545299 0.09980834 0.04266398
 0.05887256 0.02034552 0.         0.20008804]

rule8: housing_median_age < 20.112
probabilities_array:[0.04189314 0.07421595 0.16779041 0.1756723  0.14681616 0.11205455
 0.05704254 0.08736877 0.         0.13714604]

rule28: median_income < 2.594
probabilities_array:[0.27449417 0.25913537 0.16527934 0.12988509 0.06960738 0.03959174
 0.03963852 0.01707403 0.         0.00529431]

rule7: latitude > 37.083
probabilities_array:[0.         0.24274057 0.29510805 0.11764739 0.05572152 0.0222891
 0.027471   0.02181712 0.03490064 0.18230462]

rule21: 655.073 < population < 1420.798
probabilities_array:[0.12642294 0.1354248  0.02307353 0.11881338 0.         0.00119888
 0.         0.07624488 0.19275557 0.326066  ]

rule10: 28.604 < housing_median_age < 37.095
probabilities_array:[1.8494278e-01 9.4710879e-02 3.1417955e-02 7.7563845e-02 1.2749724e-01
 1.2411385e-01 2.5323909e-04 0.0000000e+00 5.6651194e-02 3.0284902e-01]

rule5: 34.203 < latitude < 35.643
probabilities_array:[0.2378287  0.07881817 0.05792313 0.06366983 0.10013344 0.1688687
 0.11720963 0.00718553 0.         0.16836277]

rule32: ocean_proximity_INLAND = 0.0
probabilities_array:[0.00151217 0.01062775 0.02367793 0.05187104 0.13642102 0.21428466
 0.19134822 0.20625943 0.16250855 0.00148912]

rule17: 256.211 < total_bedrooms < 535.701
probabilities_array:[0.18643841 0.10667603 0.08504856 0.0773463  0.00740953 0.05327726
 0.05914969 0.03119726 0.         0.3934569 ]

rule25: 244.446 < households < 497.949
probabilities_array:[0.23072429 0.12089553 0.19920087 0.06421052 0.02583607 0.00836807
 0.04170768 0.01120723 0.         0.29784957]

rule1: -120.936 < longitude < -119.583
probabilities_array:[0.1692109  0.17014118 0.20070927 0.05447087 0.         0.
 0.         0.10374405 0.09496854 0.20675528]


---4---
rule30: 3.878 < median_income < 5.162
probabilities_array:[0.         0.02199701 0.0702173  0.15881866 0.19113645 0.16249754
 0.17297776 0.1541201  0.06049799 0.00773726]

rule29: 2.594 < median_income < 3.878
probabilities_array:[0.0076065  0.12123343 0.1802587  0.22965635 0.17593963 0.1157285
 0.0880032  0.05028355 0.         0.03129015]

rule3: longitude > -118.231
probabilities_array:[0.06111493 0.11179038 0.16662055 0.26396054 0.1710886  0.12121713
 0.02519547 0.00643107 0.         0.07258128]

rule32: ocean_proximity_INLAND = 0.0
probabilities_array:[0.00151217 0.01062775 0.02367793 0.05187104 0.13642102 0.21428466
 0.19134822 0.20625943 0.16250855 0.00148912]

rule8: housing_median_age < 20.112
probabilities_array:[0.04189314 0.07421595 0.16779041 0.1756723  0.14681616 0.11205455
 0.05704254 0.08736877 0.         0.13714604]

rule23: population > 2186.523
probabilities_array:[0.24136217 0.10253645 0.12863292 0.2550872  0.12194679 0.06074595
 0.0635875  0.01945867 0.         0.0066423 ]

rule38: ocean_proximity_NEAR OCEAN = 0.0
probabilities_array:[0.21912977 0.09657542 0.04946698 0.04792029 0.13950388 0.10347313
 0.01462163 0.0038019  0.         0.3255071 ]

rule10: 28.604 < housing_median_age < 37.095
probabilities_array:[1.8494278e-01 9.4710879e-02 3.1417955e-02 7.7563845e-02 1.2749724e-01
 1.2411385e-01 2.5323909e-04 0.0000000e+00 5.6651194e-02 3.0284902e-01]

rule22: 1420.798 < population < 2186.523
probabilities_array:[0.26198572 0.11903272 0.13231708 0.19983685 0.09226114 0.06012714
 0.06022684 0.02496058 0.         0.04925186]

rule12: total_rooms < 1178.853
probabilities_array:[0.23654541 0.13289839 0.14812142 0.2634281  0.08843058 0.03971441
 0.06196232 0.0149653  0.         0.01393411]

rule5: 34.203 < latitude < 35.643
probabilities_array:[0.2378287  0.07881817 0.05792313 0.06366983 0.10013344 0.1688687
 0.11720963 0.00718553 0.         0.16836277]

rule13: 1178.853 < total_rooms < 2630.128
probabilities_array:[0.2134904  0.08438773 0.08489039 0.19545299 0.09980834 0.04266398
 0.05887256 0.02034552 0.         0.20008804]

rule28: median_income < 2.594
probabilities_array:[0.27449417 0.25913537 0.16527934 0.12988509 0.06960738 0.03959174
 0.03963852 0.01707403 0.         0.00529431]

rule16: total_bedrooms < 256.211
probabilities_array:[0.2066688  0.08586621 0.03756877 0.00483056 0.12982516 0.
 0.         0.00713806 0.         0.5281024 ]

rule9: 20.112 < housing_median_age < 28.604
probabilities_array:[0.09085412 0.03964249 0.03189542 0.         0.09143379 0.17881475
 0.11592475 0.05451328 0.03943806 0.35748327]

rule7: latitude > 37.083
probabilities_array:[0.         0.24274057 0.29510805 0.11764739 0.05572152 0.0222891
 0.027471   0.02181712 0.03490064 0.18230462]

rule31: median_income > 5.162
probabilities_array:[0.00053707 0.00731681 0.01027097 0.03548804 0.04461928 0.08069083
 0.20341991 0.27808467 0.33816972 0.00140271]

rule4: latitude < 34.203
probabilities_array:[0.00148799 0.12288111 0.16453981 0.03452288 0.04970337 0.04024808
 0.09316266 0.16312659 0.21748161 0.11284591]


---5---
rule32: ocean_proximity_INLAND = 0.0
probabilities_array:[0.00151217 0.01062775 0.02367793 0.05187104 0.13642102 0.21428466
 0.19134822 0.20625943 0.16250855 0.00148912]

rule30: 3.878 < median_income < 5.162
probabilities_array:[0.         0.02199701 0.0702173  0.15881866 0.19113645 0.16249754
 0.17297776 0.1541201  0.06049799 0.00773726]

rule5: 34.203 < latitude < 35.643
probabilities_array:[0.2378287  0.07881817 0.05792313 0.06366983 0.10013344 0.1688687
 0.11720963 0.00718553 0.         0.16836277]

rule9: 20.112 < housing_median_age < 28.604
probabilities_array:[0.09085412 0.03964249 0.03189542 0.         0.09143379 0.17881475
 0.11592475 0.05451328 0.03943806 0.35748327]

rule3: longitude > -118.231
probabilities_array:[0.06111493 0.11179038 0.16662055 0.26396054 0.1710886  0.12121713
 0.02519547 0.00643107 0.         0.07258128]

rule29: 2.594 < median_income < 3.878
probabilities_array:[0.0076065  0.12123343 0.1802587  0.22965635 0.17593963 0.1157285
 0.0880032  0.05028355 0.         0.03129015]

rule19: total_bedrooms > 815.191
probabilities_array:[0.00105991 0.01146292 0.06877243 0.         0.00071657 0.14278996
 0.10279801 0.07711672 0.2791822  0.31610134]

rule8: housing_median_age < 20.112
probabilities_array:[0.04189314 0.07421595 0.16779041 0.1756723  0.14681616 0.11205455
 0.05704254 0.08736877 0.         0.13714604]

rule10: 28.604 < housing_median_age < 37.095
probabilities_array:[1.8494278e-01 9.4710879e-02 3.1417955e-02 7.7563845e-02 1.2749724e-01
 1.2411385e-01 2.5323909e-04 0.0000000e+00 5.6651194e-02 3.0284902e-01]

rule31: median_income > 5.162
probabilities_array:[0.00053707 0.00731681 0.01027097 0.03548804 0.04461928 0.08069083
 0.20341991 0.27808467 0.33816972 0.00140271]

rule38: ocean_proximity_NEAR OCEAN = 0.0
probabilities_array:[0.21912977 0.09657542 0.04946698 0.04792029 0.13950388 0.10347313
 0.01462163 0.0038019  0.         0.3255071 ]

rule20: population < 655.073
probabilities_array:[0.         0.0403638  0.00523824 0.         0.02178299 0.07852952
 0.07772428 0.19741353 0.455541   0.1234066 ]

rule23: population > 2186.523
probabilities_array:[0.24136217 0.10253645 0.12863292 0.2550872  0.12194679 0.06074595
 0.0635875  0.01945867 0.         0.0066423 ]

rule2: -119.583 < longitude < -118.231
probabilities_array:[0.21838623 0.18399385 0.05579722 0.         0.02372578 0.06630667
 0.01552327 0.10133713 0.21583475 0.11909515]

rule22: 1420.798 < population < 2186.523
probabilities_array:[0.26198572 0.11903272 0.13231708 0.19983685 0.09226114 0.06012714
 0.06022684 0.02496058 0.         0.04925186]

rule37: ocean_proximity_NEAR BAY = 1.0
probabilities_array:[0.02234328 0.2241868  0.14490873 0.         0.         0.0603611
 0.         0.05296928 0.22556564 0.26966524]

rule26: 497.949 < households < 751.452
probabilities_array:[5.7957843e-02 2.1136353e-02 5.8911152e-02 0.0000000e+00 6.3831732e-02
 9.5433332e-02 1.0720517e-01 8.7918415e-05 4.8472468e-02 5.4696393e-01]

rule0: longitude < -120.936
probabilities_array:[0.03711477 0.         0.         0.00661214 0.01448488 0.06264478
 0.18558247 0.19514994 0.15073402 0.347677  ]


---6---
rule31: median_income > 5.162
probabilities_array:[0.00053707 0.00731681 0.01027097 0.03548804 0.04461928 0.08069083
 0.20341991 0.27808467 0.33816972 0.00140271]

rule32: ocean_proximity_INLAND = 0.0
probabilities_array:[0.00151217 0.01062775 0.02367793 0.05187104 0.13642102 0.21428466
 0.19134822 0.20625943 0.16250855 0.00148912]

rule30: 3.878 < median_income < 5.162
probabilities_array:[0.         0.02199701 0.0702173  0.15881866 0.19113645 0.16249754
 0.17297776 0.1541201  0.06049799 0.00773726]

rule0: longitude < -120.936
probabilities_array:[0.03711477 0.         0.         0.00661214 0.01448488 0.06264478
 0.18558247 0.19514994 0.15073402 0.347677  ]

rule5: 34.203 < latitude < 35.643
probabilities_array:[0.2378287  0.07881817 0.05792313 0.06366983 0.10013344 0.1688687
 0.11720963 0.00718553 0.         0.16836277]

rule27: households > 751.452
probabilities_array:[0.0000000e+00 1.2112947e-02 0.0000000e+00 0.0000000e+00 1.8000393e-04
 4.0007066e-02 1.3359629e-01 1.7279831e-01 3.5638916e-01 2.8491613e-01]

rule29: 2.594 < median_income < 3.878
probabilities_array:[0.0076065  0.12123343 0.1802587  0.22965635 0.17593963 0.1157285
 0.0880032  0.05028355 0.         0.03129015]

rule4: latitude < 34.203
probabilities_array:[0.00148799 0.12288111 0.16453981 0.03452288 0.04970337 0.04024808
 0.09316266 0.16312659 0.21748161 0.11284591]

rule9: 20.112 < housing_median_age < 28.604
probabilities_array:[0.09085412 0.03964249 0.03189542 0.         0.09143379 0.17881475
 0.11592475 0.05451328 0.03943806 0.35748327]

rule19: total_bedrooms > 815.191
probabilities_array:[0.00105991 0.01146292 0.06877243 0.         0.00071657 0.14278996
 0.10279801 0.07711672 0.2791822  0.31610134]

rule20: population < 655.073
probabilities_array:[0.         0.0403638  0.00523824 0.         0.02178299 0.07852952
 0.07772428 0.19741353 0.455541   0.1234066 ]

rule36: ocean_proximity_NEAR BAY = 0.0
probabilities_array:[0.26989236 0.13572943 0.03922435 0.00700662 0.00566073 0.03699305
 0.10503967 0.04195393 0.         0.35849985]

rule39: ocean_proximity_NEAR OCEAN = 1.0
probabilities_array:[0.04001884 0.1646891  0.10344023 0.         0.         0.00775472
 0.07641311 0.14307663 0.34353587 0.12107154]

rule23: population > 2186.523
probabilities_array:[0.24136217 0.10253645 0.12863292 0.2550872  0.12194679 0.06074595
 0.0635875  0.01945867 0.         0.0066423 ]

rule12: total_rooms < 1178.853
probabilities_array:[0.23654541 0.13289839 0.14812142 0.2634281  0.08843058 0.03971441
 0.06196232 0.0149653  0.         0.01393411]

rule22: 1420.798 < population < 2186.523
probabilities_array:[0.26198572 0.11903272 0.13231708 0.19983685 0.09226114 0.06012714
 0.06022684 0.02496058 0.         0.04925186]

rule14: 2630.128 < total_rooms < 4081.404
probabilities_array:[0.03501032 0.03233898 0.0293449  0.         0.         0.03164835
 0.07150093 0.16580178 0.34354022 0.29081452]

rule8: housing_median_age < 20.112
probabilities_array:[0.04189314 0.07421595 0.16779041 0.1756723  0.14681616 0.11205455
 0.05704254 0.08736877 0.         0.13714604]

rule26: 497.949 < households < 751.452
probabilities_array:[5.7957843e-02 2.1136353e-02 5.8911152e-02 0.0000000e+00 6.3831732e-02
 9.5433332e-02 1.0720517e-01 8.7918415e-05 4.8472468e-02 5.4696393e-01]

rule13: 1178.853 < total_rooms < 2630.128
probabilities_array:[0.2134904  0.08438773 0.08489039 0.19545299 0.09980834 0.04266398
 0.05887256 0.02034552 0.         0.20008804]


---7---
rule31: median_income > 5.162
probabilities_array:[0.00053707 0.00731681 0.01027097 0.03548804 0.04461928 0.08069083
 0.20341991 0.27808467 0.33816972 0.00140271]

rule15: total_rooms > 4081.404
probabilities_array:[0.         0.06849882 0.02692605 0.         0.         0.00228852
 0.01600075 0.24797009 0.50264066 0.13567513]

rule32: ocean_proximity_INLAND = 0.0
probabilities_array:[0.00151217 0.01062775 0.02367793 0.05187104 0.13642102 0.21428466
 0.19134822 0.20625943 0.16250855 0.00148912]

rule20: population < 655.073
probabilities_array:[0.         0.0403638  0.00523824 0.         0.02178299 0.07852952
 0.07772428 0.19741353 0.455541   0.1234066 ]

rule30: 3.878 < median_income < 5.162
probabilities_array:[0.         0.02199701 0.0702173  0.15881866 0.19113645 0.16249754
 0.17297776 0.1541201  0.06049799 0.00773726]

rule4: latitude < 34.203
probabilities_array:[0.00148799 0.12288111 0.16453981 0.03452288 0.04970337 0.04024808
 0.09316266 0.16312659 0.21748161 0.11284591]

rule0: longitude < -120.936
probabilities_array:[0.03711477 0.         0.         0.00661214 0.01448488 0.06264478
 0.18558247 0.19514994 0.15073402 0.347677  ]

rule39: ocean_proximity_NEAR OCEAN = 1.0
probabilities_array:[0.04001884 0.1646891  0.10344023 0.         0.         0.00775472
 0.07641311 0.14307663 0.34353587 0.12107154]

rule27: households > 751.452
probabilities_array:[0.0000000e+00 1.2112947e-02 0.0000000e+00 0.0000000e+00 1.8000393e-04
 4.0007066e-02 1.3359629e-01 1.7279831e-01 3.5638916e-01 2.8491613e-01]

rule14: 2630.128 < total_rooms < 4081.404
probabilities_array:[0.03501032 0.03233898 0.0293449  0.         0.         0.03164835
 0.07150093 0.16580178 0.34354022 0.29081452]

rule2: -119.583 < longitude < -118.231
probabilities_array:[0.21838623 0.18399385 0.05579722 0.         0.02372578 0.06630667
 0.01552327 0.10133713 0.21583475 0.11909515]

rule11: housing_median_age > 37.095
probabilities_array:[0.21342686 0.06230186 0.03095077 0.01543317 0.         0.
 0.01385064 0.11660483 0.30156913 0.2458627 ]

rule1: -120.936 < longitude < -119.583
probabilities_array:[0.1692109  0.17014118 0.20070927 0.05447087 0.         0.
 0.         0.10374405 0.09496854 0.20675528]

rule8: housing_median_age < 20.112
probabilities_array:[0.04189314 0.07421595 0.16779041 0.1756723  0.14681616 0.11205455
 0.05704254 0.08736877 0.         0.13714604]

rule19: total_bedrooms > 815.191
probabilities_array:[0.00105991 0.01146292 0.06877243 0.         0.00071657 0.14278996
 0.10279801 0.07711672 0.2791822  0.31610134]

rule21: 655.073 < population < 1420.798
probabilities_array:[0.12642294 0.1354248  0.02307353 0.11881338 0.         0.00119888
 0.         0.07624488 0.19275557 0.326066  ]

rule29: 2.594 < median_income < 3.878
probabilities_array:[0.0076065  0.12123343 0.1802587  0.22965635 0.17593963 0.1157285
 0.0880032  0.05028355 0.         0.03129015]


---8---
rule15: total_rooms > 4081.404
probabilities_array:[0.         0.06849882 0.02692605 0.         0.         0.00228852
 0.01600075 0.24797009 0.50264066 0.13567513]

rule20: population < 655.073
probabilities_array:[0.         0.0403638  0.00523824 0.         0.02178299 0.07852952
 0.07772428 0.19741353 0.455541   0.1234066 ]

rule31: median_income > 5.162
probabilities_array:[0.00053707 0.00731681 0.01027097 0.03548804 0.04461928 0.08069083
 0.20341991 0.27808467 0.33816972 0.00140271]

rule39: ocean_proximity_NEAR OCEAN = 1.0
probabilities_array:[0.04001884 0.1646891  0.10344023 0.         0.         0.00775472
 0.07641311 0.14307663 0.34353587 0.12107154]

rule27: households > 751.452
probabilities_array:[0.0000000e+00 1.2112947e-02 0.0000000e+00 0.0000000e+00 1.8000393e-04
 4.0007066e-02 1.3359629e-01 1.7279831e-01 3.5638916e-01 2.8491613e-01]

rule14: 2630.128 < total_rooms < 4081.404
probabilities_array:[0.03501032 0.03233898 0.0293449  0.         0.         0.03164835
 0.07150093 0.16580178 0.34354022 0.29081452]

rule11: housing_median_age > 37.095
probabilities_array:[0.21342686 0.06230186 0.03095077 0.01543317 0.         0.
 0.01385064 0.11660483 0.30156913 0.2458627 ]

rule4: latitude < 34.203
probabilities_array:[0.00148799 0.12288111 0.16453981 0.03452288 0.04970337 0.04024808
 0.09316266 0.16312659 0.21748161 0.11284591]

rule19: total_bedrooms > 815.191
probabilities_array:[0.00105991 0.01146292 0.06877243 0.         0.00071657 0.14278996
 0.10279801 0.07711672 0.2791822  0.31610134]

rule2: -119.583 < longitude < -118.231
probabilities_array:[0.21838623 0.18399385 0.05579722 0.         0.02372578 0.06630667
 0.01552327 0.10133713 0.21583475 0.11909515]

rule37: ocean_proximity_NEAR BAY = 1.0
probabilities_array:[0.02234328 0.2241868  0.14490873 0.         0.         0.0603611
 0.         0.05296928 0.22556564 0.26966524]

rule32: ocean_proximity_INLAND = 0.0
probabilities_array:[0.00151217 0.01062775 0.02367793 0.05187104 0.13642102 0.21428466
 0.19134822 0.20625943 0.16250855 0.00148912]

rule21: 655.073 < population < 1420.798
probabilities_array:[0.12642294 0.1354248  0.02307353 0.11881338 0.         0.00119888
 0.         0.07624488 0.19275557 0.326066  ]

rule35: ocean_proximity_ISLAND = 1.0
probabilities_array:[0.         0.         0.         0.         0.         0.
 0.         0.01603631 0.3330686  0.65089506]

rule0: longitude < -120.936
probabilities_array:[0.03711477 0.         0.         0.00661214 0.01448488 0.06264478
 0.18558247 0.19514994 0.15073402 0.347677  ]

rule1: -120.936 < longitude < -119.583
probabilities_array:[0.1692109  0.17014118 0.20070927 0.05447087 0.         0.
 0.         0.10374405 0.09496854 0.20675528]

rule18: 535.701 < total_bedrooms < 815.191
probabilities_array:[0.07263113 0.14466743 0.11247413 0.03680865 0.         0.
 0.04187205 0.0278891  0.12005645 0.44360107]

rule30: 3.878 < median_income < 5.162
probabilities_array:[0.         0.02199701 0.0702173  0.15881866 0.19113645 0.16249754
 0.17297776 0.1541201  0.06049799 0.00773726]

rule24: households < 244.446
probabilities_array:[0.16107926 0.0933212  0.08588084 0.04878316 0.         0.02433561
 0.         0.         0.09449071 0.4921093 ]

