R2: -3.20015346467895

MAE: 206454.0766957575

MSE: 55941989452.70629

Accuracy: 0.3901937756899589

F1: 0.3752065015885317

Confusion Matrix: [[614, 150, 46, 15, 12, 3, 6, 4], [224, 377, 130, 51, 26, 4, 15, 13], [94, 282, 230, 193, 57, 16, 34, 34], [48, 141, 118, 272, 130, 42, 58, 31], [22, 91, 94, 162, 212, 66, 105, 81], [15, 67, 47, 111, 165, 122, 194, 109], [10, 40, 29, 39, 83, 74, 280, 259], [3, 23, 15, 17, 31, 33, 192, 551]]

Uncertainties: {'class0': [0.6239004731178284, 0.6163837909698486, 0.6011168956756592, 0.5742164850234985, 0.529881477355957], 'class1': [0.6239004731178284, 0.6011168956756592, 0.529881477355957, 0.49588078260421753, 0.3526585102081299], 'class2': [0.4848369359970093, 0.31801146268844604, 0.3104252517223358, 0.2113524079322815, 0.17095336318016052], 'class3': [0.3165680766105652, 0.2979404032230377, 0.17095336318016052, 0.15897370874881744, 0.12182081490755081], 'class4': [0.5742164850234985, 0.36813411116600037, 0.3165680766105652, 0.3153610825538635, 0.2979404032230377], 'class5': [0.36813411116600037, 0.35376691818237305, 0.32365643978118896, 0.31829068064689636, 0.31801146268844604], 'class6': [0.36813411116600037, 0.35376691818237305, 0.32365643978118896, 0.31829068064689636, 0.3153610825538635], 'class7': [0.35376691818237305, 0.3526585102081299, 0.32365643978118896, 0.31829068064689636, 0.3153610825538635]}

Most important rules
-----------------------------

---0---
rule12: total_rooms < 1175.321
probabilities_array:[0.30974922 0.14898759 0.189614   0.19471991 0.07115952 0.04733409
 0.02254878 0.00260851 0.01327833]

rule28: median_income < 2.587
probabilities_array:[0.30491176 0.2847415  0.14703286 0.10642286 0.06428399 0.04605164
 0.03932302 0.         0.00723235]

rule23: population > 2204.936
probabilities_array:[0.2637279  0.11962618 0.20676208 0.23601472 0.07941838 0.05215079
 0.02878741 0.00080993 0.01270261]

rule33: ocean_proximity_INLAND = 1.0
probabilities_array:[0.31112465 0.2601247  0.18504371 0.01002891 0.00263643 0.01968915
 0.         0.         0.21135241]

rule36: ocean_proximity_NEAR BAY = 0.0
probabilities_array:[0.31267107 0.13417947 0.06228348 0.00941124 0.00939356 0.13044317
 0.02360646 0.         0.31801146]

rule38: ocean_proximity_NEAR OCEAN = 0.0
probabilities_array:[0.29756567 0.12047412 0.04312576 0.09347342 0.09585874 0.04161538
 0.00994658 0.         0.2979404 ]

rule22: 1430.008 < population < 2204.936
probabilities_array:[0.21958086 0.15140113 0.21969357 0.1699857  0.06992422 0.06195274
 0.03839788 0.         0.06906389]

rule13: 1175.321 < total_rooms < 2639.098
probabilities_array:[0.21953332 0.13440317 0.11922657 0.2203547  0.07822916 0.06868279
 0.03881221 0.         0.12075809]

rule1: -120.914 < longitude < -119.560
probabilities_array:[0.21709898 0.22618915 0.22943206 0.01007853 0.         0.
 0.04887731 0.14031526 0.12800872]

rule6: 35.617 < latitude < 37.060
probabilities_array:[0.34176725 0.09438453 0.         0.         0.         0.03396671
 0.         0.         0.5298815 ]

rule10: 28.655 < housing_median_age < 37.184
probabilities_array:[0.2334393  0.07615373 0.         0.07185087 0.23233892 0.02275839
 0.00126731 0.04562344 0.31656808]

rule5: 34.175 < latitude < 35.617
probabilities_array:[0.1812514  0.06656057 0.10810835 0.08298253 0.16236338 0.13242304
 0.10733701 0.         0.15897371]

rule25: 243.658 < households < 500.761
probabilities_array:[0.2706396  0.1599103  0.00551104 0.04138261 0.         0.0014709
 0.02520469 0.         0.49588078]

rule11: housing_median_age > 37.184
probabilities_array:[0.18020645 0.09434486 0.01485476 0.         0.         0.02163495
 0.12778103 0.2562844  0.30489355]

rule17: 255.934 < total_bedrooms < 538.230
probabilities_array:[0.20005956 0.043025   0.17436177 0.0424154  0.         0.05423008
 0.00107134 0.         0.48483694]

rule39: ocean_proximity_NEAR OCEAN = 1.0
probabilities_array:[0.11015433 0.18989289 0.07623609 0.         0.00355585 0.06970206
 0.14873609 0.30129337 0.10042942]

rule34: ocean_proximity_ISLAND = 0.0
probabilities_array:[0.21608765 0.10938454 0.01679337 0.00136763 0.         0.05347261
 0.00177727 0.         0.6011169 ]

rule21: 655.079 < population < 1430.008
probabilities_array:[0.12407043 0.13650896 0.08379444 0.02249457 0.         0.0075671
 0.08345201 0.23168726 0.31042525]

rule2: -119.560 < longitude < -118.206
probabilities_array:[0.10246366 0.21493146 0.         0.00090305 0.029253   0.0945546
 0.02489852 0.2955278  0.23746794]

rule3: longitude > -118.206
probabilities_array:[0.081405   0.08323567 0.15527055 0.28726763 0.19745806 0.12559916
 0.01641827 0.         0.0533457 ]

rule24: households < 243.658
probabilities_array:[0.15657233 0.06938445 0.09898688 0.0288884  0.         0.00476289
 0.         0.02502125 0.6163838 ]

rule9: 20.126 < housing_median_age < 28.655
probabilities_array:[0.09496807 0.04171583 0.02549002 0.00322382 0.24450831 0.1095102
 0.1124497  0.         0.3681341 ]

rule16: total_bedrooms < 255.934
probabilities_array:[0.15738176 0.14478429 0.         0.06095281 0.01202281 0.00095789
 0.         0.         0.6239005 ]

rule8: housing_median_age < 20.126
probabilities_array:[0.06425543 0.1287079  0.17106164 0.16683799 0.1739654  0.08300923
 0.09034161 0.         0.12182081]

rule26: 500.761 < households < 757.864
probabilities_array:[0.10185189 0.01304653 0.00427651 0.         0.09760758 0.07328495
 0.08156326 0.05415291 0.5742165 ]

rule37: ocean_proximity_NEAR BAY = 1.0
probabilities_array:[0.06359328 0.23862693 0.04607129 0.         0.01495762 0.
 0.02606927 0.2580231  0.3526585 ]


---1---
rule28: median_income < 2.587
probabilities_array:[0.30491176 0.2847415  0.14703286 0.10642286 0.06428399 0.04605164
 0.03932302 0.         0.00723235]

rule7: latitude > 37.060
probabilities_array:[0.         0.26539564 0.33576772 0.05355885 0.03570745 0.02187338
 0.074302   0.0424416  0.17095336]

rule33: ocean_proximity_INLAND = 1.0
probabilities_array:[0.31112465 0.2601247  0.18504371 0.01002891 0.00263643 0.01968915
 0.         0.         0.21135241]

rule1: -120.914 < longitude < -119.560
probabilities_array:[0.21709898 0.22618915 0.22943206 0.01007853 0.         0.
 0.04887731 0.14031526 0.12800872]

rule4: latitude < 34.175
probabilities_array:[0.0000000e+00 2.0301419e-01 1.9795494e-01 8.6249507e-05 1.7275644e-02
 1.0905658e-02 1.9478676e-01 2.7167434e-01 1.0430226e-01]

rule39: ocean_proximity_NEAR OCEAN = 1.0
probabilities_array:[0.11015433 0.18989289 0.07623609 0.         0.00355585 0.06970206
 0.14873609 0.30129337 0.10042942]

rule2: -119.560 < longitude < -118.206
probabilities_array:[0.10246366 0.21493146 0.         0.00090305 0.029253   0.0945546
 0.02489852 0.2955278  0.23746794]

rule37: ocean_proximity_NEAR BAY = 1.0
probabilities_array:[0.06359328 0.23862693 0.04607129 0.         0.01495762 0.
 0.02606927 0.2580231  0.3526585 ]

rule12: total_rooms < 1175.321
probabilities_array:[0.30974922 0.14898759 0.189614   0.19471991 0.07115952 0.04733409
 0.02254878 0.00260851 0.01327833]

rule29: 2.587 < median_income < 3.866
probabilities_array:[0.01110464 0.1497071  0.20307614 0.24883154 0.1550293  0.11364642
 0.07038137 0.         0.04822352]

rule22: 1430.008 < population < 2204.936
probabilities_array:[0.21958086 0.15140113 0.21969357 0.1699857  0.06992422 0.06195274
 0.03839788 0.         0.06906389]

rule13: 1175.321 < total_rooms < 2639.098
probabilities_array:[0.21953332 0.13440317 0.11922657 0.2203547  0.07822916 0.06868279
 0.03881221 0.         0.12075809]

rule23: population > 2204.936
probabilities_array:[0.2637279  0.11962618 0.20676208 0.23601472 0.07941838 0.05215079
 0.02878741 0.00080993 0.01270261]

rule8: housing_median_age < 20.126
probabilities_array:[0.06425543 0.1287079  0.17106164 0.16683799 0.1739654  0.08300923
 0.09034161 0.         0.12182081]

rule21: 655.079 < population < 1430.008
probabilities_array:[0.12407043 0.13650896 0.08379444 0.02249457 0.         0.0075671
 0.08345201 0.23168726 0.31042525]

rule36: ocean_proximity_NEAR BAY = 0.0
probabilities_array:[0.31267107 0.13417947 0.06228348 0.00941124 0.00939356 0.13044317
 0.02360646 0.         0.31801146]

rule38: ocean_proximity_NEAR OCEAN = 0.0
probabilities_array:[0.29756567 0.12047412 0.04312576 0.09347342 0.09585874 0.04161538
 0.00994658 0.         0.2979404 ]

rule25: 243.658 < households < 500.761
probabilities_array:[0.2706396  0.1599103  0.00551104 0.04138261 0.         0.0014709
 0.02520469 0.         0.49588078]

rule3: longitude > -118.206
probabilities_array:[0.081405   0.08323567 0.15527055 0.28726763 0.19745806 0.12559916
 0.01641827 0.         0.0533457 ]

rule11: housing_median_age > 37.184
probabilities_array:[0.18020645 0.09434486 0.01485476 0.         0.         0.02163495
 0.12778103 0.2562844  0.30489355]

rule5: 34.175 < latitude < 35.617
probabilities_array:[0.1812514  0.06656057 0.10810835 0.08298253 0.16236338 0.13242304
 0.10733701 0.         0.15897371]

rule16: total_bedrooms < 255.934
probabilities_array:[0.15738176 0.14478429 0.         0.06095281 0.01202281 0.00095789
 0.         0.         0.6239005 ]

rule10: 28.655 < housing_median_age < 37.184
probabilities_array:[0.2334393  0.07615373 0.         0.07185087 0.23233892 0.02275839
 0.00126731 0.04562344 0.31656808]

rule6: 35.617 < latitude < 37.060
probabilities_array:[0.34176725 0.09438453 0.         0.         0.         0.03396671
 0.         0.         0.5298815 ]

rule34: ocean_proximity_ISLAND = 0.0
probabilities_array:[0.21608765 0.10938454 0.01679337 0.00136763 0.         0.05347261
 0.00177727 0.         0.6011169 ]

rule15: total_rooms > 4102.876
probabilities_array:[0.         0.047683   0.02719915 0.         0.         0.03901169
 0.16905624 0.56420845 0.15284151]


---2---
rule7: latitude > 37.060
probabilities_array:[0.         0.26539564 0.33576772 0.05355885 0.03570745 0.02187338
 0.074302   0.0424416  0.17095336]

rule22: 1430.008 < population < 2204.936
probabilities_array:[0.21958086 0.15140113 0.21969357 0.1699857  0.06992422 0.06195274
 0.03839788 0.         0.06906389]

rule23: population > 2204.936
probabilities_array:[0.2637279  0.11962618 0.20676208 0.23601472 0.07941838 0.05215079
 0.02878741 0.00080993 0.01270261]

rule1: -120.914 < longitude < -119.560
probabilities_array:[0.21709898 0.22618915 0.22943206 0.01007853 0.         0.
 0.04887731 0.14031526 0.12800872]

rule29: 2.587 < median_income < 3.866
probabilities_array:[0.01110464 0.1497071  0.20307614 0.24883154 0.1550293  0.11364642
 0.07038137 0.         0.04822352]

rule12: total_rooms < 1175.321
probabilities_array:[0.30974922 0.14898759 0.189614   0.19471991 0.07115952 0.04733409
 0.02254878 0.00260851 0.01327833]

rule4: latitude < 34.175
probabilities_array:[0.0000000e+00 2.0301419e-01 1.9795494e-01 8.6249507e-05 1.7275644e-02
 1.0905658e-02 1.9478676e-01 2.7167434e-01 1.0430226e-01]

rule8: housing_median_age < 20.126
probabilities_array:[0.06425543 0.1287079  0.17106164 0.16683799 0.1739654  0.08300923
 0.09034161 0.         0.12182081]

rule3: longitude > -118.206
probabilities_array:[0.081405   0.08323567 0.15527055 0.28726763 0.19745806 0.12559916
 0.01641827 0.         0.0533457 ]

rule28: median_income < 2.587
probabilities_array:[0.30491176 0.2847415  0.14703286 0.10642286 0.06428399 0.04605164
 0.03932302 0.         0.00723235]

rule33: ocean_proximity_INLAND = 1.0
probabilities_array:[0.31112465 0.2601247  0.18504371 0.01002891 0.00263643 0.01968915
 0.         0.         0.21135241]

rule30: 3.866 < median_income < 5.145
probabilities_array:[0.         0.03197419 0.11415485 0.18009077 0.1949737  0.19216421
 0.1990875  0.07760838 0.00994642]

rule13: 1175.321 < total_rooms < 2639.098
probabilities_array:[0.21953332 0.13440317 0.11922657 0.2203547  0.07822916 0.06868279
 0.03881221 0.         0.12075809]

rule5: 34.175 < latitude < 35.617
probabilities_array:[0.1812514  0.06656057 0.10810835 0.08298253 0.16236338 0.13242304
 0.10733701 0.         0.15897371]

rule17: 255.934 < total_bedrooms < 538.230
probabilities_array:[0.20005956 0.043025   0.17436177 0.0424154  0.         0.05423008
 0.00107134 0.         0.48483694]

rule39: ocean_proximity_NEAR OCEAN = 1.0
probabilities_array:[0.11015433 0.18989289 0.07623609 0.         0.00355585 0.06970206
 0.14873609 0.30129337 0.10042942]

rule21: 655.079 < population < 1430.008
probabilities_array:[0.12407043 0.13650896 0.08379444 0.02249457 0.         0.0075671
 0.08345201 0.23168726 0.31042525]

rule36: ocean_proximity_NEAR BAY = 0.0
probabilities_array:[0.31267107 0.13417947 0.06228348 0.00941124 0.00939356 0.13044317
 0.02360646 0.         0.31801146]


---3---
rule3: longitude > -118.206
probabilities_array:[0.081405   0.08323567 0.15527055 0.28726763 0.19745806 0.12559916
 0.01641827 0.         0.0533457 ]

rule29: 2.587 < median_income < 3.866
probabilities_array:[0.01110464 0.1497071  0.20307614 0.24883154 0.1550293  0.11364642
 0.07038137 0.         0.04822352]

rule23: population > 2204.936
probabilities_array:[0.2637279  0.11962618 0.20676208 0.23601472 0.07941838 0.05215079
 0.02878741 0.00080993 0.01270261]

rule13: 1175.321 < total_rooms < 2639.098
probabilities_array:[0.21953332 0.13440317 0.11922657 0.2203547  0.07822916 0.06868279
 0.03881221 0.         0.12075809]

rule12: total_rooms < 1175.321
probabilities_array:[0.30974922 0.14898759 0.189614   0.19471991 0.07115952 0.04733409
 0.02254878 0.00260851 0.01327833]

rule30: 3.866 < median_income < 5.145
probabilities_array:[0.         0.03197419 0.11415485 0.18009077 0.1949737  0.19216421
 0.1990875  0.07760838 0.00994642]

rule22: 1430.008 < population < 2204.936
probabilities_array:[0.21958086 0.15140113 0.21969357 0.1699857  0.06992422 0.06195274
 0.03839788 0.         0.06906389]

rule8: housing_median_age < 20.126
probabilities_array:[0.06425543 0.1287079  0.17106164 0.16683799 0.1739654  0.08300923
 0.09034161 0.         0.12182081]

rule32: ocean_proximity_INLAND = 0.0
probabilities_array:[0.00139698 0.01213123 0.03941702 0.10742084 0.22043628 0.21095808
 0.21498066 0.19124328 0.00201569]

rule28: median_income < 2.587
probabilities_array:[0.30491176 0.2847415  0.14703286 0.10642286 0.06428399 0.04605164
 0.03932302 0.         0.00723235]

rule5: 34.175 < latitude < 35.617
probabilities_array:[0.1812514  0.06656057 0.10810835 0.08298253 0.16236338 0.13242304
 0.10733701 0.         0.15897371]

rule38: ocean_proximity_NEAR OCEAN = 0.0
probabilities_array:[0.29756567 0.12047412 0.04312576 0.09347342 0.09585874 0.04161538
 0.00994658 0.         0.2979404 ]

rule10: 28.655 < housing_median_age < 37.184
probabilities_array:[0.2334393  0.07615373 0.         0.07185087 0.23233892 0.02275839
 0.00126731 0.04562344 0.31656808]

rule7: latitude > 37.060
probabilities_array:[0.         0.26539564 0.33576772 0.05355885 0.03570745 0.02187338
 0.074302   0.0424416  0.17095336]

rule31: median_income > 5.145
probabilities_array:[0.00113787 0.00471288 0.01338739 0.04311514 0.06595794 0.16605207
 0.29566395 0.407211   0.00276178]


---4---
rule32: ocean_proximity_INLAND = 0.0
probabilities_array:[0.00139698 0.01213123 0.03941702 0.10742084 0.22043628 0.21095808
 0.21498066 0.19124328 0.00201569]

rule30: 3.866 < median_income < 5.145
probabilities_array:[0.         0.03197419 0.11415485 0.18009077 0.1949737  0.19216421
 0.1990875  0.07760838 0.00994642]

rule3: longitude > -118.206
probabilities_array:[0.081405   0.08323567 0.15527055 0.28726763 0.19745806 0.12559916
 0.01641827 0.         0.0533457 ]

rule10: 28.655 < housing_median_age < 37.184
probabilities_array:[0.2334393  0.07615373 0.         0.07185087 0.23233892 0.02275839
 0.00126731 0.04562344 0.31656808]

rule9: 20.126 < housing_median_age < 28.655
probabilities_array:[0.09496807 0.04171583 0.02549002 0.00322382 0.24450831 0.1095102
 0.1124497  0.         0.3681341 ]

rule8: housing_median_age < 20.126
probabilities_array:[0.06425543 0.1287079  0.17106164 0.16683799 0.1739654  0.08300923
 0.09034161 0.         0.12182081]

rule29: 2.587 < median_income < 3.866
probabilities_array:[0.01110464 0.1497071  0.20307614 0.24883154 0.1550293  0.11364642
 0.07038137 0.         0.04822352]

rule5: 34.175 < latitude < 35.617
probabilities_array:[0.1812514  0.06656057 0.10810835 0.08298253 0.16236338 0.13242304
 0.10733701 0.         0.15897371]

rule19: total_bedrooms > 820.526
probabilities_array:[0.01146988 0.04765525 0.         0.         0.14590357 0.07582689
 0.08617371 0.31760964 0.31536108]

rule23: population > 2204.936
probabilities_array:[0.2637279  0.11962618 0.20676208 0.23601472 0.07941838 0.05215079
 0.02878741 0.00080993 0.01270261]

rule12: total_rooms < 1175.321
probabilities_array:[0.30974922 0.14898759 0.189614   0.19471991 0.07115952 0.04733409
 0.02254878 0.00260851 0.01327833]

rule13: 1175.321 < total_rooms < 2639.098
probabilities_array:[0.21953332 0.13440317 0.11922657 0.2203547  0.07822916 0.06868279
 0.03881221 0.         0.12075809]

rule38: ocean_proximity_NEAR OCEAN = 0.0
probabilities_array:[0.29756567 0.12047412 0.04312576 0.09347342 0.09585874 0.04161538
 0.00994658 0.         0.2979404 ]

rule31: median_income > 5.145
probabilities_array:[0.00113787 0.00471288 0.01338739 0.04311514 0.06595794 0.16605207
 0.29566395 0.407211   0.00276178]

rule22: 1430.008 < population < 2204.936
probabilities_array:[0.21958086 0.15140113 0.21969357 0.1699857  0.06992422 0.06195274
 0.03839788 0.         0.06906389]

rule28: median_income < 2.587
probabilities_array:[0.30491176 0.2847415  0.14703286 0.10642286 0.06428399 0.04605164
 0.03932302 0.         0.00723235]

rule20: population < 655.079
probabilities_array:[0.         0.         0.         0.         0.06109054 0.09224681
 0.18931364 0.5512913  0.10605773]

rule26: 500.761 < households < 757.864
probabilities_array:[0.10185189 0.01304653 0.00427651 0.         0.09760758 0.07328495
 0.08156326 0.05415291 0.5742165 ]


---5---
rule32: ocean_proximity_INLAND = 0.0
probabilities_array:[0.00139698 0.01213123 0.03941702 0.10742084 0.22043628 0.21095808
 0.21498066 0.19124328 0.00201569]

rule30: 3.866 < median_income < 5.145
probabilities_array:[0.         0.03197419 0.11415485 0.18009077 0.1949737  0.19216421
 0.1990875  0.07760838 0.00994642]

rule31: median_income > 5.145
probabilities_array:[0.00113787 0.00471288 0.01338739 0.04311514 0.06595794 0.16605207
 0.29566395 0.407211   0.00276178]

rule0: longitude < -120.914
probabilities_array:[7.2844746e-03 2.9569896e-04 2.1638102e-03 0.0000000e+00 4.5305341e-02
 2.0044653e-01 2.0645186e-01 1.8428533e-01 3.5376692e-01]

rule3: longitude > -118.206
probabilities_array:[0.081405   0.08323567 0.15527055 0.28726763 0.19745806 0.12559916
 0.01641827 0.         0.0533457 ]

rule27: households > 757.864
probabilities_array:[0.         0.         0.00795332 0.01231428 0.04593891 0.17535137
 0.20313416 0.23165147 0.32365644]

rule5: 34.175 < latitude < 35.617
probabilities_array:[0.1812514  0.06656057 0.10810835 0.08298253 0.16236338 0.13242304
 0.10733701 0.         0.15897371]

rule29: 2.587 < median_income < 3.866
probabilities_array:[0.01110464 0.1497071  0.20307614 0.24883154 0.1550293  0.11364642
 0.07038137 0.         0.04822352]

rule36: ocean_proximity_NEAR BAY = 0.0
probabilities_array:[0.31267107 0.13417947 0.06228348 0.00941124 0.00939356 0.13044317
 0.02360646 0.         0.31801146]

rule20: population < 655.079
probabilities_array:[0.         0.         0.         0.         0.06109054 0.09224681
 0.18931364 0.5512913  0.10605773]

rule8: housing_median_age < 20.126
probabilities_array:[0.06425543 0.1287079  0.17106164 0.16683799 0.1739654  0.08300923
 0.09034161 0.         0.12182081]

rule2: -119.560 < longitude < -118.206
probabilities_array:[0.10246366 0.21493146 0.         0.00090305 0.029253   0.0945546
 0.02489852 0.2955278  0.23746794]

rule9: 20.126 < housing_median_age < 28.655
probabilities_array:[0.09496807 0.04171583 0.02549002 0.00322382 0.24450831 0.1095102
 0.1124497  0.         0.3681341 ]

rule39: ocean_proximity_NEAR OCEAN = 1.0
probabilities_array:[0.11015433 0.18989289 0.07623609 0.         0.00355585 0.06970206
 0.14873609 0.30129337 0.10042942]

rule13: 1175.321 < total_rooms < 2639.098
probabilities_array:[0.21953332 0.13440317 0.11922657 0.2203547  0.07822916 0.06868279
 0.03881221 0.         0.12075809]

rule22: 1430.008 < population < 2204.936
probabilities_array:[0.21958086 0.15140113 0.21969357 0.1699857  0.06992422 0.06195274
 0.03839788 0.         0.06906389]

rule14: 2639.098 < total_rooms < 4102.876
probabilities_array:[0.01837635 0.05649994 0.         0.03532035 0.01034188 0.07674439
 0.1167914  0.367635   0.31829068]

rule19: total_bedrooms > 820.526
probabilities_array:[0.01146988 0.04765525 0.         0.         0.14590357 0.07582689
 0.08617371 0.31760964 0.31536108]

rule23: population > 2204.936
probabilities_array:[0.2637279  0.11962618 0.20676208 0.23601472 0.07941838 0.05215079
 0.02878741 0.00080993 0.01270261]

rule12: total_rooms < 1175.321
probabilities_array:[0.30974922 0.14898759 0.189614   0.19471991 0.07115952 0.04733409
 0.02254878 0.00260851 0.01327833]

rule28: median_income < 2.587
probabilities_array:[0.30491176 0.2847415  0.14703286 0.10642286 0.06428399 0.04605164
 0.03932302 0.         0.00723235]


---6---
rule31: median_income > 5.145
probabilities_array:[0.00113787 0.00471288 0.01338739 0.04311514 0.06595794 0.16605207
 0.29566395 0.407211   0.00276178]

rule32: ocean_proximity_INLAND = 0.0
probabilities_array:[0.00139698 0.01213123 0.03941702 0.10742084 0.22043628 0.21095808
 0.21498066 0.19124328 0.00201569]

rule30: 3.866 < median_income < 5.145
probabilities_array:[0.         0.03197419 0.11415485 0.18009077 0.1949737  0.19216421
 0.1990875  0.07760838 0.00994642]

rule35: ocean_proximity_ISLAND = 1.0
probabilities_array:[0.         0.         0.         0.         0.         0.
 0.24116006 0.5227637  0.2360762 ]

rule4: latitude < 34.175
probabilities_array:[0.0000000e+00 2.0301419e-01 1.9795494e-01 8.6249507e-05 1.7275644e-02
 1.0905658e-02 1.9478676e-01 2.7167434e-01 1.0430226e-01]

rule20: population < 655.079
probabilities_array:[0.         0.         0.         0.         0.06109054 0.09224681
 0.18931364 0.5512913  0.10605773]

rule15: total_rooms > 4102.876
probabilities_array:[0.         0.047683   0.02719915 0.         0.         0.03901169
 0.16905624 0.56420845 0.15284151]

rule27: households > 757.864
probabilities_array:[0.         0.         0.00795332 0.01231428 0.04593891 0.17535137
 0.20313416 0.23165147 0.32365644]

rule39: ocean_proximity_NEAR OCEAN = 1.0
probabilities_array:[0.11015433 0.18989289 0.07623609 0.         0.00355585 0.06970206
 0.14873609 0.30129337 0.10042942]

rule0: longitude < -120.914
probabilities_array:[7.2844746e-03 2.9569896e-04 2.1638102e-03 0.0000000e+00 4.5305341e-02
 2.0044653e-01 2.0645186e-01 1.8428533e-01 3.5376692e-01]

rule5: 34.175 < latitude < 35.617
probabilities_array:[0.1812514  0.06656057 0.10810835 0.08298253 0.16236338 0.13242304
 0.10733701 0.         0.15897371]

rule11: housing_median_age > 37.184
probabilities_array:[0.18020645 0.09434486 0.01485476 0.         0.         0.02163495
 0.12778103 0.2562844  0.30489355]

rule14: 2639.098 < total_rooms < 4102.876
probabilities_array:[0.01837635 0.05649994 0.         0.03532035 0.01034188 0.07674439
 0.1167914  0.367635   0.31829068]

rule8: housing_median_age < 20.126
probabilities_array:[0.06425543 0.1287079  0.17106164 0.16683799 0.1739654  0.08300923
 0.09034161 0.         0.12182081]

rule9: 20.126 < housing_median_age < 28.655
probabilities_array:[0.09496807 0.04171583 0.02549002 0.00322382 0.24450831 0.1095102
 0.1124497  0.         0.3681341 ]

rule29: 2.587 < median_income < 3.866
probabilities_array:[0.01110464 0.1497071  0.20307614 0.24883154 0.1550293  0.11364642
 0.07038137 0.         0.04822352]

rule7: latitude > 37.060
probabilities_array:[0.         0.26539564 0.33576772 0.05355885 0.03570745 0.02187338
 0.074302   0.0424416  0.17095336]

rule19: total_bedrooms > 820.526
probabilities_array:[0.01146988 0.04765525 0.         0.         0.14590357 0.07582689
 0.08617371 0.31760964 0.31536108]

rule21: 655.079 < population < 1430.008
probabilities_array:[0.12407043 0.13650896 0.08379444 0.02249457 0.         0.0075671
 0.08345201 0.23168726 0.31042525]

rule1: -120.914 < longitude < -119.560
probabilities_array:[0.21709898 0.22618915 0.22943206 0.01007853 0.         0.
 0.04887731 0.14031526 0.12800872]


---7---
rule20: population < 655.079
probabilities_array:[0.         0.         0.         0.         0.06109054 0.09224681
 0.18931364 0.5512913  0.10605773]

rule15: total_rooms > 4102.876
probabilities_array:[0.         0.047683   0.02719915 0.         0.         0.03901169
 0.16905624 0.56420845 0.15284151]

rule31: median_income > 5.145
probabilities_array:[0.00113787 0.00471288 0.01338739 0.04311514 0.06595794 0.16605207
 0.29566395 0.407211   0.00276178]

rule35: ocean_proximity_ISLAND = 1.0
probabilities_array:[0.         0.         0.         0.         0.         0.
 0.24116006 0.5227637  0.2360762 ]

rule39: ocean_proximity_NEAR OCEAN = 1.0
probabilities_array:[0.11015433 0.18989289 0.07623609 0.         0.00355585 0.06970206
 0.14873609 0.30129337 0.10042942]

rule14: 2639.098 < total_rooms < 4102.876
probabilities_array:[0.01837635 0.05649994 0.         0.03532035 0.01034188 0.07674439
 0.1167914  0.367635   0.31829068]

rule4: latitude < 34.175
probabilities_array:[0.0000000e+00 2.0301419e-01 1.9795494e-01 8.6249507e-05 1.7275644e-02
 1.0905658e-02 1.9478676e-01 2.7167434e-01 1.0430226e-01]

rule2: -119.560 < longitude < -118.206
probabilities_array:[0.10246366 0.21493146 0.         0.00090305 0.029253   0.0945546
 0.02489852 0.2955278  0.23746794]

rule19: total_bedrooms > 820.526
probabilities_array:[0.01146988 0.04765525 0.         0.         0.14590357 0.07582689
 0.08617371 0.31760964 0.31536108]

rule32: ocean_proximity_INLAND = 0.0
probabilities_array:[0.00139698 0.01213123 0.03941702 0.10742084 0.22043628 0.21095808
 0.21498066 0.19124328 0.00201569]

rule11: housing_median_age > 37.184
probabilities_array:[0.18020645 0.09434486 0.01485476 0.         0.         0.02163495
 0.12778103 0.2562844  0.30489355]

rule37: ocean_proximity_NEAR BAY = 1.0
probabilities_array:[0.06359328 0.23862693 0.04607129 0.         0.01495762 0.
 0.02606927 0.2580231  0.3526585 ]

rule21: 655.079 < population < 1430.008
probabilities_array:[0.12407043 0.13650896 0.08379444 0.02249457 0.         0.0075671
 0.08345201 0.23168726 0.31042525]

rule27: households > 757.864
probabilities_array:[0.         0.         0.00795332 0.01231428 0.04593891 0.17535137
 0.20313416 0.23165147 0.32365644]

rule1: -120.914 < longitude < -119.560
probabilities_array:[0.21709898 0.22618915 0.22943206 0.01007853 0.         0.
 0.04887731 0.14031526 0.12800872]

rule0: longitude < -120.914
probabilities_array:[7.2844746e-03 2.9569896e-04 2.1638102e-03 0.0000000e+00 4.5305341e-02
 2.0044653e-01 2.0645186e-01 1.8428533e-01 3.5376692e-01]

rule30: 3.866 < median_income < 5.145
probabilities_array:[0.         0.03197419 0.11415485 0.18009077 0.1949737  0.19216421
 0.1990875  0.07760838 0.00994642]

