R2: -3.1939241698162

MAE: 206773.41176361564

MSE: 56141269688.015305

Accuracy: 0.3998825601879037

F1: 0.3861617640389886

Confusion Matrix: [[616, 160, 38, 10, 7, 0, 10, 7], [215, 384, 143, 64, 21, 7, 9, 21], [84, 179, 248, 214, 74, 12, 30, 26], [39, 105, 132, 270, 165, 25, 75, 28], [15, 67, 98, 176, 255, 69, 87, 77], [11, 56, 66, 85, 180, 110, 202, 122], [4, 33, 32, 45, 80, 84, 315, 260], [2, 17, 17, 18, 37, 34, 214, 526]]

Uncertainties: {'class0': [0.6459633111953735, 0.5880025625228882, 0.5537586212158203, 0.5217293500900269, 0.5178995132446289], 'class1': [0.6691429018974304, 0.5537586212158203, 0.5217293500900269, 0.5178995132446289, 0.43147262930870056], 'class2': [0.5545655488967896, 0.5178995132446289, 0.43147262930870056, 0.3378252685070038, 0.21503996849060059], 'class3': [0.5217293500900269, 0.43147262930870056, 0.33671507239341736, 0.3262432813644409, 0.31051579117774963], 'class4': [0.3262432813644409, 0.31051579117774963, 0.30236998200416565, 0.2207448035478592, 0.1999843716621399], 'class5': [0.364422082901001, 0.3378252685070038, 0.30236998200416565, 0.22717338800430298, 0.2207448035478592], 'class6': [0.5545655488967896, 0.43579956889152527, 0.41178327798843384, 0.364422082901001, 0.3326423168182373], 'class7': [0.5371000170707703, 0.43579956889152527, 0.41178327798843384, 0.364422082901001, 0.33671507239341736]}

Most important rules
-----------------------------

---0---
rule28: median_income < 2.588
probabilities_array:[0.3222936  0.29669    0.16350326 0.10934523 0.05036032 0.01263052
 0.0047336  0.         0.04044338]

rule12: total_rooms < 1174.765
probabilities_array:[0.2762457  0.1331295  0.1845531  0.23273352 0.0728619  0.05616711
 0.03243457 0.         0.01187455]

rule33: ocean_proximity_INLAND = 1.0
probabilities_array:[0.32996583 0.24925841 0.18613796 0.00784645 0.00515557 0.0065958
 0.         0.         0.21503997]

rule22: 1431.986 < population < 2184.562
probabilities_array:[0.2475187  0.15214732 0.1430768  0.21320646 0.09068034 0.05118052
 0.03070469 0.         0.07148512]

rule13: 1174.765 < total_rooms < 2653.203
probabilities_array:[0.2492385  0.10970052 0.13452598 0.20806572 0.09991695 0.0691571
 0.04723901 0.         0.08215623]

rule23: population > 2184.562
probabilities_array:[0.21623053 0.14264336 0.19148844 0.25314507 0.09405707 0.06111221
 0.02857662 0.         0.01274665]

rule1: -120.927 < longitude < -119.574
probabilities_array:[0.21649253 0.1910141  0.17157932 0.00237069 0.         0.
 0.15110901 0.13102123 0.13641313]

rule5: 34.199 < latitude < 35.638
probabilities_array:[0.19900239 0.09261646 0.11586232 0.11700363 0.1863896  0.14124058
 0.07605924 0.         0.07182581]

rule38: ocean_proximity_NEAR OCEAN = 0.0
probabilities_array:[0.2562845  0.1132842  0.05036465 0.09552901 0.12862985 0.01315837
 0.01650607 0.         0.32624328]

rule11: housing_median_age > 37.146
probabilities_array:[0.22322802 0.09335962 0.02099167 0.0004171  0.         0.0221889
 0.06147198 0.32345086 0.25489187]

rule36: ocean_proximity_NEAR BAY = 0.0
probabilities_array:[0.24623048 0.11383577 0.10281461 0.02256741 0.01184935 0.1089085
 0.05596859 0.         0.33782527]

rule6: 35.638 < latitude < 37.076
probabilities_array:[0.37514    0.02801382 0.         0.         0.         0.00884361
 0.         0.         0.58800256]

rule10: 28.637 < housing_median_age < 37.146
probabilities_array:[0.20960088 0.06172416 0.         0.0955048  0.14636388 0.05362859
 0.01626559 0.10639627 0.3105158 ]

rule2: -119.574 < longitude < -118.221
probabilities_array:[0.15401639 0.15466246 0.         0.         0.0359447  0.13667177
 0.07311809 0.3354962  0.11009043]

rule21: 679.409 < population < 1431.986
probabilities_array:[0.1473234  0.1602492  0.01444055 0.10855359 0.         0.
 0.02546168 0.20725648 0.33671507]

rule17: 255.517 < total_bedrooms < 540.559
probabilities_array:[0.16976586 0.11894539 0.12377489 0.10307755 0.00490441 0.02237196
 0.02568723 0.         0.43147263]

rule3: longitude > -118.221
probabilities_array:[0.10402294 0.10342042 0.18225224 0.24275522 0.14813186 0.1344606
 0.00607823 0.         0.07887852]

rule9: 20.129 < housing_median_age < 28.637
probabilities_array:[0.13637754 0.03397438 0.02160059 0.         0.18405728 0.156214
 0.09369127 0.07171493 0.30236998]

rule25: 244.399 < households < 502.952
probabilities_array:[0.18327107 0.1332787  0.12254553 0.00100225 0.0082335  0.00756038
 0.02620911 0.         0.5178995 ]

rule24: households < 244.399
probabilities_array:[0.16642445 0.09106334 0.05140008 0.10767209 0.00255856 0.02184536
 0.         0.0373068  0.52172935]

rule39: ocean_proximity_NEAR OCEAN = 1.0
probabilities_array:[0.08654682 0.19030114 0.07477776 0.         0.         0.05003929
 0.1654252  0.32912862 0.10378131]

rule16: total_bedrooms < 255.517
probabilities_array:[0.15761067 0.15867124 0.0089072  0.01959792 0.07099558 0.0272098
 0.         0.00324899 0.5537586 ]

rule18: 540.559 < total_bedrooms < 825.600
probabilities_array:[0.18186198 0.01000352 0.06327081 0.         0.         0.01602956
 0.00688955 0.07598132 0.6459633 ]


---1---
rule28: median_income < 2.588
probabilities_array:[0.3222936  0.29669    0.16350326 0.10934523 0.05036032 0.01263052
 0.0047336  0.         0.04044338]

rule7: latitude > 37.076
probabilities_array:[0.         0.26007953 0.30527875 0.04621257 0.03932991 0.03861
 0.01257685 0.08944488 0.20846751]

rule33: ocean_proximity_INLAND = 1.0
probabilities_array:[0.32996583 0.24925841 0.18613796 0.00784645 0.00515557 0.0065958
 0.         0.         0.21503997]

rule39: ocean_proximity_NEAR OCEAN = 1.0
probabilities_array:[0.08654682 0.19030114 0.07477776 0.         0.         0.05003929
 0.1654252  0.32912862 0.10378131]

rule29: 2.588 < median_income < 3.870
probabilities_array:[0.03165871 0.17555892 0.19879988 0.22767055 0.16269484 0.09784646
 0.06814629 0.0002645  0.03735995]

rule1: -120.927 < longitude < -119.574
probabilities_array:[0.21649253 0.1910141  0.17157932 0.00237069 0.         0.
 0.15110901 0.13102123 0.13641313]

rule37: ocean_proximity_NEAR BAY = 1.0
probabilities_array:[0.03920132 0.23868036 0.05110706 0.         0.         0.
 0.06484058 0.2735284  0.33264232]

rule22: 1431.986 < population < 2184.562
probabilities_array:[0.2475187  0.15214732 0.1430768  0.21320646 0.09068034 0.05118052
 0.03070469 0.         0.07148512]

rule23: population > 2184.562
probabilities_array:[0.21623053 0.14264336 0.19148844 0.25314507 0.09405707 0.06111221
 0.02857662 0.         0.01274665]

rule4: latitude < 34.199
probabilities_array:[0.         0.15494467 0.1484768  0.03210593 0.06793329 0.0633847
 0.22209093 0.21893907 0.09212455]

rule2: -119.574 < longitude < -118.221
probabilities_array:[0.15401639 0.15466246 0.         0.         0.0359447  0.13667177
 0.07311809 0.3354962  0.11009043]

rule12: total_rooms < 1174.765
probabilities_array:[0.2762457  0.1331295  0.1845531  0.23273352 0.0728619  0.05616711
 0.03243457 0.         0.01187455]

rule21: 679.409 < population < 1431.986
probabilities_array:[0.1473234  0.1602492  0.01444055 0.10855359 0.         0.
 0.02546168 0.20725648 0.33671507]

rule13: 1174.765 < total_rooms < 2653.203
probabilities_array:[0.2492385  0.10970052 0.13452598 0.20806572 0.09991695 0.0691571
 0.04723901 0.         0.08215623]

rule8: housing_median_age < 20.129
probabilities_array:[0.0290661  0.11955944 0.15887594 0.14666176 0.13862756 0.11302099
 0.09420384 0.         0.19998437]

rule3: longitude > -118.221
probabilities_array:[0.10402294 0.10342042 0.18225224 0.24275522 0.14813186 0.1344606
 0.00607823 0.         0.07887852]

rule5: 34.199 < latitude < 35.638
probabilities_array:[0.19900239 0.09261646 0.11586232 0.11700363 0.1863896  0.14124058
 0.07605924 0.         0.07182581]

rule38: ocean_proximity_NEAR OCEAN = 0.0
probabilities_array:[0.2562845  0.1132842  0.05036465 0.09552901 0.12862985 0.01315837
 0.01650607 0.         0.32624328]

rule36: ocean_proximity_NEAR BAY = 0.0
probabilities_array:[0.24623048 0.11383577 0.10281461 0.02256741 0.01184935 0.1089085
 0.05596859 0.         0.33782527]

rule16: total_bedrooms < 255.517
probabilities_array:[0.15761067 0.15867124 0.0089072  0.01959792 0.07099558 0.0272098
 0.         0.00324899 0.5537586 ]

rule11: housing_median_age > 37.146
probabilities_array:[0.22322802 0.09335962 0.02099167 0.0004171  0.         0.0221889
 0.06147198 0.32345086 0.25489187]

rule17: 255.517 < total_bedrooms < 540.559
probabilities_array:[0.16976586 0.11894539 0.12377489 0.10307755 0.00490441 0.02237196
 0.02568723 0.         0.43147263]

rule25: 244.399 < households < 502.952
probabilities_array:[0.18327107 0.1332787  0.12254553 0.00100225 0.0082335  0.00756038
 0.02620911 0.         0.5178995 ]

rule15: total_rooms > 4131.642
probabilities_array:[0.         0.05958437 0.02127682 0.         0.         0.02786521
 0.17971615 0.52228814 0.1892693 ]

rule34: ocean_proximity_ISLAND = 0.0
probabilities_array:[0.1061988  0.13177562 0.05965776 0.00073722 0.00091755 0.03052316
 0.         0.00104687 0.6691429 ]

rule24: households < 244.399
probabilities_array:[0.16642445 0.09106334 0.05140008 0.10767209 0.00255856 0.02184536
 0.         0.0373068  0.52172935]

rule10: 28.637 < housing_median_age < 37.146
probabilities_array:[0.20960088 0.06172416 0.         0.0955048  0.14636388 0.05362859
 0.01626559 0.10639627 0.3105158 ]


---2---
rule7: latitude > 37.076
probabilities_array:[0.         0.26007953 0.30527875 0.04621257 0.03932991 0.03861
 0.01257685 0.08944488 0.20846751]

rule29: 2.588 < median_income < 3.870
probabilities_array:[0.03165871 0.17555892 0.19879988 0.22767055 0.16269484 0.09784646
 0.06814629 0.0002645  0.03735995]

rule23: population > 2184.562
probabilities_array:[0.21623053 0.14264336 0.19148844 0.25314507 0.09405707 0.06111221
 0.02857662 0.         0.01274665]

rule12: total_rooms < 1174.765
probabilities_array:[0.2762457  0.1331295  0.1845531  0.23273352 0.0728619  0.05616711
 0.03243457 0.         0.01187455]

rule3: longitude > -118.221
probabilities_array:[0.10402294 0.10342042 0.18225224 0.24275522 0.14813186 0.1344606
 0.00607823 0.         0.07887852]

rule28: median_income < 2.588
probabilities_array:[0.3222936  0.29669    0.16350326 0.10934523 0.05036032 0.01263052
 0.0047336  0.         0.04044338]

rule1: -120.927 < longitude < -119.574
probabilities_array:[0.21649253 0.1910141  0.17157932 0.00237069 0.         0.
 0.15110901 0.13102123 0.13641313]

rule33: ocean_proximity_INLAND = 1.0
probabilities_array:[0.32996583 0.24925841 0.18613796 0.00784645 0.00515557 0.0065958
 0.         0.         0.21503997]

rule4: latitude < 34.199
probabilities_array:[0.         0.15494467 0.1484768  0.03210593 0.06793329 0.0633847
 0.22209093 0.21893907 0.09212455]

rule22: 1431.986 < population < 2184.562
probabilities_array:[0.2475187  0.15214732 0.1430768  0.21320646 0.09068034 0.05118052
 0.03070469 0.         0.07148512]

rule8: housing_median_age < 20.129
probabilities_array:[0.0290661  0.11955944 0.15887594 0.14666176 0.13862756 0.11302099
 0.09420384 0.         0.19998437]

rule13: 1174.765 < total_rooms < 2653.203
probabilities_array:[0.2492385  0.10970052 0.13452598 0.20806572 0.09991695 0.0691571
 0.04723901 0.         0.08215623]

rule30: 3.870 < median_income < 5.153
probabilities_array:[0.         0.02497528 0.11461072 0.18932593 0.21873444 0.18992306
 0.18218131 0.06402756 0.01622175]

rule5: 34.199 < latitude < 35.638
probabilities_array:[0.19900239 0.09261646 0.11586232 0.11700363 0.1863896  0.14124058
 0.07605924 0.         0.07182581]

rule17: 255.517 < total_bedrooms < 540.559
probabilities_array:[0.16976586 0.11894539 0.12377489 0.10307755 0.00490441 0.02237196
 0.02568723 0.         0.43147263]

rule36: ocean_proximity_NEAR BAY = 0.0
probabilities_array:[0.24623048 0.11383577 0.10281461 0.02256741 0.01184935 0.1089085
 0.05596859 0.         0.33782527]

rule39: ocean_proximity_NEAR OCEAN = 1.0
probabilities_array:[0.08654682 0.19030114 0.07477776 0.         0.         0.05003929
 0.1654252  0.32912862 0.10378131]

rule25: 244.399 < households < 502.952
probabilities_array:[0.18327107 0.1332787  0.12254553 0.00100225 0.0082335  0.00756038
 0.02620911 0.         0.5178995 ]

rule26: 502.952 < households < 761.505
probabilities_array:[0.06927224 0.07164983 0.09139165 0.         0.01920167 0.00679818
 0.12815374 0.05896714 0.55456555]


---3---
rule23: population > 2184.562
probabilities_array:[0.21623053 0.14264336 0.19148844 0.25314507 0.09405707 0.06111221
 0.02857662 0.         0.01274665]

rule12: total_rooms < 1174.765
probabilities_array:[0.2762457  0.1331295  0.1845531  0.23273352 0.0728619  0.05616711
 0.03243457 0.         0.01187455]

rule3: longitude > -118.221
probabilities_array:[0.10402294 0.10342042 0.18225224 0.24275522 0.14813186 0.1344606
 0.00607823 0.         0.07887852]

rule29: 2.588 < median_income < 3.870
probabilities_array:[0.03165871 0.17555892 0.19879988 0.22767055 0.16269484 0.09784646
 0.06814629 0.0002645  0.03735995]

rule22: 1431.986 < population < 2184.562
probabilities_array:[0.2475187  0.15214732 0.1430768  0.21320646 0.09068034 0.05118052
 0.03070469 0.         0.07148512]

rule13: 1174.765 < total_rooms < 2653.203
probabilities_array:[0.2492385  0.10970052 0.13452598 0.20806572 0.09991695 0.0691571
 0.04723901 0.         0.08215623]

rule30: 3.870 < median_income < 5.153
probabilities_array:[0.         0.02497528 0.11461072 0.18932593 0.21873444 0.18992306
 0.18218131 0.06402756 0.01622175]

rule8: housing_median_age < 20.129
probabilities_array:[0.0290661  0.11955944 0.15887594 0.14666176 0.13862756 0.11302099
 0.09420384 0.         0.19998437]

rule5: 34.199 < latitude < 35.638
probabilities_array:[0.19900239 0.09261646 0.11586232 0.11700363 0.1863896  0.14124058
 0.07605924 0.         0.07182581]

rule28: median_income < 2.588
probabilities_array:[0.3222936  0.29669    0.16350326 0.10934523 0.05036032 0.01263052
 0.0047336  0.         0.04044338]

rule32: ocean_proximity_INLAND = 0.0
probabilities_array:[0.         0.01472625 0.03904377 0.08743718 0.20103064 0.20893462
 0.23327848 0.21393289 0.0016162 ]

rule21: 679.409 < population < 1431.986
probabilities_array:[0.1473234  0.1602492  0.01444055 0.10855359 0.         0.
 0.02546168 0.20725648 0.33671507]

rule10: 28.637 < housing_median_age < 37.146
probabilities_array:[0.20960088 0.06172416 0.         0.0955048  0.14636388 0.05362859
 0.01626559 0.10639627 0.3105158 ]

rule38: ocean_proximity_NEAR OCEAN = 0.0
probabilities_array:[0.2562845  0.1132842  0.05036465 0.09552901 0.12862985 0.01315837
 0.01650607 0.         0.32624328]

rule17: 255.517 < total_bedrooms < 540.559
probabilities_array:[0.16976586 0.11894539 0.12377489 0.10307755 0.00490441 0.02237196
 0.02568723 0.         0.43147263]

rule31: median_income > 5.153
probabilities_array:[0.         0.00750256 0.01814794 0.05243205 0.0762125  0.16321343
 0.28406808 0.39055163 0.00787179]

rule24: households < 244.399
probabilities_array:[0.16642445 0.09106334 0.05140008 0.10767209 0.00255856 0.02184536
 0.         0.0373068  0.52172935]


---4---
rule30: 3.870 < median_income < 5.153
probabilities_array:[0.         0.02497528 0.11461072 0.18932593 0.21873444 0.18992306
 0.18218131 0.06402756 0.01622175]

rule32: ocean_proximity_INLAND = 0.0
probabilities_array:[0.         0.01472625 0.03904377 0.08743718 0.20103064 0.20893462
 0.23327848 0.21393289 0.0016162 ]

rule5: 34.199 < latitude < 35.638
probabilities_array:[0.19900239 0.09261646 0.11586232 0.11700363 0.1863896  0.14124058
 0.07605924 0.         0.07182581]

rule29: 2.588 < median_income < 3.870
probabilities_array:[0.03165871 0.17555892 0.19879988 0.22767055 0.16269484 0.09784646
 0.06814629 0.0002645  0.03735995]

rule3: longitude > -118.221
probabilities_array:[0.10402294 0.10342042 0.18225224 0.24275522 0.14813186 0.1344606
 0.00607823 0.         0.07887852]

rule9: 20.129 < housing_median_age < 28.637
probabilities_array:[0.13637754 0.03397438 0.02160059 0.         0.18405728 0.156214
 0.09369127 0.07171493 0.30236998]

rule8: housing_median_age < 20.129
probabilities_array:[0.0290661  0.11955944 0.15887594 0.14666176 0.13862756 0.11302099
 0.09420384 0.         0.19998437]

rule10: 28.637 < housing_median_age < 37.146
probabilities_array:[0.20960088 0.06172416 0.         0.0955048  0.14636388 0.05362859
 0.01626559 0.10639627 0.3105158 ]

rule23: population > 2184.562
probabilities_array:[0.21623053 0.14264336 0.19148844 0.25314507 0.09405707 0.06111221
 0.02857662 0.         0.01274665]

rule13: 1174.765 < total_rooms < 2653.203
probabilities_array:[0.2492385  0.10970052 0.13452598 0.20806572 0.09991695 0.0691571
 0.04723901 0.         0.08215623]

rule38: ocean_proximity_NEAR OCEAN = 0.0
probabilities_array:[0.2562845  0.1132842  0.05036465 0.09552901 0.12862985 0.01315837
 0.01650607 0.         0.32624328]

rule22: 1431.986 < population < 2184.562
probabilities_array:[0.2475187  0.15214732 0.1430768  0.21320646 0.09068034 0.05118052
 0.03070469 0.         0.07148512]

rule31: median_income > 5.153
probabilities_array:[0.         0.00750256 0.01814794 0.05243205 0.0762125  0.16321343
 0.28406808 0.39055163 0.00787179]

rule12: total_rooms < 1174.765
probabilities_array:[0.2762457  0.1331295  0.1845531  0.23273352 0.0728619  0.05616711
 0.03243457 0.         0.01187455]

rule4: latitude < 34.199
probabilities_array:[0.         0.15494467 0.1484768  0.03210593 0.06793329 0.0633847
 0.22209093 0.21893907 0.09212455]

rule28: median_income < 2.588
probabilities_array:[0.3222936  0.29669    0.16350326 0.10934523 0.05036032 0.01263052
 0.0047336  0.         0.04044338]

rule0: longitude < -120.927
probabilities_array:[0.         0.         0.01314073 0.00334104 0.06135834 0.25581512
 0.29353085 0.15206914 0.2207448 ]


---5---
rule32: ocean_proximity_INLAND = 0.0
probabilities_array:[0.         0.01472625 0.03904377 0.08743718 0.20103064 0.20893462
 0.23327848 0.21393289 0.0016162 ]

rule0: longitude < -120.927
probabilities_array:[0.         0.         0.01314073 0.00334104 0.06135834 0.25581512
 0.29353085 0.15206914 0.2207448 ]

rule30: 3.870 < median_income < 5.153
probabilities_array:[0.         0.02497528 0.11461072 0.18932593 0.21873444 0.18992306
 0.18218131 0.06402756 0.01622175]

rule31: median_income > 5.153
probabilities_array:[0.         0.00750256 0.01814794 0.05243205 0.0762125  0.16321343
 0.28406808 0.39055163 0.00787179]

rule5: 34.199 < latitude < 35.638
probabilities_array:[0.19900239 0.09261646 0.11586232 0.11700363 0.1863896  0.14124058
 0.07605924 0.         0.07182581]

rule3: longitude > -118.221
probabilities_array:[0.10402294 0.10342042 0.18225224 0.24275522 0.14813186 0.1344606
 0.00607823 0.         0.07887852]

rule2: -119.574 < longitude < -118.221
probabilities_array:[0.15401639 0.15466246 0.         0.         0.0359447  0.13667177
 0.07311809 0.3354962  0.11009043]

rule9: 20.129 < housing_median_age < 28.637
probabilities_array:[0.13637754 0.03397438 0.02160059 0.         0.18405728 0.156214
 0.09369127 0.07171493 0.30236998]

rule29: 2.588 < median_income < 3.870
probabilities_array:[0.03165871 0.17555892 0.19879988 0.22767055 0.16269484 0.09784646
 0.06814629 0.0002645  0.03735995]

rule8: housing_median_age < 20.129
probabilities_array:[0.0290661  0.11955944 0.15887594 0.14666176 0.13862756 0.11302099
 0.09420384 0.         0.19998437]

rule27: households > 761.505
probabilities_array:[0.01459448 0.         0.         0.         0.0551868  0.1318493
 0.1720863  0.26186103 0.36442208]

rule36: ocean_proximity_NEAR BAY = 0.0
probabilities_array:[0.24623048 0.11383577 0.10281461 0.02256741 0.01184935 0.1089085
 0.05596859 0.         0.33782527]

rule13: 1174.765 < total_rooms < 2653.203
probabilities_array:[0.2492385  0.10970052 0.13452598 0.20806572 0.09991695 0.0691571
 0.04723901 0.         0.08215623]

rule23: population > 2184.562
probabilities_array:[0.21623053 0.14264336 0.19148844 0.25314507 0.09405707 0.06111221
 0.02857662 0.         0.01274665]

rule4: latitude < 34.199
probabilities_array:[0.         0.15494467 0.1484768  0.03210593 0.06793329 0.0633847
 0.22209093 0.21893907 0.09212455]

rule12: total_rooms < 1174.765
probabilities_array:[0.2762457  0.1331295  0.1845531  0.23273352 0.0728619  0.05616711
 0.03243457 0.         0.01187455]

rule22: 1431.986 < population < 2184.562
probabilities_array:[0.2475187  0.15214732 0.1430768  0.21320646 0.09068034 0.05118052
 0.03070469 0.         0.07148512]

rule39: ocean_proximity_NEAR OCEAN = 1.0
probabilities_array:[0.08654682 0.19030114 0.07477776 0.         0.         0.05003929
 0.1654252  0.32912862 0.10378131]

rule20: population < 679.409
probabilities_array:[0.0000000e+00 0.0000000e+00 2.9180045e-04 0.0000000e+00 4.7540694e-02
 5.5382807e-02 1.4187115e-01 5.2774012e-01 2.2717339e-01]


---6---
rule31: median_income > 5.153
probabilities_array:[0.         0.00750256 0.01814794 0.05243205 0.0762125  0.16321343
 0.28406808 0.39055163 0.00787179]

rule32: ocean_proximity_INLAND = 0.0
probabilities_array:[0.         0.01472625 0.03904377 0.08743718 0.20103064 0.20893462
 0.23327848 0.21393289 0.0016162 ]

rule0: longitude < -120.927
probabilities_array:[0.         0.         0.01314073 0.00334104 0.06135834 0.25581512
 0.29353085 0.15206914 0.2207448 ]

rule4: latitude < 34.199
probabilities_array:[0.         0.15494467 0.1484768  0.03210593 0.06793329 0.0633847
 0.22209093 0.21893907 0.09212455]

rule30: 3.870 < median_income < 5.153
probabilities_array:[0.         0.02497528 0.11461072 0.18932593 0.21873444 0.18992306
 0.18218131 0.06402756 0.01622175]

rule35: ocean_proximity_ISLAND = 1.0
probabilities_array:[0.         0.         0.         0.         0.         0.
 0.2832457  0.30497098 0.41178328]

rule39: ocean_proximity_NEAR OCEAN = 1.0
probabilities_array:[0.08654682 0.19030114 0.07477776 0.         0.         0.05003929
 0.1654252  0.32912862 0.10378131]

rule15: total_rooms > 4131.642
probabilities_array:[0.         0.05958437 0.02127682 0.         0.         0.02786521
 0.17971615 0.52228814 0.1892693 ]

rule1: -120.927 < longitude < -119.574
probabilities_array:[0.21649253 0.1910141  0.17157932 0.00237069 0.         0.
 0.15110901 0.13102123 0.13641313]

rule20: population < 679.409
probabilities_array:[0.0000000e+00 0.0000000e+00 2.9180045e-04 0.0000000e+00 4.7540694e-02
 5.5382807e-02 1.4187115e-01 5.2774012e-01 2.2717339e-01]

rule27: households > 761.505
probabilities_array:[0.01459448 0.         0.         0.         0.0551868  0.1318493
 0.1720863  0.26186103 0.36442208]

rule19: total_bedrooms > 825.600
probabilities_array:[0.05396323 0.00367881 0.06789717 0.         0.02652331 0.05838852
 0.13528988 0.2184595  0.43579957]

rule8: housing_median_age < 20.129
probabilities_array:[0.0290661  0.11955944 0.15887594 0.14666176 0.13862756 0.11302099
 0.09420384 0.         0.19998437]

rule5: 34.199 < latitude < 35.638
probabilities_array:[0.19900239 0.09261646 0.11586232 0.11700363 0.1863896  0.14124058
 0.07605924 0.         0.07182581]

rule29: 2.588 < median_income < 3.870
probabilities_array:[0.03165871 0.17555892 0.19879988 0.22767055 0.16269484 0.09784646
 0.06814629 0.0002645  0.03735995]

rule9: 20.129 < housing_median_age < 28.637
probabilities_array:[0.13637754 0.03397438 0.02160059 0.         0.18405728 0.156214
 0.09369127 0.07171493 0.30236998]

rule2: -119.574 < longitude < -118.221
probabilities_array:[0.15401639 0.15466246 0.         0.         0.0359447  0.13667177
 0.07311809 0.3354962  0.11009043]

rule26: 502.952 < households < 761.505
probabilities_array:[0.06927224 0.07164983 0.09139165 0.         0.01920167 0.00679818
 0.12815374 0.05896714 0.55456555]

rule11: housing_median_age > 37.146
probabilities_array:[0.22322802 0.09335962 0.02099167 0.0004171  0.         0.0221889
 0.06147198 0.32345086 0.25489187]

rule13: 1174.765 < total_rooms < 2653.203
probabilities_array:[0.2492385  0.10970052 0.13452598 0.20806572 0.09991695 0.0691571
 0.04723901 0.         0.08215623]

rule37: ocean_proximity_NEAR BAY = 1.0
probabilities_array:[0.03920132 0.23868036 0.05110706 0.         0.         0.
 0.06484058 0.2735284  0.33264232]


---7---
rule15: total_rooms > 4131.642
probabilities_array:[0.         0.05958437 0.02127682 0.         0.         0.02786521
 0.17971615 0.52228814 0.1892693 ]

rule20: population < 679.409
probabilities_array:[0.0000000e+00 0.0000000e+00 2.9180045e-04 0.0000000e+00 4.7540694e-02
 5.5382807e-02 1.4187115e-01 5.2774012e-01 2.2717339e-01]

rule31: median_income > 5.153
probabilities_array:[0.         0.00750256 0.01814794 0.05243205 0.0762125  0.16321343
 0.28406808 0.39055163 0.00787179]

rule2: -119.574 < longitude < -118.221
probabilities_array:[0.15401639 0.15466246 0.         0.         0.0359447  0.13667177
 0.07311809 0.3354962  0.11009043]

rule39: ocean_proximity_NEAR OCEAN = 1.0
probabilities_array:[0.08654682 0.19030114 0.07477776 0.         0.         0.05003929
 0.1654252  0.32912862 0.10378131]

rule11: housing_median_age > 37.146
probabilities_array:[0.22322802 0.09335962 0.02099167 0.0004171  0.         0.0221889
 0.06147198 0.32345086 0.25489187]

rule32: ocean_proximity_INLAND = 0.0
probabilities_array:[0.         0.01472625 0.03904377 0.08743718 0.20103064 0.20893462
 0.23327848 0.21393289 0.0016162 ]

rule4: latitude < 34.199
probabilities_array:[0.         0.15494467 0.1484768  0.03210593 0.06793329 0.0633847
 0.22209093 0.21893907 0.09212455]

rule37: ocean_proximity_NEAR BAY = 1.0
probabilities_array:[0.03920132 0.23868036 0.05110706 0.         0.         0.
 0.06484058 0.2735284  0.33264232]

rule35: ocean_proximity_ISLAND = 1.0
probabilities_array:[0.         0.         0.         0.         0.         0.
 0.2832457  0.30497098 0.41178328]

rule27: households > 761.505
probabilities_array:[0.01459448 0.         0.         0.         0.0551868  0.1318493
 0.1720863  0.26186103 0.36442208]

rule21: 679.409 < population < 1431.986
probabilities_array:[0.1473234  0.1602492  0.01444055 0.10855359 0.         0.
 0.02546168 0.20725648 0.33671507]

rule14: 2653.203 < total_rooms < 4131.642
probabilities_array:[0.0203536  0.00638568 0.         0.0308447  0.         0.05830836
 0.0581416  0.28886604 0.5371    ]

rule19: total_bedrooms > 825.600
probabilities_array:[0.05396323 0.00367881 0.06789717 0.         0.02652331 0.05838852
 0.13528988 0.2184595  0.43579957]

rule0: longitude < -120.927
probabilities_array:[0.         0.         0.01314073 0.00334104 0.06135834 0.25581512
 0.29353085 0.15206914 0.2207448 ]

rule1: -120.927 < longitude < -119.574
probabilities_array:[0.21649253 0.1910141  0.17157932 0.00237069 0.         0.
 0.15110901 0.13102123 0.13641313]

rule10: 28.637 < housing_median_age < 37.146
probabilities_array:[0.20960088 0.06172416 0.         0.0955048  0.14636388 0.05362859
 0.01626559 0.10639627 0.3105158 ]

rule7: latitude > 37.076
probabilities_array:[0.         0.26007953 0.30527875 0.04621257 0.03932991 0.03861
 0.01257685 0.08944488 0.20846751]

rule30: 3.870 < median_income < 5.153
probabilities_array:[0.         0.02497528 0.11461072 0.18932593 0.21873444 0.18992306
 0.18218131 0.06402756 0.01622175]

rule9: 20.129 < housing_median_age < 28.637
probabilities_array:[0.13637754 0.03397438 0.02160059 0.         0.18405728 0.156214
 0.09369127 0.07171493 0.30236998]

