R2: 0.4162454176578928

MAE: 9.79089705882353

MSE: 163.12363227941177

Accuracy: 0.3382352941176471

F1: 0.3101995371359447

Confusion Matrix: [[42, 8, 1, 3, 0, 0, 1, 0], [21, 4, 3, 8, 0, 4, 1, 2], [7, 6, 8, 5, 2, 3, 0, 2], [7, 7, 10, 9, 6, 4, 0, 7], [4, 3, 5, 8, 7, 9, 2, 10], [6, 1, 2, 5, 6, 10, 6, 12], [2, 2, 2, 1, 3, 6, 12, 7], [0, 1, 0, 0, 1, 1, 2, 23]]

Uncertainties: {'class0': [0.016430947929620743, 0.020938372239470482, 0.02756330370903015, 0.028874829411506653, 0.0931597575545311], 'class1': [0.016430947929620743, 0.020938372239470482, 0.02756330370903015, 0.028874829411506653, 0.08153941482305527], 'class2': [0.016430947929620743, 0.020938372239470482, 0.02756330370903015, 0.028874829411506653, 0.08153941482305527], 'class3': [0.0004443600191734731, 0.016430947929620743, 0.020938372239470482, 0.02756330370903015, 0.028874829411506653], 'class4': [0.0004443600191734731, 0.016430947929620743, 0.020938372239470482, 0.02756330370903015, 0.028874829411506653], 'class5': [0.0004443600191734731, 0.02756330370903015, 0.028874829411506653, 0.06734412163496017, 0.08153941482305527], 'class6': [0.0004443600191734731, 0.016430947929620743, 0.02756330370903015, 0.06734412163496017, 0.08153941482305527], 'class7': [0.0004443600191734731, 0.028874829411506653, 0.06734412163496017, 0.08561286330223083, 0.0931597575545311]}

Most important rules
-----------------------------

---0---
rule0: cement < 214.429
probabilities_array:[0.30737245 0.23290505 0.08127168 0.10452976 0.06469949 0.05039215
 0.13126615 0.         0.0275633 ]

rule28: age < 3.822
probabilities_array:[0.39844778 0.34529266 0.         0.         0.         0.00239933
 0.         0.         0.25386015]

rule15: water > 196.531
probabilities_array:[0.28904277 0.12912965 0.10999019 0.21564665 0.16185357 0.02282093
 0.05508537 0.         0.01643095]

rule27: fine_aggregate > 827.884
probabilities_array:[0.3318996  0.03826366 0.27418506 0.         0.11887916 0.
 0.00089839 0.         0.23587418]

rule16: superplasticizer < 2.177
probabilities_array:[0.25164014 0.20464611 0.2628681  0.12745042 0.08188173 0.03654343
 0.01403172 0.         0.02093837]

rule11: fly_ash > 97.429
probabilities_array:[0.28397077 0.06761634 0.13768953 0.20275909 0.11993835 0.03062203
 0.00112051 0.         0.15628336]

rule8: fly_ash < 10.181
probabilities_array:[0.2846556  0.         0.         0.         0.         0.14983597
 0.04337926 0.29000792 0.2321213 ]

rule14: 181.644 < water < 196.531
probabilities_array:[0.31481412 0.18463366 0.01175837 0.06257333 0.031279   0.03791216
 0.         0.         0.3570294 ]

rule1: 214.429 < cement < 285.605
probabilities_array:[0.19646978 0.16247182 0.10551334 0.14763781 0.         0.12107132
 0.10583413 0.         0.1610018 ]

rule4: blast_furnace_slag < 15.865
probabilities_array:[0.2797683  0.00074056 0.00668592 0.         0.27966285 0.02044028
 0.         0.         0.41270205]

rule13: 166.756 < water < 181.644
probabilities_array:[0.17572674 0.00968862 0.10015894 0.         0.02600086 0.23075236
 0.12774247 0.23677021 0.09315976]

rule20: coarse_aggregate < 918.577
probabilities_array:[0.16818848 0.         0.         0.14001669 0.03971663 0.19760577
 0.0311087  0.2236637  0.19970009]

rule23: coarse_aggregate > 1023.774
probabilities_array:[0.1600869  0.04844756 0.14458017 0.         0.1184089  0.
 0.01228218 0.2322184  0.28397593]

rule21: 918.577 < coarse_aggregate < 971.175
probabilities_array:[0.05610168 0.03019067 0.22197695 0.07565637 0.09216195 0.11039055
 0.22050768 0.         0.19301422]

rule17: 2.177 < superplasticizer < 6.121
probabilities_array:[0.04184795 0.11263847 0.18313989 0.08516555 0.11114385 0.19605118
 0.         0.24113825 0.02887483]


---1---
rule28: age < 3.822
probabilities_array:[0.39844778 0.34529266 0.         0.         0.         0.00239933
 0.         0.         0.25386015]

rule0: cement < 214.429
probabilities_array:[0.30737245 0.23290505 0.08127168 0.10452976 0.06469949 0.05039215
 0.13126615 0.         0.0275633 ]

rule29: 3.822 < age < 46.141
probabilities_array:[0.         0.23695852 0.24081945 0.23101054 0.15014933 0.05296941
 0.00086088 0.00459833 0.08263359]

rule16: superplasticizer < 2.177
probabilities_array:[0.25164014 0.20464611 0.2628681  0.12745042 0.08188173 0.03654343
 0.01403172 0.         0.02093837]

rule22: 971.175 < coarse_aggregate < 1023.774
probabilities_array:[0.0223653  0.21779372 0.132573   0.13995849 0.09726794 0.17936437
 0.11293665 0.01620109 0.08153941]

rule10: 53.805 < fly_ash < 97.429
probabilities_array:[0.00797032 0.19579849 0.02696825 0.08749711 0.21362068 0.19095658
 0.16373207 0.         0.11345652]

rule26: 772.436 < fine_aggregate < 827.884
probabilities_array:[0.03655414 0.1811434  0.01315702 0.09378146 0.00211122 0.23155408
 0.         0.28115872 0.16053997]

rule1: 214.429 < cement < 285.605
probabilities_array:[0.19646978 0.16247182 0.10551334 0.14763781 0.         0.12107132
 0.10583413 0.         0.1610018 ]

rule15: water > 196.531
probabilities_array:[0.28904277 0.12912965 0.10999019 0.21564665 0.16185357 0.02282093
 0.05508537 0.         0.01643095]

rule14: 181.644 < water < 196.531
probabilities_array:[0.31481412 0.18463366 0.01175837 0.06257333 0.031279   0.03791216
 0.         0.         0.3570294 ]

rule17: 2.177 < superplasticizer < 6.121
probabilities_array:[0.04184795 0.11263847 0.18313989 0.08516555 0.11114385 0.19605118
 0.         0.24113825 0.02887483]

rule6: 72.672 < blast_furnace_slag < 129.479
probabilities_array:[0.02194959 0.08126421 0.         0.2582439  0.         0.15167421
 0.21237803 0.16554242 0.10894766]

rule2: 285.605 < cement < 356.780
probabilities_array:[0.02198726 0.08130068 0.         0.11048272 0.18158692 0.16959375
 0.26569244 0.         0.16935627]

rule5: 15.865 < blast_furnace_slag < 72.672
probabilities_array:[0.         0.08713551 0.         0.         0.12363569 0.019433
 0.31745303 0.21407557 0.23826721]

rule25: 716.987 < fine_aggregate < 772.436
probabilities_array:[0.01657822 0.07093304 0.         0.26165456 0.09828842 0.
 0.34607935 0.09742141 0.10904503]

rule11: fly_ash > 97.429
probabilities_array:[0.28397077 0.06761634 0.13768953 0.20275909 0.11993835 0.03062203
 0.00112051 0.         0.15628336]

rule18: 6.121 < superplasticizer < 10.065
probabilities_array:[0.00027863 0.06322847 0.26678124 0.01015943 0.08978127 0.16886091
 0.10590668 0.1617086  0.13329476]


---2---
rule16: superplasticizer < 2.177
probabilities_array:[0.25164014 0.20464611 0.2628681  0.12745042 0.08188173 0.03654343
 0.01403172 0.         0.02093837]

rule18: 6.121 < superplasticizer < 10.065
probabilities_array:[0.00027863 0.06322847 0.26678124 0.01015943 0.08978127 0.16886091
 0.10590668 0.1617086  0.13329476]

rule29: 3.822 < age < 46.141
probabilities_array:[0.         0.23695852 0.24081945 0.23101054 0.15014933 0.05296941
 0.00086088 0.00459833 0.08263359]

rule27: fine_aggregate > 827.884
probabilities_array:[0.3318996  0.03826366 0.27418506 0.         0.11887916 0.
 0.00089839 0.         0.23587418]

rule21: 918.577 < coarse_aggregate < 971.175
probabilities_array:[0.05610168 0.03019067 0.22197695 0.07565637 0.09216195 0.11039055
 0.22050768 0.         0.19301422]

rule17: 2.177 < superplasticizer < 6.121
probabilities_array:[0.04184795 0.11263847 0.18313989 0.08516555 0.11114385 0.19605118
 0.         0.24113825 0.02887483]

rule7: blast_furnace_slag > 129.479
probabilities_array:[0.00233673 0.         0.18702352 0.06113141 0.2667361  0.05884935
 0.         0.286508   0.13741487]

rule22: 971.175 < coarse_aggregate < 1023.774
probabilities_array:[0.0223653  0.21779372 0.132573   0.13995849 0.09726794 0.17936437
 0.11293665 0.01620109 0.08153941]

rule11: fly_ash > 97.429
probabilities_array:[0.28397077 0.06761634 0.13768953 0.20275909 0.11993835 0.03062203
 0.00112051 0.         0.15628336]

rule15: water > 196.531
probabilities_array:[0.28904277 0.12912965 0.10999019 0.21564665 0.16185357 0.02282093
 0.05508537 0.         0.01643095]

rule23: coarse_aggregate > 1023.774
probabilities_array:[0.1600869  0.04844756 0.14458017 0.         0.1184089  0.
 0.01228218 0.2322184  0.28397593]

rule13: 166.756 < water < 181.644
probabilities_array:[0.17572674 0.00968862 0.10015894 0.         0.02600086 0.23075236
 0.12774247 0.23677021 0.09315976]

rule1: 214.429 < cement < 285.605
probabilities_array:[0.19646978 0.16247182 0.10551334 0.14763781 0.         0.12107132
 0.10583413 0.         0.1610018 ]

rule0: cement < 214.429
probabilities_array:[0.30737245 0.23290505 0.08127168 0.10452976 0.06469949 0.05039215
 0.13126615 0.         0.0275633 ]


---3---
rule25: 716.987 < fine_aggregate < 772.436
probabilities_array:[0.01657822 0.07093304 0.         0.26165456 0.09828842 0.
 0.34607935 0.09742141 0.10904503]

rule6: 72.672 < blast_furnace_slag < 129.479
probabilities_array:[0.02194959 0.08126421 0.         0.2582439  0.         0.15167421
 0.21237803 0.16554242 0.10894766]

rule15: water > 196.531
probabilities_array:[0.28904277 0.12912965 0.10999019 0.21564665 0.16185357 0.02282093
 0.05508537 0.         0.01643095]

rule29: 3.822 < age < 46.141
probabilities_array:[0.         0.23695852 0.24081945 0.23101054 0.15014933 0.05296941
 0.00086088 0.00459833 0.08263359]

rule9: 10.181 < fly_ash < 53.805
probabilities_array:[0.         0.         0.         0.21375184 0.         0.
 0.26705405 0.36852512 0.150669  ]

rule11: fly_ash > 97.429
probabilities_array:[0.28397077 0.06761634 0.13768953 0.20275909 0.11993835 0.03062203
 0.00112051 0.         0.15628336]

rule22: 971.175 < coarse_aggregate < 1023.774
probabilities_array:[0.0223653  0.21779372 0.132573   0.13995849 0.09726794 0.17936437
 0.11293665 0.01620109 0.08153941]

rule16: superplasticizer < 2.177
probabilities_array:[0.25164014 0.20464611 0.2628681  0.12745042 0.08188173 0.03654343
 0.01403172 0.         0.02093837]

rule1: 214.429 < cement < 285.605
probabilities_array:[0.19646978 0.16247182 0.10551334 0.14763781 0.         0.12107132
 0.10583413 0.         0.1610018 ]

rule20: coarse_aggregate < 918.577
probabilities_array:[0.16818848 0.         0.         0.14001669 0.03971663 0.19760577
 0.0311087  0.2236637  0.19970009]

rule0: cement < 214.429
probabilities_array:[0.30737245 0.23290505 0.08127168 0.10452976 0.06469949 0.05039215
 0.13126615 0.         0.0275633 ]

rule2: 285.605 < cement < 356.780
probabilities_array:[0.02198726 0.08130068 0.         0.11048272 0.18158692 0.16959375
 0.26569244 0.         0.16935627]

rule17: 2.177 < superplasticizer < 6.121
probabilities_array:[0.04184795 0.11263847 0.18313989 0.08516555 0.11114385 0.19605118
 0.         0.24113825 0.02887483]

rule26: 772.436 < fine_aggregate < 827.884
probabilities_array:[0.03655414 0.1811434  0.01315702 0.09378146 0.00211122 0.23155408
 0.         0.28115872 0.16053997]

rule10: 53.805 < fly_ash < 97.429
probabilities_array:[0.00797032 0.19579849 0.02696825 0.08749711 0.21362068 0.19095658
 0.16373207 0.         0.11345652]

rule21: 918.577 < coarse_aggregate < 971.175
probabilities_array:[0.05610168 0.03019067 0.22197695 0.07565637 0.09216195 0.11039055
 0.22050768 0.         0.19301422]

rule7: blast_furnace_slag > 129.479
probabilities_array:[0.00233673 0.         0.18702352 0.06113141 0.2667361  0.05884935
 0.         0.286508   0.13741487]

rule31: age > 88.459
probabilities_array:[0.         0.         0.03742451 0.04863014 0.14100197 0.2193138
 0.26692265 0.28626254 0.00044436]

rule19: superplasticizer > 10.065
probabilities_array:[6.2736653e-05 0.0000000e+00 0.0000000e+00 7.8951679e-02 0.0000000e+00
 0.0000000e+00 2.0117855e-01 2.8927141e-01 4.3053561e-01]

rule14: 181.644 < water < 196.531
probabilities_array:[0.31481412 0.18463366 0.01175837 0.06257333 0.031279   0.03791216
 0.         0.         0.3570294 ]


---4---
rule30: 46.141 < age < 88.459
probabilities_array:[0.         0.         0.         0.         0.27795005 0.
 0.31253153 0.32390556 0.08561286]

rule7: blast_furnace_slag > 129.479
probabilities_array:[0.00233673 0.         0.18702352 0.06113141 0.2667361  0.05884935
 0.         0.286508   0.13741487]

rule10: 53.805 < fly_ash < 97.429
probabilities_array:[0.00797032 0.19579849 0.02696825 0.08749711 0.21362068 0.19095658
 0.16373207 0.         0.11345652]

rule3: cement > 356.780
probabilities_array:[0.         0.         0.         0.01560938 0.21454078 0.26664022
 0.         0.29805982 0.20514977]

rule4: blast_furnace_slag < 15.865
probabilities_array:[0.2797683  0.00074056 0.00668592 0.         0.27966285 0.02044028
 0.         0.         0.41270205]

rule15: water > 196.531
probabilities_array:[0.28904277 0.12912965 0.10999019 0.21564665 0.16185357 0.02282093
 0.05508537 0.         0.01643095]

rule2: 285.605 < cement < 356.780
probabilities_array:[0.02198726 0.08130068 0.         0.11048272 0.18158692 0.16959375
 0.26569244 0.         0.16935627]

rule31: age > 88.459
probabilities_array:[0.         0.         0.03742451 0.04863014 0.14100197 0.2193138
 0.26692265 0.28626254 0.00044436]

rule29: 3.822 < age < 46.141
probabilities_array:[0.         0.23695852 0.24081945 0.23101054 0.15014933 0.05296941
 0.00086088 0.00459833 0.08263359]

rule17: 2.177 < superplasticizer < 6.121
probabilities_array:[0.04184795 0.11263847 0.18313989 0.08516555 0.11114385 0.19605118
 0.         0.24113825 0.02887483]

rule11: fly_ash > 97.429
probabilities_array:[0.28397077 0.06761634 0.13768953 0.20275909 0.11993835 0.03062203
 0.00112051 0.         0.15628336]

rule5: 15.865 < blast_furnace_slag < 72.672
probabilities_array:[0.         0.08713551 0.         0.         0.12363569 0.019433
 0.31745303 0.21407557 0.23826721]

rule27: fine_aggregate > 827.884
probabilities_array:[0.3318996  0.03826366 0.27418506 0.         0.11887916 0.
 0.00089839 0.         0.23587418]

rule22: 971.175 < coarse_aggregate < 1023.774
probabilities_array:[0.0223653  0.21779372 0.132573   0.13995849 0.09726794 0.17936437
 0.11293665 0.01620109 0.08153941]

rule25: 716.987 < fine_aggregate < 772.436
probabilities_array:[0.01657822 0.07093304 0.         0.26165456 0.09828842 0.
 0.34607935 0.09742141 0.10904503]

rule23: coarse_aggregate > 1023.774
probabilities_array:[0.1600869  0.04844756 0.14458017 0.         0.1184089  0.
 0.01228218 0.2322184  0.28397593]

rule16: superplasticizer < 2.177
probabilities_array:[0.25164014 0.20464611 0.2628681  0.12745042 0.08188173 0.03654343
 0.01403172 0.         0.02093837]

rule18: 6.121 < superplasticizer < 10.065
probabilities_array:[0.00027863 0.06322847 0.26678124 0.01015943 0.08978127 0.16886091
 0.10590668 0.1617086  0.13329476]

rule21: 918.577 < coarse_aggregate < 971.175
probabilities_array:[0.05610168 0.03019067 0.22197695 0.07565637 0.09216195 0.11039055
 0.22050768 0.         0.19301422]

rule0: cement < 214.429
probabilities_array:[0.30737245 0.23290505 0.08127168 0.10452976 0.06469949 0.05039215
 0.13126615 0.         0.0275633 ]


---5---
rule24: fine_aggregate < 716.987
probabilities_array:[0.0041867  0.00341376 0.         0.         0.01343966 0.30864397
 0.25541368 0.3475582  0.06734412]

rule31: age > 88.459
probabilities_array:[0.         0.         0.03742451 0.04863014 0.14100197 0.2193138
 0.26692265 0.28626254 0.00044436]

rule3: cement > 356.780
probabilities_array:[0.         0.         0.         0.01560938 0.21454078 0.26664022
 0.         0.29805982 0.20514977]

rule13: 166.756 < water < 181.644
probabilities_array:[0.17572674 0.00968862 0.10015894 0.         0.02600086 0.23075236
 0.12774247 0.23677021 0.09315976]

rule26: 772.436 < fine_aggregate < 827.884
probabilities_array:[0.03655414 0.1811434  0.01315702 0.09378146 0.00211122 0.23155408
 0.         0.28115872 0.16053997]

rule17: 2.177 < superplasticizer < 6.121
probabilities_array:[0.04184795 0.11263847 0.18313989 0.08516555 0.11114385 0.19605118
 0.         0.24113825 0.02887483]

rule10: 53.805 < fly_ash < 97.429
probabilities_array:[0.00797032 0.19579849 0.02696825 0.08749711 0.21362068 0.19095658
 0.16373207 0.         0.11345652]

rule22: 971.175 < coarse_aggregate < 1023.774
probabilities_array:[0.0223653  0.21779372 0.132573   0.13995849 0.09726794 0.17936437
 0.11293665 0.01620109 0.08153941]

rule20: coarse_aggregate < 918.577
probabilities_array:[0.16818848 0.         0.         0.14001669 0.03971663 0.19760577
 0.0311087  0.2236637  0.19970009]

rule18: 6.121 < superplasticizer < 10.065
probabilities_array:[0.00027863 0.06322847 0.26678124 0.01015943 0.08978127 0.16886091
 0.10590668 0.1617086  0.13329476]

rule2: 285.605 < cement < 356.780
probabilities_array:[0.02198726 0.08130068 0.         0.11048272 0.18158692 0.16959375
 0.26569244 0.         0.16935627]

rule6: 72.672 < blast_furnace_slag < 129.479
probabilities_array:[0.02194959 0.08126421 0.         0.2582439  0.         0.15167421
 0.21237803 0.16554242 0.10894766]

rule8: fly_ash < 10.181
probabilities_array:[0.2846556  0.         0.         0.         0.         0.14983597
 0.04337926 0.29000792 0.2321213 ]

rule1: 214.429 < cement < 285.605
probabilities_array:[0.19646978 0.16247182 0.10551334 0.14763781 0.         0.12107132
 0.10583413 0.         0.1610018 ]

rule21: 918.577 < coarse_aggregate < 971.175
probabilities_array:[0.05610168 0.03019067 0.22197695 0.07565637 0.09216195 0.11039055
 0.22050768 0.         0.19301422]

rule7: blast_furnace_slag > 129.479
probabilities_array:[0.00233673 0.         0.18702352 0.06113141 0.2667361  0.05884935
 0.         0.286508   0.13741487]

rule0: cement < 214.429
probabilities_array:[0.30737245 0.23290505 0.08127168 0.10452976 0.06469949 0.05039215
 0.13126615 0.         0.0275633 ]

rule29: 3.822 < age < 46.141
probabilities_array:[0.         0.23695852 0.24081945 0.23101054 0.15014933 0.05296941
 0.00086088 0.00459833 0.08263359]


---6---
rule25: 716.987 < fine_aggregate < 772.436
probabilities_array:[0.01657822 0.07093304 0.         0.26165456 0.09828842 0.
 0.34607935 0.09742141 0.10904503]

rule30: 46.141 < age < 88.459
probabilities_array:[0.         0.         0.         0.         0.27795005 0.
 0.31253153 0.32390556 0.08561286]

rule31: age > 88.459
probabilities_array:[0.         0.         0.03742451 0.04863014 0.14100197 0.2193138
 0.26692265 0.28626254 0.00044436]

rule5: 15.865 < blast_furnace_slag < 72.672
probabilities_array:[0.         0.08713551 0.         0.         0.12363569 0.019433
 0.31745303 0.21407557 0.23826721]

rule24: fine_aggregate < 716.987
probabilities_array:[0.0041867  0.00341376 0.         0.         0.01343966 0.30864397
 0.25541368 0.3475582  0.06734412]

rule9: 10.181 < fly_ash < 53.805
probabilities_array:[0.         0.         0.         0.21375184 0.         0.
 0.26705405 0.36852512 0.150669  ]

rule2: 285.605 < cement < 356.780
probabilities_array:[0.02198726 0.08130068 0.         0.11048272 0.18158692 0.16959375
 0.26569244 0.         0.16935627]

rule12: water < 166.756
probabilities_array:[0.         0.         0.         0.00535574 0.         0.00108432
 0.31043136 0.3365119  0.3466167 ]

rule6: 72.672 < blast_furnace_slag < 129.479
probabilities_array:[0.02194959 0.08126421 0.         0.2582439  0.         0.15167421
 0.21237803 0.16554242 0.10894766]

rule21: 918.577 < coarse_aggregate < 971.175
probabilities_array:[0.05610168 0.03019067 0.22197695 0.07565637 0.09216195 0.11039055
 0.22050768 0.         0.19301422]

rule10: 53.805 < fly_ash < 97.429
probabilities_array:[0.00797032 0.19579849 0.02696825 0.08749711 0.21362068 0.19095658
 0.16373207 0.         0.11345652]

rule0: cement < 214.429
probabilities_array:[0.30737245 0.23290505 0.08127168 0.10452976 0.06469949 0.05039215
 0.13126615 0.         0.0275633 ]

rule13: 166.756 < water < 181.644
probabilities_array:[0.17572674 0.00968862 0.10015894 0.         0.02600086 0.23075236
 0.12774247 0.23677021 0.09315976]

rule19: superplasticizer > 10.065
probabilities_array:[6.2736653e-05 0.0000000e+00 0.0000000e+00 7.8951679e-02 0.0000000e+00
 0.0000000e+00 2.0117855e-01 2.8927141e-01 4.3053561e-01]

rule22: 971.175 < coarse_aggregate < 1023.774
probabilities_array:[0.0223653  0.21779372 0.132573   0.13995849 0.09726794 0.17936437
 0.11293665 0.01620109 0.08153941]

rule18: 6.121 < superplasticizer < 10.065
probabilities_array:[0.00027863 0.06322847 0.26678124 0.01015943 0.08978127 0.16886091
 0.10590668 0.1617086  0.13329476]

rule1: 214.429 < cement < 285.605
probabilities_array:[0.19646978 0.16247182 0.10551334 0.14763781 0.         0.12107132
 0.10583413 0.         0.1610018 ]

rule15: water > 196.531
probabilities_array:[0.28904277 0.12912965 0.10999019 0.21564665 0.16185357 0.02282093
 0.05508537 0.         0.01643095]


---7---
rule24: fine_aggregate < 716.987
probabilities_array:[0.0041867  0.00341376 0.         0.         0.01343966 0.30864397
 0.25541368 0.3475582  0.06734412]

rule9: 10.181 < fly_ash < 53.805
probabilities_array:[0.         0.         0.         0.21375184 0.         0.
 0.26705405 0.36852512 0.150669  ]

rule30: 46.141 < age < 88.459
probabilities_array:[0.         0.         0.         0.         0.27795005 0.
 0.31253153 0.32390556 0.08561286]

rule31: age > 88.459
probabilities_array:[0.         0.         0.03742451 0.04863014 0.14100197 0.2193138
 0.26692265 0.28626254 0.00044436]

rule7: blast_furnace_slag > 129.479
probabilities_array:[0.00233673 0.         0.18702352 0.06113141 0.2667361  0.05884935
 0.         0.286508   0.13741487]

rule3: cement > 356.780
probabilities_array:[0.         0.         0.         0.01560938 0.21454078 0.26664022
 0.         0.29805982 0.20514977]

rule26: 772.436 < fine_aggregate < 827.884
probabilities_array:[0.03655414 0.1811434  0.01315702 0.09378146 0.00211122 0.23155408
 0.         0.28115872 0.16053997]

rule17: 2.177 < superplasticizer < 6.121
probabilities_array:[0.04184795 0.11263847 0.18313989 0.08516555 0.11114385 0.19605118
 0.         0.24113825 0.02887483]

rule8: fly_ash < 10.181
probabilities_array:[0.2846556  0.         0.         0.         0.         0.14983597
 0.04337926 0.29000792 0.2321213 ]

rule12: water < 166.756
probabilities_array:[0.         0.         0.         0.00535574 0.         0.00108432
 0.31043136 0.3365119  0.3466167 ]

rule13: 166.756 < water < 181.644
probabilities_array:[0.17572674 0.00968862 0.10015894 0.         0.02600086 0.23075236
 0.12774247 0.23677021 0.09315976]

rule20: coarse_aggregate < 918.577
probabilities_array:[0.16818848 0.         0.         0.14001669 0.03971663 0.19760577
 0.0311087  0.2236637  0.19970009]

rule23: coarse_aggregate > 1023.774
probabilities_array:[0.1600869  0.04844756 0.14458017 0.         0.1184089  0.
 0.01228218 0.2322184  0.28397593]

rule19: superplasticizer > 10.065
probabilities_array:[6.2736653e-05 0.0000000e+00 0.0000000e+00 7.8951679e-02 0.0000000e+00
 0.0000000e+00 2.0117855e-01 2.8927141e-01 4.3053561e-01]

rule5: 15.865 < blast_furnace_slag < 72.672
probabilities_array:[0.         0.08713551 0.         0.         0.12363569 0.019433
 0.31745303 0.21407557 0.23826721]

rule6: 72.672 < blast_furnace_slag < 129.479
probabilities_array:[0.02194959 0.08126421 0.         0.2582439  0.         0.15167421
 0.21237803 0.16554242 0.10894766]

rule18: 6.121 < superplasticizer < 10.065
probabilities_array:[0.00027863 0.06322847 0.26678124 0.01015943 0.08978127 0.16886091
 0.10590668 0.1617086  0.13329476]

rule25: 716.987 < fine_aggregate < 772.436
probabilities_array:[0.01657822 0.07093304 0.         0.26165456 0.09828842 0.
 0.34607935 0.09742141 0.10904503]

