R2: 0.6308881677750944

MAE: 0.0010937377508505478

MSE: 2.193261051641336e-06

Accuracy: 0.44317096466093603

F1: 0.3789995149340309

Confusion Matrix: [[265, 59, 122, 29, 0, 0], [118, 68, 187, 44, 0, 0], [105, 64, 329, 153, 5, 5], [23, 11, 121, 569, 19, 81], [0, 2, 21, 302, 21, 73], [2, 0, 6, 179, 18, 140]]

Uncertainties: {'class0': [0.003662695409730077, 0.01012153085321188, 0.023932620882987976, 0.09321379661560059, 0.12166079133749008], 'class1': [0.003662695409730077, 0.01012153085321188, 0.023932620882987976, 0.09321379661560059, 0.12166079133749008], 'class2': [0.003662695409730077, 0.01012153085321188, 0.019776031374931335, 0.02381058782339096, 0.023932620882987976], 'class3': [0.003662695409730077, 0.01012153085321188, 0.019776031374931335, 0.02381058782339096, 0.023932620882987976], 'class4': [0.003662695409730077, 0.019776031374931335, 0.02381058782339096, 0.023932620882987976, 0.06088035926222801], 'class5': [0.003662695409730077, 0.019776031374931335, 0.02381058782339096, 0.06088035926222801, 0.09321379661560059], 'class6': [], 'class7': []}

Most important rules
-----------------------------

---0---
rule16: diffClb < -0.118
probabilities_array:[0.4624751  0.27742842 0.         0.         0.         0.
 0.         0.         0.2600965 ]

rule0: climbRate < -3.604
probabilities_array:[0.34516934 0.33247602 0.2618519  0.05038118 0.         0.
 0.         0.         0.01012153]

rule1: -3.604 < climbRate < -0.338
probabilities_array:[0.2822391  0.2799745  0.24115607 0.11950516 0.05319257 0.
 0.         0.         0.02393262]

rule9: -0.003 < RollRate < 0.000
probabilities_array:[0.2387609  0.26009706 0.1534555  0.06380084 0.09655856 0.05180686
 0.         0.         0.1355203 ]

rule23: diffDiffClb = 0.0
probabilities_array:[0.19177337 0.17090806 0.1549595  0.14209387 0.15746732 0.17913519
 0.         0.         0.0036627 ]

rule10: 0.000 < RollRate < 0.004
probabilities_array:[0.16959709 0.19561175 0.11581191 0.10662015 0.1396788  0.15101948
 0.         0.         0.12166079]

rule6: -12.263 < Altitude < 4.822
probabilities_array:[0.14848769 0.07862714 0.19646955 0.1972657  0.14947163 0.13646446
 0.         0.         0.0932138 ]

rule12: curRoll < -0.009
probabilities_array:[0.15027027 0.16605854 0.1854494  0.17885038 0.08123913 0.0870549
 0.         0.         0.15107739]

rule8: RollRate < -0.003
probabilities_array:[0.17246853 0.17671947 0.29964548 0.04846049 0.         0.
 0.         0.         0.30270603]

rule5: -29.348 < Altitude < -12.263
probabilities_array:[0.12533092 0.00192807 0.18787692 0.22038227 0.12909529 0.10673448
 0.         0.         0.22865199]

rule15: curRoll > 0.012
probabilities_array:[0.11252527 0.13988726 0.18754016 0.20052585 0.06831243 0.08128941
 0.         0.         0.20991969]

rule4: Altitude < -29.348
probabilities_array:[0.11676315 0.00071171 0.22779591 0.2749307  0.         0.03948024
 0.         0.         0.34031838]

rule7: Altitude > 4.822
probabilities_array:[0.0982154  0.         0.25412443 0.26174584 0.07586645 0.08856975
 0.         0.         0.22147807]

rule14: 0.002 < curRoll < 0.012
probabilities_array:[0.0995576  0.0705048  0.2208114  0.15157862 0.07499568 0.06729672
 0.         0.         0.31525525]

rule17: -0.118 < diffClb < 0.001
probabilities_array:[0.06453799 0.29813763 0.22649209 0.20358817 0.0852099  0.
 0.         0.         0.12203427]


---1---
rule0: climbRate < -3.604
probabilities_array:[0.34516934 0.33247602 0.2618519  0.05038118 0.         0.
 0.         0.         0.01012153]

rule1: -3.604 < climbRate < -0.338
probabilities_array:[0.2822391  0.2799745  0.24115607 0.11950516 0.05319257 0.
 0.         0.         0.02393262]

rule17: -0.118 < diffClb < 0.001
probabilities_array:[0.06453799 0.29813763 0.22649209 0.20358817 0.0852099  0.
 0.         0.         0.12203427]

rule9: -0.003 < RollRate < 0.000
probabilities_array:[0.2387609  0.26009706 0.1534555  0.06380084 0.09655856 0.05180686
 0.         0.         0.1355203 ]

rule16: diffClb < -0.118
probabilities_array:[0.4624751  0.27742842 0.         0.         0.         0.
 0.         0.         0.2600965 ]

rule10: 0.000 < RollRate < 0.004
probabilities_array:[0.16959709 0.19561175 0.11581191 0.10662015 0.1396788  0.15101948
 0.         0.         0.12166079]

rule23: diffDiffClb = 0.0
probabilities_array:[0.19177337 0.17090806 0.1549595  0.14209387 0.15746732 0.17913519
 0.         0.         0.0036627 ]

rule12: curRoll < -0.009
probabilities_array:[0.15027027 0.16605854 0.1854494  0.17885038 0.08123913 0.0870549
 0.         0.         0.15107739]

rule8: RollRate < -0.003
probabilities_array:[0.17246853 0.17671947 0.29964548 0.04846049 0.         0.
 0.         0.         0.30270603]

rule15: curRoll > 0.012
probabilities_array:[0.11252527 0.13988726 0.18754016 0.20052585 0.06831243 0.08128941
 0.         0.         0.20991969]

rule6: -12.263 < Altitude < 4.822
probabilities_array:[0.14848769 0.07862714 0.19646955 0.1972657  0.14947163 0.13646446
 0.         0.         0.0932138 ]

rule14: 0.002 < curRoll < 0.012
probabilities_array:[0.0995576  0.0705048  0.2208114  0.15157862 0.07499568 0.06729672
 0.         0.         0.31525525]


---2---
rule0: climbRate < -3.604
probabilities_array:[0.34516934 0.33247602 0.2618519  0.05038118 0.         0.
 0.         0.         0.01012153]

rule1: -3.604 < climbRate < -0.338
probabilities_array:[0.2822391  0.2799745  0.24115607 0.11950516 0.05319257 0.
 0.         0.         0.02393262]

rule8: RollRate < -0.003
probabilities_array:[0.17246853 0.17671947 0.29964548 0.04846049 0.         0.
 0.         0.         0.30270603]

rule17: -0.118 < diffClb < 0.001
probabilities_array:[0.06453799 0.29813763 0.22649209 0.20358817 0.0852099  0.
 0.         0.         0.12203427]

rule7: Altitude > 4.822
probabilities_array:[0.0982154  0.         0.25412443 0.26174584 0.07586645 0.08856975
 0.         0.         0.22147807]

rule6: -12.263 < Altitude < 4.822
probabilities_array:[0.14848769 0.07862714 0.19646955 0.1972657  0.14947163 0.13646446
 0.         0.         0.0932138 ]

rule12: curRoll < -0.009
probabilities_array:[0.15027027 0.16605854 0.1854494  0.17885038 0.08123913 0.0870549
 0.         0.         0.15107739]

rule23: diffDiffClb = 0.0
probabilities_array:[0.19177337 0.17090806 0.1549595  0.14209387 0.15746732 0.17913519
 0.         0.         0.0036627 ]

rule14: 0.002 < curRoll < 0.012
probabilities_array:[0.0995576  0.0705048  0.2208114  0.15157862 0.07499568 0.06729672
 0.         0.         0.31525525]

rule4: Altitude < -29.348
probabilities_array:[0.11676315 0.00071171 0.22779591 0.2749307  0.         0.03948024
 0.         0.         0.34031838]

rule15: curRoll > 0.012
probabilities_array:[0.11252527 0.13988726 0.18754016 0.20052585 0.06831243 0.08128941
 0.         0.         0.20991969]

rule5: -29.348 < Altitude < -12.263
probabilities_array:[0.12533092 0.00192807 0.18787692 0.22038227 0.12909529 0.10673448
 0.         0.         0.22865199]

rule9: -0.003 < RollRate < 0.000
probabilities_array:[0.2387609  0.26009706 0.1534555  0.06380084 0.09655856 0.05180686
 0.         0.         0.1355203 ]

rule10: 0.000 < RollRate < 0.004
probabilities_array:[0.16959709 0.19561175 0.11581191 0.10662015 0.1396788  0.15101948
 0.         0.         0.12166079]

rule2: -0.338 < climbRate < 2.928
probabilities_array:[0.         0.         0.10866915 0.3013955  0.27478567 0.10874449
 0.         0.         0.20640512]

rule18: 0.001 < diffClb < 0.120
probabilities_array:[0.         0.00954742 0.0889492  0.33995408 0.32457682 0.17609215
 0.         0.         0.06088036]

rule19: diffClb > 0.120
probabilities_array:[0.         0.         0.0440843  0.18505573 0.31600755 0.43507642
 0.         0.         0.01977603]

rule13: -0.009 < curRoll < 0.002
probabilities_array:[3.4846244e-03 0.0000000e+00 1.0062667e-01 3.1836340e-01 0.0000000e+00
 4.9537560e-04 0.0000000e+00 0.0000000e+00 5.7702982e-01]

rule3: climbRate > 2.928
probabilities_array:[0.         0.         0.04154011 0.267817   0.3092232  0.35760906
 0.         0.         0.02381059]


---3---
rule18: 0.001 < diffClb < 0.120
probabilities_array:[0.         0.00954742 0.0889492  0.33995408 0.32457682 0.17609215
 0.         0.         0.06088036]

rule3: climbRate > 2.928
probabilities_array:[0.         0.         0.04154011 0.267817   0.3092232  0.35760906
 0.         0.         0.02381059]

rule2: -0.338 < climbRate < 2.928
probabilities_array:[0.         0.         0.10866915 0.3013955  0.27478567 0.10874449
 0.         0.         0.20640512]

rule11: RollRate > 0.004
probabilities_array:[0.         0.         0.         0.26501894 0.33055574 0.18396638
 0.         0.         0.22045894]

rule7: Altitude > 4.822
probabilities_array:[0.0982154  0.         0.25412443 0.26174584 0.07586645 0.08856975
 0.         0.         0.22147807]

rule19: diffClb > 0.120
probabilities_array:[0.         0.         0.0440843  0.18505573 0.31600755 0.43507642
 0.         0.         0.01977603]

rule4: Altitude < -29.348
probabilities_array:[0.11676315 0.00071171 0.22779591 0.2749307  0.         0.03948024
 0.         0.         0.34031838]

rule6: -12.263 < Altitude < 4.822
probabilities_array:[0.14848769 0.07862714 0.19646955 0.1972657  0.14947163 0.13646446
 0.         0.         0.0932138 ]

rule17: -0.118 < diffClb < 0.001
probabilities_array:[0.06453799 0.29813763 0.22649209 0.20358817 0.0852099  0.
 0.         0.         0.12203427]

rule5: -29.348 < Altitude < -12.263
probabilities_array:[0.12533092 0.00192807 0.18787692 0.22038227 0.12909529 0.10673448
 0.         0.         0.22865199]

rule15: curRoll > 0.012
probabilities_array:[0.11252527 0.13988726 0.18754016 0.20052585 0.06831243 0.08128941
 0.         0.         0.20991969]

rule12: curRoll < -0.009
probabilities_array:[0.15027027 0.16605854 0.1854494  0.17885038 0.08123913 0.0870549
 0.         0.         0.15107739]

rule23: diffDiffClb = 0.0
probabilities_array:[0.19177337 0.17090806 0.1549595  0.14209387 0.15746732 0.17913519
 0.         0.         0.0036627 ]

rule13: -0.009 < curRoll < 0.002
probabilities_array:[3.4846244e-03 0.0000000e+00 1.0062667e-01 3.1836340e-01 0.0000000e+00
 4.9537560e-04 0.0000000e+00 0.0000000e+00 5.7702982e-01]

rule1: -3.604 < climbRate < -0.338
probabilities_array:[0.2822391  0.2799745  0.24115607 0.11950516 0.05319257 0.
 0.         0.         0.02393262]

rule14: 0.002 < curRoll < 0.012
probabilities_array:[0.0995576  0.0705048  0.2208114  0.15157862 0.07499568 0.06729672
 0.         0.         0.31525525]

rule10: 0.000 < RollRate < 0.004
probabilities_array:[0.16959709 0.19561175 0.11581191 0.10662015 0.1396788  0.15101948
 0.         0.         0.12166079]

rule9: -0.003 < RollRate < 0.000
probabilities_array:[0.2387609  0.26009706 0.1534555  0.06380084 0.09655856 0.05180686
 0.         0.         0.1355203 ]

rule0: climbRate < -3.604
probabilities_array:[0.34516934 0.33247602 0.2618519  0.05038118 0.         0.
 0.         0.         0.01012153]


---4---
rule19: diffClb > 0.120
probabilities_array:[0.         0.         0.0440843  0.18505573 0.31600755 0.43507642
 0.         0.         0.01977603]

rule18: 0.001 < diffClb < 0.120
probabilities_array:[0.         0.00954742 0.0889492  0.33995408 0.32457682 0.17609215
 0.         0.         0.06088036]

rule3: climbRate > 2.928
probabilities_array:[0.         0.         0.04154011 0.267817   0.3092232  0.35760906
 0.         0.         0.02381059]

rule11: RollRate > 0.004
probabilities_array:[0.         0.         0.         0.26501894 0.33055574 0.18396638
 0.         0.         0.22045894]

rule2: -0.338 < climbRate < 2.928
probabilities_array:[0.         0.         0.10866915 0.3013955  0.27478567 0.10874449
 0.         0.         0.20640512]

rule23: diffDiffClb = 0.0
probabilities_array:[0.19177337 0.17090806 0.1549595  0.14209387 0.15746732 0.17913519
 0.         0.         0.0036627 ]

rule6: -12.263 < Altitude < 4.822
probabilities_array:[0.14848769 0.07862714 0.19646955 0.1972657  0.14947163 0.13646446
 0.         0.         0.0932138 ]

rule10: 0.000 < RollRate < 0.004
probabilities_array:[0.16959709 0.19561175 0.11581191 0.10662015 0.1396788  0.15101948
 0.         0.         0.12166079]

rule5: -29.348 < Altitude < -12.263
probabilities_array:[0.12533092 0.00192807 0.18787692 0.22038227 0.12909529 0.10673448
 0.         0.         0.22865199]

rule9: -0.003 < RollRate < 0.000
probabilities_array:[0.2387609  0.26009706 0.1534555  0.06380084 0.09655856 0.05180686
 0.         0.         0.1355203 ]

rule17: -0.118 < diffClb < 0.001
probabilities_array:[0.06453799 0.29813763 0.22649209 0.20358817 0.0852099  0.
 0.         0.         0.12203427]

rule12: curRoll < -0.009
probabilities_array:[0.15027027 0.16605854 0.1854494  0.17885038 0.08123913 0.0870549
 0.         0.         0.15107739]

rule7: Altitude > 4.822
probabilities_array:[0.0982154  0.         0.25412443 0.26174584 0.07586645 0.08856975
 0.         0.         0.22147807]

rule15: curRoll > 0.012
probabilities_array:[0.11252527 0.13988726 0.18754016 0.20052585 0.06831243 0.08128941
 0.         0.         0.20991969]

rule1: -3.604 < climbRate < -0.338
probabilities_array:[0.2822391  0.2799745  0.24115607 0.11950516 0.05319257 0.
 0.         0.         0.02393262]

rule14: 0.002 < curRoll < 0.012
probabilities_array:[0.0995576  0.0705048  0.2208114  0.15157862 0.07499568 0.06729672
 0.         0.         0.31525525]


---5---
rule19: diffClb > 0.120
probabilities_array:[0.         0.         0.0440843  0.18505573 0.31600755 0.43507642
 0.         0.         0.01977603]

rule3: climbRate > 2.928
probabilities_array:[0.         0.         0.04154011 0.267817   0.3092232  0.35760906
 0.         0.         0.02381059]

rule23: diffDiffClb = 0.0
probabilities_array:[0.19177337 0.17090806 0.1549595  0.14209387 0.15746732 0.17913519
 0.         0.         0.0036627 ]

rule18: 0.001 < diffClb < 0.120
probabilities_array:[0.         0.00954742 0.0889492  0.33995408 0.32457682 0.17609215
 0.         0.         0.06088036]

rule11: RollRate > 0.004
probabilities_array:[0.         0.         0.         0.26501894 0.33055574 0.18396638
 0.         0.         0.22045894]

rule10: 0.000 < RollRate < 0.004
probabilities_array:[0.16959709 0.19561175 0.11581191 0.10662015 0.1396788  0.15101948
 0.         0.         0.12166079]

rule6: -12.263 < Altitude < 4.822
probabilities_array:[0.14848769 0.07862714 0.19646955 0.1972657  0.14947163 0.13646446
 0.         0.         0.0932138 ]

rule2: -0.338 < climbRate < 2.928
probabilities_array:[0.         0.         0.10866915 0.3013955  0.27478567 0.10874449
 0.         0.         0.20640512]

rule5: -29.348 < Altitude < -12.263
probabilities_array:[0.12533092 0.00192807 0.18787692 0.22038227 0.12909529 0.10673448
 0.         0.         0.22865199]

rule12: curRoll < -0.009
probabilities_array:[0.15027027 0.16605854 0.1854494  0.17885038 0.08123913 0.0870549
 0.         0.         0.15107739]

rule7: Altitude > 4.822
probabilities_array:[0.0982154  0.         0.25412443 0.26174584 0.07586645 0.08856975
 0.         0.         0.22147807]

rule15: curRoll > 0.012
probabilities_array:[0.11252527 0.13988726 0.18754016 0.20052585 0.06831243 0.08128941
 0.         0.         0.20991969]

rule14: 0.002 < curRoll < 0.012
probabilities_array:[0.0995576  0.0705048  0.2208114  0.15157862 0.07499568 0.06729672
 0.         0.         0.31525525]

rule9: -0.003 < RollRate < 0.000
probabilities_array:[0.2387609  0.26009706 0.1534555  0.06380084 0.09655856 0.05180686
 0.         0.         0.1355203 ]


---6---

---7---
