R2: 0.6440835935741482

MAE: 0.0010725102250632912

MSE: 2.033466731743349e-06

Accuracy: 0.43361986628462273

F1: 0.36942644175386397

Confusion Matrix: [[259, 76, 115, 32, 0, 0], [126, 75, 176, 53, 0, 2], [97, 82, 326, 159, 2, 5], [20, 12, 136, 551, 20, 73], [1, 2, 22, 309, 9, 55], [0, 0, 7, 186, 11, 142]]

Uncertainties: {'class0': [0.0, 0.019280822947621346, 0.030889028683304787, 0.03132523223757744, 0.0881371945142746], 'class1': [0.0, 0.019280822947621346, 0.030889028683304787, 0.03132523223757744, 0.0881371945142746], 'class2': [0.0, 0.011994305066764355, 0.019280822947621346, 0.030889028683304787, 0.03132523223757744], 'class3': [0.0, 0.011994305066764355, 0.019280822947621346, 0.029984991997480392, 0.030889028683304787], 'class4': [0.0, 0.011994305066764355, 0.029984991997480392, 0.030889028683304787, 0.03132523223757744], 'class5': [0.0, 0.011994305066764355, 0.029984991997480392, 0.030889028683304787, 0.05992453545331955], 'class6': [], 'class7': []}

Most important rules
-----------------------------

---0---
rule0: climbRate < -3.587
probabilities_array:[0.3437547  0.3303217  0.25594458 0.05069819 0.         0.
 0.         0.         0.01928082]

rule16: diffClb < -0.120
probabilities_array:[0.4535287  0.25815952 0.         0.         0.         0.
 0.         0.         0.28831175]

rule1: -3.587 < climbRate < -0.292
probabilities_array:[0.3010733  0.2746851  0.22937812 0.11515083 0.04838741 0.
 0.         0.         0.03132523]

rule23: diffDiffClb = 0.0
probabilities_array:[0.19869637 0.18438226 0.15459776 0.13399588 0.15970096 0.16862676
 0.         0.         0.        ]

rule9: -0.004 < RollRate < 0.000
probabilities_array:[0.24993739 0.25885445 0.10808878 0.05026105 0.02193161 0.03043927
 0.         0.         0.28048754]

rule10: 0.000 < RollRate < 0.004
probabilities_array:[0.1819431  0.18479264 0.12480538 0.15311876 0.17388517 0.15056588
 0.         0.         0.03088903]

rule12: curRoll < -0.009
probabilities_array:[0.1992764  0.1144146  0.20184381 0.17698218 0.07276981 0.06531631
 0.         0.         0.16939688]

rule6: -12.368 < Altitude < 4.793
probabilities_array:[0.13102515 0.09797491 0.2064006  0.1853776  0.11950274 0.15111403
 0.         0.         0.108605  ]

rule15: curRoll > 0.012
probabilities_array:[0.12884386 0.09292851 0.21705566 0.22492121 0.05175689 0.05589411
 0.         0.         0.22859968]

rule14: 0.002 < curRoll < 0.012
probabilities_array:[0.13461451 0.0069703  0.25297147 0.2046792  0.04011701 0.01366879
 0.         0.         0.34697863]

rule7: Altitude > 4.793
probabilities_array:[0.09081168 0.         0.30150473 0.23454987 0.0374772  0.06420997
 0.         0.         0.2714465 ]

rule5: -29.529 < Altitude < -12.368
probabilities_array:[0.08823124 0.05561858 0.16866125 0.17389025 0.14060253 0.09933303
 0.         0.         0.27366307]

rule4: Altitude < -29.529
probabilities_array:[0.10325212 0.         0.20687613 0.27130336 0.01707326 0.
 0.         0.         0.40149513]

rule17: -0.120 < diffClb < 0.000
probabilities_array:[0.06751809 0.30738068 0.23728114 0.20961055 0.09007232 0.
 0.         0.         0.08813719]

rule8: RollRate < -0.004
probabilities_array:[0.08747151 0.15056427 0.33454698 0.02586522 0.         0.
 0.         0.         0.401552  ]


---1---
rule0: climbRate < -3.587
probabilities_array:[0.3437547  0.3303217  0.25594458 0.05069819 0.         0.
 0.         0.         0.01928082]

rule17: -0.120 < diffClb < 0.000
probabilities_array:[0.06751809 0.30738068 0.23728114 0.20961055 0.09007232 0.
 0.         0.         0.08813719]

rule1: -3.587 < climbRate < -0.292
probabilities_array:[0.3010733  0.2746851  0.22937812 0.11515083 0.04838741 0.
 0.         0.         0.03132523]

rule9: -0.004 < RollRate < 0.000
probabilities_array:[0.24993739 0.25885445 0.10808878 0.05026105 0.02193161 0.03043927
 0.         0.         0.28048754]

rule23: diffDiffClb = 0.0
probabilities_array:[0.19869637 0.18438226 0.15459776 0.13399588 0.15970096 0.16862676
 0.         0.         0.        ]

rule16: diffClb < -0.120
probabilities_array:[0.4535287  0.25815952 0.         0.         0.         0.
 0.         0.         0.28831175]

rule10: 0.000 < RollRate < 0.004
probabilities_array:[0.1819431  0.18479264 0.12480538 0.15311876 0.17388517 0.15056588
 0.         0.         0.03088903]

rule12: curRoll < -0.009
probabilities_array:[0.1992764  0.1144146  0.20184381 0.17698218 0.07276981 0.06531631
 0.         0.         0.16939688]

rule8: RollRate < -0.004
probabilities_array:[0.08747151 0.15056427 0.33454698 0.02586522 0.         0.
 0.         0.         0.401552  ]

rule6: -12.368 < Altitude < 4.793
probabilities_array:[0.13102515 0.09797491 0.2064006  0.1853776  0.11950274 0.15111403
 0.         0.         0.108605  ]

rule15: curRoll > 0.012
probabilities_array:[0.12884386 0.09292851 0.21705566 0.22492121 0.05175689 0.05589411
 0.         0.         0.22859968]

rule5: -29.529 < Altitude < -12.368
probabilities_array:[0.08823124 0.05561858 0.16866125 0.17389025 0.14060253 0.09933303
 0.         0.         0.27366307]


---2---
rule0: climbRate < -3.587
probabilities_array:[0.3437547  0.3303217  0.25594458 0.05069819 0.         0.
 0.         0.         0.01928082]

rule1: -3.587 < climbRate < -0.292
probabilities_array:[0.3010733  0.2746851  0.22937812 0.11515083 0.04838741 0.
 0.         0.         0.03132523]

rule7: Altitude > 4.793
probabilities_array:[0.09081168 0.         0.30150473 0.23454987 0.0374772  0.06420997
 0.         0.         0.2714465 ]

rule17: -0.120 < diffClb < 0.000
probabilities_array:[0.06751809 0.30738068 0.23728114 0.20961055 0.09007232 0.
 0.         0.         0.08813719]

rule8: RollRate < -0.004
probabilities_array:[0.08747151 0.15056427 0.33454698 0.02586522 0.         0.
 0.         0.         0.401552  ]

rule6: -12.368 < Altitude < 4.793
probabilities_array:[0.13102515 0.09797491 0.2064006  0.1853776  0.11950274 0.15111403
 0.         0.         0.108605  ]

rule12: curRoll < -0.009
probabilities_array:[0.1992764  0.1144146  0.20184381 0.17698218 0.07276981 0.06531631
 0.         0.         0.16939688]

rule15: curRoll > 0.012
probabilities_array:[0.12884386 0.09292851 0.21705566 0.22492121 0.05175689 0.05589411
 0.         0.         0.22859968]

rule14: 0.002 < curRoll < 0.012
probabilities_array:[0.13461451 0.0069703  0.25297147 0.2046792  0.04011701 0.01366879
 0.         0.         0.34697863]

rule23: diffDiffClb = 0.0
probabilities_array:[0.19869637 0.18438226 0.15459776 0.13399588 0.15970096 0.16862676
 0.         0.         0.        ]

rule2: -0.292 < climbRate < 3.002
probabilities_array:[0.00662459 0.         0.15120418 0.30176932 0.26486027 0.11735454
 0.         0.         0.1581871 ]

rule4: Altitude < -29.529
probabilities_array:[0.10325212 0.         0.20687613 0.27130336 0.01707326 0.
 0.         0.         0.40149513]

rule5: -29.529 < Altitude < -12.368
probabilities_array:[0.08823124 0.05561858 0.16866125 0.17389025 0.14060253 0.09933303
 0.         0.         0.27366307]

rule10: 0.000 < RollRate < 0.004
probabilities_array:[0.1819431  0.18479264 0.12480538 0.15311876 0.17388517 0.15056588
 0.         0.         0.03088903]

rule13: -0.009 < curRoll < 0.002
probabilities_array:[0.038442   0.         0.16045777 0.2830436  0.01812012 0.00068047
 0.         0.         0.49925596]

rule9: -0.004 < RollRate < 0.000
probabilities_array:[0.24993739 0.25885445 0.10808878 0.05026105 0.02193161 0.03043927
 0.         0.         0.28048754]

rule18: 0.000 < diffClb < 0.120
probabilities_array:[0.         0.01739782 0.07021186 0.32338023 0.3164805  0.21260501
 0.         0.         0.05992454]

rule3: climbRate > 3.002
probabilities_array:[0.         0.         0.04860879 0.2647353  0.31757134 0.35709026
 0.         0.         0.01199431]


---3---
rule18: 0.000 < diffClb < 0.120
probabilities_array:[0.         0.01739782 0.07021186 0.32338023 0.3164805  0.21260501
 0.         0.         0.05992454]

rule3: climbRate > 3.002
probabilities_array:[0.         0.         0.04860879 0.2647353  0.31757134 0.35709026
 0.         0.         0.01199431]

rule2: -0.292 < climbRate < 3.002
probabilities_array:[0.00662459 0.         0.15120418 0.30176932 0.26486027 0.11735454
 0.         0.         0.1581871 ]

rule11: RollRate > 0.004
probabilities_array:[0.01432792 0.         0.         0.26890677 0.3301187  0.2193064
 0.         0.         0.16734023]

rule17: -0.120 < diffClb < 0.000
probabilities_array:[0.06751809 0.30738068 0.23728114 0.20961055 0.09007232 0.
 0.         0.         0.08813719]

rule19: diffClb > 0.120
probabilities_array:[0.         0.         0.03588375 0.18317313 0.29703388 0.45392424
 0.         0.         0.02998499]

rule15: curRoll > 0.012
probabilities_array:[0.12884386 0.09292851 0.21705566 0.22492121 0.05175689 0.05589411
 0.         0.         0.22859968]

rule7: Altitude > 4.793
probabilities_array:[0.09081168 0.         0.30150473 0.23454987 0.0374772  0.06420997
 0.         0.         0.2714465 ]

rule6: -12.368 < Altitude < 4.793
probabilities_array:[0.13102515 0.09797491 0.2064006  0.1853776  0.11950274 0.15111403
 0.         0.         0.108605  ]

rule4: Altitude < -29.529
probabilities_array:[0.10325212 0.         0.20687613 0.27130336 0.01707326 0.
 0.         0.         0.40149513]

rule10: 0.000 < RollRate < 0.004
probabilities_array:[0.1819431  0.18479264 0.12480538 0.15311876 0.17388517 0.15056588
 0.         0.         0.03088903]

rule12: curRoll < -0.009
probabilities_array:[0.1992764  0.1144146  0.20184381 0.17698218 0.07276981 0.06531631
 0.         0.         0.16939688]

rule13: -0.009 < curRoll < 0.002
probabilities_array:[0.038442   0.         0.16045777 0.2830436  0.01812012 0.00068047
 0.         0.         0.49925596]

rule23: diffDiffClb = 0.0
probabilities_array:[0.19869637 0.18438226 0.15459776 0.13399588 0.15970096 0.16862676
 0.         0.         0.        ]

rule14: 0.002 < curRoll < 0.012
probabilities_array:[0.13461451 0.0069703  0.25297147 0.2046792  0.04011701 0.01366879
 0.         0.         0.34697863]

rule5: -29.529 < Altitude < -12.368
probabilities_array:[0.08823124 0.05561858 0.16866125 0.17389025 0.14060253 0.09933303
 0.         0.         0.27366307]

rule1: -3.587 < climbRate < -0.292
probabilities_array:[0.3010733  0.2746851  0.22937812 0.11515083 0.04838741 0.
 0.         0.         0.03132523]

rule0: climbRate < -3.587
probabilities_array:[0.3437547  0.3303217  0.25594458 0.05069819 0.         0.
 0.         0.         0.01928082]


---4---
rule3: climbRate > 3.002
probabilities_array:[0.         0.         0.04860879 0.2647353  0.31757134 0.35709026
 0.         0.         0.01199431]

rule18: 0.000 < diffClb < 0.120
probabilities_array:[0.         0.01739782 0.07021186 0.32338023 0.3164805  0.21260501
 0.         0.         0.05992454]

rule19: diffClb > 0.120
probabilities_array:[0.         0.         0.03588375 0.18317313 0.29703388 0.45392424
 0.         0.         0.02998499]

rule11: RollRate > 0.004
probabilities_array:[0.01432792 0.         0.         0.26890677 0.3301187  0.2193064
 0.         0.         0.16734023]

rule2: -0.292 < climbRate < 3.002
probabilities_array:[0.00662459 0.         0.15120418 0.30176932 0.26486027 0.11735454
 0.         0.         0.1581871 ]

rule10: 0.000 < RollRate < 0.004
probabilities_array:[0.1819431  0.18479264 0.12480538 0.15311876 0.17388517 0.15056588
 0.         0.         0.03088903]

rule23: diffDiffClb = 0.0
probabilities_array:[0.19869637 0.18438226 0.15459776 0.13399588 0.15970096 0.16862676
 0.         0.         0.        ]

rule6: -12.368 < Altitude < 4.793
probabilities_array:[0.13102515 0.09797491 0.2064006  0.1853776  0.11950274 0.15111403
 0.         0.         0.108605  ]

rule5: -29.529 < Altitude < -12.368
probabilities_array:[0.08823124 0.05561858 0.16866125 0.17389025 0.14060253 0.09933303
 0.         0.         0.27366307]

rule17: -0.120 < diffClb < 0.000
probabilities_array:[0.06751809 0.30738068 0.23728114 0.20961055 0.09007232 0.
 0.         0.         0.08813719]

rule12: curRoll < -0.009
probabilities_array:[0.1992764  0.1144146  0.20184381 0.17698218 0.07276981 0.06531631
 0.         0.         0.16939688]

rule1: -3.587 < climbRate < -0.292
probabilities_array:[0.3010733  0.2746851  0.22937812 0.11515083 0.04838741 0.
 0.         0.         0.03132523]


---5---
rule19: diffClb > 0.120
probabilities_array:[0.         0.         0.03588375 0.18317313 0.29703388 0.45392424
 0.         0.         0.02998499]

rule3: climbRate > 3.002
probabilities_array:[0.         0.         0.04860879 0.2647353  0.31757134 0.35709026
 0.         0.         0.01199431]

rule18: 0.000 < diffClb < 0.120
probabilities_array:[0.         0.01739782 0.07021186 0.32338023 0.3164805  0.21260501
 0.         0.         0.05992454]

rule11: RollRate > 0.004
probabilities_array:[0.01432792 0.         0.         0.26890677 0.3301187  0.2193064
 0.         0.         0.16734023]

rule23: diffDiffClb = 0.0
probabilities_array:[0.19869637 0.18438226 0.15459776 0.13399588 0.15970096 0.16862676
 0.         0.         0.        ]

rule10: 0.000 < RollRate < 0.004
probabilities_array:[0.1819431  0.18479264 0.12480538 0.15311876 0.17388517 0.15056588
 0.         0.         0.03088903]

rule6: -12.368 < Altitude < 4.793
probabilities_array:[0.13102515 0.09797491 0.2064006  0.1853776  0.11950274 0.15111403
 0.         0.         0.108605  ]

rule2: -0.292 < climbRate < 3.002
probabilities_array:[0.00662459 0.         0.15120418 0.30176932 0.26486027 0.11735454
 0.         0.         0.1581871 ]

rule5: -29.529 < Altitude < -12.368
probabilities_array:[0.08823124 0.05561858 0.16866125 0.17389025 0.14060253 0.09933303
 0.         0.         0.27366307]

rule12: curRoll < -0.009
probabilities_array:[0.1992764  0.1144146  0.20184381 0.17698218 0.07276981 0.06531631
 0.         0.         0.16939688]

rule7: Altitude > 4.793
probabilities_array:[0.09081168 0.         0.30150473 0.23454987 0.0374772  0.06420997
 0.         0.         0.2714465 ]

rule15: curRoll > 0.012
probabilities_array:[0.12884386 0.09292851 0.21705566 0.22492121 0.05175689 0.05589411
 0.         0.         0.22859968]


---6---

---7---
