R2: 0.315186306230654

MAE: 33156333.093590677

MSE: 3626817961937668.5

Accuracy: 0.2898761835396941

F1: 0.26206170100702264

Confusion Matrix: [[86, 26, 14, 7, 7, 1, 3, 2, 0], [36, 54, 20, 9, 10, 0, 2, 1, 2], [20, 44, 21, 20, 21, 7, 6, 8, 4], [19, 26, 15, 35, 28, 13, 8, 9, 5], [19, 20, 18, 23, 33, 19, 14, 20, 16], [6, 12, 6, 18, 33, 12, 6, 15, 24], [12, 15, 14, 11, 16, 15, 13, 27, 29], [5, 8, 5, 9, 14, 13, 17, 24, 44], [1, 1, 1, 2, 3, 3, 9, 39, 120]]

Uncertainties: {'class0': [0.026804979890584946, 0.029329458251595497, 0.08233760297298431, 0.10682156682014465, 0.16501232981681824], 'class1': [0.026804979890584946, 0.029329458251595497, 0.05953201279044151, 0.09652777016162872, 0.16501232981681824], 'class2': [0.0009365949663333595, 0.0016970409778878093, 0.026804979890584946, 0.029329458251595497, 0.053394120186567307], 'class3': [0.0009365949663333595, 0.0016970409778878093, 0.026804979890584946, 0.029329458251595497, 0.053394120186567307], 'class4': [0.0009365949663333595, 0.0016970409778878093, 0.026804979890584946, 0.029329458251595497, 0.053394120186567307], 'class5': [0.0009365949663333595, 0.0016970409778878093, 0.026804979890584946, 0.029329458251595497, 0.053394120186567307], 'class6': [0.0009365949663333595, 0.0016970409778878093, 0.026804979890584946, 0.029329458251595497, 0.053394120186567307], 'class7': [0.0009365949663333595, 0.0016970409778878093, 0.029329458251595497, 0.053394120186567307, 0.05953201279044151], 'class8': [0.0009365949663333595, 0.0016970409778878093, 0.06218160316348076, 0.08233760297298431, 0.09652777016162872]}

Most important rules
-----------------------------

---0---
rule9: -829.787 < num_voted_users < 95875.197
probabilities_array:[0.22544743 0.17998682 0.16296051 0.14208215 0.10993853 0.08939996
 0.05119434 0.0121853  0.         0.02680498]

rule51: budget > 228557438.803
probabilities_array:[0.27835146 0.25201443 0.         0.         0.         0.
 0.         0.         0.24352755 0.2261065 ]

rule7: title_year > 2010.099
probabilities_array:[3.0431515e-01 1.3024190e-04 0.0000000e+00 0.0000000e+00 0.0000000e+00
 1.0392809e-02 6.3596576e-02 5.8462594e-02 1.8436967e-01 3.7873283e-01]

rule2: 6.477 < imdb_score < 7.210
probabilities_array:[0.19505288 0.19264583 0.04066207 0.         0.         0.10885916
 0.04182049 0.08139194 0.17455524 0.16501233]

rule12: num_critic_for_reviews < 76.730
probabilities_array:[0.29516634 0.12311195 0.11850132 0.         0.         0.
 0.         0.         0.         0.46322036]

rule16: num_user_for_reviews < 46.035
probabilities_array:[0.29058367 0.19926411 0.03061208 0.         0.         0.
 0.         0.         0.         0.47954017]

rule22: 742.130 < director_facebook_likes < 2708.724
probabilities_array:[0.15419804 0.         0.12723687 0.23849027 0.01432762 0.
 0.12296157 0.07013478 0.16582938 0.10682157]

rule44: duration < 94.073
probabilities_array:[0.2884528  0.00390995 0.         0.03862166 0.         0.
 0.         0.         0.1148843  0.5541313 ]

rule6: 2003.350 < title_year < 2010.099
probabilities_array:[0.2957549  0.         0.07635482 0.         0.         0.
 0.         0.         0.01069834 0.617192  ]

rule41: -5414.436 < movie_facebook_likes < 8923.778
probabilities_array:[2.5299230e-01 4.8470686e-04 0.0000000e+00 0.0000000e+00 2.3377070e-02
 0.0000000e+00 0.0000000e+00 8.0143474e-02 7.3156387e-02 5.6984609e-01]

rule33: -505.642 < actor_3_facebook_likes < 727.133
probabilities_array:[0.1645895  0.16052708 0.08079959 0.         0.         0.00934394
 0.09160941 0.11869856 0.03139546 0.3430364 ]

rule49: -134045226.561 < budget < 47256106.121
probabilities_array:[0.10655505 0.15903911 0.18477494 0.17072639 0.12643966 0.10191192
 0.06666614 0.05295531 0.00160203 0.02932946]

rule1: 5.745 < imdb_score < 6.477
probabilities_array:[0.09208498 0.         0.00717002 0.06227714 0.14086112 0.15063487
 0.13276145 0.17653261 0.15534018 0.0823376 ]

rule26: 7578.351 < actor_1_facebook_likes < 18999.654
probabilities_array:[0.06658654 0.         0.         0.02709501 0.14722554 0.06056345
 0.05886749 0.18501793 0.10411435 0.3505297 ]


---1---
rule51: budget > 228557438.803
probabilities_array:[0.27835146 0.25201443 0.         0.         0.         0.
 0.         0.         0.24352755 0.2261065 ]

rule9: -829.787 < num_voted_users < 95875.197
probabilities_array:[0.22544743 0.17998682 0.16296051 0.14208215 0.10993853 0.08939996
 0.05119434 0.0121853  0.         0.02680498]

rule2: 6.477 < imdb_score < 7.210
probabilities_array:[0.19505288 0.19264583 0.04066207 0.         0.         0.10885916
 0.04182049 0.08139194 0.17455524 0.16501233]

rule49: -134045226.561 < budget < 47256106.121
probabilities_array:[0.10655505 0.15903911 0.18477494 0.17072639 0.12643966 0.10191192
 0.06666614 0.05295531 0.00160203 0.02932946]

rule17: 46.035 < num_user_for_reviews < 304.985
probabilities_array:[0.         0.11239383 0.12479012 0.15726021 0.13616785 0.1169965
 0.12417016 0.12818435 0.040505   0.05953201]

rule33: -505.642 < actor_3_facebook_likes < 727.133
probabilities_array:[0.1645895  0.16052708 0.08079959 0.         0.         0.00934394
 0.09160941 0.11869856 0.03139546 0.3430364 ]

rule16: num_user_for_reviews < 46.035
probabilities_array:[0.29058367 0.19926411 0.03061208 0.         0.         0.
 0.         0.         0.         0.47954017]

rule3: imdb_score > 7.210
probabilities_array:[0.06773655 0.18318844 0.         0.0279236  0.         0.
 0.         0.         0.21121718 0.5099343 ]

rule12: num_critic_for_reviews < 76.730
probabilities_array:[0.29516634 0.12311195 0.11850132 0.         0.         0.
 0.         0.         0.         0.46322036]

rule42: 8923.778 < movie_facebook_likes < 23261.991
probabilities_array:[0.         0.06894836 0.15892987 0.03217396 0.1535165  0.12552278
 0.15832147 0.07702073 0.12903856 0.09652777]

rule5: 1996.601 < title_year < 2003.350
probabilities_array:[0.         0.07585677 0.11971301 0.12599367 0.03698536 0.09723689
 0.10684757 0.09042542 0.13342431 0.21351698]

rule45: 94.073 < duration < 109.341
probabilities_array:[0.05260257 0.11399528 0.00665472 0.16919392 0.         0.
 0.02588104 0.00519755 0.13672301 0.48975182]


---2---
rule49: -134045226.561 < budget < 47256106.121
probabilities_array:[0.10655505 0.15903911 0.18477494 0.17072639 0.12643966 0.10191192
 0.06666614 0.05295531 0.00160203 0.02932946]

rule9: -829.787 < num_voted_users < 95875.197
probabilities_array:[0.22544743 0.17998682 0.16296051 0.14208215 0.10993853 0.08939996
 0.05119434 0.0121853  0.         0.02680498]

rule42: 8923.778 < movie_facebook_likes < 23261.991
probabilities_array:[0.         0.06894836 0.15892987 0.03217396 0.1535165  0.12552278
 0.15832147 0.07702073 0.12903856 0.09652777]

rule18: 304.985 < num_user_for_reviews < 563.934
probabilities_array:[0.         0.00574056 0.12907553 0.15282491 0.19077358 0.1362037
 0.13644303 0.1343173  0.1136849  0.00093659]

rule17: 46.035 < num_user_for_reviews < 304.985
probabilities_array:[0.         0.11239383 0.12479012 0.15726021 0.13616785 0.1169965
 0.12417016 0.12818435 0.040505   0.05953201]

rule22: 742.130 < director_facebook_likes < 2708.724
probabilities_array:[0.15419804 0.         0.12723687 0.23849027 0.01432762 0.
 0.12296157 0.07013478 0.16582938 0.10682157]

rule5: 1996.601 < title_year < 2003.350
probabilities_array:[0.         0.07585677 0.11971301 0.12599367 0.03698536 0.09723689
 0.10684757 0.09042542 0.13342431 0.21351698]

rule27: actor_1_facebook_likes > 18999.654
probabilities_array:[1.0697043e-02 3.8106849e-05 1.6216210e-01 1.5751095e-02 0.0000000e+00
 7.8709140e-02 9.7022407e-02 0.0000000e+00 1.7931607e-01 4.5630401e-01]

rule0: imdb_score < 5.745
probabilities_array:[0.         0.         0.09107709 0.1703803  0.21306613 0.21441685
 0.1515575  0.09233101 0.01377696 0.05339412]

rule46: 109.341 < duration < 124.608
probabilities_array:[0.         0.01494434 0.10673212 0.04894175 0.04504294 0.20519987
 0.08938669 0.20308797 0.03852595 0.24813835]

rule12: num_critic_for_reviews < 76.730
probabilities_array:[0.29516634 0.12311195 0.11850132 0.         0.         0.
 0.         0.         0.         0.46322036]

rule30: 1914.946 < actor_2_facebook_likes < 5036.207
probabilities_array:[0.         0.         0.06696045 0.1374422  0.         0.17330238
 0.14661305 0.15375467 0.1902769  0.13165039]

rule33: -505.642 < actor_3_facebook_likes < 727.133
probabilities_array:[0.1645895  0.16052708 0.08079959 0.         0.         0.00934394
 0.09160941 0.11869856 0.03139546 0.3430364 ]

rule14: 159.656 < num_critic_for_reviews < 242.582
probabilities_array:[0.         0.03323896 0.05469167 0.11522979 0.20226116 0.09424376
 0.11703449 0.13730487 0.18381368 0.0621816 ]

rule23: director_facebook_likes > 2708.724
probabilities_array:[0.         0.         0.07279507 0.07642695 0.         0.14969265
 0.04840346 0.189957   0.15972513 0.30299973]

rule4: title_year < 1996.601
probabilities_array:[0.         0.0353485  0.04999173 0.0661558  0.09630461 0.09471395
 0.16856027 0.21259096 0.27463713 0.00169704]


---3---
rule22: 742.130 < director_facebook_likes < 2708.724
probabilities_array:[0.15419804 0.         0.12723687 0.23849027 0.01432762 0.
 0.12296157 0.07013478 0.16582938 0.10682157]

rule49: -134045226.561 < budget < 47256106.121
probabilities_array:[0.10655505 0.15903911 0.18477494 0.17072639 0.12643966 0.10191192
 0.06666614 0.05295531 0.00160203 0.02932946]

rule0: imdb_score < 5.745
probabilities_array:[0.         0.         0.09107709 0.1703803  0.21306613 0.21441685
 0.1515575  0.09233101 0.01377696 0.05339412]

rule18: 304.985 < num_user_for_reviews < 563.934
probabilities_array:[0.         0.00574056 0.12907553 0.15282491 0.19077358 0.1362037
 0.13644303 0.1343173  0.1136849  0.00093659]

rule17: 46.035 < num_user_for_reviews < 304.985
probabilities_array:[0.         0.11239383 0.12479012 0.15726021 0.13616785 0.1169965
 0.12417016 0.12818435 0.040505   0.05953201]

rule9: -829.787 < num_voted_users < 95875.197
probabilities_array:[0.22544743 0.17998682 0.16296051 0.14208215 0.10993853 0.08939996
 0.05119434 0.0121853  0.         0.02680498]

rule30: 1914.946 < actor_2_facebook_likes < 5036.207
probabilities_array:[0.         0.         0.06696045 0.1374422  0.         0.17330238
 0.14661305 0.15375467 0.1902769  0.13165039]

rule14: 159.656 < num_critic_for_reviews < 242.582
probabilities_array:[0.         0.03323896 0.05469167 0.11522979 0.20226116 0.09424376
 0.11703449 0.13730487 0.18381368 0.0621816 ]

rule5: 1996.601 < title_year < 2003.350
probabilities_array:[0.         0.07585677 0.11971301 0.12599367 0.03698536 0.09723689
 0.10684757 0.09042542 0.13342431 0.21351698]

rule15: num_critic_for_reviews > 242.582
probabilities_array:[0.         0.         0.         0.14109343 0.01532324 0.16183734
 0.06394804 0.08180151 0.19149844 0.34449798]

rule45: 94.073 < duration < 109.341
probabilities_array:[0.05260257 0.11399528 0.00665472 0.16919392 0.         0.
 0.02588104 0.00519755 0.13672301 0.48975182]

rule43: movie_facebook_likes > 23261.991
probabilities_array:[0.         0.         0.         0.11811605 0.         0.02357905
 0.2467719  0.12739144 0.16831297 0.3158286 ]

rule4: title_year < 1996.601
probabilities_array:[0.         0.0353485  0.04999173 0.0661558  0.09630461 0.09471395
 0.16856027 0.21259096 0.27463713 0.00169704]

rule34: 727.133 < actor_3_facebook_likes < 1959.908
probabilities_array:[0.         0.         0.         0.08752447 0.04356974 0.00712745
 0.18537055 0.17970529 0.20747267 0.2892298 ]

rule1: 5.745 < imdb_score < 6.477
probabilities_array:[0.09208498 0.         0.00717002 0.06227714 0.14086112 0.15063487
 0.13276145 0.17653261 0.15534018 0.0823376 ]

rule23: director_facebook_likes > 2708.724
probabilities_array:[0.         0.         0.07279507 0.07642695 0.         0.14969265
 0.04840346 0.189957   0.15972513 0.30299973]


---4---
rule0: imdb_score < 5.745
probabilities_array:[0.         0.         0.09107709 0.1703803  0.21306613 0.21441685
 0.1515575  0.09233101 0.01377696 0.05339412]

rule18: 304.985 < num_user_for_reviews < 563.934
probabilities_array:[0.         0.00574056 0.12907553 0.15282491 0.19077358 0.1362037
 0.13644303 0.1343173  0.1136849  0.00093659]

rule14: 159.656 < num_critic_for_reviews < 242.582
probabilities_array:[0.         0.03323896 0.05469167 0.11522979 0.20226116 0.09424376
 0.11703449 0.13730487 0.18381368 0.0621816 ]

rule42: 8923.778 < movie_facebook_likes < 23261.991
probabilities_array:[0.         0.06894836 0.15892987 0.03217396 0.1535165  0.12552278
 0.15832147 0.07702073 0.12903856 0.09652777]

rule1: 5.745 < imdb_score < 6.477
probabilities_array:[0.09208498 0.         0.00717002 0.06227714 0.14086112 0.15063487
 0.13276145 0.17653261 0.15534018 0.0823376 ]

rule17: 46.035 < num_user_for_reviews < 304.985
probabilities_array:[0.         0.11239383 0.12479012 0.15726021 0.13616785 0.1169965
 0.12417016 0.12818435 0.040505   0.05953201]

rule49: -134045226.561 < budget < 47256106.121
probabilities_array:[0.10655505 0.15903911 0.18477494 0.17072639 0.12643966 0.10191192
 0.06666614 0.05295531 0.00160203 0.02932946]

rule31: actor_2_facebook_likes > 5036.207
probabilities_array:[0.00203172 0.         0.         0.00945702 0.18925536 0.00334513
 0.02692462 0.19826688 0.18842533 0.38229397]

rule9: -829.787 < num_voted_users < 95875.197
probabilities_array:[0.22544743 0.17998682 0.16296051 0.14208215 0.10993853 0.08939996
 0.05119434 0.0121853  0.         0.02680498]

rule4: title_year < 1996.601
probabilities_array:[0.         0.0353485  0.04999173 0.0661558  0.09630461 0.09471395
 0.16856027 0.21259096 0.27463713 0.00169704]

rule26: 7578.351 < actor_1_facebook_likes < 18999.654
probabilities_array:[0.06658654 0.         0.         0.02709501 0.14722554 0.06056345
 0.05886749 0.18501793 0.10411435 0.3505297 ]

rule13: 76.730 < num_critic_for_reviews < 159.656
probabilities_array:[0.         0.04242988 0.         0.03293778 0.1286253  0.13751243
 0.09554374 0.202868   0.08918908 0.27089372]

rule39: cast_total_facebook_likes > 24845.962
probabilities_array:[0.01023164 0.         0.         0.02072605 0.11343398 0.06862874
 0.12757023 0.07455164 0.12384363 0.46101412]


---5---
rule0: imdb_score < 5.745
probabilities_array:[0.         0.         0.09107709 0.1703803  0.21306613 0.21441685
 0.1515575  0.09233101 0.01377696 0.05339412]

rule10: 95875.197 < num_voted_users < 192580.180
probabilities_array:[0.         0.         0.02580167 0.01541178 0.04724448 0.24997915
 0.2043866  0.203899   0.05959677 0.1936805 ]

rule47: duration > 124.608
probabilities_array:[0.         0.         0.01788185 0.         0.02874255 0.21527998
 0.16404626 0.16468973 0.14983487 0.25952476]

rule46: 109.341 < duration < 124.608
probabilities_array:[0.         0.01494434 0.10673212 0.04894175 0.04504294 0.20519987
 0.08938669 0.20308797 0.03852595 0.24813835]

rule30: 1914.946 < actor_2_facebook_likes < 5036.207
probabilities_array:[0.         0.         0.06696045 0.1374422  0.         0.17330238
 0.14661305 0.15375467 0.1902769  0.13165039]

rule1: 5.745 < imdb_score < 6.477
probabilities_array:[0.09208498 0.         0.00717002 0.06227714 0.14086112 0.15063487
 0.13276145 0.17653261 0.15534018 0.0823376 ]

rule18: 304.985 < num_user_for_reviews < 563.934
probabilities_array:[0.         0.00574056 0.12907553 0.15282491 0.19077358 0.1362037
 0.13644303 0.1343173  0.1136849  0.00093659]

rule42: 8923.778 < movie_facebook_likes < 23261.991
probabilities_array:[0.         0.06894836 0.15892987 0.03217396 0.1535165  0.12552278
 0.15832147 0.07702073 0.12903856 0.09652777]

rule17: 46.035 < num_user_for_reviews < 304.985
probabilities_array:[0.         0.11239383 0.12479012 0.15726021 0.13616785 0.1169965
 0.12417016 0.12818435 0.040505   0.05953201]

rule15: num_critic_for_reviews > 242.582
probabilities_array:[0.         0.         0.         0.14109343 0.01532324 0.16183734
 0.06394804 0.08180151 0.19149844 0.34449798]

rule23: director_facebook_likes > 2708.724
probabilities_array:[0.         0.         0.07279507 0.07642695 0.         0.14969265
 0.04840346 0.189957   0.15972513 0.30299973]

rule13: 76.730 < num_critic_for_reviews < 159.656
probabilities_array:[0.         0.04242988 0.         0.03293778 0.1286253  0.13751243
 0.09554374 0.202868   0.08918908 0.27089372]

rule49: -134045226.561 < budget < 47256106.121
probabilities_array:[0.10655505 0.15903911 0.18477494 0.17072639 0.12643966 0.10191192
 0.06666614 0.05295531 0.00160203 0.02932946]

rule4: title_year < 1996.601
probabilities_array:[0.         0.0353485  0.04999173 0.0661558  0.09630461 0.09471395
 0.16856027 0.21259096 0.27463713 0.00169704]

rule2: 6.477 < imdb_score < 7.210
probabilities_array:[0.19505288 0.19264583 0.04066207 0.         0.         0.10885916
 0.04182049 0.08139194 0.17455524 0.16501233]

rule14: 159.656 < num_critic_for_reviews < 242.582
probabilities_array:[0.         0.03323896 0.05469167 0.11522979 0.20226116 0.09424376
 0.11703449 0.13730487 0.18381368 0.0621816 ]

rule9: -829.787 < num_voted_users < 95875.197
probabilities_array:[0.22544743 0.17998682 0.16296051 0.14208215 0.10993853 0.08939996
 0.05119434 0.0121853  0.         0.02680498]

rule50: 47256106.121 < budget < 228557438.803
probabilities_array:[0.         0.         0.         0.         0.02181789 0.10915852
 0.21823168 0.17312886 0.22745171 0.2502114 ]

rule5: 1996.601 < title_year < 2003.350
probabilities_array:[0.         0.07585677 0.11971301 0.12599367 0.03698536 0.09723689
 0.10684757 0.09042542 0.13342431 0.21351698]

rule19: num_user_for_reviews > 563.934
probabilities_array:[0.         0.         0.         0.00482092 0.00114765 0.124513
 0.18466526 0.04434274 0.22308142 0.41742903]

rule38: 11161.826 < cast_total_facebook_likes < 24845.962
probabilities_array:[0.06015242 0.         0.05144133 0.         0.         0.10785778
 0.03652408 0.06037737 0.18948103 0.49416602]

rule27: actor_1_facebook_likes > 18999.654
probabilities_array:[1.0697043e-02 3.8106849e-05 1.6216210e-01 1.5751095e-02 0.0000000e+00
 7.8709140e-02 9.7022407e-02 0.0000000e+00 1.7931607e-01 4.5630401e-01]


---6---
rule43: movie_facebook_likes > 23261.991
probabilities_array:[0.         0.         0.         0.11811605 0.         0.02357905
 0.2467719  0.12739144 0.16831297 0.3158286 ]

rule4: title_year < 1996.601
probabilities_array:[0.         0.0353485  0.04999173 0.0661558  0.09630461 0.09471395
 0.16856027 0.21259096 0.27463713 0.00169704]

rule10: 95875.197 < num_voted_users < 192580.180
probabilities_array:[0.         0.         0.02580167 0.01541178 0.04724448 0.24997915
 0.2043866  0.203899   0.05959677 0.1936805 ]

rule50: 47256106.121 < budget < 228557438.803
probabilities_array:[0.         0.         0.         0.         0.02181789 0.10915852
 0.21823168 0.17312886 0.22745171 0.2502114 ]

rule0: imdb_score < 5.745
probabilities_array:[0.         0.         0.09107709 0.1703803  0.21306613 0.21441685
 0.1515575  0.09233101 0.01377696 0.05339412]

rule42: 8923.778 < movie_facebook_likes < 23261.991
probabilities_array:[0.         0.06894836 0.15892987 0.03217396 0.1535165  0.12552278
 0.15832147 0.07702073 0.12903856 0.09652777]

rule18: 304.985 < num_user_for_reviews < 563.934
probabilities_array:[0.         0.00574056 0.12907553 0.15282491 0.19077358 0.1362037
 0.13644303 0.1343173  0.1136849  0.00093659]

rule34: 727.133 < actor_3_facebook_likes < 1959.908
probabilities_array:[0.         0.         0.         0.08752447 0.04356974 0.00712745
 0.18537055 0.17970529 0.20747267 0.2892298 ]

rule30: 1914.946 < actor_2_facebook_likes < 5036.207
probabilities_array:[0.         0.         0.06696045 0.1374422  0.         0.17330238
 0.14661305 0.15375467 0.1902769  0.13165039]

rule1: 5.745 < imdb_score < 6.477
probabilities_array:[0.09208498 0.         0.00717002 0.06227714 0.14086112 0.15063487
 0.13276145 0.17653261 0.15534018 0.0823376 ]

rule47: duration > 124.608
probabilities_array:[0.         0.         0.01788185 0.         0.02874255 0.21527998
 0.16404626 0.16468973 0.14983487 0.25952476]

rule17: 46.035 < num_user_for_reviews < 304.985
probabilities_array:[0.         0.11239383 0.12479012 0.15726021 0.13616785 0.1169965
 0.12417016 0.12818435 0.040505   0.05953201]

rule22: 742.130 < director_facebook_likes < 2708.724
probabilities_array:[0.15419804 0.         0.12723687 0.23849027 0.01432762 0.
 0.12296157 0.07013478 0.16582938 0.10682157]

rule14: 159.656 < num_critic_for_reviews < 242.582
probabilities_array:[0.         0.03323896 0.05469167 0.11522979 0.20226116 0.09424376
 0.11703449 0.13730487 0.18381368 0.0621816 ]

rule19: num_user_for_reviews > 563.934
probabilities_array:[0.         0.         0.         0.00482092 0.00114765 0.124513
 0.18466526 0.04434274 0.22308142 0.41742903]

rule5: 1996.601 < title_year < 2003.350
probabilities_array:[0.         0.07585677 0.11971301 0.12599367 0.03698536 0.09723689
 0.10684757 0.09042542 0.13342431 0.21351698]

rule13: 76.730 < num_critic_for_reviews < 159.656
probabilities_array:[0.         0.04242988 0.         0.03293778 0.1286253  0.13751243
 0.09554374 0.202868   0.08918908 0.27089372]

rule39: cast_total_facebook_likes > 24845.962
probabilities_array:[0.01023164 0.         0.         0.02072605 0.11343398 0.06862874
 0.12757023 0.07455164 0.12384363 0.46101412]

rule46: 109.341 < duration < 124.608
probabilities_array:[0.         0.01494434 0.10673212 0.04894175 0.04504294 0.20519987
 0.08938669 0.20308797 0.03852595 0.24813835]

rule49: -134045226.561 < budget < 47256106.121
probabilities_array:[0.10655505 0.15903911 0.18477494 0.17072639 0.12643966 0.10191192
 0.06666614 0.05295531 0.00160203 0.02932946]

rule33: -505.642 < actor_3_facebook_likes < 727.133
probabilities_array:[0.1645895  0.16052708 0.08079959 0.         0.         0.00934394
 0.09160941 0.11869856 0.03139546 0.3430364 ]

rule27: actor_1_facebook_likes > 18999.654
probabilities_array:[1.0697043e-02 3.8106849e-05 1.6216210e-01 1.5751095e-02 0.0000000e+00
 7.8709140e-02 9.7022407e-02 0.0000000e+00 1.7931607e-01 4.5630401e-01]

rule9: -829.787 < num_voted_users < 95875.197
probabilities_array:[0.22544743 0.17998682 0.16296051 0.14208215 0.10993853 0.08939996
 0.05119434 0.0121853  0.         0.02680498]

rule15: num_critic_for_reviews > 242.582
probabilities_array:[0.         0.         0.         0.14109343 0.01532324 0.16183734
 0.06394804 0.08180151 0.19149844 0.34449798]


---7---
rule4: title_year < 1996.601
probabilities_array:[0.         0.0353485  0.04999173 0.0661558  0.09630461 0.09471395
 0.16856027 0.21259096 0.27463713 0.00169704]

rule10: 95875.197 < num_voted_users < 192580.180
probabilities_array:[0.         0.         0.02580167 0.01541178 0.04724448 0.24997915
 0.2043866  0.203899   0.05959677 0.1936805 ]

rule1: 5.745 < imdb_score < 6.477
probabilities_array:[0.09208498 0.         0.00717002 0.06227714 0.14086112 0.15063487
 0.13276145 0.17653261 0.15534018 0.0823376 ]

rule46: 109.341 < duration < 124.608
probabilities_array:[0.         0.01494434 0.10673212 0.04894175 0.04504294 0.20519987
 0.08938669 0.20308797 0.03852595 0.24813835]

rule13: 76.730 < num_critic_for_reviews < 159.656
probabilities_array:[0.         0.04242988 0.         0.03293778 0.1286253  0.13751243
 0.09554374 0.202868   0.08918908 0.27089372]

rule18: 304.985 < num_user_for_reviews < 563.934
probabilities_array:[0.         0.00574056 0.12907553 0.15282491 0.19077358 0.1362037
 0.13644303 0.1343173  0.1136849  0.00093659]

rule30: 1914.946 < actor_2_facebook_likes < 5036.207
probabilities_array:[0.         0.         0.06696045 0.1374422  0.         0.17330238
 0.14661305 0.15375467 0.1902769  0.13165039]

rule23: director_facebook_likes > 2708.724
probabilities_array:[0.         0.         0.07279507 0.07642695 0.         0.14969265
 0.04840346 0.189957   0.15972513 0.30299973]

rule50: 47256106.121 < budget < 228557438.803
probabilities_array:[0.         0.         0.         0.         0.02181789 0.10915852
 0.21823168 0.17312886 0.22745171 0.2502114 ]

rule14: 159.656 < num_critic_for_reviews < 242.582
probabilities_array:[0.         0.03323896 0.05469167 0.11522979 0.20226116 0.09424376
 0.11703449 0.13730487 0.18381368 0.0621816 ]

rule34: 727.133 < actor_3_facebook_likes < 1959.908
probabilities_array:[0.         0.         0.         0.08752447 0.04356974 0.00712745
 0.18537055 0.17970529 0.20747267 0.2892298 ]

rule31: actor_2_facebook_likes > 5036.207
probabilities_array:[0.00203172 0.         0.         0.00945702 0.18925536 0.00334513
 0.02692462 0.19826688 0.18842533 0.38229397]

rule47: duration > 124.608
probabilities_array:[0.         0.         0.01788185 0.         0.02874255 0.21527998
 0.16404626 0.16468973 0.14983487 0.25952476]

rule17: 46.035 < num_user_for_reviews < 304.985
probabilities_array:[0.         0.11239383 0.12479012 0.15726021 0.13616785 0.1169965
 0.12417016 0.12818435 0.040505   0.05953201]

rule26: 7578.351 < actor_1_facebook_likes < 18999.654
probabilities_array:[0.06658654 0.         0.         0.02709501 0.14722554 0.06056345
 0.05886749 0.18501793 0.10411435 0.3505297 ]

rule0: imdb_score < 5.745
probabilities_array:[0.         0.         0.09107709 0.1703803  0.21306613 0.21441685
 0.1515575  0.09233101 0.01377696 0.05339412]

rule43: movie_facebook_likes > 23261.991
probabilities_array:[0.         0.         0.         0.11811605 0.         0.02357905
 0.2467719  0.12739144 0.16831297 0.3158286 ]

rule33: -505.642 < actor_3_facebook_likes < 727.133
probabilities_array:[0.1645895  0.16052708 0.08079959 0.         0.         0.00934394
 0.09160941 0.11869856 0.03139546 0.3430364 ]

rule11: num_voted_users > 192580.180
probabilities_array:[0.         0.         0.         0.         0.         0.
 0.         0.17344816 0.27557302 0.55097884]

rule5: 1996.601 < title_year < 2003.350
probabilities_array:[0.         0.07585677 0.11971301 0.12599367 0.03698536 0.09723689
 0.10684757 0.09042542 0.13342431 0.21351698]

rule42: 8923.778 < movie_facebook_likes < 23261.991
probabilities_array:[0.         0.06894836 0.15892987 0.03217396 0.1535165  0.12552278
 0.15832147 0.07702073 0.12903856 0.09652777]

rule2: 6.477 < imdb_score < 7.210
probabilities_array:[0.19505288 0.19264583 0.04066207 0.         0.         0.10885916
 0.04182049 0.08139194 0.17455524 0.16501233]

rule22: 742.130 < director_facebook_likes < 2708.724
probabilities_array:[0.15419804 0.         0.12723687 0.23849027 0.01432762 0.
 0.12296157 0.07013478 0.16582938 0.10682157]

rule15: num_critic_for_reviews > 242.582
probabilities_array:[0.         0.         0.         0.14109343 0.01532324 0.16183734
 0.06394804 0.08180151 0.19149844 0.34449798]

rule49: -134045226.561 < budget < 47256106.121
probabilities_array:[0.10655505 0.15903911 0.18477494 0.17072639 0.12643966 0.10191192
 0.06666614 0.05295531 0.00160203 0.02932946]

rule37: -2522.311 < cast_total_facebook_likes < 11161.826
probabilities_array:[0.07907014 0.03863434 0.03482851 0.         0.         0.
 0.         0.12089242 0.12434778 0.6022268 ]

rule39: cast_total_facebook_likes > 24845.962
probabilities_array:[0.01023164 0.         0.         0.02072605 0.11343398 0.06862874
 0.12757023 0.07455164 0.12384363 0.46101412]


---8---
rule4: title_year < 1996.601
probabilities_array:[0.         0.0353485  0.04999173 0.0661558  0.09630461 0.09471395
 0.16856027 0.21259096 0.27463713 0.00169704]

rule51: budget > 228557438.803
probabilities_array:[0.27835146 0.25201443 0.         0.         0.         0.
 0.         0.         0.24352755 0.2261065 ]

rule14: 159.656 < num_critic_for_reviews < 242.582
probabilities_array:[0.         0.03323896 0.05469167 0.11522979 0.20226116 0.09424376
 0.11703449 0.13730487 0.18381368 0.0621816 ]

rule50: 47256106.121 < budget < 228557438.803
probabilities_array:[0.         0.         0.         0.         0.02181789 0.10915852
 0.21823168 0.17312886 0.22745171 0.2502114 ]

rule30: 1914.946 < actor_2_facebook_likes < 5036.207
probabilities_array:[0.         0.         0.06696045 0.1374422  0.         0.17330238
 0.14661305 0.15375467 0.1902769  0.13165039]

rule22: 742.130 < director_facebook_likes < 2708.724
probabilities_array:[0.15419804 0.         0.12723687 0.23849027 0.01432762 0.
 0.12296157 0.07013478 0.16582938 0.10682157]

rule34: 727.133 < actor_3_facebook_likes < 1959.908
probabilities_array:[0.         0.         0.         0.08752447 0.04356974 0.00712745
 0.18537055 0.17970529 0.20747267 0.2892298 ]

rule2: 6.477 < imdb_score < 7.210
probabilities_array:[0.19505288 0.19264583 0.04066207 0.         0.         0.10885916
 0.04182049 0.08139194 0.17455524 0.16501233]

rule1: 5.745 < imdb_score < 6.477
probabilities_array:[0.09208498 0.         0.00717002 0.06227714 0.14086112 0.15063487
 0.13276145 0.17653261 0.15534018 0.0823376 ]

rule19: num_user_for_reviews > 563.934
probabilities_array:[0.         0.         0.         0.00482092 0.00114765 0.124513
 0.18466526 0.04434274 0.22308142 0.41742903]

rule15: num_critic_for_reviews > 242.582
probabilities_array:[0.         0.         0.         0.14109343 0.01532324 0.16183734
 0.06394804 0.08180151 0.19149844 0.34449798]

rule11: num_voted_users > 192580.180
probabilities_array:[0.         0.         0.         0.         0.         0.
 0.         0.17344816 0.27557302 0.55097884]

rule42: 8923.778 < movie_facebook_likes < 23261.991
probabilities_array:[0.         0.06894836 0.15892987 0.03217396 0.1535165  0.12552278
 0.15832147 0.07702073 0.12903856 0.09652777]

rule31: actor_2_facebook_likes > 5036.207
probabilities_array:[0.00203172 0.         0.         0.00945702 0.18925536 0.00334513
 0.02692462 0.19826688 0.18842533 0.38229397]

rule43: movie_facebook_likes > 23261.991
probabilities_array:[0.         0.         0.         0.11811605 0.         0.02357905
 0.2467719  0.12739144 0.16831297 0.3158286 ]

rule7: title_year > 2010.099
probabilities_array:[3.0431515e-01 1.3024190e-04 0.0000000e+00 0.0000000e+00 0.0000000e+00
 1.0392809e-02 6.3596576e-02 5.8462594e-02 1.8436967e-01 3.7873283e-01]

rule18: 304.985 < num_user_for_reviews < 563.934
probabilities_array:[0.         0.00574056 0.12907553 0.15282491 0.19077358 0.1362037
 0.13644303 0.1343173  0.1136849  0.00093659]

rule23: director_facebook_likes > 2708.724
probabilities_array:[0.         0.         0.07279507 0.07642695 0.         0.14969265
 0.04840346 0.189957   0.15972513 0.30299973]

rule47: duration > 124.608
probabilities_array:[0.         0.         0.01788185 0.         0.02874255 0.21527998
 0.16404626 0.16468973 0.14983487 0.25952476]

rule5: 1996.601 < title_year < 2003.350
probabilities_array:[0.         0.07585677 0.11971301 0.12599367 0.03698536 0.09723689
 0.10684757 0.09042542 0.13342431 0.21351698]

rule3: imdb_score > 7.210
probabilities_array:[0.06773655 0.18318844 0.         0.0279236  0.         0.
 0.         0.         0.21121718 0.5099343 ]

rule27: actor_1_facebook_likes > 18999.654
probabilities_array:[1.0697043e-02 3.8106849e-05 1.6216210e-01 1.5751095e-02 0.0000000e+00
 7.8709140e-02 9.7022407e-02 0.0000000e+00 1.7931607e-01 4.5630401e-01]

rule38: 11161.826 < cast_total_facebook_likes < 24845.962
probabilities_array:[0.06015242 0.         0.05144133 0.         0.         0.10785778
 0.03652408 0.06037737 0.18948103 0.49416602]

rule35: actor_3_facebook_likes > 1959.908
probabilities_array:[0.         0.         0.         0.         0.07151195 0.
 0.         0.         0.24914205 0.67934597]

rule21: -1224.465 < director_facebook_likes < 742.130
probabilities_array:[0.         0.03577721 0.         0.         0.         0.
 0.06763961 0.01934474 0.2254042  0.65183425]

rule45: 94.073 < duration < 109.341
probabilities_array:[0.05260257 0.11399528 0.00665472 0.16919392 0.         0.
 0.02588104 0.00519755 0.13672301 0.48975182]

rule26: 7578.351 < actor_1_facebook_likes < 18999.654
probabilities_array:[0.06658654 0.         0.         0.02709501 0.14722554 0.06056345
 0.05886749 0.18501793 0.10411435 0.3505297 ]

rule39: cast_total_facebook_likes > 24845.962
probabilities_array:[0.01023164 0.         0.         0.02072605 0.11343398 0.06862874
 0.12757023 0.07455164 0.12384363 0.46101412]

rule13: 76.730 < num_critic_for_reviews < 159.656
probabilities_array:[0.         0.04242988 0.         0.03293778 0.1286253  0.13751243
 0.09554374 0.202868   0.08918908 0.27089372]

rule44: duration < 94.073
probabilities_array:[0.2884528  0.00390995 0.         0.03862166 0.         0.
 0.         0.         0.1148843  0.5541313 ]

rule37: -2522.311 < cast_total_facebook_likes < 11161.826
probabilities_array:[0.07907014 0.03863434 0.03482851 0.         0.         0.
 0.         0.12089242 0.12434778 0.6022268 ]

rule25: -3842.952 < actor_1_facebook_likes < 7578.351
probabilities_array:[0.06504062 0.1013079  0.03307856 0.         0.         0.
 0.00105996 0.05915337 0.12669002 0.6136696 ]

rule10: 95875.197 < num_voted_users < 192580.180
probabilities_array:[0.         0.         0.02580167 0.01541178 0.04724448 0.24997915
 0.2043866  0.203899   0.05959677 0.1936805 ]

