R2: 0.4607180937247555


MAE: 57910.34016357471


Accuracy: 0.3115851064039603


F1: 0.3279506752789196


Most important rules
-----------------------------

---0---
rule28: median_income < 2.590
probabilities_array:[0.25843003 0.24096932 0.1542273  0.14745693 0.09088293 0.04599184
 0.02750695 0.02245278 0.00805619 0.         0.00402571]

rule33: ocean_proximity_INLAND = 1.0
probabilities_array:[0.29040033 0.24015372 0.21489938 0.02919237 0.00716504 0.00827811
 0.03761969 0.         0.         0.         0.1722913 ]

rule12: total_rooms < 1134.315
probabilities_array:[0.23184672 0.13078988 0.11703397 0.19574891 0.1274525  0.05590702
 0.06033268 0.03918083 0.02711758 0.         0.01458994]

rule22: 1424.966 < population < 2212.443
probabilities_array:[0.22510895 0.12143968 0.1130036  0.19199082 0.11383746 0.0462969
 0.05810888 0.04614005 0.01613127 0.         0.06794245]

rule23: population > 2212.443
probabilities_array:[0.1862171  0.07993878 0.1276871  0.20501857 0.17255579 0.08326202
 0.06288747 0.05762926 0.01521568 0.         0.00958828]

rule5: 34.185 < latitude < 35.629
probabilities_array:[0.18665363 0.07834791 0.11476357 0.14939405 0.08817088 0.14292194
 0.11136758 0.06585691 0.01604682 0.         0.04647674]

rule38: ocean_proximity_NEAR OCEAN = 0.0
probabilities_array:[0.2715533  0.12101866 0.05034105 0.01251729 0.08744041 0.05486301
 0.01960341 0.00980418 0.01106932 0.         0.36178935]

rule1: -120.925 < longitude < -119.570
probabilities_array:[0.18148172 0.18478811 0.22976594 0.08372617 0.04044261 0.
 0.         0.043719   0.04542449 0.11082039 0.07983154]

rule13: 1134.315 < total_rooms < 2630.066
probabilities_array:[0.2028987  0.10149877 0.07908986 0.12028791 0.14019343 0.06034794
 0.05039782 0.04283296 0.02411581 0.         0.17833677]

rule36: ocean_proximity_NEAR BAY = 0.0
probabilities_array:[2.5467291e-01 9.3523577e-02 8.1889309e-02 4.2503536e-02 1.5678123e-02
 2.4896412e-04 6.1555028e-02 5.6669723e-02 3.6084298e-02 0.0000000e+00
 3.5717458e-01]

rule6: 35.629 < latitude < 37.074
probabilities_array:[0.3256948  0.09180681 0.         0.         0.         0.
 0.07817773 0.         0.         0.         0.5043207 ]

rule10: 28.723 < housing_median_age < 37.211
probabilities_array:[0.21835917 0.11592875 0.03919778 0.00944864 0.11467908 0.13725443
 0.0547067  0.         0.00791989 0.02859173 0.27391377]

rule2: -119.570 < longitude < -118.216
probabilities_array:[0.14802548 0.1812788  0.04942242 0.         0.         0.04530099
 0.09774775 0.00576701 0.11144318 0.25479868 0.10621572]

rule17: 249.870 < total_bedrooms < 536.024
probabilities_array:[0.19855326 0.1205209  0.0810523  0.07272112 0.05422043 0.00140772
 0.04095193 0.01911328 0.05699925 0.         0.3544598 ]

rule25: 238.318 < households < 498.929
probabilities_array:[0.20503159 0.1156783  0.11517058 0.08053841 0.01778415 0.00497632
 0.01144389 0.00997017 0.02393336 0.         0.41547328]

rule21: 637.489 < population < 1424.966
probabilities_array:[0.15629368 0.17319188 0.01624502 0.05066182 0.03240313 0.
 0.0053539  0.         0.02940317 0.16858985 0.3678575 ]

rule11: housing_median_age > 37.211
probabilities_array:[0.11852562 0.06571152 0.07429156 0.00483885 0.         0.
 0.00958129 0.06442101 0.1312142  0.27465728 0.25675866]

rule24: households < 238.318
probabilities_array:[0.1577096  0.11577386 0.05213355 0.00946238 0.0243641  0.
 0.         0.         0.         0.12053022 0.5200264 ]

rule8: housing_median_age < 20.234
probabilities_array:[0.07031353 0.09641543 0.12065091 0.1304129  0.14552341 0.13398348
 0.09622064 0.07819445 0.06785364 0.         0.06043144]

rule16: total_bedrooms < 249.870
probabilities_array:[1.4454190e-01 7.3132195e-02 5.7594530e-02 3.5761420e-03 4.9997788e-02
 1.0272394e-01 6.7027421e-03 1.7348121e-04 0.0000000e+00 0.0000000e+00
 5.6155729e-01]

rule34: ocean_proximity_ISLAND = 0.0
probabilities_array:[1.2790816e-01 7.6852381e-02 6.6378333e-02 3.4269862e-02 0.0000000e+00
 1.3980360e-04 2.0837191e-02 1.8706173e-03 1.3503015e-02 0.0000000e+00
 6.5824068e-01]


---1---
rule28: median_income < 2.590
probabilities_array:[0.25843003 0.24096932 0.1542273  0.14745693 0.09088293 0.04599184
 0.02750695 0.02245278 0.00805619 0.         0.00402571]

rule37: ocean_proximity_NEAR BAY = 1.0
probabilities_array:[0.00431373 0.28062028 0.14019759 0.00039993 0.         0.00476547
 0.         0.002244   0.10025177 0.27313873 0.19406852]

rule33: ocean_proximity_INLAND = 1.0
probabilities_array:[0.29040033 0.24015372 0.21489938 0.02919237 0.00716504 0.00827811
 0.03761969 0.         0.         0.         0.1722913 ]

rule39: ocean_proximity_NEAR OCEAN = 1.0
probabilities_array:[0.03880567 0.1890064  0.11506309 0.02454428 0.         0.00109884
 0.03416196 0.08380821 0.11790687 0.32330006 0.07230465]

rule1: -120.925 < longitude < -119.570
probabilities_array:[0.18148172 0.18478811 0.22976594 0.08372617 0.04044261 0.
 0.         0.043719   0.04542449 0.11082039 0.07983154]

rule2: -119.570 < longitude < -118.216
probabilities_array:[0.14802548 0.1812788  0.04942242 0.         0.         0.04530099
 0.09774775 0.00576701 0.11144318 0.25479868 0.10621572]

rule7: latitude > 37.074
probabilities_array:[0.         0.17225425 0.22311878 0.1993915  0.05183886 0.04884927
 0.03255378 0.04175625 0.02025476 0.08419944 0.12578298]

rule12: total_rooms < 1134.315
probabilities_array:[0.23184672 0.13078988 0.11703397 0.19574891 0.1274525  0.05590702
 0.06033268 0.03918083 0.02711758 0.         0.01458994]

rule22: 1424.966 < population < 2212.443
probabilities_array:[0.22510895 0.12143968 0.1130036  0.19199082 0.11383746 0.0462969
 0.05810888 0.04614005 0.01613127 0.         0.06794245]

rule21: 637.489 < population < 1424.966
probabilities_array:[0.15629368 0.17319188 0.01624502 0.05066182 0.03240313 0.
 0.0053539  0.         0.02940317 0.16858985 0.3678575 ]

rule29: 2.590 < median_income < 3.870
probabilities_array:[0.02550242 0.10794817 0.16229668 0.21235973 0.1826859  0.12466755
 0.07566578 0.06246721 0.03164767 0.00043869 0.01432025]

rule8: housing_median_age < 20.234
probabilities_array:[0.07031353 0.09641543 0.12065091 0.1304129  0.14552341 0.13398348
 0.09622064 0.07819445 0.06785364 0.         0.06043144]

rule4: latitude < 34.185
probabilities_array:[0.00289294 0.10204994 0.19224478 0.09290167 0.         0.0277568
 0.01953479 0.08870565 0.14274007 0.21869242 0.112481  ]

rule10: 28.723 < housing_median_age < 37.211
probabilities_array:[0.21835917 0.11592875 0.03919778 0.00944864 0.11467908 0.13725443
 0.0547067  0.         0.00791989 0.02859173 0.27391377]

rule13: 1134.315 < total_rooms < 2630.066
probabilities_array:[0.2028987  0.10149877 0.07908986 0.12028791 0.14019343 0.06034794
 0.05039782 0.04283296 0.02411581 0.         0.17833677]

rule23: population > 2212.443
probabilities_array:[0.1862171  0.07993878 0.1276871  0.20501857 0.17255579 0.08326202
 0.06288747 0.05762926 0.01521568 0.         0.00958828]

rule17: 249.870 < total_bedrooms < 536.024
probabilities_array:[0.19855326 0.1205209  0.0810523  0.07272112 0.05422043 0.00140772
 0.04095193 0.01911328 0.05699925 0.         0.3544598 ]

rule3: longitude > -118.216
probabilities_array:[0.03930505 0.08186515 0.11610071 0.19018282 0.2130727  0.15294221
 0.1389971  0.01115799 0.         0.         0.05637629]

rule38: ocean_proximity_NEAR OCEAN = 0.0
probabilities_array:[0.2715533  0.12101866 0.05034105 0.01251729 0.08744041 0.05486301
 0.01960341 0.00980418 0.01106932 0.         0.36178935]

rule5: 34.185 < latitude < 35.629
probabilities_array:[0.18665363 0.07834791 0.11476357 0.14939405 0.08817088 0.14292194
 0.11136758 0.06585691 0.01604682 0.         0.04647674]

rule9: 20.234 < housing_median_age < 28.723
probabilities_array:[0.050338   0.08937051 0.06379165 0.02051418 0.00950066 0.14683644
 0.20287217 0.09916413 0.07112504 0.00376729 0.24271996]

rule25: 238.318 < households < 498.929
probabilities_array:[0.20503159 0.1156783  0.11517058 0.08053841 0.01778415 0.00497632
 0.01144389 0.00997017 0.02393336 0.         0.41547328]

rule36: ocean_proximity_NEAR BAY = 0.0
probabilities_array:[2.5467291e-01 9.3523577e-02 8.1889309e-02 4.2503536e-02 1.5678123e-02
 2.4896412e-04 6.1555028e-02 5.6669723e-02 3.6084298e-02 0.0000000e+00
 3.5717458e-01]

rule24: households < 238.318
probabilities_array:[0.1577096  0.11577386 0.05213355 0.00946238 0.0243641  0.
 0.         0.         0.         0.12053022 0.5200264 ]

rule11: housing_median_age > 37.211
probabilities_array:[0.11852562 0.06571152 0.07429156 0.00483885 0.         0.
 0.00958129 0.06442101 0.1312142  0.27465728 0.25675866]

rule18: 536.024 < total_bedrooms < 822.178
probabilities_array:[0.01303387 0.09656829 0.00508851 0.         0.00883244 0.02284675
 0.05572137 0.05066619 0.0631672  0.16546555 0.5186098 ]

rule6: 35.629 < latitude < 37.074
probabilities_array:[0.3256948  0.09180681 0.         0.         0.         0.
 0.07817773 0.         0.         0.         0.5043207 ]

rule15: total_rooms > 4125.817
probabilities_array:[0.00087161 0.0487503  0.01163751 0.00058854 0.         0.
 0.00387196 0.08145105 0.26543334 0.46514094 0.1222548 ]


---2---
rule1: -120.925 < longitude < -119.570
probabilities_array:[0.18148172 0.18478811 0.22976594 0.08372617 0.04044261 0.
 0.         0.043719   0.04542449 0.11082039 0.07983154]

rule7: latitude > 37.074
probabilities_array:[0.         0.17225425 0.22311878 0.1993915  0.05183886 0.04884927
 0.03255378 0.04175625 0.02025476 0.08419944 0.12578298]

rule33: ocean_proximity_INLAND = 1.0
probabilities_array:[0.29040033 0.24015372 0.21489938 0.02919237 0.00716504 0.00827811
 0.03761969 0.         0.         0.         0.1722913 ]

rule4: latitude < 34.185
probabilities_array:[0.00289294 0.10204994 0.19224478 0.09290167 0.         0.0277568
 0.01953479 0.08870565 0.14274007 0.21869242 0.112481  ]

rule29: 2.590 < median_income < 3.870
probabilities_array:[0.02550242 0.10794817 0.16229668 0.21235973 0.1826859  0.12466755
 0.07566578 0.06246721 0.03164767 0.00043869 0.01432025]

rule28: median_income < 2.590
probabilities_array:[0.25843003 0.24096932 0.1542273  0.14745693 0.09088293 0.04599184
 0.02750695 0.02245278 0.00805619 0.         0.00402571]

rule23: population > 2212.443
probabilities_array:[0.1862171  0.07993878 0.1276871  0.20501857 0.17255579 0.08326202
 0.06288747 0.05762926 0.01521568 0.         0.00958828]

rule12: total_rooms < 1134.315
probabilities_array:[0.23184672 0.13078988 0.11703397 0.19574891 0.1274525  0.05590702
 0.06033268 0.03918083 0.02711758 0.         0.01458994]

rule8: housing_median_age < 20.234
probabilities_array:[0.07031353 0.09641543 0.12065091 0.1304129  0.14552341 0.13398348
 0.09622064 0.07819445 0.06785364 0.         0.06043144]

rule37: ocean_proximity_NEAR BAY = 1.0
probabilities_array:[0.00431373 0.28062028 0.14019759 0.00039993 0.         0.00476547
 0.         0.002244   0.10025177 0.27313873 0.19406852]

rule3: longitude > -118.216
probabilities_array:[0.03930505 0.08186515 0.11610071 0.19018282 0.2130727  0.15294221
 0.1389971  0.01115799 0.         0.         0.05637629]

rule5: 34.185 < latitude < 35.629
probabilities_array:[0.18665363 0.07834791 0.11476357 0.14939405 0.08817088 0.14292194
 0.11136758 0.06585691 0.01604682 0.         0.04647674]

rule39: ocean_proximity_NEAR OCEAN = 1.0
probabilities_array:[0.03880567 0.1890064  0.11506309 0.02454428 0.         0.00109884
 0.03416196 0.08380821 0.11790687 0.32330006 0.07230465]

rule22: 1424.966 < population < 2212.443
probabilities_array:[0.22510895 0.12143968 0.1130036  0.19199082 0.11383746 0.0462969
 0.05810888 0.04614005 0.01613127 0.         0.06794245]

rule25: 238.318 < households < 498.929
probabilities_array:[0.20503159 0.1156783  0.11517058 0.08053841 0.01778415 0.00497632
 0.01144389 0.00997017 0.02393336 0.         0.41547328]

rule13: 1134.315 < total_rooms < 2630.066
probabilities_array:[0.2028987  0.10149877 0.07908986 0.12028791 0.14019343 0.06034794
 0.05039782 0.04283296 0.02411581 0.         0.17833677]

rule30: 3.870 < median_income < 5.150
probabilities_array:[0.00085149 0.02327874 0.05860071 0.13574225 0.17295283 0.1616731
 0.15246823 0.14645284 0.11124026 0.03554674 0.00119282]

rule11: housing_median_age > 37.211
probabilities_array:[0.11852562 0.06571152 0.07429156 0.00483885 0.         0.
 0.00958129 0.06442101 0.1312142  0.27465728 0.25675866]

rule36: ocean_proximity_NEAR BAY = 0.0
probabilities_array:[2.5467291e-01 9.3523577e-02 8.1889309e-02 4.2503536e-02 1.5678123e-02
 2.4896412e-04 6.1555028e-02 5.6669723e-02 3.6084298e-02 0.0000000e+00
 3.5717458e-01]

rule17: 249.870 < total_bedrooms < 536.024
probabilities_array:[0.19855326 0.1205209  0.0810523  0.07272112 0.05422043 0.00140772
 0.04095193 0.01911328 0.05699925 0.         0.3544598 ]

rule9: 20.234 < housing_median_age < 28.723
probabilities_array:[0.050338   0.08937051 0.06379165 0.02051418 0.00950066 0.14683644
 0.20287217 0.09916413 0.07112504 0.00376729 0.24271996]

rule2: -119.570 < longitude < -118.216
probabilities_array:[0.14802548 0.1812788  0.04942242 0.         0.         0.04530099
 0.09774775 0.00576701 0.11144318 0.25479868 0.10621572]


---3---
rule29: 2.590 < median_income < 3.870
probabilities_array:[0.02550242 0.10794817 0.16229668 0.21235973 0.1826859  0.12466755
 0.07566578 0.06246721 0.03164767 0.00043869 0.01432025]

rule23: population > 2212.443
probabilities_array:[0.1862171  0.07993878 0.1276871  0.20501857 0.17255579 0.08326202
 0.06288747 0.05762926 0.01521568 0.         0.00958828]

rule12: total_rooms < 1134.315
probabilities_array:[0.23184672 0.13078988 0.11703397 0.19574891 0.1274525  0.05590702
 0.06033268 0.03918083 0.02711758 0.         0.01458994]

rule3: longitude > -118.216
probabilities_array:[0.03930505 0.08186515 0.11610071 0.19018282 0.2130727  0.15294221
 0.1389971  0.01115799 0.         0.         0.05637629]

rule22: 1424.966 < population < 2212.443
probabilities_array:[0.22510895 0.12143968 0.1130036  0.19199082 0.11383746 0.0462969
 0.05810888 0.04614005 0.01613127 0.         0.06794245]

rule7: latitude > 37.074
probabilities_array:[0.         0.17225425 0.22311878 0.1993915  0.05183886 0.04884927
 0.03255378 0.04175625 0.02025476 0.08419944 0.12578298]

rule28: median_income < 2.590
probabilities_array:[0.25843003 0.24096932 0.1542273  0.14745693 0.09088293 0.04599184
 0.02750695 0.02245278 0.00805619 0.         0.00402571]

rule5: 34.185 < latitude < 35.629
probabilities_array:[0.18665363 0.07834791 0.11476357 0.14939405 0.08817088 0.14292194
 0.11136758 0.06585691 0.01604682 0.         0.04647674]

rule30: 3.870 < median_income < 5.150
probabilities_array:[0.00085149 0.02327874 0.05860071 0.13574225 0.17295283 0.1616731
 0.15246823 0.14645284 0.11124026 0.03554674 0.00119282]

rule8: housing_median_age < 20.234
probabilities_array:[0.07031353 0.09641543 0.12065091 0.1304129  0.14552341 0.13398348
 0.09622064 0.07819445 0.06785364 0.         0.06043144]

rule13: 1134.315 < total_rooms < 2630.066
probabilities_array:[0.2028987  0.10149877 0.07908986 0.12028791 0.14019343 0.06034794
 0.05039782 0.04283296 0.02411581 0.         0.17833677]

rule4: latitude < 34.185
probabilities_array:[0.00289294 0.10204994 0.19224478 0.09290167 0.         0.0277568
 0.01953479 0.08870565 0.14274007 0.21869242 0.112481  ]

rule1: -120.925 < longitude < -119.570
probabilities_array:[0.18148172 0.18478811 0.22976594 0.08372617 0.04044261 0.
 0.         0.043719   0.04542449 0.11082039 0.07983154]

rule25: 238.318 < households < 498.929
probabilities_array:[0.20503159 0.1156783  0.11517058 0.08053841 0.01778415 0.00497632
 0.01144389 0.00997017 0.02393336 0.         0.41547328]

rule17: 249.870 < total_bedrooms < 536.024
probabilities_array:[0.19855326 0.1205209  0.0810523  0.07272112 0.05422043 0.00140772
 0.04095193 0.01911328 0.05699925 0.         0.3544598 ]


---4---
rule3: longitude > -118.216
probabilities_array:[0.03930505 0.08186515 0.11610071 0.19018282 0.2130727  0.15294221
 0.1389971  0.01115799 0.         0.         0.05637629]

rule29: 2.590 < median_income < 3.870
probabilities_array:[0.02550242 0.10794817 0.16229668 0.21235973 0.1826859  0.12466755
 0.07566578 0.06246721 0.03164767 0.00043869 0.01432025]

rule30: 3.870 < median_income < 5.150
probabilities_array:[0.00085149 0.02327874 0.05860071 0.13574225 0.17295283 0.1616731
 0.15246823 0.14645284 0.11124026 0.03554674 0.00119282]

rule23: population > 2212.443
probabilities_array:[0.1862171  0.07993878 0.1276871  0.20501857 0.17255579 0.08326202
 0.06288747 0.05762926 0.01521568 0.         0.00958828]

rule8: housing_median_age < 20.234
probabilities_array:[0.07031353 0.09641543 0.12065091 0.1304129  0.14552341 0.13398348
 0.09622064 0.07819445 0.06785364 0.         0.06043144]

rule12: total_rooms < 1134.315
probabilities_array:[0.23184672 0.13078988 0.11703397 0.19574891 0.1274525  0.05590702
 0.06033268 0.03918083 0.02711758 0.         0.01458994]

rule13: 1134.315 < total_rooms < 2630.066
probabilities_array:[0.2028987  0.10149877 0.07908986 0.12028791 0.14019343 0.06034794
 0.05039782 0.04283296 0.02411581 0.         0.17833677]

rule22: 1424.966 < population < 2212.443
probabilities_array:[0.22510895 0.12143968 0.1130036  0.19199082 0.11383746 0.0462969
 0.05810888 0.04614005 0.01613127 0.         0.06794245]

rule28: median_income < 2.590
probabilities_array:[0.25843003 0.24096932 0.1542273  0.14745693 0.09088293 0.04599184
 0.02750695 0.02245278 0.00805619 0.         0.00402571]

rule5: 34.185 < latitude < 35.629
probabilities_array:[0.18665363 0.07834791 0.11476357 0.14939405 0.08817088 0.14292194
 0.11136758 0.06585691 0.01604682 0.         0.04647674]

rule10: 28.723 < housing_median_age < 37.211
probabilities_array:[0.21835917 0.11592875 0.03919778 0.00944864 0.11467908 0.13725443
 0.0547067  0.         0.00791989 0.02859173 0.27391377]

rule32: ocean_proximity_INLAND = 0.0
probabilities_array:[0.         0.00709558 0.01497674 0.02695769 0.07212568 0.15087008
 0.1590806  0.22096571 0.1813642  0.16656365 0.        ]

rule38: ocean_proximity_NEAR OCEAN = 0.0
probabilities_array:[0.2715533  0.12101866 0.05034105 0.01251729 0.08744041 0.05486301
 0.01960341 0.00980418 0.01106932 0.         0.36178935]

rule7: latitude > 37.074
probabilities_array:[0.         0.17225425 0.22311878 0.1993915  0.05183886 0.04884927
 0.03255378 0.04175625 0.02025476 0.08419944 0.12578298]


---5---
rule30: 3.870 < median_income < 5.150
probabilities_array:[0.00085149 0.02327874 0.05860071 0.13574225 0.17295283 0.1616731
 0.15246823 0.14645284 0.11124026 0.03554674 0.00119282]

rule32: ocean_proximity_INLAND = 0.0
probabilities_array:[0.         0.00709558 0.01497674 0.02695769 0.07212568 0.15087008
 0.1590806  0.22096571 0.1813642  0.16656365 0.        ]

rule3: longitude > -118.216
probabilities_array:[0.03930505 0.08186515 0.11610071 0.19018282 0.2130727  0.15294221
 0.1389971  0.01115799 0.         0.         0.05637629]

rule5: 34.185 < latitude < 35.629
probabilities_array:[0.18665363 0.07834791 0.11476357 0.14939405 0.08817088 0.14292194
 0.11136758 0.06585691 0.01604682 0.         0.04647674]

rule8: housing_median_age < 20.234
probabilities_array:[0.07031353 0.09641543 0.12065091 0.1304129  0.14552341 0.13398348
 0.09622064 0.07819445 0.06785364 0.         0.06043144]

rule29: 2.590 < median_income < 3.870
probabilities_array:[0.02550242 0.10794817 0.16229668 0.21235973 0.1826859  0.12466755
 0.07566578 0.06246721 0.03164767 0.00043869 0.01432025]

rule9: 20.234 < housing_median_age < 28.723
probabilities_array:[0.050338   0.08937051 0.06379165 0.02051418 0.00950066 0.14683644
 0.20287217 0.09916413 0.07112504 0.00376729 0.24271996]

rule10: 28.723 < housing_median_age < 37.211
probabilities_array:[0.21835917 0.11592875 0.03919778 0.00944864 0.11467908 0.13725443
 0.0547067  0.         0.00791989 0.02859173 0.27391377]

rule23: population > 2212.443
probabilities_array:[0.1862171  0.07993878 0.1276871  0.20501857 0.17255579 0.08326202
 0.06288747 0.05762926 0.01521568 0.         0.00958828]

rule19: total_bedrooms > 822.178
probabilities_array:[0.01007393 0.03302537 0.04498698 0.00126043 0.         0.10621894
 0.         0.06862216 0.13768023 0.25730097 0.34083095]

rule12: total_rooms < 1134.315
probabilities_array:[0.23184672 0.13078988 0.11703397 0.19574891 0.1274525  0.05590702
 0.06033268 0.03918083 0.02711758 0.         0.01458994]

rule0: longitude < -120.925
probabilities_array:[0.03201251 0.         0.         0.03286524 0.02126219 0.06908616
 0.1757412  0.15272021 0.1884537  0.07887465 0.24898414]

rule13: 1134.315 < total_rooms < 2630.066
probabilities_array:[0.2028987  0.10149877 0.07908986 0.12028791 0.14019343 0.06034794
 0.05039782 0.04283296 0.02411581 0.         0.17833677]

rule31: median_income > 5.150
probabilities_array:[0.         0.         0.00158881 0.0134943  0.035383   0.04955395
 0.11214555 0.20175582 0.26375782 0.31332174 0.00899906]

rule20: population < 637.489
probabilities_array:[0.         0.02072763 0.01025203 0.         0.         0.0530453
 0.03508003 0.09818543 0.21670777 0.44699493 0.11900686]

rule28: median_income < 2.590
probabilities_array:[0.25843003 0.24096932 0.1542273  0.14745693 0.09088293 0.04599184
 0.02750695 0.02245278 0.00805619 0.         0.00402571]

rule16: total_bedrooms < 249.870
probabilities_array:[1.4454190e-01 7.3132195e-02 5.7594530e-02 3.5761420e-03 4.9997788e-02
 1.0272394e-01 6.7027421e-03 1.7348121e-04 0.0000000e+00 0.0000000e+00
 5.6155729e-01]

rule22: 1424.966 < population < 2212.443
probabilities_array:[0.22510895 0.12143968 0.1130036  0.19199082 0.11383746 0.0462969
 0.05810888 0.04614005 0.01613127 0.         0.06794245]

rule7: latitude > 37.074
probabilities_array:[0.         0.17225425 0.22311878 0.1993915  0.05183886 0.04884927
 0.03255378 0.04175625 0.02025476 0.08419944 0.12578298]

rule2: -119.570 < longitude < -118.216
probabilities_array:[0.14802548 0.1812788  0.04942242 0.         0.         0.04530099
 0.09774775 0.00576701 0.11144318 0.25479868 0.10621572]


---6---
rule32: ocean_proximity_INLAND = 0.0
probabilities_array:[0.         0.00709558 0.01497674 0.02695769 0.07212568 0.15087008
 0.1590806  0.22096571 0.1813642  0.16656365 0.        ]

rule9: 20.234 < housing_median_age < 28.723
probabilities_array:[0.050338   0.08937051 0.06379165 0.02051418 0.00950066 0.14683644
 0.20287217 0.09916413 0.07112504 0.00376729 0.24271996]

rule30: 3.870 < median_income < 5.150
probabilities_array:[0.00085149 0.02327874 0.05860071 0.13574225 0.17295283 0.1616731
 0.15246823 0.14645284 0.11124026 0.03554674 0.00119282]

rule0: longitude < -120.925
probabilities_array:[0.03201251 0.         0.         0.03286524 0.02126219 0.06908616
 0.1757412  0.15272021 0.1884537  0.07887465 0.24898414]

rule3: longitude > -118.216
probabilities_array:[0.03930505 0.08186515 0.11610071 0.19018282 0.2130727  0.15294221
 0.1389971  0.01115799 0.         0.         0.05637629]

rule27: households > 759.541
probabilities_array:[0.0000000e+00 1.3006700e-02 0.0000000e+00 8.3369254e-05 0.0000000e+00
 1.9976202e-02 1.7480354e-01 1.3266510e-01 9.4239868e-02 3.1004831e-01
 2.5517693e-01]

rule31: median_income > 5.150
probabilities_array:[0.         0.         0.00158881 0.0134943  0.035383   0.04955395
 0.11214555 0.20175582 0.26375782 0.31332174 0.00899906]

rule5: 34.185 < latitude < 35.629
probabilities_array:[0.18665363 0.07834791 0.11476357 0.14939405 0.08817088 0.14292194
 0.11136758 0.06585691 0.01604682 0.         0.04647674]

rule8: housing_median_age < 20.234
probabilities_array:[0.07031353 0.09641543 0.12065091 0.1304129  0.14552341 0.13398348
 0.09622064 0.07819445 0.06785364 0.         0.06043144]

rule2: -119.570 < longitude < -118.216
probabilities_array:[0.14802548 0.1812788  0.04942242 0.         0.         0.04530099
 0.09774775 0.00576701 0.11144318 0.25479868 0.10621572]

rule29: 2.590 < median_income < 3.870
probabilities_array:[0.02550242 0.10794817 0.16229668 0.21235973 0.1826859  0.12466755
 0.07566578 0.06246721 0.03164767 0.00043869 0.01432025]

rule23: population > 2212.443
probabilities_array:[0.1862171  0.07993878 0.1276871  0.20501857 0.17255579 0.08326202
 0.06288747 0.05762926 0.01521568 0.         0.00958828]

rule12: total_rooms < 1134.315
probabilities_array:[0.23184672 0.13078988 0.11703397 0.19574891 0.1274525  0.05590702
 0.06033268 0.03918083 0.02711758 0.         0.01458994]

rule22: 1424.966 < population < 2212.443
probabilities_array:[0.22510895 0.12143968 0.1130036  0.19199082 0.11383746 0.0462969
 0.05810888 0.04614005 0.01613127 0.         0.06794245]

rule13: 1134.315 < total_rooms < 2630.066
probabilities_array:[0.2028987  0.10149877 0.07908986 0.12028791 0.14019343 0.06034794
 0.05039782 0.04283296 0.02411581 0.         0.17833677]


---7---
rule32: ocean_proximity_INLAND = 0.0
probabilities_array:[0.         0.00709558 0.01497674 0.02695769 0.07212568 0.15087008
 0.1590806  0.22096571 0.1813642  0.16656365 0.        ]

rule31: median_income > 5.150
probabilities_array:[0.         0.         0.00158881 0.0134943  0.035383   0.04955395
 0.11214555 0.20175582 0.26375782 0.31332174 0.00899906]

rule30: 3.870 < median_income < 5.150
probabilities_array:[0.00085149 0.02327874 0.05860071 0.13574225 0.17295283 0.1616731
 0.15246823 0.14645284 0.11124026 0.03554674 0.00119282]

rule0: longitude < -120.925
probabilities_array:[0.03201251 0.         0.         0.03286524 0.02126219 0.06908616
 0.1757412  0.15272021 0.1884537  0.07887465 0.24898414]

rule27: households > 759.541
probabilities_array:[0.0000000e+00 1.3006700e-02 0.0000000e+00 8.3369254e-05 0.0000000e+00
 1.9976202e-02 1.7480354e-01 1.3266510e-01 9.4239868e-02 3.1004831e-01
 2.5517693e-01]

rule35: ocean_proximity_ISLAND = 1.0
probabilities_array:[4.4593169e-05 0.0000000e+00 0.0000000e+00 0.0000000e+00 0.0000000e+00
 0.0000000e+00 0.0000000e+00 1.7160857e-01 0.0000000e+00 3.4504274e-01
 4.8330414e-01]

rule20: population < 637.489
probabilities_array:[0.         0.02072763 0.01025203 0.         0.         0.0530453
 0.03508003 0.09818543 0.21670777 0.44699493 0.11900686]

rule4: latitude < 34.185
probabilities_array:[0.00289294 0.10204994 0.19224478 0.09290167 0.         0.0277568
 0.01953479 0.08870565 0.14274007 0.21869242 0.112481  ]

rule39: ocean_proximity_NEAR OCEAN = 1.0
probabilities_array:[0.03880567 0.1890064  0.11506309 0.02454428 0.         0.00109884
 0.03416196 0.08380821 0.11790687 0.32330006 0.07230465]

rule9: 20.234 < housing_median_age < 28.723
probabilities_array:[0.050338   0.08937051 0.06379165 0.02051418 0.00950066 0.14683644
 0.20287217 0.09916413 0.07112504 0.00376729 0.24271996]

rule8: housing_median_age < 20.234
probabilities_array:[0.07031353 0.09641543 0.12065091 0.1304129  0.14552341 0.13398348
 0.09622064 0.07819445 0.06785364 0.         0.06043144]

rule15: total_rooms > 4125.817
probabilities_array:[0.00087161 0.0487503  0.01163751 0.00058854 0.         0.
 0.00387196 0.08145105 0.26543334 0.46514094 0.1222548 ]

rule5: 34.185 < latitude < 35.629
probabilities_array:[0.18665363 0.07834791 0.11476357 0.14939405 0.08817088 0.14292194
 0.11136758 0.06585691 0.01604682 0.         0.04647674]

rule29: 2.590 < median_income < 3.870
probabilities_array:[0.02550242 0.10794817 0.16229668 0.21235973 0.1826859  0.12466755
 0.07566578 0.06246721 0.03164767 0.00043869 0.01432025]

rule23: population > 2212.443
probabilities_array:[0.1862171  0.07993878 0.1276871  0.20501857 0.17255579 0.08326202
 0.06288747 0.05762926 0.01521568 0.         0.00958828]

rule14: 2630.066 < total_rooms < 4125.817
probabilities_array:[2.3861066e-05 5.1713496e-02 5.0817870e-02 0.0000000e+00 7.7280803e-03
 0.0000000e+00 2.5547100e-02 6.8626150e-02 1.9272724e-01 3.0627742e-01
 2.9653886e-01]

rule11: housing_median_age > 37.211
probabilities_array:[0.11852562 0.06571152 0.07429156 0.00483885 0.         0.
 0.00958129 0.06442101 0.1312142  0.27465728 0.25675866]

rule19: total_bedrooms > 822.178
probabilities_array:[0.01007393 0.03302537 0.04498698 0.00126043 0.         0.10621894
 0.         0.06862216 0.13768023 0.25730097 0.34083095]

rule26: 498.929 < households < 759.541
probabilities_array:[0.04907363 0.03178494 0.00162108 0.         0.00226091 0.04769461
 0.0452215  0.10568542 0.06793751 0.05821895 0.59050137]

rule22: 1424.966 < population < 2212.443
probabilities_array:[0.22510895 0.12143968 0.1130036  0.19199082 0.11383746 0.0462969
 0.05810888 0.04614005 0.01613127 0.         0.06794245]

rule1: -120.925 < longitude < -119.570
probabilities_array:[0.18148172 0.18478811 0.22976594 0.08372617 0.04044261 0.
 0.         0.043719   0.04542449 0.11082039 0.07983154]


---8---
rule31: median_income > 5.150
probabilities_array:[0.         0.         0.00158881 0.0134943  0.035383   0.04955395
 0.11214555 0.20175582 0.26375782 0.31332174 0.00899906]

rule15: total_rooms > 4125.817
probabilities_array:[0.00087161 0.0487503  0.01163751 0.00058854 0.         0.
 0.00387196 0.08145105 0.26543334 0.46514094 0.1222548 ]

rule20: population < 637.489
probabilities_array:[0.         0.02072763 0.01025203 0.         0.         0.0530453
 0.03508003 0.09818543 0.21670777 0.44699493 0.11900686]

rule32: ocean_proximity_INLAND = 0.0
probabilities_array:[0.         0.00709558 0.01497674 0.02695769 0.07212568 0.15087008
 0.1590806  0.22096571 0.1813642  0.16656365 0.        ]

rule0: longitude < -120.925
probabilities_array:[0.03201251 0.         0.         0.03286524 0.02126219 0.06908616
 0.1757412  0.15272021 0.1884537  0.07887465 0.24898414]

rule14: 2630.066 < total_rooms < 4125.817
probabilities_array:[2.3861066e-05 5.1713496e-02 5.0817870e-02 0.0000000e+00 7.7280803e-03
 0.0000000e+00 2.5547100e-02 6.8626150e-02 1.9272724e-01 3.0627742e-01
 2.9653886e-01]

rule4: latitude < 34.185
probabilities_array:[0.00289294 0.10204994 0.19224478 0.09290167 0.         0.0277568
 0.01953479 0.08870565 0.14274007 0.21869242 0.112481  ]

rule30: 3.870 < median_income < 5.150
probabilities_array:[0.00085149 0.02327874 0.05860071 0.13574225 0.17295283 0.1616731
 0.15246823 0.14645284 0.11124026 0.03554674 0.00119282]

rule39: ocean_proximity_NEAR OCEAN = 1.0
probabilities_array:[0.03880567 0.1890064  0.11506309 0.02454428 0.         0.00109884
 0.03416196 0.08380821 0.11790687 0.32330006 0.07230465]

rule2: -119.570 < longitude < -118.216
probabilities_array:[0.14802548 0.1812788  0.04942242 0.         0.         0.04530099
 0.09774775 0.00576701 0.11144318 0.25479868 0.10621572]

rule11: housing_median_age > 37.211
probabilities_array:[0.11852562 0.06571152 0.07429156 0.00483885 0.         0.
 0.00958129 0.06442101 0.1312142  0.27465728 0.25675866]

rule19: total_bedrooms > 822.178
probabilities_array:[0.01007393 0.03302537 0.04498698 0.00126043 0.         0.10621894
 0.         0.06862216 0.13768023 0.25730097 0.34083095]

rule37: ocean_proximity_NEAR BAY = 1.0
probabilities_array:[0.00431373 0.28062028 0.14019759 0.00039993 0.         0.00476547
 0.         0.002244   0.10025177 0.27313873 0.19406852]

rule27: households > 759.541
probabilities_array:[0.0000000e+00 1.3006700e-02 0.0000000e+00 8.3369254e-05 0.0000000e+00
 1.9976202e-02 1.7480354e-01 1.3266510e-01 9.4239868e-02 3.1004831e-01
 2.5517693e-01]

rule8: housing_median_age < 20.234
probabilities_array:[0.07031353 0.09641543 0.12065091 0.1304129  0.14552341 0.13398348
 0.09622064 0.07819445 0.06785364 0.         0.06043144]

rule9: 20.234 < housing_median_age < 28.723
probabilities_array:[0.050338   0.08937051 0.06379165 0.02051418 0.00950066 0.14683644
 0.20287217 0.09916413 0.07112504 0.00376729 0.24271996]

rule1: -120.925 < longitude < -119.570
probabilities_array:[0.18148172 0.18478811 0.22976594 0.08372617 0.04044261 0.
 0.         0.043719   0.04542449 0.11082039 0.07983154]


---9---
rule15: total_rooms > 4125.817
probabilities_array:[0.00087161 0.0487503  0.01163751 0.00058854 0.         0.
 0.00387196 0.08145105 0.26543334 0.46514094 0.1222548 ]

rule20: population < 637.489
probabilities_array:[0.         0.02072763 0.01025203 0.         0.         0.0530453
 0.03508003 0.09818543 0.21670777 0.44699493 0.11900686]

rule31: median_income > 5.150
probabilities_array:[0.         0.         0.00158881 0.0134943  0.035383   0.04955395
 0.11214555 0.20175582 0.26375782 0.31332174 0.00899906]

rule39: ocean_proximity_NEAR OCEAN = 1.0
probabilities_array:[0.03880567 0.1890064  0.11506309 0.02454428 0.         0.00109884
 0.03416196 0.08380821 0.11790687 0.32330006 0.07230465]

rule27: households > 759.541
probabilities_array:[0.0000000e+00 1.3006700e-02 0.0000000e+00 8.3369254e-05 0.0000000e+00
 1.9976202e-02 1.7480354e-01 1.3266510e-01 9.4239868e-02 3.1004831e-01
 2.5517693e-01]

rule2: -119.570 < longitude < -118.216
probabilities_array:[0.14802548 0.1812788  0.04942242 0.         0.         0.04530099
 0.09774775 0.00576701 0.11144318 0.25479868 0.10621572]

rule37: ocean_proximity_NEAR BAY = 1.0
probabilities_array:[0.00431373 0.28062028 0.14019759 0.00039993 0.         0.00476547
 0.         0.002244   0.10025177 0.27313873 0.19406852]

rule14: 2630.066 < total_rooms < 4125.817
probabilities_array:[2.3861066e-05 5.1713496e-02 5.0817870e-02 0.0000000e+00 7.7280803e-03
 0.0000000e+00 2.5547100e-02 6.8626150e-02 1.9272724e-01 3.0627742e-01
 2.9653886e-01]

rule11: housing_median_age > 37.211
probabilities_array:[0.11852562 0.06571152 0.07429156 0.00483885 0.         0.
 0.00958129 0.06442101 0.1312142  0.27465728 0.25675866]

rule4: latitude < 34.185
probabilities_array:[0.00289294 0.10204994 0.19224478 0.09290167 0.         0.0277568
 0.01953479 0.08870565 0.14274007 0.21869242 0.112481  ]

rule35: ocean_proximity_ISLAND = 1.0
probabilities_array:[4.4593169e-05 0.0000000e+00 0.0000000e+00 0.0000000e+00 0.0000000e+00
 0.0000000e+00 0.0000000e+00 1.7160857e-01 0.0000000e+00 3.4504274e-01
 4.8330414e-01]

rule19: total_bedrooms > 822.178
probabilities_array:[0.01007393 0.03302537 0.04498698 0.00126043 0.         0.10621894
 0.         0.06862216 0.13768023 0.25730097 0.34083095]

rule32: ocean_proximity_INLAND = 0.0
probabilities_array:[0.         0.00709558 0.01497674 0.02695769 0.07212568 0.15087008
 0.1590806  0.22096571 0.1813642  0.16656365 0.        ]

rule21: 637.489 < population < 1424.966
probabilities_array:[0.15629368 0.17319188 0.01624502 0.05066182 0.03240313 0.
 0.0053539  0.         0.02940317 0.16858985 0.3678575 ]

rule1: -120.925 < longitude < -119.570
probabilities_array:[0.18148172 0.18478811 0.22976594 0.08372617 0.04044261 0.
 0.         0.043719   0.04542449 0.11082039 0.07983154]

rule18: 536.024 < total_bedrooms < 822.178
probabilities_array:[0.01303387 0.09656829 0.00508851 0.         0.00883244 0.02284675
 0.05572137 0.05066619 0.0631672  0.16546555 0.5186098 ]

rule7: latitude > 37.074
probabilities_array:[0.         0.17225425 0.22311878 0.1993915  0.05183886 0.04884927
 0.03255378 0.04175625 0.02025476 0.08419944 0.12578298]

rule0: longitude < -120.925
probabilities_array:[0.03201251 0.         0.         0.03286524 0.02126219 0.06908616
 0.1757412  0.15272021 0.1884537  0.07887465 0.24898414]

rule24: households < 238.318
probabilities_array:[0.1577096  0.11577386 0.05213355 0.00946238 0.0243641  0.
 0.         0.         0.         0.12053022 0.5200264 ]

