R2: 0.1721633615717728


MAE: 70819.23112499404


Accuracy: 0.24051323298459495


F1: 0.2563123899001762


Most important rules
-----------------------------

---0---
rule23: population > 2195.023
probabilities_array:[0.22047937 0.052579   0.07418817 0.06611758 0.12804097 0.16527751
 0.09741028 0.03636411 0.05175425 0.05734634 0.03077809 0.0133452
 0.00052472 0.0057944 ]

rule33: ocean_proximity_INLAND = 1.0
probabilities_array:[0.24193123 0.22247995 0.1826437  0.16154473 0.04689948 0.02016656
 0.00451075 0.00655929 0.01899658 0.         0.         0.
 0.         0.09426766]

rule12: total_rooms < 1161.432
probabilities_array:[0.22044349 0.10651999 0.06499883 0.07005985 0.15626384 0.14987198
 0.06294582 0.0367215  0.03319547 0.04320267 0.02230612 0.01470346
 0.00462384 0.01414305]

rule6: 35.632 < latitude < 37.075
probabilities_array:[3.3022398e-01 2.6643798e-01 1.1000663e-04 0.0000000e+00 0.0000000e+00
 0.0000000e+00 0.0000000e+00 0.0000000e+00 5.7802204e-02 0.0000000e+00
 0.0000000e+00 1.5049655e-03 0.0000000e+00 3.4392086e-01]

rule2: -119.569 < longitude < -118.217
probabilities_array:[0.22010395 0.09296215 0.10216493 0.05600798 0.         0.
 0.01321902 0.01676061 0.08245949 0.00079183 0.00666013 0.08294657
 0.19587745 0.13004598]

rule22: 1420.055 < population < 2195.023
probabilities_array:[0.20498207 0.07756589 0.07056138 0.06172362 0.10493123 0.142916
 0.04460308 0.0540484  0.06445315 0.06802067 0.03005153 0.00878474
 0.         0.06735821]

rule28: median_income < 2.587
probabilities_array:[0.19325201 0.20535158 0.17471695 0.12083511 0.09197037 0.06770294
 0.05400733 0.03132312 0.01466527 0.01419159 0.01332519 0.00636624
 0.         0.01229225]

rule10: 28.690 < housing_median_age < 37.180
probabilities_array:[0.2489364  0.09127603 0.00782495 0.         0.         0.07033502
 0.09660093 0.10520802 0.02795996 0.03257759 0.         0.
 0.00851642 0.31076476]

rule38: ocean_proximity_NEAR OCEAN = 0.0
probabilities_array:[0.23382004 0.09707612 0.1425785  0.03223879 0.01758948 0.00590775
 0.04980916 0.05798939 0.00898708 0.00385081 0.02374099 0.00256918
 0.         0.32384285]

rule36: ocean_proximity_NEAR BAY = 0.0
probabilities_array:[2.2356634e-01 9.0794586e-02 9.0255789e-02 8.8308431e-02 4.1389115e-02
 4.3851067e-03 2.0703685e-03 3.9375043e-03 6.0697675e-02 4.7292128e-02
 3.5028644e-02 1.0236227e-02 2.6171430e-04 3.0177638e-01]

rule11: housing_median_age > 37.180
probabilities_array:[0.20485097 0.07138583 0.0456007  0.0635635  0.         0.01737059
 0.         0.         0.         0.         0.05876656 0.08441605
 0.21125318 0.24279262]

rule13: 1161.432 < total_rooms < 2634.368
probabilities_array:[0.18709308 0.11020534 0.04162056 0.01979308 0.11630626 0.15036595
 0.04100202 0.05776938 0.02644595 0.02489481 0.02020222 0.00841305
 0.         0.19588825]

rule1: -120.921 < longitude < -119.569
probabilities_array:[0.17069864 0.14589678 0.08255935 0.17315666 0.06814692 0.01602179
 0.         0.         0.         0.01285606 0.         0.11457678
 0.0295314  0.18655556]

rule5: 34.188 < latitude < 35.632
probabilities_array:[0.1362911  0.04434476 0.06041552 0.08906035 0.0942709  0.01872017
 0.0977651  0.144012   0.1004228  0.05868408 0.04399003 0.0125425
 0.         0.0994807 ]

rule25: 240.756 < households < 498.408
probabilities_array:[2.1287587e-01 1.0625391e-01 3.9326917e-02 8.6162135e-02 4.0311083e-02
 8.9121656e-03 2.9012089e-04 0.0000000e+00 8.8697551e-03 1.0375266e-02
 2.3234628e-02 0.0000000e+00 1.3309086e-04 4.6325514e-01]

rule17: 253.605 < total_bedrooms < 535.762
probabilities_array:[0.18801269 0.05933946 0.05192576 0.02384341 0.05097177 0.04911038
 0.         0.         0.00677784 0.08817102 0.         0.06348357
 0.         0.41836402]

rule24: households < 240.756
probabilities_array:[0.12660353 0.1025277  0.06721088 0.09306407 0.02566009 0.04118895
 0.02208854 0.02407786 0.05079463 0.         0.02187978 0.
 0.02714802 0.397756  ]

rule16: total_bedrooms < 253.605
probabilities_array:[0.09902333 0.06259411 0.14789258 0.01326989 0.         0.02573934
 0.13416097 0.01584656 0.0536714  0.         0.03675703 0.
 0.09286488 0.31817988]

rule34: ocean_proximity_ISLAND = 0.0
probabilities_array:[1.4357704e-01 1.0547247e-01 7.0670694e-02 2.6901567e-02 5.8894109e-02
 1.3041026e-03 2.2117748e-04 6.0140743e-04 2.6185161e-02 1.7756327e-03
 2.2179322e-02 7.3815500e-03 4.7698538e-04 5.3435880e-01]

rule9: 20.201 < housing_median_age < 28.690
probabilities_array:[0.08026435 0.05909842 0.04285531 0.08071361 0.02207375 0.00139393
 0.11177319 0.11872125 0.10033185 0.08434086 0.04424701 0.06442076
 0.         0.18976568]

rule21: 645.086 < population < 1420.055
probabilities_array:[8.5967384e-02 1.2505662e-01 8.7354615e-02 6.2808306e-03 0.0000000e+00
 3.9104767e-02 0.0000000e+00 0.0000000e+00 3.4373844e-04 1.4889320e-04
 3.2262899e-02 1.1190765e-01 1.5118171e-01 3.6039087e-01]

rule3: longitude > -118.217
probabilities_array:[0.04638956 0.08187286 0.05131152 0.11847452 0.1205042  0.17566344
 0.11311729 0.11226059 0.08847334 0.04550616 0.01150719 0.00959755
 0.00074486 0.024577  ]


---1---
rule28: median_income < 2.587
probabilities_array:[0.19325201 0.20535158 0.17471695 0.12083511 0.09197037 0.06770294
 0.05400733 0.03132312 0.01466527 0.01419159 0.01332519 0.00636624
 0.         0.01229225]

rule33: ocean_proximity_INLAND = 1.0
probabilities_array:[0.24193123 0.22247995 0.1826437  0.16154473 0.04689948 0.02016656
 0.00451075 0.00655929 0.01899658 0.         0.         0.
 0.         0.09426766]

rule39: ocean_proximity_NEAR OCEAN = 1.0
probabilities_array:[0.0069852  0.20189376 0.08828852 0.06957196 0.04491549 0.
 0.         0.         0.03385319 0.05605135 0.09054922 0.10010042
 0.25681943 0.0509714 ]

rule6: 35.632 < latitude < 37.075
probabilities_array:[3.3022398e-01 2.6643798e-01 1.1000663e-04 0.0000000e+00 0.0000000e+00
 0.0000000e+00 0.0000000e+00 0.0000000e+00 5.7802204e-02 0.0000000e+00
 0.0000000e+00 1.5049655e-03 0.0000000e+00 3.4392086e-01]

rule37: ocean_proximity_NEAR BAY = 1.0
probabilities_array:[0.         0.20226283 0.17102621 0.08300453 0.01677403 0.
 0.         0.         0.         0.         0.03320266 0.13789116
 0.19230796 0.16353057]

rule1: -120.921 < longitude < -119.569
probabilities_array:[0.17069864 0.14589678 0.08255935 0.17315666 0.06814692 0.01602179
 0.         0.         0.         0.01285606 0.         0.11457678
 0.0295314  0.18655556]

rule12: total_rooms < 1161.432
probabilities_array:[0.22044349 0.10651999 0.06499883 0.07005985 0.15626384 0.14987198
 0.06294582 0.0367215  0.03319547 0.04320267 0.02230612 0.01470346
 0.00462384 0.01414305]

rule19: total_bedrooms > 817.919
probabilities_array:[0.         0.11460898 0.00210109 0.05674449 0.02235811 0.
 0.01136867 0.11443565 0.05266657 0.07900413 0.06003743 0.05648307
 0.21964525 0.21054654]

rule13: 1161.432 < total_rooms < 2634.368
probabilities_array:[0.18709308 0.11020534 0.04162056 0.01979308 0.11630626 0.15036595
 0.04100202 0.05776938 0.02644595 0.02489481 0.02020222 0.00841305
 0.         0.19588825]

rule2: -119.569 < longitude < -118.217
probabilities_array:[0.22010395 0.09296215 0.10216493 0.05600798 0.         0.
 0.01321902 0.01676061 0.08245949 0.00079183 0.00666013 0.08294657
 0.19587745 0.13004598]

rule7: latitude > 37.075
probabilities_array:[0.         0.08922448 0.18377128 0.20919748 0.17092621 0.05462841
 0.04119437 0.03041517 0.01127225 0.01639423 0.00956133 0.02612437
 0.05440556 0.1028849 ]

rule21: 645.086 < population < 1420.055
probabilities_array:[8.5967384e-02 1.2505662e-01 8.7354615e-02 6.2808306e-03 0.0000000e+00
 3.9104767e-02 0.0000000e+00 0.0000000e+00 3.4373844e-04 1.4889320e-04
 3.2262899e-02 1.1190765e-01 1.5118171e-01 3.6039087e-01]

rule3: longitude > -118.217
probabilities_array:[0.04638956 0.08187286 0.05131152 0.11847452 0.1205042  0.17566344
 0.11311729 0.11226059 0.08847334 0.04550616 0.01150719 0.00959755
 0.00074486 0.024577  ]

rule22: 1420.055 < population < 2195.023
probabilities_array:[0.20498207 0.07756589 0.07056138 0.06172362 0.10493123 0.142916
 0.04460308 0.0540484  0.06445315 0.06802067 0.03005153 0.00878474
 0.         0.06735821]

rule8: housing_median_age < 20.201
probabilities_array:[0.02993953 0.07346795 0.07728443 0.11618431 0.12898634 0.11670368
 0.10580061 0.08464979 0.06703205 0.06309241 0.06750256 0.03587405
 0.         0.03348214]

rule26: 498.408 < households < 756.061
probabilities_array:[0.         0.10478161 0.07060964 0.         0.03570688 0.
 0.05143939 0.12035532 0.02970083 0.10453344 0.01677833 0.09675681
 0.0048962  0.36444148]

rule38: ocean_proximity_NEAR OCEAN = 0.0
probabilities_array:[0.23382004 0.09707612 0.1425785  0.03223879 0.01758948 0.00590775
 0.04980916 0.05798939 0.00898708 0.00385081 0.02374099 0.00256918
 0.         0.32384285]

rule36: ocean_proximity_NEAR BAY = 0.0
probabilities_array:[2.2356634e-01 9.0794586e-02 9.0255789e-02 8.8308431e-02 4.1389115e-02
 4.3851067e-03 2.0703685e-03 3.9375043e-03 6.0697675e-02 4.7292128e-02
 3.5028644e-02 1.0236227e-02 2.6171430e-04 3.0177638e-01]

rule10: 28.690 < housing_median_age < 37.180
probabilities_array:[0.2489364  0.09127603 0.00782495 0.         0.         0.07033502
 0.09660093 0.10520802 0.02795996 0.03257759 0.         0.
 0.00851642 0.31076476]

rule18: 535.762 < total_bedrooms < 817.919
probabilities_array:[5.1960621e-02 1.1760025e-01 0.0000000e+00 7.5009212e-02 4.3174591e-02
 1.8898608e-02 0.0000000e+00 6.1336484e-02 3.6733832e-02 7.0621398e-05
 5.3382665e-02 3.6352564e-02 3.2066140e-02 4.7341436e-01]

rule24: households < 240.756
probabilities_array:[0.12660353 0.1025277  0.06721088 0.09306407 0.02566009 0.04118895
 0.02208854 0.02407786 0.05079463 0.         0.02187978 0.
 0.02714802 0.397756  ]

rule29: 2.587 < median_income < 3.880
probabilities_array:[0.00488848 0.06145298 0.1073538  0.12119499 0.13247967 0.14883512
 0.12743108 0.09774279 0.05397659 0.05912562 0.04978827 0.02124733
 0.         0.01448331]

rule25: 240.756 < households < 498.408
probabilities_array:[2.1287587e-01 1.0625391e-01 3.9326917e-02 8.6162135e-02 4.0311083e-02
 8.9121656e-03 2.9012089e-04 0.0000000e+00 8.8697551e-03 1.0375266e-02
 2.3234628e-02 0.0000000e+00 1.3309086e-04 4.6325514e-01]

rule11: housing_median_age > 37.180
probabilities_array:[0.20485097 0.07138583 0.0456007  0.0635635  0.         0.01737059
 0.         0.         0.         0.         0.05876656 0.08441605
 0.21125318 0.24279262]

rule23: population > 2195.023
probabilities_array:[0.22047937 0.052579   0.07418817 0.06611758 0.12804097 0.16527751
 0.09741028 0.03636411 0.05175425 0.05734634 0.03077809 0.0133452
 0.00052472 0.0057944 ]

rule34: ocean_proximity_ISLAND = 0.0
probabilities_array:[1.4357704e-01 1.0547247e-01 7.0670694e-02 2.6901567e-02 5.8894109e-02
 1.3041026e-03 2.2117748e-04 6.0140743e-04 2.6185161e-02 1.7756327e-03
 2.2179322e-02 7.3815500e-03 4.7698538e-04 5.3435880e-01]

rule9: 20.201 < housing_median_age < 28.690
probabilities_array:[0.08026435 0.05909842 0.04285531 0.08071361 0.02207375 0.00139393
 0.11177319 0.11872125 0.10033185 0.08434086 0.04424701 0.06442076
 0.         0.18976568]

rule14: 2634.368 < total_rooms < 4107.304
probabilities_array:[0.         0.05588134 0.02496588 0.02475108 0.02487043 0.00079305
 0.0370357  0.         0.04073398 0.06238592 0.09694552 0.19328895
 0.2802512  0.15809695]

rule20: population < 645.086
probabilities_array:[0.         0.04880108 0.01013914 0.00577469 0.00933913 0.
 0.02517566 0.07133143 0.07068481 0.06945807 0.10270187 0.22732624
 0.29426578 0.06500213]

rule16: total_bedrooms < 253.605
probabilities_array:[0.09902333 0.06259411 0.14789258 0.01326989 0.         0.02573934
 0.13416097 0.01584656 0.0536714  0.         0.03675703 0.
 0.09286488 0.31817988]


---2---
rule28: median_income < 2.587
probabilities_array:[0.19325201 0.20535158 0.17471695 0.12083511 0.09197037 0.06770294
 0.05400733 0.03132312 0.01466527 0.01419159 0.01332519 0.00636624
 0.         0.01229225]

rule33: ocean_proximity_INLAND = 1.0
probabilities_array:[0.24193123 0.22247995 0.1826437  0.16154473 0.04689948 0.02016656
 0.00451075 0.00655929 0.01899658 0.         0.         0.
 0.         0.09426766]

rule7: latitude > 37.075
probabilities_array:[0.         0.08922448 0.18377128 0.20919748 0.17092621 0.05462841
 0.04119437 0.03041517 0.01127225 0.01639423 0.00956133 0.02612437
 0.05440556 0.1028849 ]

rule4: latitude < 34.188
probabilities_array:[0.         0.03974701 0.16075277 0.11226655 0.08185023 0.03966986
 0.03425578 0.01808935 0.01583609 0.02077536 0.10298707 0.11133602
 0.20267788 0.05975603]

rule37: ocean_proximity_NEAR BAY = 1.0
probabilities_array:[0.         0.20226283 0.17102621 0.08300453 0.01677403 0.
 0.         0.         0.         0.         0.03320266 0.13789116
 0.19230796 0.16353057]

rule29: 2.587 < median_income < 3.880
probabilities_array:[0.00488848 0.06145298 0.1073538  0.12119499 0.13247967 0.14883512
 0.12743108 0.09774279 0.05397659 0.05912562 0.04978827 0.02124733
 0.         0.01448331]

rule16: total_bedrooms < 253.605
probabilities_array:[0.09902333 0.06259411 0.14789258 0.01326989 0.         0.02573934
 0.13416097 0.01584656 0.0536714  0.         0.03675703 0.
 0.09286488 0.31817988]

rule38: ocean_proximity_NEAR OCEAN = 0.0
probabilities_array:[0.23382004 0.09707612 0.1425785  0.03223879 0.01758948 0.00590775
 0.04980916 0.05798939 0.00898708 0.00385081 0.02374099 0.00256918
 0.         0.32384285]

rule2: -119.569 < longitude < -118.217
probabilities_array:[0.22010395 0.09296215 0.10216493 0.05600798 0.         0.
 0.01321902 0.01676061 0.08245949 0.00079183 0.00666013 0.08294657
 0.19587745 0.13004598]

rule39: ocean_proximity_NEAR OCEAN = 1.0
probabilities_array:[0.0069852  0.20189376 0.08828852 0.06957196 0.04491549 0.
 0.         0.         0.03385319 0.05605135 0.09054922 0.10010042
 0.25681943 0.0509714 ]

rule8: housing_median_age < 20.201
probabilities_array:[0.02993953 0.07346795 0.07728443 0.11618431 0.12898634 0.11670368
 0.10580061 0.08464979 0.06703205 0.06309241 0.06750256 0.03587405
 0.         0.03348214]

rule23: population > 2195.023
probabilities_array:[0.22047937 0.052579   0.07418817 0.06611758 0.12804097 0.16527751
 0.09741028 0.03636411 0.05175425 0.05734634 0.03077809 0.0133452
 0.00052472 0.0057944 ]

rule1: -120.921 < longitude < -119.569
probabilities_array:[0.17069864 0.14589678 0.08255935 0.17315666 0.06814692 0.01602179
 0.         0.         0.         0.01285606 0.         0.11457678
 0.0295314  0.18655556]

rule22: 1420.055 < population < 2195.023
probabilities_array:[0.20498207 0.07756589 0.07056138 0.06172362 0.10493123 0.142916
 0.04460308 0.0540484  0.06445315 0.06802067 0.03005153 0.00878474
 0.         0.06735821]

rule12: total_rooms < 1161.432
probabilities_array:[0.22044349 0.10651999 0.06499883 0.07005985 0.15626384 0.14987198
 0.06294582 0.0367215  0.03319547 0.04320267 0.02230612 0.01470346
 0.00462384 0.01414305]

rule36: ocean_proximity_NEAR BAY = 0.0
probabilities_array:[2.2356634e-01 9.0794586e-02 9.0255789e-02 8.8308431e-02 4.1389115e-02
 4.3851067e-03 2.0703685e-03 3.9375043e-03 6.0697675e-02 4.7292128e-02
 3.5028644e-02 1.0236227e-02 2.6171430e-04 3.0177638e-01]

rule21: 645.086 < population < 1420.055
probabilities_array:[8.5967384e-02 1.2505662e-01 8.7354615e-02 6.2808306e-03 0.0000000e+00
 3.9104767e-02 0.0000000e+00 0.0000000e+00 3.4373844e-04 1.4889320e-04
 3.2262899e-02 1.1190765e-01 1.5118171e-01 3.6039087e-01]

rule5: 34.188 < latitude < 35.632
probabilities_array:[0.1362911  0.04434476 0.06041552 0.08906035 0.0942709  0.01872017
 0.0977651  0.144012   0.1004228  0.05868408 0.04399003 0.0125425
 0.         0.0994807 ]

rule3: longitude > -118.217
probabilities_array:[0.04638956 0.08187286 0.05131152 0.11847452 0.1205042  0.17566344
 0.11311729 0.11226059 0.08847334 0.04550616 0.01150719 0.00959755
 0.00074486 0.024577  ]

rule15: total_rooms > 4107.304
probabilities_array:[0.0000000e+00 3.0538660e-02 5.0736010e-02 2.5833992e-02 3.4773748e-04
 0.0000000e+00 0.0000000e+00 1.0941243e-02 2.7200770e-02 3.3868242e-02
 1.3986604e-01 2.0637986e-01 4.0616927e-01 6.8118274e-02]

rule26: 498.408 < households < 756.061
probabilities_array:[0.         0.10478161 0.07060964 0.         0.03570688 0.
 0.05143939 0.12035532 0.02970083 0.10453344 0.01677833 0.09675681
 0.0048962  0.36444148]

rule24: households < 240.756
probabilities_array:[0.12660353 0.1025277  0.06721088 0.09306407 0.02566009 0.04118895
 0.02208854 0.02407786 0.05079463 0.         0.02187978 0.
 0.02714802 0.397756  ]


---3---
rule7: latitude > 37.075
probabilities_array:[0.         0.08922448 0.18377128 0.20919748 0.17092621 0.05462841
 0.04119437 0.03041517 0.01127225 0.01639423 0.00956133 0.02612437
 0.05440556 0.1028849 ]

rule33: ocean_proximity_INLAND = 1.0
probabilities_array:[0.24193123 0.22247995 0.1826437  0.16154473 0.04689948 0.02016656
 0.00451075 0.00655929 0.01899658 0.         0.         0.
 0.         0.09426766]

rule1: -120.921 < longitude < -119.569
probabilities_array:[0.17069864 0.14589678 0.08255935 0.17315666 0.06814692 0.01602179
 0.         0.         0.         0.01285606 0.         0.11457678
 0.0295314  0.18655556]

rule29: 2.587 < median_income < 3.880
probabilities_array:[0.00488848 0.06145298 0.1073538  0.12119499 0.13247967 0.14883512
 0.12743108 0.09774279 0.05397659 0.05912562 0.04978827 0.02124733
 0.         0.01448331]

rule28: median_income < 2.587
probabilities_array:[0.19325201 0.20535158 0.17471695 0.12083511 0.09197037 0.06770294
 0.05400733 0.03132312 0.01466527 0.01419159 0.01332519 0.00636624
 0.         0.01229225]

rule3: longitude > -118.217
probabilities_array:[0.04638956 0.08187286 0.05131152 0.11847452 0.1205042  0.17566344
 0.11311729 0.11226059 0.08847334 0.04550616 0.01150719 0.00959755
 0.00074486 0.024577  ]

rule8: housing_median_age < 20.201
probabilities_array:[0.02993953 0.07346795 0.07728443 0.11618431 0.12898634 0.11670368
 0.10580061 0.08464979 0.06703205 0.06309241 0.06750256 0.03587405
 0.         0.03348214]

rule4: latitude < 34.188
probabilities_array:[0.         0.03974701 0.16075277 0.11226655 0.08185023 0.03966986
 0.03425578 0.01808935 0.01583609 0.02077536 0.10298707 0.11133602
 0.20267788 0.05975603]

rule5: 34.188 < latitude < 35.632
probabilities_array:[0.1362911  0.04434476 0.06041552 0.08906035 0.0942709  0.01872017
 0.0977651  0.144012   0.1004228  0.05868408 0.04399003 0.0125425
 0.         0.0994807 ]

rule37: ocean_proximity_NEAR BAY = 1.0
probabilities_array:[0.         0.20226283 0.17102621 0.08300453 0.01677403 0.
 0.         0.         0.         0.         0.03320266 0.13789116
 0.19230796 0.16353057]

rule12: total_rooms < 1161.432
probabilities_array:[0.22044349 0.10651999 0.06499883 0.07005985 0.15626384 0.14987198
 0.06294582 0.0367215  0.03319547 0.04320267 0.02230612 0.01470346
 0.00462384 0.01414305]

rule39: ocean_proximity_NEAR OCEAN = 1.0
probabilities_array:[0.0069852  0.20189376 0.08828852 0.06957196 0.04491549 0.
 0.         0.         0.03385319 0.05605135 0.09054922 0.10010042
 0.25681943 0.0509714 ]

rule23: population > 2195.023
probabilities_array:[0.22047937 0.052579   0.07418817 0.06611758 0.12804097 0.16527751
 0.09741028 0.03636411 0.05175425 0.05734634 0.03077809 0.0133452
 0.00052472 0.0057944 ]

rule9: 20.201 < housing_median_age < 28.690
probabilities_array:[0.08026435 0.05909842 0.04285531 0.08071361 0.02207375 0.00139393
 0.11177319 0.11872125 0.10033185 0.08434086 0.04424701 0.06442076
 0.         0.18976568]

rule36: ocean_proximity_NEAR BAY = 0.0
probabilities_array:[2.2356634e-01 9.0794586e-02 9.0255789e-02 8.8308431e-02 4.1389115e-02
 4.3851067e-03 2.0703685e-03 3.9375043e-03 6.0697675e-02 4.7292128e-02
 3.5028644e-02 1.0236227e-02 2.6171430e-04 3.0177638e-01]

rule22: 1420.055 < population < 2195.023
probabilities_array:[0.20498207 0.07756589 0.07056138 0.06172362 0.10493123 0.142916
 0.04460308 0.0540484  0.06445315 0.06802067 0.03005153 0.00878474
 0.         0.06735821]

rule24: households < 240.756
probabilities_array:[0.12660353 0.1025277  0.06721088 0.09306407 0.02566009 0.04118895
 0.02208854 0.02407786 0.05079463 0.         0.02187978 0.
 0.02714802 0.397756  ]

rule30: 3.880 < median_income < 5.173
probabilities_array:[0.00096342 0.01225211 0.01622809 0.05098831 0.0768137  0.10285757
 0.14553961 0.135498   0.12217586 0.1162751  0.1132002  0.07318946
 0.0324995  0.00151914]

rule2: -119.569 < longitude < -118.217
probabilities_array:[0.22010395 0.09296215 0.10216493 0.05600798 0.         0.
 0.01321902 0.01676061 0.08245949 0.00079183 0.00666013 0.08294657
 0.19587745 0.13004598]

rule11: housing_median_age > 37.180
probabilities_array:[0.20485097 0.07138583 0.0456007  0.0635635  0.         0.01737059
 0.         0.         0.         0.         0.05876656 0.08441605
 0.21125318 0.24279262]

rule25: 240.756 < households < 498.408
probabilities_array:[2.1287587e-01 1.0625391e-01 3.9326917e-02 8.6162135e-02 4.0311083e-02
 8.9121656e-03 2.9012089e-04 0.0000000e+00 8.8697551e-03 1.0375266e-02
 2.3234628e-02 0.0000000e+00 1.3309086e-04 4.6325514e-01]

rule19: total_bedrooms > 817.919
probabilities_array:[0.         0.11460898 0.00210109 0.05674449 0.02235811 0.
 0.01136867 0.11443565 0.05266657 0.07900413 0.06003743 0.05648307
 0.21964525 0.21054654]


---4---
rule12: total_rooms < 1161.432
probabilities_array:[0.22044349 0.10651999 0.06499883 0.07005985 0.15626384 0.14987198
 0.06294582 0.0367215  0.03319547 0.04320267 0.02230612 0.01470346
 0.00462384 0.01414305]

rule7: latitude > 37.075
probabilities_array:[0.         0.08922448 0.18377128 0.20919748 0.17092621 0.05462841
 0.04119437 0.03041517 0.01127225 0.01639423 0.00956133 0.02612437
 0.05440556 0.1028849 ]

rule29: 2.587 < median_income < 3.880
probabilities_array:[0.00488848 0.06145298 0.1073538  0.12119499 0.13247967 0.14883512
 0.12743108 0.09774279 0.05397659 0.05912562 0.04978827 0.02124733
 0.         0.01448331]

rule23: population > 2195.023
probabilities_array:[0.22047937 0.052579   0.07418817 0.06611758 0.12804097 0.16527751
 0.09741028 0.03636411 0.05175425 0.05734634 0.03077809 0.0133452
 0.00052472 0.0057944 ]

rule8: housing_median_age < 20.201
probabilities_array:[0.02993953 0.07346795 0.07728443 0.11618431 0.12898634 0.11670368
 0.10580061 0.08464979 0.06703205 0.06309241 0.06750256 0.03587405
 0.         0.03348214]

rule3: longitude > -118.217
probabilities_array:[0.04638956 0.08187286 0.05131152 0.11847452 0.1205042  0.17566344
 0.11311729 0.11226059 0.08847334 0.04550616 0.01150719 0.00959755
 0.00074486 0.024577  ]

rule22: 1420.055 < population < 2195.023
probabilities_array:[0.20498207 0.07756589 0.07056138 0.06172362 0.10493123 0.142916
 0.04460308 0.0540484  0.06445315 0.06802067 0.03005153 0.00878474
 0.         0.06735821]

rule13: 1161.432 < total_rooms < 2634.368
probabilities_array:[0.18709308 0.11020534 0.04162056 0.01979308 0.11630626 0.15036595
 0.04100202 0.05776938 0.02644595 0.02489481 0.02020222 0.00841305
 0.         0.19588825]

rule28: median_income < 2.587
probabilities_array:[0.19325201 0.20535158 0.17471695 0.12083511 0.09197037 0.06770294
 0.05400733 0.03132312 0.01466527 0.01419159 0.01332519 0.00636624
 0.         0.01229225]

rule5: 34.188 < latitude < 35.632
probabilities_array:[0.1362911  0.04434476 0.06041552 0.08906035 0.0942709  0.01872017
 0.0977651  0.144012   0.1004228  0.05868408 0.04399003 0.0125425
 0.         0.0994807 ]

rule4: latitude < 34.188
probabilities_array:[0.         0.03974701 0.16075277 0.11226655 0.08185023 0.03966986
 0.03425578 0.01808935 0.01583609 0.02077536 0.10298707 0.11133602
 0.20267788 0.05975603]

rule30: 3.880 < median_income < 5.173
probabilities_array:[0.00096342 0.01225211 0.01622809 0.05098831 0.0768137  0.10285757
 0.14553961 0.135498   0.12217586 0.1162751  0.1132002  0.07318946
 0.0324995  0.00151914]

rule1: -120.921 < longitude < -119.569
probabilities_array:[0.17069864 0.14589678 0.08255935 0.17315666 0.06814692 0.01602179
 0.         0.         0.         0.01285606 0.         0.11457678
 0.0295314  0.18655556]

rule39: ocean_proximity_NEAR OCEAN = 1.0
probabilities_array:[0.0069852  0.20189376 0.08828852 0.06957196 0.04491549 0.
 0.         0.         0.03385319 0.05605135 0.09054922 0.10010042
 0.25681943 0.0509714 ]

rule33: ocean_proximity_INLAND = 1.0
probabilities_array:[0.24193123 0.22247995 0.1826437  0.16154473 0.04689948 0.02016656
 0.00451075 0.00655929 0.01899658 0.         0.         0.
 0.         0.09426766]


---5---
rule3: longitude > -118.217
probabilities_array:[0.04638956 0.08187286 0.05131152 0.11847452 0.1205042  0.17566344
 0.11311729 0.11226059 0.08847334 0.04550616 0.01150719 0.00959755
 0.00074486 0.024577  ]

rule23: population > 2195.023
probabilities_array:[0.22047937 0.052579   0.07418817 0.06611758 0.12804097 0.16527751
 0.09741028 0.03636411 0.05175425 0.05734634 0.03077809 0.0133452
 0.00052472 0.0057944 ]

rule12: total_rooms < 1161.432
probabilities_array:[0.22044349 0.10651999 0.06499883 0.07005985 0.15626384 0.14987198
 0.06294582 0.0367215  0.03319547 0.04320267 0.02230612 0.01470346
 0.00462384 0.01414305]

rule29: 2.587 < median_income < 3.880
probabilities_array:[0.00488848 0.06145298 0.1073538  0.12119499 0.13247967 0.14883512
 0.12743108 0.09774279 0.05397659 0.05912562 0.04978827 0.02124733
 0.         0.01448331]

rule22: 1420.055 < population < 2195.023
probabilities_array:[0.20498207 0.07756589 0.07056138 0.06172362 0.10493123 0.142916
 0.04460308 0.0540484  0.06445315 0.06802067 0.03005153 0.00878474
 0.         0.06735821]

rule13: 1161.432 < total_rooms < 2634.368
probabilities_array:[0.18709308 0.11020534 0.04162056 0.01979308 0.11630626 0.15036595
 0.04100202 0.05776938 0.02644595 0.02489481 0.02020222 0.00841305
 0.         0.19588825]

rule8: housing_median_age < 20.201
probabilities_array:[0.02993953 0.07346795 0.07728443 0.11618431 0.12898634 0.11670368
 0.10580061 0.08464979 0.06703205 0.06309241 0.06750256 0.03587405
 0.         0.03348214]

rule30: 3.880 < median_income < 5.173
probabilities_array:[0.00096342 0.01225211 0.01622809 0.05098831 0.0768137  0.10285757
 0.14553961 0.135498   0.12217586 0.1162751  0.1132002  0.07318946
 0.0324995  0.00151914]

rule28: median_income < 2.587
probabilities_array:[0.19325201 0.20535158 0.17471695 0.12083511 0.09197037 0.06770294
 0.05400733 0.03132312 0.01466527 0.01419159 0.01332519 0.00636624
 0.         0.01229225]

rule7: latitude > 37.075
probabilities_array:[0.         0.08922448 0.18377128 0.20919748 0.17092621 0.05462841
 0.04119437 0.03041517 0.01127225 0.01639423 0.00956133 0.02612437
 0.05440556 0.1028849 ]

rule10: 28.690 < housing_median_age < 37.180
probabilities_array:[0.2489364  0.09127603 0.00782495 0.         0.         0.07033502
 0.09660093 0.10520802 0.02795996 0.03257759 0.         0.
 0.00851642 0.31076476]

rule32: ocean_proximity_INLAND = 0.0
probabilities_array:[0.         0.0065234  0.00984284 0.02137102 0.02818258 0.04668734
 0.10194121 0.12342811 0.14703085 0.16205874 0.13003287 0.12292358
 0.09997744 0.        ]

rule0: longitude < -120.921
probabilities_array:[0.0163218  0.02616483 0.         0.         0.00044107 0.05825159
 0.00939852 0.04376149 0.14679478 0.14643674 0.12805681 0.11178578
 0.06853024 0.24405639]


---6---
rule30: 3.880 < median_income < 5.173
probabilities_array:[0.00096342 0.01225211 0.01622809 0.05098831 0.0768137  0.10285757
 0.14553961 0.135498   0.12217586 0.1162751  0.1132002  0.07318946
 0.0324995  0.00151914]

rule29: 2.587 < median_income < 3.880
probabilities_array:[0.00488848 0.06145298 0.1073538  0.12119499 0.13247967 0.14883512
 0.12743108 0.09774279 0.05397659 0.05912562 0.04978827 0.02124733
 0.         0.01448331]

rule3: longitude > -118.217
probabilities_array:[0.04638956 0.08187286 0.05131152 0.11847452 0.1205042  0.17566344
 0.11311729 0.11226059 0.08847334 0.04550616 0.01150719 0.00959755
 0.00074486 0.024577  ]

rule8: housing_median_age < 20.201
probabilities_array:[0.02993953 0.07346795 0.07728443 0.11618431 0.12898634 0.11670368
 0.10580061 0.08464979 0.06703205 0.06309241 0.06750256 0.03587405
 0.         0.03348214]

rule32: ocean_proximity_INLAND = 0.0
probabilities_array:[0.         0.0065234  0.00984284 0.02137102 0.02818258 0.04668734
 0.10194121 0.12342811 0.14703085 0.16205874 0.13003287 0.12292358
 0.09997744 0.        ]

rule23: population > 2195.023
probabilities_array:[0.22047937 0.052579   0.07418817 0.06611758 0.12804097 0.16527751
 0.09741028 0.03636411 0.05175425 0.05734634 0.03077809 0.0133452
 0.00052472 0.0057944 ]

rule16: total_bedrooms < 253.605
probabilities_array:[0.09902333 0.06259411 0.14789258 0.01326989 0.         0.02573934
 0.13416097 0.01584656 0.0536714  0.         0.03675703 0.
 0.09286488 0.31817988]

rule9: 20.201 < housing_median_age < 28.690
probabilities_array:[0.08026435 0.05909842 0.04285531 0.08071361 0.02207375 0.00139393
 0.11177319 0.11872125 0.10033185 0.08434086 0.04424701 0.06442076
 0.         0.18976568]

rule5: 34.188 < latitude < 35.632
probabilities_array:[0.1362911  0.04434476 0.06041552 0.08906035 0.0942709  0.01872017
 0.0977651  0.144012   0.1004228  0.05868408 0.04399003 0.0125425
 0.         0.0994807 ]

rule10: 28.690 < housing_median_age < 37.180
probabilities_array:[0.2489364  0.09127603 0.00782495 0.         0.         0.07033502
 0.09660093 0.10520802 0.02795996 0.03257759 0.         0.
 0.00851642 0.31076476]

rule12: total_rooms < 1161.432
probabilities_array:[0.22044349 0.10651999 0.06499883 0.07005985 0.15626384 0.14987198
 0.06294582 0.0367215  0.03319547 0.04320267 0.02230612 0.01470346
 0.00462384 0.01414305]

rule28: median_income < 2.587
probabilities_array:[0.19325201 0.20535158 0.17471695 0.12083511 0.09197037 0.06770294
 0.05400733 0.03132312 0.01466527 0.01419159 0.01332519 0.00636624
 0.         0.01229225]

rule22: 1420.055 < population < 2195.023
probabilities_array:[0.20498207 0.07756589 0.07056138 0.06172362 0.10493123 0.142916
 0.04460308 0.0540484  0.06445315 0.06802067 0.03005153 0.00878474
 0.         0.06735821]


---7---
rule30: 3.880 < median_income < 5.173
probabilities_array:[0.00096342 0.01225211 0.01622809 0.05098831 0.0768137  0.10285757
 0.14553961 0.135498   0.12217586 0.1162751  0.1132002  0.07318946
 0.0324995  0.00151914]

rule5: 34.188 < latitude < 35.632
probabilities_array:[0.1362911  0.04434476 0.06041552 0.08906035 0.0942709  0.01872017
 0.0977651  0.144012   0.1004228  0.05868408 0.04399003 0.0125425
 0.         0.0994807 ]

rule32: ocean_proximity_INLAND = 0.0
probabilities_array:[0.         0.0065234  0.00984284 0.02137102 0.02818258 0.04668734
 0.10194121 0.12342811 0.14703085 0.16205874 0.13003287 0.12292358
 0.09997744 0.        ]

rule3: longitude > -118.217
probabilities_array:[0.04638956 0.08187286 0.05131152 0.11847452 0.1205042  0.17566344
 0.11311729 0.11226059 0.08847334 0.04550616 0.01150719 0.00959755
 0.00074486 0.024577  ]

rule29: 2.587 < median_income < 3.880
probabilities_array:[0.00488848 0.06145298 0.1073538  0.12119499 0.13247967 0.14883512
 0.12743108 0.09774279 0.05397659 0.05912562 0.04978827 0.02124733
 0.         0.01448331]

rule9: 20.201 < housing_median_age < 28.690
probabilities_array:[0.08026435 0.05909842 0.04285531 0.08071361 0.02207375 0.00139393
 0.11177319 0.11872125 0.10033185 0.08434086 0.04424701 0.06442076
 0.         0.18976568]

rule19: total_bedrooms > 817.919
probabilities_array:[0.         0.11460898 0.00210109 0.05674449 0.02235811 0.
 0.01136867 0.11443565 0.05266657 0.07900413 0.06003743 0.05648307
 0.21964525 0.21054654]

rule27: households > 756.061
probabilities_array:[0.         0.01570499 0.         0.03049161 0.00472222 0.0030503
 0.00415251 0.10482342 0.07467942 0.09524757 0.06901418 0.19866295
 0.24185862 0.15759218]

rule8: housing_median_age < 20.201
probabilities_array:[0.02993953 0.07346795 0.07728443 0.11618431 0.12898634 0.11670368
 0.10580061 0.08464979 0.06703205 0.06309241 0.06750256 0.03587405
 0.         0.03348214]

rule26: 498.408 < households < 756.061
probabilities_array:[0.         0.10478161 0.07060964 0.         0.03570688 0.
 0.05143939 0.12035532 0.02970083 0.10453344 0.01677833 0.09675681
 0.0048962  0.36444148]

rule10: 28.690 < housing_median_age < 37.180
probabilities_array:[0.2489364  0.09127603 0.00782495 0.         0.         0.07033502
 0.09660093 0.10520802 0.02795996 0.03257759 0.         0.
 0.00851642 0.31076476]

rule20: population < 645.086
probabilities_array:[0.         0.04880108 0.01013914 0.00577469 0.00933913 0.
 0.02517566 0.07133143 0.07068481 0.06945807 0.10270187 0.22732624
 0.29426578 0.06500213]

rule31: median_income > 5.173
probabilities_array:[0.         0.         0.00454427 0.00537129 0.01098737 0.01836373
 0.02718068 0.0511426  0.07525485 0.13694613 0.19361477 0.2184384
 0.2536862  0.00446989]

rule22: 1420.055 < population < 2195.023
probabilities_array:[0.20498207 0.07756589 0.07056138 0.06172362 0.10493123 0.142916
 0.04460308 0.0540484  0.06445315 0.06802067 0.03005153 0.00878474
 0.         0.06735821]

rule13: 1161.432 < total_rooms < 2634.368
probabilities_array:[0.18709308 0.11020534 0.04162056 0.01979308 0.11630626 0.15036595
 0.04100202 0.05776938 0.02644595 0.02489481 0.02020222 0.00841305
 0.         0.19588825]


---8---
rule32: ocean_proximity_INLAND = 0.0
probabilities_array:[0.         0.0065234  0.00984284 0.02137102 0.02818258 0.04668734
 0.10194121 0.12342811 0.14703085 0.16205874 0.13003287 0.12292358
 0.09997744 0.        ]

rule30: 3.880 < median_income < 5.173
probabilities_array:[0.00096342 0.01225211 0.01622809 0.05098831 0.0768137  0.10285757
 0.14553961 0.135498   0.12217586 0.1162751  0.1132002  0.07318946
 0.0324995  0.00151914]

rule0: longitude < -120.921
probabilities_array:[0.0163218  0.02616483 0.         0.         0.00044107 0.05825159
 0.00939852 0.04376149 0.14679478 0.14643674 0.12805681 0.11178578
 0.06853024 0.24405639]

rule5: 34.188 < latitude < 35.632
probabilities_array:[0.1362911  0.04434476 0.06041552 0.08906035 0.0942709  0.01872017
 0.0977651  0.144012   0.1004228  0.05868408 0.04399003 0.0125425
 0.         0.0994807 ]

rule3: longitude > -118.217
probabilities_array:[0.04638956 0.08187286 0.05131152 0.11847452 0.1205042  0.17566344
 0.11311729 0.11226059 0.08847334 0.04550616 0.01150719 0.00959755
 0.00074486 0.024577  ]

rule9: 20.201 < housing_median_age < 28.690
probabilities_array:[0.08026435 0.05909842 0.04285531 0.08071361 0.02207375 0.00139393
 0.11177319 0.11872125 0.10033185 0.08434086 0.04424701 0.06442076
 0.         0.18976568]

rule31: median_income > 5.173
probabilities_array:[0.         0.         0.00454427 0.00537129 0.01098737 0.01836373
 0.02718068 0.0511426  0.07525485 0.13694613 0.19361477 0.2184384
 0.2536862  0.00446989]

rule2: -119.569 < longitude < -118.217
probabilities_array:[0.22010395 0.09296215 0.10216493 0.05600798 0.         0.
 0.01321902 0.01676061 0.08245949 0.00079183 0.00666013 0.08294657
 0.19587745 0.13004598]

rule20: population < 645.086
probabilities_array:[0.         0.04880108 0.01013914 0.00577469 0.00933913 0.
 0.02517566 0.07133143 0.07068481 0.06945807 0.10270187 0.22732624
 0.29426578 0.06500213]

rule8: housing_median_age < 20.201
probabilities_array:[0.02993953 0.07346795 0.07728443 0.11618431 0.12898634 0.11670368
 0.10580061 0.08464979 0.06703205 0.06309241 0.06750256 0.03587405
 0.         0.03348214]

rule27: households > 756.061
probabilities_array:[0.         0.01570499 0.         0.03049161 0.00472222 0.0030503
 0.00415251 0.10482342 0.07467942 0.09524757 0.06901418 0.19866295
 0.24185862 0.15759218]

rule22: 1420.055 < population < 2195.023
probabilities_array:[0.20498207 0.07756589 0.07056138 0.06172362 0.10493123 0.142916
 0.04460308 0.0540484  0.06445315 0.06802067 0.03005153 0.00878474
 0.         0.06735821]

rule29: 2.587 < median_income < 3.880
probabilities_array:[0.00488848 0.06145298 0.1073538  0.12119499 0.13247967 0.14883512
 0.12743108 0.09774279 0.05397659 0.05912562 0.04978827 0.02124733
 0.         0.01448331]

rule23: population > 2195.023
probabilities_array:[0.22047937 0.052579   0.07418817 0.06611758 0.12804097 0.16527751
 0.09741028 0.03636411 0.05175425 0.05734634 0.03077809 0.0133452
 0.00052472 0.0057944 ]

rule36: ocean_proximity_NEAR BAY = 0.0
probabilities_array:[2.2356634e-01 9.0794586e-02 9.0255789e-02 8.8308431e-02 4.1389115e-02
 4.3851067e-03 2.0703685e-03 3.9375043e-03 6.0697675e-02 4.7292128e-02
 3.5028644e-02 1.0236227e-02 2.6171430e-04 3.0177638e-01]

rule19: total_bedrooms > 817.919
probabilities_array:[0.         0.11460898 0.00210109 0.05674449 0.02235811 0.
 0.01136867 0.11443565 0.05266657 0.07900413 0.06003743 0.05648307
 0.21964525 0.21054654]


---9---
rule32: ocean_proximity_INLAND = 0.0
probabilities_array:[0.         0.0065234  0.00984284 0.02137102 0.02818258 0.04668734
 0.10194121 0.12342811 0.14703085 0.16205874 0.13003287 0.12292358
 0.09997744 0.        ]

rule31: median_income > 5.173
probabilities_array:[0.         0.         0.00454427 0.00537129 0.01098737 0.01836373
 0.02718068 0.0511426  0.07525485 0.13694613 0.19361477 0.2184384
 0.2536862  0.00446989]

rule30: 3.880 < median_income < 5.173
probabilities_array:[0.00096342 0.01225211 0.01622809 0.05098831 0.0768137  0.10285757
 0.14553961 0.135498   0.12217586 0.1162751  0.1132002  0.07318946
 0.0324995  0.00151914]

rule0: longitude < -120.921
probabilities_array:[0.0163218  0.02616483 0.         0.         0.00044107 0.05825159
 0.00939852 0.04376149 0.14679478 0.14643674 0.12805681 0.11178578
 0.06853024 0.24405639]

rule27: households > 756.061
probabilities_array:[0.         0.01570499 0.         0.03049161 0.00472222 0.0030503
 0.00415251 0.10482342 0.07467942 0.09524757 0.06901418 0.19866295
 0.24185862 0.15759218]

rule9: 20.201 < housing_median_age < 28.690
probabilities_array:[0.08026435 0.05909842 0.04285531 0.08071361 0.02207375 0.00139393
 0.11177319 0.11872125 0.10033185 0.08434086 0.04424701 0.06442076
 0.         0.18976568]

rule26: 498.408 < households < 756.061
probabilities_array:[0.         0.10478161 0.07060964 0.         0.03570688 0.
 0.05143939 0.12035532 0.02970083 0.10453344 0.01677833 0.09675681
 0.0048962  0.36444148]

rule20: population < 645.086
probabilities_array:[0.         0.04880108 0.01013914 0.00577469 0.00933913 0.
 0.02517566 0.07133143 0.07068481 0.06945807 0.10270187 0.22732624
 0.29426578 0.06500213]

rule22: 1420.055 < population < 2195.023
probabilities_array:[0.20498207 0.07756589 0.07056138 0.06172362 0.10493123 0.142916
 0.04460308 0.0540484  0.06445315 0.06802067 0.03005153 0.00878474
 0.         0.06735821]

rule19: total_bedrooms > 817.919
probabilities_array:[0.         0.11460898 0.00210109 0.05674449 0.02235811 0.
 0.01136867 0.11443565 0.05266657 0.07900413 0.06003743 0.05648307
 0.21964525 0.21054654]

rule8: housing_median_age < 20.201
probabilities_array:[0.02993953 0.07346795 0.07728443 0.11618431 0.12898634 0.11670368
 0.10580061 0.08464979 0.06703205 0.06309241 0.06750256 0.03587405
 0.         0.03348214]

rule29: 2.587 < median_income < 3.880
probabilities_array:[0.00488848 0.06145298 0.1073538  0.12119499 0.13247967 0.14883512
 0.12743108 0.09774279 0.05397659 0.05912562 0.04978827 0.02124733
 0.         0.01448331]

rule23: population > 2195.023
probabilities_array:[0.22047937 0.052579   0.07418817 0.06611758 0.12804097 0.16527751
 0.09741028 0.03636411 0.05175425 0.05734634 0.03077809 0.0133452
 0.00052472 0.0057944 ]

rule39: ocean_proximity_NEAR OCEAN = 1.0
probabilities_array:[0.0069852  0.20189376 0.08828852 0.06957196 0.04491549 0.
 0.         0.         0.03385319 0.05605135 0.09054922 0.10010042
 0.25681943 0.0509714 ]

rule5: 34.188 < latitude < 35.632
probabilities_array:[0.1362911  0.04434476 0.06041552 0.08906035 0.0942709  0.01872017
 0.0977651  0.144012   0.1004228  0.05868408 0.04399003 0.0125425
 0.         0.0994807 ]

rule14: 2634.368 < total_rooms < 4107.304
probabilities_array:[0.         0.05588134 0.02496588 0.02475108 0.02487043 0.00079305
 0.0370357  0.         0.04073398 0.06238592 0.09694552 0.19328895
 0.2802512  0.15809695]

rule17: 253.605 < total_bedrooms < 535.762
probabilities_array:[0.18801269 0.05933946 0.05192576 0.02384341 0.05097177 0.04911038
 0.         0.         0.00677784 0.08817102 0.         0.06348357
 0.         0.41836402]

rule3: longitude > -118.217
probabilities_array:[0.04638956 0.08187286 0.05131152 0.11847452 0.1205042  0.17566344
 0.11311729 0.11226059 0.08847334 0.04550616 0.01150719 0.00959755
 0.00074486 0.024577  ]

rule12: total_rooms < 1161.432
probabilities_array:[0.22044349 0.10651999 0.06499883 0.07005985 0.15626384 0.14987198
 0.06294582 0.0367215  0.03319547 0.04320267 0.02230612 0.01470346
 0.00462384 0.01414305]


---10---
rule31: median_income > 5.173
probabilities_array:[0.         0.         0.00454427 0.00537129 0.01098737 0.01836373
 0.02718068 0.0511426  0.07525485 0.13694613 0.19361477 0.2184384
 0.2536862  0.00446989]

rule15: total_rooms > 4107.304
probabilities_array:[0.0000000e+00 3.0538660e-02 5.0736010e-02 2.5833992e-02 3.4773748e-04
 0.0000000e+00 0.0000000e+00 1.0941243e-02 2.7200770e-02 3.3868242e-02
 1.3986604e-01 2.0637986e-01 4.0616927e-01 6.8118274e-02]

rule32: ocean_proximity_INLAND = 0.0
probabilities_array:[0.         0.0065234  0.00984284 0.02137102 0.02818258 0.04668734
 0.10194121 0.12342811 0.14703085 0.16205874 0.13003287 0.12292358
 0.09997744 0.        ]

rule30: 3.880 < median_income < 5.173
probabilities_array:[0.00096342 0.01225211 0.01622809 0.05098831 0.0768137  0.10285757
 0.14553961 0.135498   0.12217586 0.1162751  0.1132002  0.07318946
 0.0324995  0.00151914]

rule4: latitude < 34.188
probabilities_array:[0.         0.03974701 0.16075277 0.11226655 0.08185023 0.03966986
 0.03425578 0.01808935 0.01583609 0.02077536 0.10298707 0.11133602
 0.20267788 0.05975603]

rule0: longitude < -120.921
probabilities_array:[0.0163218  0.02616483 0.         0.         0.00044107 0.05825159
 0.00939852 0.04376149 0.14679478 0.14643674 0.12805681 0.11178578
 0.06853024 0.24405639]

rule20: population < 645.086
probabilities_array:[0.         0.04880108 0.01013914 0.00577469 0.00933913 0.
 0.02517566 0.07133143 0.07068481 0.06945807 0.10270187 0.22732624
 0.29426578 0.06500213]

rule39: ocean_proximity_NEAR OCEAN = 1.0
probabilities_array:[0.0069852  0.20189376 0.08828852 0.06957196 0.04491549 0.
 0.         0.         0.03385319 0.05605135 0.09054922 0.10010042
 0.25681943 0.0509714 ]

rule14: 2634.368 < total_rooms < 4107.304
probabilities_array:[0.         0.05588134 0.02496588 0.02475108 0.02487043 0.00079305
 0.0370357  0.         0.04073398 0.06238592 0.09694552 0.19328895
 0.2802512  0.15809695]

rule8: housing_median_age < 20.201
probabilities_array:[0.02993953 0.07346795 0.07728443 0.11618431 0.12898634 0.11670368
 0.10580061 0.08464979 0.06703205 0.06309241 0.06750256 0.03587405
 0.         0.03348214]

rule27: households > 756.061
probabilities_array:[0.         0.01570499 0.         0.03049161 0.00472222 0.0030503
 0.00415251 0.10482342 0.07467942 0.09524757 0.06901418 0.19866295
 0.24185862 0.15759218]

rule29: 2.587 < median_income < 3.880
probabilities_array:[0.00488848 0.06145298 0.1073538  0.12119499 0.13247967 0.14883512
 0.12743108 0.09774279 0.05397659 0.05912562 0.04978827 0.02124733
 0.         0.01448331]

rule19: total_bedrooms > 817.919
probabilities_array:[0.         0.11460898 0.00210109 0.05674449 0.02235811 0.
 0.01136867 0.11443565 0.05266657 0.07900413 0.06003743 0.05648307
 0.21964525 0.21054654]

rule11: housing_median_age > 37.180
probabilities_array:[0.20485097 0.07138583 0.0456007  0.0635635  0.         0.01737059
 0.         0.         0.         0.         0.05876656 0.08441605
 0.21125318 0.24279262]


---11---
rule31: median_income > 5.173
probabilities_array:[0.         0.         0.00454427 0.00537129 0.01098737 0.01836373
 0.02718068 0.0511426  0.07525485 0.13694613 0.19361477 0.2184384
 0.2536862  0.00446989]

rule20: population < 645.086
probabilities_array:[0.         0.04880108 0.01013914 0.00577469 0.00933913 0.
 0.02517566 0.07133143 0.07068481 0.06945807 0.10270187 0.22732624
 0.29426578 0.06500213]

rule15: total_rooms > 4107.304
probabilities_array:[0.0000000e+00 3.0538660e-02 5.0736010e-02 2.5833992e-02 3.4773748e-04
 0.0000000e+00 0.0000000e+00 1.0941243e-02 2.7200770e-02 3.3868242e-02
 1.3986604e-01 2.0637986e-01 4.0616927e-01 6.8118274e-02]

rule27: households > 756.061
probabilities_array:[0.         0.01570499 0.         0.03049161 0.00472222 0.0030503
 0.00415251 0.10482342 0.07467942 0.09524757 0.06901418 0.19866295
 0.24185862 0.15759218]

rule14: 2634.368 < total_rooms < 4107.304
probabilities_array:[0.         0.05588134 0.02496588 0.02475108 0.02487043 0.00079305
 0.0370357  0.         0.04073398 0.06238592 0.09694552 0.19328895
 0.2802512  0.15809695]

rule32: ocean_proximity_INLAND = 0.0
probabilities_array:[0.         0.0065234  0.00984284 0.02137102 0.02818258 0.04668734
 0.10194121 0.12342811 0.14703085 0.16205874 0.13003287 0.12292358
 0.09997744 0.        ]

rule37: ocean_proximity_NEAR BAY = 1.0
probabilities_array:[0.         0.20226283 0.17102621 0.08300453 0.01677403 0.
 0.         0.         0.         0.         0.03320266 0.13789116
 0.19230796 0.16353057]

rule4: latitude < 34.188
probabilities_array:[0.         0.03974701 0.16075277 0.11226655 0.08185023 0.03966986
 0.03425578 0.01808935 0.01583609 0.02077536 0.10298707 0.11133602
 0.20267788 0.05975603]

rule39: ocean_proximity_NEAR OCEAN = 1.0
probabilities_array:[0.0069852  0.20189376 0.08828852 0.06957196 0.04491549 0.
 0.         0.         0.03385319 0.05605135 0.09054922 0.10010042
 0.25681943 0.0509714 ]

rule1: -120.921 < longitude < -119.569
probabilities_array:[0.17069864 0.14589678 0.08255935 0.17315666 0.06814692 0.01602179
 0.         0.         0.         0.01285606 0.         0.11457678
 0.0295314  0.18655556]

rule0: longitude < -120.921
probabilities_array:[0.0163218  0.02616483 0.         0.         0.00044107 0.05825159
 0.00939852 0.04376149 0.14679478 0.14643674 0.12805681 0.11178578
 0.06853024 0.24405639]

rule30: 3.880 < median_income < 5.173
probabilities_array:[0.00096342 0.01225211 0.01622809 0.05098831 0.0768137  0.10285757
 0.14553961 0.135498   0.12217586 0.1162751  0.1132002  0.07318946
 0.0324995  0.00151914]

rule2: -119.569 < longitude < -118.217
probabilities_array:[0.22010395 0.09296215 0.10216493 0.05600798 0.         0.
 0.01321902 0.01676061 0.08245949 0.00079183 0.00666013 0.08294657
 0.19587745 0.13004598]

rule21: 645.086 < population < 1420.055
probabilities_array:[8.5967384e-02 1.2505662e-01 8.7354615e-02 6.2808306e-03 0.0000000e+00
 3.9104767e-02 0.0000000e+00 0.0000000e+00 3.4373844e-04 1.4889320e-04
 3.2262899e-02 1.1190765e-01 1.5118171e-01 3.6039087e-01]

rule11: housing_median_age > 37.180
probabilities_array:[0.20485097 0.07138583 0.0456007  0.0635635  0.         0.01737059
 0.         0.         0.         0.         0.05876656 0.08441605
 0.21125318 0.24279262]

rule26: 498.408 < households < 756.061
probabilities_array:[0.         0.10478161 0.07060964 0.         0.03570688 0.
 0.05143939 0.12035532 0.02970083 0.10453344 0.01677833 0.09675681
 0.0048962  0.36444148]

rule9: 20.201 < housing_median_age < 28.690
probabilities_array:[0.08026435 0.05909842 0.04285531 0.08071361 0.02207375 0.00139393
 0.11177319 0.11872125 0.10033185 0.08434086 0.04424701 0.06442076
 0.         0.18976568]

rule19: total_bedrooms > 817.919
probabilities_array:[0.         0.11460898 0.00210109 0.05674449 0.02235811 0.
 0.01136867 0.11443565 0.05266657 0.07900413 0.06003743 0.05648307
 0.21964525 0.21054654]


---12---
rule15: total_rooms > 4107.304
probabilities_array:[0.0000000e+00 3.0538660e-02 5.0736010e-02 2.5833992e-02 3.4773748e-04
 0.0000000e+00 0.0000000e+00 1.0941243e-02 2.7200770e-02 3.3868242e-02
 1.3986604e-01 2.0637986e-01 4.0616927e-01 6.8118274e-02]

rule20: population < 645.086
probabilities_array:[0.         0.04880108 0.01013914 0.00577469 0.00933913 0.
 0.02517566 0.07133143 0.07068481 0.06945807 0.10270187 0.22732624
 0.29426578 0.06500213]

rule31: median_income > 5.173
probabilities_array:[0.         0.         0.00454427 0.00537129 0.01098737 0.01836373
 0.02718068 0.0511426  0.07525485 0.13694613 0.19361477 0.2184384
 0.2536862  0.00446989]

rule39: ocean_proximity_NEAR OCEAN = 1.0
probabilities_array:[0.0069852  0.20189376 0.08828852 0.06957196 0.04491549 0.
 0.         0.         0.03385319 0.05605135 0.09054922 0.10010042
 0.25681943 0.0509714 ]

rule14: 2634.368 < total_rooms < 4107.304
probabilities_array:[0.         0.05588134 0.02496588 0.02475108 0.02487043 0.00079305
 0.0370357  0.         0.04073398 0.06238592 0.09694552 0.19328895
 0.2802512  0.15809695]

rule27: households > 756.061
probabilities_array:[0.         0.01570499 0.         0.03049161 0.00472222 0.0030503
 0.00415251 0.10482342 0.07467942 0.09524757 0.06901418 0.19866295
 0.24185862 0.15759218]

rule4: latitude < 34.188
probabilities_array:[0.         0.03974701 0.16075277 0.11226655 0.08185023 0.03966986
 0.03425578 0.01808935 0.01583609 0.02077536 0.10298707 0.11133602
 0.20267788 0.05975603]

rule19: total_bedrooms > 817.919
probabilities_array:[0.         0.11460898 0.00210109 0.05674449 0.02235811 0.
 0.01136867 0.11443565 0.05266657 0.07900413 0.06003743 0.05648307
 0.21964525 0.21054654]

rule2: -119.569 < longitude < -118.217
probabilities_array:[0.22010395 0.09296215 0.10216493 0.05600798 0.         0.
 0.01321902 0.01676061 0.08245949 0.00079183 0.00666013 0.08294657
 0.19587745 0.13004598]

rule37: ocean_proximity_NEAR BAY = 1.0
probabilities_array:[0.         0.20226283 0.17102621 0.08300453 0.01677403 0.
 0.         0.         0.         0.         0.03320266 0.13789116
 0.19230796 0.16353057]

rule11: housing_median_age > 37.180
probabilities_array:[0.20485097 0.07138583 0.0456007  0.0635635  0.         0.01737059
 0.         0.         0.         0.         0.05876656 0.08441605
 0.21125318 0.24279262]

rule32: ocean_proximity_INLAND = 0.0
probabilities_array:[0.         0.0065234  0.00984284 0.02137102 0.02818258 0.04668734
 0.10194121 0.12342811 0.14703085 0.16205874 0.13003287 0.12292358
 0.09997744 0.        ]

rule21: 645.086 < population < 1420.055
probabilities_array:[8.5967384e-02 1.2505662e-01 8.7354615e-02 6.2808306e-03 0.0000000e+00
 3.9104767e-02 0.0000000e+00 0.0000000e+00 3.4373844e-04 1.4889320e-04
 3.2262899e-02 1.1190765e-01 1.5118171e-01 3.6039087e-01]

rule16: total_bedrooms < 253.605
probabilities_array:[0.09902333 0.06259411 0.14789258 0.01326989 0.         0.02573934
 0.13416097 0.01584656 0.0536714  0.         0.03675703 0.
 0.09286488 0.31817988]

rule35: ocean_proximity_ISLAND = 1.0
probabilities_array:[0.         0.         0.         0.         0.         0.
 0.         0.         0.         0.         0.         0.
 0.25068584 0.7493141 ]

rule0: longitude < -120.921
probabilities_array:[0.0163218  0.02616483 0.         0.         0.00044107 0.05825159
 0.00939852 0.04376149 0.14679478 0.14643674 0.12805681 0.11178578
 0.06853024 0.24405639]

rule7: latitude > 37.075
probabilities_array:[0.         0.08922448 0.18377128 0.20919748 0.17092621 0.05462841
 0.04119437 0.03041517 0.01127225 0.01639423 0.00956133 0.02612437
 0.05440556 0.1028849 ]

