MSE: 3375669528028473.0

Accuracy: 0.4996358339402768

F1: 0.49534861489846427

Confusion Matrix: [[227, 68, 29, 10], [88, 131, 88, 27], [38, 109, 105, 109], [13, 33, 75, 223]]

Uncertainties: {'class0': [0.13873061537742615, 0.14829237759113312, 0.33489367365837097, 0.3741489350795746, 0.42595890164375305], 'class1': [0.07231752574443817, 0.13873061537742615, 0.14829237759113312, 0.16557477414608002, 0.23003648221492767], 'class2': [0.07231752574443817, 0.13873061537742615, 0.14829237759113312, 0.16557477414608002, 0.23003648221492767], 'class3': [0.07231752574443817, 0.16557477414608002, 0.23003648221492767, 0.2508319020271301, 0.2821691036224365]}

y_test: [5600000.0, 18882880.0, 38201895.0, 79817937.0, 13751.0, 43982842.0, 1050600.0, 27669413.0, 57859105.0, 41997790.0, 63411478.0, 12055108.0, 41709.0, 104383624.0, 11883495.0, 2436.0, 126805112.0, 317011114.0, 49875589.0, 4231500.0, 2542264.0, 24809547.0, 21994911.0, 2601847.0, 18438149.0, 58163.0, 12693621.0, 6157157.0, 123307945.0, 24104113.0, 165500000.0, 2694071.0, 14358033.0, 54000000.0, 31874869.0, 14793904.0, 229311.0, 39103378.0, 9094451.0, 51527787.0, 56362352.0, 11854694.0, 34700000.0, 259746958.0, 2025238.0, 44484065.0, 1186323.0, 6643.0, 72219395.0, 12469811.0, 14677654.0, 94822707.0, 38087756.0, 2954405.0, 3122616.0, 47105085.0, 16204793.0, 18434.0, 162.0, 40066497.0, 26896744.0, 127706877.0, 56443482.0, 2319187.0, 62300000.0, 183405771.0, 34308901.0, 78030.0, 36200000.0, 13782838.0, 50007168.0, 15126948.0, 2808000.0, 33565375.0, 20998709.0, 1007535.0, 37606.0, 26288320.0, 65010106.0, 12134420.0, 29113588.0, 3645438.0, 14564027.0, 77324422.0, 6739141.0, 75621915.0, 49122319.0, 125069696.0, 12026670.0, 18004225.0, 2850263.0, 38747385.0, 63992328.0, 2024854.0, 21244913.0, 197171806.0, 33386128.0, 102055.0, 676698.0, 198332128.0, 202351611.0, 13264986.0, 23070045.0, 15593.0, 50549107.0, 71500556.0, 77862546.0, 71897215.0, 176387405.0, 38087366.0, 218051260.0, 51533608.0, 20339754.0, 28424210.0, 665426.0, 44087387.0, 152149590.0, 6706368.0, 89289910.0, 61356221.0, 1127331.0, 43905746.0, 49121934.0, 7221458.0, 13008928.0, 93452056.0, 21589307.0, 53955614.0, 7098492.0, 30093107.0, 1400000.0, 81257845.0, 31598308.0, 32357532.0, 4581222.0, 36965395.0, 50041732.0, 93417865.0, 1056102.0, 14291570.0, 33860010.0, 34074895.0, 13753931.0, 403706375.0, 57887882.0, 11030963.0, 101736215.0, 143704210.0, 99462.0, 14100000.0, 219200000.0, 9437933.0, 140987.0, 1247453.0, 73058679.0, 20380.0, 97360069.0, 55092830.0, 102797150.0, 695229.0, 30079316.0, 146072.0, 46836394.0, 23618786.0, 252652.0, 93815117.0, 333976.0, 36985501.0, 16929123.0, 4001121.0, 70001698.0, 58401464.0, 75367693.0, 79568000.0, 9664316.0, 78616689.0, 70906973.0, 16667084.0, 83892374.0, 1207007.0, 47379090.0, 9123834.0, 218628680.0, 4250320.0, 2086345.0, 31597131.0, 6543194.0, 20302961.0, 34014398.0, 172051787.0, 28837115.0, 64505912.0, 267194.0, 10397365.0, 77231.0, 255950375.0, 20627372.0, 131175.0, 90443603.0, 71069884.0, 74098862.0, 50173190.0, 58328680.0, 1250798.0, 2283276.0, 17300889.0, 15156200.0, 21371425.0, 20763013.0, 24984868.0, 8326035.0, 10305534.0, 23031390.0, 124051759.0, 27979400.0, 67523385.0, 167007184.0, 178406268.0, 8406264.0, 84263837.0, 188870.0, 20035310.0, 2445646.0, 4157491.0, 12438.0, 95720716.0, 17292381.0, 513836.0, 21378000.0, 137945.0, 71904.0, 123070338.0, 45434443.0, 12610731.0, 213079163.0, 55802754.0, 5895238.0, 57362581.0, 1943649.0, 26616999.0, 528972.0, 32940507.0, 48043505.0, 112703470.0, 22770.0, 26505000.0, 2073984.0, 58422650.0, 279282.0, 536767.0, 63034755.0, 977600.0, 103338338.0, 51317350.0, 132541238.0, 75078.0, 14108518.0, 89808372.0, 10762178.0, 1276984.0, 75638743.0, 150167630.0, 31146570.0, 20916309.0, 25200412.0, 318759914.0, 17281832.0, 10499968.0, 55682070.0, 87025093.0, 13052741.0, 60443237.0, 12574715.0, 203134.0, 43575716.0, 860002.0, 11405825.0, 32416109.0, 46363118.0, 365734.0, 405614.0, 100491683.0, 101111837.0, 78800000.0, 7659747.0, 71442.0, 21501098.0, 33000377.0, 36279230.0, 19548064.0, 100853835.0, 3895664.0, 22905674.0, 36381716.0, 19179969.0, 23179303.0, 35286428.0, 49494.0, 1011054.0, 4734235.0, 127968405.0, 47474112.0, 42640890.0, 613556.0, 74205.0, 1779284.0, 42638165.0, 4599680.0, 9950.0, 102922376.0, 53302314.0, 22294341.0, 1796024.0, 2843.0, 63536011.0, 19692608.0, 795126.0, 65087.0, 134904.0, 104148781.0, 14967182.0, 277313371.0, 54132596.0, 145118.0, 37600435.0, 6003587.0, 39440655.0, 5484375.0, 3629758.0, 33386128.0, 17508936.0, 444354.0, 32051917.0, 40118420.0, 19283782.0, 72455275.0, 6373693.0, 58715510.0, 47748610.0, 24800000.0, 168368427.0, 26525834.0, 15464026.0, 65948711.0, 71038190.0, 67155742.0, 234277056.0, 33508922.0, 1768416.0, 26830000.0, 7267324.0, 32048809.0, 5749134.0, 75074950.0, 26400000.0, 2507106.0, 53715611.0, 215395021.0, 43097652.0, 35688.0, 18469.0, 5480318.0, 83077470.0, 43982842.0, 4064333.0, 33771174.0, 209019489.0, 72217000.0, 2957978.0, 12782508.0, 34522221.0, 78656813.0, 4074023.0, 30659817.0, 50213619.0, 39514713.0, 700000.0, 28637507.0, 836641.0, 47285499.0, 12626905.0, 4007792.0, 32662299.0, 47277326.0, 134518390.0, 31973840.0, 34099640.0, 46978995.0, 18329466.0, 14616.0, 27854896.0, 23159305.0, 1445366.0, 26838389.0, 42660000.0, 33574332.0, 183436380.0, 14938570.0, 59475623.0, 62494975.0, 399611.0, 137963328.0, 32800000.0, 3766595.0, 610991.0, 195329763.0, 6592103.0, 10654581.0, 50628009.0, 70011073.0, 50000.0, 42672630.0, 3420871.0, 102981571.0, 1304837.0, 133228348.0, 819939.0, 7059537.0, 29200000.0, 119793567.0, 7871693.0, 23808111.0, 117559438.0, 17382982.0, 59735548.0, 197992827.0, 82300000.0, 28031250.0, 125169.0, 68558662.0, 204843350.0, 28751715.0, 49551662.0, 3335839.0, 121945720.0, 43095600.0, 81687587.0, 4741987.0, 83299761.0, 25967000.0, 205399422.0, 2800000.0, 33472850.0, 379122.0, 2246000.0, 16088610.0, 49002815.0, 29374178.0, 75597042.0, 63695760.0, 23838.0, 33048353.0, 15561627.0, 274661.0, 170708996.0, 185577.0, 864959.0, 93607673.0, 226792.0, 140080850.0, 31584722.0, 21557240.0, 12784713.0, 13395939.0, 630779.0, 70100000.0, 22108977.0, 1950218.0, 17176900.0, 1346503.0, 19719930.0, 78747585.0, 33423521.0, 7000000.0, 14989761.0, 28873374.0, 27972410.0, 7486906.0, 14500000.0, 59573085.0, 34964818.0, 6409206.0, 95860116.0, 33244684.0, 38230435.0, 5000000.0, 8080116.0, 4002955.0, 29802761.0, 24042490.0, 78120196.0, 21199.0, 40041683.0, 6350058.0, 20259297.0, 27445.0, 25040293.0, 10297897.0, 12570442.0, 27200000.0, 55461307.0, 26871.0, 20167424.0, 10515579.0, 119219978.0, 28328132.0, 69772969.0, 434949459.0, 32645546.0, 37300107.0, 115648585.0, 2712293.0, 1686429.0, 19539.0, 28501651.0, 178739.0, 22326247.0, 1631839.0, 98711404.0, 73209340.0, 17000000.0, 30993544.0, 30063805.0, 95016.0, 18996755.0, 25556065.0, 13640000.0, 9059588.0, 603943.0, 101217900.0, 17580.0, 4235837.0, 38108.0, 11000000.0, 130727000.0, 85416609.0, 7705974.0, 34238611.0, 5755286.0, 1292527.0, 200807262.0, 130512915.0, 6114237.0, 24705.0, 5032496.0, 52929168.0, 13651662.0, 2035566.0, 106593296.0, 16842303.0, 7825820.0, 41102171.0, 58255287.0, 84185387.0, 42575718.0, 5532301.0, 6842058.0, 12006514.0, 35422828.0, 46982632.0, 16290976.0, 42615685.0, 26589953.0, 12065985.0, 48814909.0, 5430822.0, 82226474.0, 98895417.0, 37470017.0, 16988996.0, 16284360.0, 4681503.0, 26616590.0, 49000.0, 41400000.0, 8508843.0, 52937130.0, 42345531.0, 22406362.0, 54967359.0, 4186931.0, 260031035.0, 32694788.0, 10499968.0, 124976634.0, 25121291.0, 278821.0, 1183354.0, 34746109.0, 623279547.0, 25244700.0, 75280058.0, 206456431.0, 155111815.0, 113733726.0, 145096820.0, 39687528.0, 292000866.0, 26876529.0, 70235322.0, 77413017.0, 173585516.0, 35754555.0, 255352.0, 65012000.0, 10097096.0, 42194060.0, 116631310.0, 67253092.0, 68473360.0, 27663982.0, 66676062.0, 296623634.0, 71346930.0, 56816662.0, 56667870.0, 326308.0, 228756232.0, 5132655.0, 34700000.0, 1420578.0, 32131830.0, 1987287.0, 73326666.0, 22434.0, 16346122.0, 31111260.0, 12870569.0, 76081498.0, 66950483.0, 13571817.0, 13038660.0, 36696761.0, 11634362.0, 5974653.0, 42880.0, 4435083.0, 15100000.0, 48291624.0, 167007184.0, 1043487.0, 210609762.0, 218051260.0, 58918501.0, 6565495.0, 181015141.0, 30105968.0, 23020488.0, 466702.0, 33451479.0, 3432342.0, 24430272.0, 101334374.0, 114195633.0, 318298180.0, 10300000.0, 21800302.0, 58183966.0, 6601079.0, 20338609.0, 29781453.0, 159600000.0, 10198766.0, 43568507.0, 560512.0, 33685268.0, 51053787.0, 19819494.0, 187165546.0, 18595716.0, 1163508.0, 2833383.0, 37481242.0, 4710455.0, 70236496.0, 15047419.0, 167735396.0, 350123553.0, 37721949.0, 5654777.0, 51872378.0, 126247.0, 262030663.0, 172071312.0, 10494494.0, 55808744.0, 1477002.0, 118153533.0, 180483.0, 22452209.0, 2319187.0, 177343675.0, 118471320.0, 45506619.0, 52822418.0, 33328051.0, 79363785.0, 23978402.0, 1114943.0, 11146409.0, 9929000.0, 124494.0, 10660147.0, 36658108.0, 14334645.0, 92191.0, 76400000.0, 28687835.0, 3278611.0, 105807520.0, 882710.0, 18621249.0, 371081.0, 389804.0, 37486138.0, 7837632.0, 26236603.0, 532190.0, 106793915.0, 6301131.0, 10706786.0, 6420319.0, 35092918.0, 13998282.0, 16298046.0, 55865715.0, 2331318.0, 47034272.0, 368049635.0, 116006080.0, 20772796.0, 6830957.0, 43119879.0, 153665036.0, 117235247.0, 9030581.0, 93926386.0, 1687311.0, 31838002.0, 381225.0, 12996.0, 38372662.0, 7501404.0, 3500000.0, 8355815.0, 5217498.0, 44566004.0, 81638674.0, 1075288.0, 14873.0, 26814957.0, 118311368.0, 7282851.0, 34667015.0, 84303558.0, 15294553.0, 15071514.0, 26830000.0, 17278980.0, 3074838.0, 89021735.0, 9016377.0, 1229197.0, 155984.0, 81150692.0, 109176215.0, 1829142.0, 11634458.0, 22494487.0, 200803.0, 1689999.0, 18636537.0, 28644770.0, 100328194.0, 256386216.0, 50921738.0, 652177271.0, 12701880.0, 32616869.0, 28341469.0, 206678.0, 47000000.0, 78900000.0, 407999255.0, 499263.0, 10429707.0, 37882551.0, 17683670.0, 11827301.0, 617172.0, 88625922.0, 37553932.0, 169692572.0, 241063875.0, 162586036.0, 41227069.0, 2412045.0, 24788807.0, 5409517.0, 18811135.0, 17378977.0, 24375436.0, 31899000.0, 28501605.0, 4613815.0, 1055654.0, 3347439.0, 44328238.0, 32453345.0, 22406362.0, 54222000.0, 40363530.0, 30981850.0, 35617599.0, 418953.0, 186830669.0, 145540.0, 24848292.0, 13922211.0, 13248477.0, 11144518.0, 14942422.0, 9396487.0, 448130642.0, 65182182.0, 42877165.0, 463730.0, 177343675.0, 8093318.0, 32000000.0, 37788228.0, 131920333.0, 41954997.0, 447750.0, 380838870.0, 105263257.0, 76657000.0, 115504.0, 31937.0, 39462438.0, 58885635.0, 476270.0, 4563029.0, 90800000.0, 148775460.0, 56068547.0, 100125340.0, 52543632.0, 57011847.0, 60522097.0, 10037390.0, 220914.0, 55585389.0, 23219748.0, 107515297.0, 21520719.0, 18112929.0, 50562555.0, 241688385.0, 9176553.0, 9166863.0, 61112916.0, 81557479.0, 110000082.0, 180191634.0, 18306166.0, 20550712.0, 122512052.0, 59617068.0, 19472057.0, 148337537.0, 200069408.0, 14479776.0, 306715.0, 100468793.0, 342936.0, 22526144.0, 9003011.0, 10281585.0, 402820.0, 542860.0, 442638.0, 48237389.0, 216119491.0, 1196752.0, 129995817.0, 15427192.0, 6777589.0, 169379.0, 82301521.0, 3081925.0, 16969390.0, 22202612.0, 39251128.0, 4839383.0, 33864342.0, 181395380.0, 1818681.0, 37617947.0, 396035.0, 47000000.0, 15483540.0, 2181290.0, 15911333.0, 61693523.0, 84961.0, 83503161.0, 21413502.0, 7948159.0, 75727.0, 5773519.0, 121697350.0, 578527.0, 6851969.0, 13555988.0, 44834712.0, 40247512.0, 12372410.0, 6262942.0, 34293771.0, 90485233.0, 38037513.0, 290158751.0, 488872.0, 3047539.0, 9658370.0, 54322273.0, 12712093.0, 15152879.0, 22723.0, 19389454.0, 14174654.0, 65007045.0, 73548.0, 83640426.0, 33105600.0, 125603360.0, 39177215.0, 334185206.0, 33643461.0, 106807667.0, 882290.0, 4535117.0, 79900000.0, 399879.0, 34126138.0, 27736779.0, 62563543.0, 47329.0, 119654900.0, 36833473.0, 30157016.0, 30093107.0, 144512310.0, 92969824.0, 66489425.0, 227965690.0, 340478898.0, 21500000.0, 101228120.0, 30400000.0, 106126012.0, 11533945.0, 26005908.0, 447093.0, 63260.0, 20389967.0, 64423650.0, 6754898.0, 53215979.0, 13101142.0, 763044.0, 61280963.0, 2892582.0, 20819129.0, 43100000.0, 263365.0, 106635996.0, 22551000.0, 19976073.0, 34180954.0, 9525276.0, 22843047.0, 35231365.0, 144833357.0, 22362500.0, 621240.0, 90353764.0, 8712564.0, 7881335.0, 38590500.0, 37911876.0, 31600000.0, 85884815.0, 138614544.0, 320706665.0, 20966644.0, 260000000.0, 447093.0, 3275443.0, 15408822.0, 18488314.0, 17218080.0, 424645577.0, 80021740.0, 6712241.0, 1712111.0, 18381787.0, 75370763.0, 258355354.0, 4063859.0, 11540112.0, 3519627.0, 15681020.0, 113155.0, 75573300.0, 10572742.0, 13464388.0, 28772222.0, 51225796.0, 11434867.0, 1134049.0, 562059.0, 53846915.0, 17473245.0, 65807024.0, 27900000.0, 13220.0, 144812796.0, 113745408.0, 12985267.0, 42776259.0, 25530884.0, 2557668.0, 46815748.0, 4091.0, 6755271.0, 35918429.0, 2882062.0, 40218903.0, 65653758.0, 102176165.0, 265107.0, 7707563.0, 125320003.0, 51100000.0, 45356386.0, 237282182.0, 52000688.0, 90135191.0, 123922370.0, 7774730.0, 2199853.0, 60000000.0, 26345.0, 54910560.0, 124051759.0, 25000000.0, 98017.0, 39659.0, 72755517.0, 261970615.0, 177343675.0, 9213.0, 21000000.0, 34468224.0, 26870825.0, 179982968.0, 3064356.0, 9910.0, 33682273.0, 5005.0, 72660029.0, 51768623.0, 41382841.0, 31990064.0, 59774.0, 1082044.0, 32048809.0, 10561238.0, 30012990.0, 238371987.0, 12555230.0, 53884821.0, 148213377.0, 54700065.0, 2360184.0, 25675765.0, 27689474.0, 47806295.0, 82670733.0, 94125426.0, 35024475.0, 6471394.0, 40557.0, 75072454.0, 39825798.0, 85433.0, 7156725.0, 638951.0, 40198710.0, 17757087.0, 371897.0, 2961991.0, 8600000.0, 150117807.0, 114324072.0, 17843379.0, 1111615.0, 1573712.0, 11034436.0, 12549485.0, 55747724.0, 114324072.0, 3100650.0, 28772222.0, 93952276.0, 76501438.0, 20950820.0, 46800000.0, 67286731.0, 4700361.0, 36874745.0, 28045540.0, 77222184.0, 195000874.0, 35033759.0, 39825798.0, 1282084.0, 1997807.0, 3273588.0, 28014536.0, 1221261.0, 11284657.0, 23360779.0, 2047570.0, 24276500.0, 14821531.0, 38509342.0, 177840.0, 12947763.0, 17596256.0, 76806312.0, 45162741.0, 5501940.0, 11797927.0, 10696.0, 148383780.0, 8662318.0, 26494611.0, 70001065.0, 7830611.0, 373967.0, 70098138.0, 113330342.0, 191796233.0, 80281096.0, 41573740.0, 4903000.0, 55673333.0, 90835030.0, 49186871.0, 136448821.0, 3073392.0, 37752931.0, 228430993.0, 292298923.0, 241407328.0, 33000000.0, 352786.0, 39852.0, 14294842.0, 44867349.0, 20315324.0, 80197993.0, 61400000.0, 176781728.0, 4777007.0, 52008288.0, 100241322.0, 143151473.0, 14792779.0, 10161099.0, 106952327.0, 75764085.0, 3014541.0, 25078937.0, 115862.0, 1702277.0, 395592.0, 18593156.0, 125548685.0, 4884663.0, 52277485.0, 15180000.0, 15542.0, 31743332.0, 3105269.0, 45250.0, 43771291.0, 183490.0, 3562749.0, 871527.0, 65069140.0, 79363785.0, 269061.0, 325491.0, 41867960.0, 28501651.0, 28965197.0, 1172769.0, 50693162.0, 66257002.0, 11675178.0, 480314.0, 12081447.0, 38542418.0, 51019112.0, 626809.0, 183662.0, 21009180.0, 1744858.0, 108229.0, 12212417.0, 33313582.0, 144583.0, 35887263.0, 106694016.0, 24362501.0, 9000000.0, 85200000.0, 2859955.0, 778565.0, 7369373.0, 410388.0, 110175871.0, 279167575.0, 76418654.0, 26049082.0, 73701902.0, 856942.0, 439958.0, 61937495.0, 89296573.0, 81200000.0, 247740.0, 727883.0, 14359793.0, 10725228.0, 15281286.0, 32368960.0, 46451.0, 100169068.0, 10544143.0, 191309.0, 1089445.0, 24985612.0, 70163652.0, 58607007.0, 10965209.0, 27338033.0, 10106233.0, 12796277.0, 144795350.0, 3049135.0, 58214.0, 107930000.0, 20400913.0, 137387272.0, 671240.0, 4693919.0, 111505642.0, 377420.0, 18947630.0, 7443007.0, 23209440.0, 32631.0, 14249005.0, 64238770.0, 3193102.0, 41482207.0, 22858926.0, 140530114.0, 6940281.0, 37652565.0, 54997476.0, 14879556.0, 26183197.0, 155972.0, 80270227.0, 35143332.0, 69148997.0, 26442251.0, 58879132.0, 176740650.0, 15500000.0, 12836.0, 2981638.0, 141319195.0, 4360548.0, 4357000.0, 21176322.0, 58571513.0, 6923891.0, 4414535.0, 53854588.0, 57300000.0, 5773519.0, 86897182.0, 156645693.0, 337103873.0, 25472967.0, 124868837.0, 408992272.0, 20207003.0, 8828771.0, 1060591.0, 1754319.0, 1980338.0, 27441122.0, 94999143.0, 66808615.0, 10076136.0, 47852604.0, 7739049.0, 59847242.0, 32885565.0, 132014112.0, 52799004.0, 45045037.0, 4720371.0, 189412677.0, 104632573.0, 102608827.0, 72266306.0, 54724272.0, 25339117.0, 163192114.0, 1260917.0, 134141530.0, 2209479.0, 22235901.0, 78745923.0, 41609593.0, 36283504.0, 106369117.0, 594904.0, 22451.0, 13596911.0, 250147615.0, 115646235.0, 117528646.0, 46280507.0, 51853450.0, 57262492.0, 32391374.0, 37023395.0, 111936400.0, 2221994.0, 60338891.0, 173066.0, 45670855.0, 10991381.0, 1654367.0, 27067160.0, 673780.0, 434417.0, 4068087.0, 30127963.0, 38966057.0, 92001027.0, 17149.0, 70405498.0]

buck_pred: [3, 2, 3, 1, 0, 3, 0, 0, 2, 3, 1, 0, 1, 3, 0, 0, 2, 3, 2, 1, 0, 2, 2, 0, 0, 0, 1, 0, 2, 3, 3, 0, 1, 2, 2, 1, 2, 1, 1, 1, 3, 1, 1, 3, 1, 3, 0, 0, 2, 1, 2, 3, 1, 1, 0, 3, 1, 0, 0, 1, 1, 3, 3, 1, 2, 3, 1, 0, 2, 3, 3, 1, 1, 2, 0, 0, 0, 3, 2, 1, 2, 1, 1, 3, 1, 3, 2, 3, 2, 0, 1, 1, 2, 0, 2, 3, 1, 0, 0, 3, 3, 0, 1, 0, 3, 3, 3, 3, 3, 3, 3, 3, 0, 1, 3, 0, 2, 0, 3, 1, 0, 2, 0, 3, 2, 1, 3, 1, 2, 3, 0, 3, 2, 3, 0, 3, 1, 3, 0, 1, 1, 0, 1, 3, 2, 2, 3, 3, 0, 0, 2, 1, 0, 0, 3, 0, 2, 3, 3, 1, 2, 0, 3, 2, 0, 2, 0, 1, 2, 0, 0, 3, 1, 2, 0, 3, 3, 1, 2, 0, 3, 0, 3, 0, 0, 3, 2, 1, 3, 3, 3, 3, 0, 1, 0, 3, 1, 1, 3, 3, 3, 3, 1, 0, 0, 1, 2, 1, 1, 1, 0, 0, 0, 3, 1, 2, 3, 3, 2, 1, 0, 1, 2, 1, 0, 3, 1, 0, 1, 0, 0, 3, 3, 2, 3, 3, 2, 1, 1, 2, 0, 2, 2, 3, 0, 3, 0, 3, 0, 1, 1, 1, 2, 3, 1, 0, 0, 1, 0, 2, 3, 3, 0, 0, 1, 3, 3, 1, 3, 0, 0, 1, 1, 0, 2, 0, 2, 3, 1, 1, 0, 0, 3, 3, 1, 0, 2, 1, 3, 3, 3, 0, 2, 3, 2, 0, 3, 1, 0, 2, 3, 2, 0, 1, 1, 0, 1, 1, 0, 2, 3, 1, 1, 0, 1, 1, 0, 0, 0, 2, 1, 3, 1, 0, 3, 1, 2, 1, 0, 1, 0, 0, 1, 0, 2, 3, 1, 1, 3, 1, 3, 0, 1, 3, 0, 2, 3, 2, 1, 3, 2, 1, 1, 1, 2, 0, 3, 3, 1, 0, 1, 0, 3, 3, 1, 2, 3, 3, 0, 1, 0, 1, 0, 1, 2, 1, 3, 3, 0, 1, 2, 2, 0, 3, 3, 3, 0, 3, 3, 0, 2, 3, 0, 3, 1, 3, 2, 3, 2, 3, 0, 3, 1, 0, 0, 3, 2, 1, 2, 2, 0, 1, 0, 3, 1, 3, 0, 1, 0, 2, 2, 1, 1, 0, 3, 3, 2, 2, 0, 3, 3, 3, 3, 0, 2, 2, 3, 0, 2, 0, 2, 0, 3, 0, 0, 0, 0, 1, 2, 2, 0, 3, 1, 0, 3, 0, 0, 2, 0, 3, 1, 3, 1, 2, 0, 1, 1, 0, 3, 0, 2, 3, 1, 1, 2, 1, 2, 0, 2, 2, 2, 1, 3, 2, 2, 2, 0, 0, 2, 1, 3, 0, 1, 1, 1, 0, 3, 0, 0, 2, 1, 3, 2, 1, 3, 2, 3, 3, 0, 1, 2, 0, 1, 0, 1, 0, 2, 1, 3, 3, 2, 1, 2, 0, 2, 3, 0, 0, 0, 3, 0, 1, 0, 3, 3, 0, 0, 2, 2, 2, 3, 1, 1, 0, 1, 1, 2, 1, 1, 1, 0, 2, 2, 2, 2, 1, 2, 3, 0, 3, 0, 3, 3, 2, 2, 1, 2, 3, 2, 1, 2, 0, 3, 0, 1, 0, 2, 3, 2, 1, 0, 3, 3, 1, 3, 3, 0, 1, 0, 3, 1, 3, 3, 3, 2, 3, 2, 3, 1, 2, 1, 3, 3, 0, 3, 0, 3, 2, 0, 2, 1, 3, 3, 2, 1, 3, 1, 3, 1, 1, 0, 3, 0, 2, 0, 0, 2, 2, 2, 2, 0, 0, 0, 1, 1, 1, 2, 2, 0, 3, 2, 3, 3, 1, 0, 3, 1, 2, 0, 0, 0, 1, 2, 3, 3, 1, 0, 3, 2, 1, 2, 2, 1, 3, 0, 2, 1, 2, 3, 1, 1, 0, 1, 1, 3, 2, 3, 3, 0, 0, 0, 1, 3, 3, 1, 3, 0, 3, 1, 1, 1, 3, 2, 3, 2, 3, 3, 1, 0, 1, 2, 0, 0, 1, 1, 1, 1, 1, 0, 3, 2, 1, 0, 0, 2, 0, 1, 0, 2, 0, 3, 0, 0, 2, 2, 1, 1, 1, 3, 3, 1, 2, 2, 1, 3, 2, 3, 0, 2, 0, 0, 3, 0, 1, 2, 1, 3, 2, 1, 0, 1, 3, 2, 2, 2, 3, 3, 3, 0, 1, 3, 0, 3, 0, 1, 2, 0, 0, 3, 1, 0, 1, 2, 3, 3, 2, 3, 0, 2, 3, 0, 3, 2, 3, 2, 1, 1, 1, 0, 0, 0, 3, 3, 3, 3, 2, 3, 0, 2, 0, 0, 2, 1, 1, 0, 0, 0, 1, 1, 2, 3, 1, 1, 1, 1, 3, 0, 0, 1, 1, 1, 1, 0, 3, 0, 3, 0, 3, 0, 3, 1, 3, 2, 0, 3, 2, 0, 0, 0, 0, 3, 0, 3, 3, 3, 0, 3, 0, 0, 3, 0, 2, 2, 2, 3, 0, 1, 1, 3, 1, 1, 1, 3, 3, 3, 2, 3, 3, 3, 2, 3, 3, 1, 1, 3, 3, 1, 2, 0, 0, 0, 0, 1, 3, 0, 3, 2, 3, 0, 1, 1, 2, 3, 2, 1, 1, 0, 0, 0, 0, 3, 1, 3, 1, 0, 2, 3, 1, 1, 0, 2, 3, 0, 2, 0, 2, 2, 1, 1, 3, 0, 1, 3, 0, 2, 0, 3, 2, 1, 0, 2, 1, 3, 1, 3, 2, 3, 2, 3, 2, 2, 1, 2, 0, 0, 3, 1, 3, 0, 3, 1, 2, 3, 3, 2, 2, 3, 3, 2, 3, 0, 3, 1, 3, 0, 0, 2, 2, 2, 3, 1, 2, 2, 0, 1, 2, 0, 3, 0, 0, 2, 0, 2, 2, 1, 2, 0, 1, 0, 0, 3, 2, 1, 2, 2, 3, 0, 3, 0, 0, 1, 1, 3, 3, 3, 3, 1, 1, 2, 3, 2, 0, 0, 2, 0, 3, 0, 0, 2, 3, 1, 0, 0, 3, 2, 3, 0, 0, 3, 3, 2, 2, 3, 0, 2, 0, 1, 1, 2, 3, 3, 3, 0, 0, 3, 3, 2, 3, 2, 3, 2, 1, 0, 2, 2, 2, 3, 2, 1, 0, 0, 3, 3, 2, 2, 3, 0, 3, 0, 0, 2, 0, 3, 0, 1, 1, 0, 1, 1, 1, 1, 3, 1, 1, 3, 3, 0, 2, 1, 1, 3, 1, 3, 0, 0, 2, 3, 2, 1, 0, 2, 1, 2, 1, 2, 3, 3, 0, 0, 0, 0, 2, 2, 3, 1, 2, 2, 1, 2, 2, 3, 0, 2, 3, 3, 3, 2, 3, 0, 0, 0, 0, 0, 3, 2, 0, 0, 0, 2, 0, 2, 1, 2, 3, 1, 1, 0, 2, 0, 0, 2, 0, 1, 3, 3, 3, 3, 3, 1, 2, 0, 0, 3, 0, 2, 3, 3, 3, 0, 0, 0, 2, 1, 3, 1, 1, 3, 0, 2, 2, 3, 1, 0, 3, 2, 0, 1, 0, 0, 0, 1, 3, 1, 0, 1, 0, 2, 0, 3, 0, 0, 1, 1, 2, 3, 3, 2, 2, 1, 3, 0, 3, 3, 1, 1, 0, 3, 3, 0, 0, 2, 0, 1, 0, 1, 0, 3, 1, 2, 2, 3, 0, 2, 1, 0, 3, 3, 3, 1, 2, 0, 0, 3, 3, 0, 0, 3, 0, 1, 1, 1, 0, 2, 1, 0, 0, 2, 1, 3, 1, 1, 1, 0, 3, 1, 0, 3, 1, 3, 0, 1, 2, 0, 0, 0, 0, 0, 2, 2, 0, 3, 3, 2, 3, 1, 2, 1, 1, 0, 2, 1, 1, 2, 2, 3, 0, 0, 0, 3, 0, 1, 1, 1, 1, 2, 2, 3, 2, 3, 2, 3, 1, 3, 3, 0, 1, 0, 0, 0, 0, 3, 2, 1, 1, 0, 1, 3, 3, 2, 2, 2, 3, 2, 3, 3, 2, 0, 3, 0, 0, 0, 0, 3, 3, 2, 3, 0, 2, 2, 3, 3, 3, 2, 1, 1, 3, 3, 1, 2, 1, 0, 1, 1, 0, 2, 0, 1, 0, 0, 2, 2, 0, 3]

bins: [703.0, 5204341.0, 25127895.0, 62153368.5, 760505847.0]

Most important rules
-----------------------------

---0---
rule51: budget > 225323850.437
probabilities_array:[0.46926644 0.         0.         0.19583991 0.33489367]

rule9: -486.590 < num_voted_users < 96123.348
probabilities_array:[0.3661862  0.30933556 0.17618586 0.         0.14829238]

rule3: imdb_score > 7.218
probabilities_array:[0.41570643 0.07347776 0.         0.08485691 0.4259589 ]

rule2: 6.472 < imdb_score < 7.218
probabilities_array:[0.34443545 0.         0.05022767 0.23118798 0.37414894]

rule16: num_user_for_reviews < 41.895
probabilities_array:[0.41301358 0.         0.         0.         0.5869864 ]

rule6: 2003.312 < title_year < 2010.097
probabilities_array:[0.34955627 0.129615   0.         0.         0.5208287 ]

rule49: -132373127.409 < budget < 46475361.514
probabilities_array:[0.18348241 0.37187484 0.3059121  0.         0.13873062]

rule7: title_year > 2010.097
probabilities_array:[0.27612576 0.         0.06505141 0.09597114 0.56285167]

rule12: num_critic_for_reviews < 76.051
probabilities_array:[0.3229765 0.        0.        0.        0.6770235]

rule45: 94.104 < duration < 109.633
probabilities_array:[0.17052884 0.21742252 0.         0.10879134 0.50325733]

rule41: -5521.090 < movie_facebook_likes < 8778.528
probabilities_array:[0.23614769 0.02499161 0.         0.06584718 0.6730135 ]

rule44: duration < 94.104
probabilities_array:[0.19308117 0.02564094 0.         0.09398341 0.6872945 ]


---1---
rule49: -132373127.409 < budget < 46475361.514
probabilities_array:[0.18348241 0.37187484 0.3059121  0.         0.13873062]

rule18: 310.022 < num_user_for_reviews < 578.150
probabilities_array:[0.         0.34203592 0.34029633 0.24535027 0.07231753]

rule9: -486.590 < num_voted_users < 96123.348
probabilities_array:[0.3661862  0.30933556 0.17618586 0.         0.14829238]

rule0: imdb_score < 5.725
probabilities_array:[0.         0.30804816 0.25684115 0.18427873 0.2508319 ]

rule23: director_facebook_likes > 2715.089
probabilities_array:[0.         0.31059492 0.06740416 0.2839207  0.33808023]

rule30: 1915.135 < actor_2_facebook_likes < 5038.622
probabilities_array:[0.         0.23286258 0.27792498 0.2070433  0.2821691 ]

rule17: 41.895 < num_user_for_reviews < 310.022
probabilities_array:[0.         0.27153507 0.277567   0.04964003 0.4012579 ]

rule14: 159.314 < num_critic_for_reviews < 242.576
probabilities_array:[0.         0.20321485 0.24519147 0.3215572  0.23003648]

rule4: title_year < 1996.527
probabilities_array:[0.         0.15181014 0.21781878 0.4647963  0.16557477]

rule45: 94.104 < duration < 109.633
probabilities_array:[0.17052884 0.21742252 0.         0.10879134 0.50325733]

rule15: num_critic_for_reviews > 242.576
probabilities_array:[0.         0.16022447 0.1724599  0.27760905 0.38970655]

rule34: 735.164 < actor_3_facebook_likes < 1984.959
probabilities_array:[0.         0.13499698 0.10294509 0.25919163 0.5028663 ]

rule6: 2003.312 < title_year < 2010.097
probabilities_array:[0.34955627 0.129615   0.         0.         0.5208287 ]

rule38: 11095.851 < cast_total_facebook_likes < 24841.861
probabilities_array:[0.00417409 0.16061945 0.         0.2000598  0.6351467 ]

rule22: 736.427 < director_facebook_likes < 2715.089
probabilities_array:[0.11235192 0.15324923 0.06043    0.         0.6739688 ]

rule46: 109.633 < duration < 125.163
probabilities_array:[0.         0.08635119 0.23367715 0.18717818 0.49279347]

rule27: actor_1_facebook_likes > 18999.002
probabilities_array:[0.0924834  0.11841661 0.14932223 0.         0.6397778 ]

rule3: imdb_score > 7.218
probabilities_array:[0.41570643 0.07347776 0.         0.08485691 0.4259589 ]


---2---
rule18: 310.022 < num_user_for_reviews < 578.150
probabilities_array:[0.         0.34203592 0.34029633 0.24535027 0.07231753]

rule50: 46475361.514 < budget < 225323850.437
probabilities_array:[0.         0.         0.37577897 0.33618042 0.28804055]

rule49: -132373127.409 < budget < 46475361.514
probabilities_array:[0.18348241 0.37187484 0.3059121  0.         0.13873062]

rule19: num_user_for_reviews > 578.150
probabilities_array:[0.0000000e+00 2.6404593e-04 3.5073522e-01 2.8857157e-01 3.6042914e-01]

rule30: 1915.135 < actor_2_facebook_likes < 5038.622
probabilities_array:[0.         0.23286258 0.27792498 0.2070433  0.2821691 ]

rule0: imdb_score < 5.725
probabilities_array:[0.         0.30804816 0.25684115 0.18427873 0.2508319 ]

rule14: 159.314 < num_critic_for_reviews < 242.576
probabilities_array:[0.         0.20321485 0.24519147 0.3215572  0.23003648]

rule4: title_year < 1996.527
probabilities_array:[0.         0.15181014 0.21781878 0.4647963  0.16557477]

rule17: 41.895 < num_user_for_reviews < 310.022
probabilities_array:[0.         0.27153507 0.277567   0.04964003 0.4012579 ]

rule10: 96123.348 < num_voted_users < 192733.287
probabilities_array:[0.         0.0485117  0.2507826  0.31614572 0.3845599 ]

rule9: -486.590 < num_voted_users < 96123.348
probabilities_array:[0.3661862  0.30933556 0.17618586 0.         0.14829238]

rule13: 76.051 < num_critic_for_reviews < 159.314
probabilities_array:[0.         0.01657213 0.2548144  0.26015666 0.46845686]

rule1: 5.725 < imdb_score < 6.472
probabilities_array:[0.         0.         0.21293886 0.3452831  0.44177806]

rule46: 109.633 < duration < 125.163
probabilities_array:[0.         0.08635119 0.23367715 0.18717818 0.49279347]

rule15: num_critic_for_reviews > 242.576
probabilities_array:[0.         0.16022447 0.1724599  0.27760905 0.38970655]

rule43: movie_facebook_likes > 23078.146
probabilities_array:[0.         0.01481378 0.21753347 0.24271727 0.5249355 ]

rule42: 8778.528 < movie_facebook_likes < 23078.146
probabilities_array:[0.03735018 0.07615002 0.21942748 0.10892903 0.55814326]

rule47: duration > 125.163
probabilities_array:[3.8233430e-03 1.2962386e-04 2.1451704e-01 2.0868264e-01 5.7284743e-01]

rule27: actor_1_facebook_likes > 18999.002
probabilities_array:[0.0924834  0.11841661 0.14932223 0.         0.6397778 ]

rule34: 735.164 < actor_3_facebook_likes < 1984.959
probabilities_array:[0.         0.13499698 0.10294509 0.25919163 0.5028663 ]

rule23: director_facebook_likes > 2715.089
probabilities_array:[0.         0.31059492 0.06740416 0.2839207  0.33808023]

rule5: 1996.527 < title_year < 2003.312
probabilities_array:[0.06474766 0.09607965 0.13543567 0.02931868 0.6744184 ]


---3---
rule4: title_year < 1996.527
probabilities_array:[0.         0.15181014 0.21781878 0.4647963  0.16557477]

rule14: 159.314 < num_critic_for_reviews < 242.576
probabilities_array:[0.         0.20321485 0.24519147 0.3215572  0.23003648]

rule50: 46475361.514 < budget < 225323850.437
probabilities_array:[0.         0.         0.37577897 0.33618042 0.28804055]

rule18: 310.022 < num_user_for_reviews < 578.150
probabilities_array:[0.         0.34203592 0.34029633 0.24535027 0.07231753]

rule10: 96123.348 < num_voted_users < 192733.287
probabilities_array:[0.         0.0485117  0.2507826  0.31614572 0.3845599 ]

rule1: 5.725 < imdb_score < 6.472
probabilities_array:[0.         0.         0.21293886 0.3452831  0.44177806]

rule23: director_facebook_likes > 2715.089
probabilities_array:[0.         0.31059492 0.06740416 0.2839207  0.33808023]

rule19: num_user_for_reviews > 578.150
probabilities_array:[0.0000000e+00 2.6404593e-04 3.5073522e-01 2.8857157e-01 3.6042914e-01]

rule11: num_voted_users > 192733.287
probabilities_array:[0.         0.         0.         0.42843062 0.5715694 ]

rule15: num_critic_for_reviews > 242.576
probabilities_array:[0.         0.16022447 0.1724599  0.27760905 0.38970655]

rule30: 1915.135 < actor_2_facebook_likes < 5038.622
probabilities_array:[0.         0.23286258 0.27792498 0.2070433  0.2821691 ]

rule2: 6.472 < imdb_score < 7.218
probabilities_array:[0.34443545 0.         0.05022767 0.23118798 0.37414894]

rule35: actor_3_facebook_likes > 1984.959
probabilities_array:[0.         0.04023207 0.         0.3547297  0.6050382 ]

rule13: 76.051 < num_critic_for_reviews < 159.314
probabilities_array:[0.         0.01657213 0.2548144  0.26015666 0.46845686]

rule0: imdb_score < 5.725
probabilities_array:[0.         0.30804816 0.25684115 0.18427873 0.2508319 ]

rule51: budget > 225323850.437
probabilities_array:[0.46926644 0.         0.         0.19583991 0.33489367]

rule34: 735.164 < actor_3_facebook_likes < 1984.959
probabilities_array:[0.         0.13499698 0.10294509 0.25919163 0.5028663 ]

rule43: movie_facebook_likes > 23078.146
probabilities_array:[0.         0.01481378 0.21753347 0.24271727 0.5249355 ]

rule46: 109.633 < duration < 125.163
probabilities_array:[0.         0.08635119 0.23367715 0.18717818 0.49279347]

rule47: duration > 125.163
probabilities_array:[3.8233430e-03 1.2962386e-04 2.1451704e-01 2.0868264e-01 5.7284743e-01]

rule21: -1242.235 < director_facebook_likes < 736.427
probabilities_array:[0.08463823 0.         0.         0.24679185 0.6685699 ]

rule31: actor_2_facebook_likes > 5038.622
probabilities_array:[0.         0.05283671 0.         0.24970813 0.69745517]

rule26: 7534.613 < actor_1_facebook_likes < 18999.002
probabilities_array:[0.02191093 0.         0.04197312 0.24081756 0.6952984 ]

rule38: 11095.851 < cast_total_facebook_likes < 24841.861
probabilities_array:[0.00417409 0.16061945 0.         0.2000598  0.6351467 ]

rule39: cast_total_facebook_likes > 24841.861
probabilities_array:[0.09788253 0.         0.00870869 0.20689964 0.68650913]

rule45: 94.104 < duration < 109.633
probabilities_array:[0.17052884 0.21742252 0.         0.10879134 0.50325733]

rule3: imdb_score > 7.218
probabilities_array:[0.41570643 0.07347776 0.         0.08485691 0.4259589 ]

rule42: 8778.528 < movie_facebook_likes < 23078.146
probabilities_array:[0.03735018 0.07615002 0.21942748 0.10892903 0.55814326]

rule7: title_year > 2010.097
probabilities_array:[0.27612576 0.         0.06505141 0.09597114 0.56285167]

