R2: 0.35450586302080755

MAE: 30549367.27348871

MSE: 3043819266160688.5

Accuracy: 0.2629278951201748

F1: 0.25493889056335073

Confusion Matrix: [[57, 38, 8, 9, 7, 4, 1, 0, 1, 0], [26, 41, 28, 17, 13, 5, 2, 3, 0, 4], [14, 35, 33, 21, 9, 11, 8, 3, 4, 1], [15, 25, 24, 38, 23, 8, 8, 2, 2, 3], [14, 22, 16, 27, 22, 12, 5, 9, 4, 7], [4, 19, 11, 14, 23, 21, 16, 15, 6, 12], [6, 11, 14, 17, 15, 13, 11, 13, 13, 10], [3, 12, 12, 13, 11, 15, 19, 17, 22, 17], [2, 5, 4, 11, 4, 11, 13, 14, 41, 33], [1, 1, 2, 3, 2, 2, 5, 13, 32, 80]]

Uncertainties: {'class0': [0.02042393386363983, 0.022461844608187675, 0.1052762120962143, 0.1194407045841217, 0.24823197722434998], 'class1': [0.02042393386363983, 0.022461844608187675, 0.036873165518045425, 0.1194407045841217, 0.2804303467273712], 'class2': [0.0, 0.011670827865600586, 0.02042393386363983, 0.022461844608187675, 0.03109949640929699], 'class3': [0.0, 0.011670827865600586, 0.02042393386363983, 0.022461844608187675, 0.03109949640929699], 'class4': [0.0, 0.011670827865600586, 0.02042393386363983, 0.022461844608187675, 0.03109949640929699], 'class5': [0.0, 0.011670827865600586, 0.02042393386363983, 0.022461844608187675, 0.03109949640929699], 'class6': [0.0, 0.011670827865600586, 0.02042393386363983, 0.022461844608187675, 0.03109949640929699], 'class7': [0.0, 0.011670827865600586, 0.02042393386363983, 0.022461844608187675, 0.03109949640929699], 'class8': [0.0, 0.011670827865600586, 0.03109949640929699, 0.036873165518045425, 0.06390409916639328], 'class9': [0.0, 0.011670827865600586, 0.03109949640929699, 0.1052762120962143, 0.1194407045841217]}

Most important rules
-----------------------------

---0---
rule7: title_year > 2010.032
probabilities_array:[0.2813007  0.         0.         0.         0.         0.12283234
 0.         0.10366485 0.00034273 0.20675114 0.28510827]

rule9: -3347.217 < num_voted_users < 97575.642
probabilities_array:[0.19430305 0.16166247 0.14110368 0.1356652  0.11775088 0.11399674
 0.06059783 0.05098016 0.00351606 0.         0.02042393]

rule2: 6.469 < imdb_score < 7.207
probabilities_array:[0.186234   0.15280594 0.08149501 0.         0.         0.
 0.09951725 0.09209666 0.1314969  0.1369135  0.1194407 ]

rule6: 2003.227 < title_year < 2010.032
probabilities_array:[0.20429504 0.13342676 0.01355237 0.03199093 0.09921964 0.
 0.04099184 0.00336513 0.         0.18556404 0.28759435]

rule12: num_critic_for_reviews < 77.338
probabilities_array:[0.2513072  0.20108463 0.09031587 0.         0.         0.
 0.         0.         0.00557438 0.         0.45171797]

rule16: num_user_for_reviews < 43.857
probabilities_array:[0.28067034 0.19097425 0.         0.         0.         0.
 0.         0.         0.         0.         0.5283553 ]

rule41: -5490.282 < movie_facebook_likes < 8998.807
probabilities_array:[0.2479012  0.05753588 0.01402985 0.03501676 0.00801714 0.
 0.         0.         0.0910331  0.04149119 0.50497484]

rule49: -129802069.687 < budget < 46599424.778
probabilities_array:[0.10151079 0.12747996 0.16204627 0.16416715 0.13559276 0.07390171
 0.09578014 0.07958152 0.03747781 0.         0.02246184]

rule33: -522.215 < actor_3_facebook_likes < 730.804
probabilities_array:[0.12832862 0.12457319 0.12333351 0.         0.         0.0155447
 0.05278121 0.13696763 0.07237784 0.06566297 0.28043035]

rule1: 5.732 < imdb_score < 6.469
probabilities_array:[0.09793518 0.02452217 0.         0.         0.11157636 0.05701184
 0.1689289  0.16325395 0.11625081 0.15524459 0.10527621]

rule44: duration < 94.502
probabilities_array:[0.23549514 0.         0.         0.         0.         0.
 0.         0.         0.         0.12591961 0.63858527]

rule3: imdb_score > 7.207
probabilities_array:[0.12044905 0.1395817  0.23296735 0.         0.         0.
 0.         0.         0.00353606 0.17607939 0.3273865 ]

rule22: 743.421 < director_facebook_likes < 2744.341
probabilities_array:[0.0952546  0.         0.11322121 0.19863424 0.         0.11384431
 0.05095303 0.00595281 0.03293615 0.14097166 0.24823198]

rule37: -2746.531 < cast_total_facebook_likes < 10925.016
probabilities_array:[0.12414907 0.08647811 0.036548   0.         0.01718597 0.
 0.         0.00095483 0.12773892 0.07373574 0.5332094 ]

rule29: -1233.376 < actor_2_facebook_likes < 1933.585
probabilities_array:[0.10797712 0.05123107 0.         0.         0.         0.07305837
 0.         0.00514564 0.04884336 0.1404625  0.5732819 ]


---1---
rule51: budget > 223000919.243
probabilities_array:[0.         0.28454039 0.         0.         0.         0.
 0.         0.         0.         0.2840113  0.4314483 ]

rule9: -3347.217 < num_voted_users < 97575.642
probabilities_array:[0.19430305 0.16166247 0.14110368 0.1356652  0.11775088 0.11399674
 0.06059783 0.05098016 0.00351606 0.         0.02042393]

rule2: 6.469 < imdb_score < 7.207
probabilities_array:[0.186234   0.15280594 0.08149501 0.         0.         0.
 0.09951725 0.09209666 0.1314969  0.1369135  0.1194407 ]

rule49: -129802069.687 < budget < 46599424.778
probabilities_array:[0.10151079 0.12747996 0.16204627 0.16416715 0.13559276 0.07390171
 0.09578014 0.07958152 0.03747781 0.         0.02246184]

rule12: num_critic_for_reviews < 77.338
probabilities_array:[0.2513072  0.20108463 0.09031587 0.         0.         0.
 0.         0.         0.00557438 0.         0.45171797]

rule17: 43.857 < num_user_for_reviews < 314.028
probabilities_array:[0.         0.09958248 0.15840743 0.12655476 0.11400825 0.13783276
 0.11413455 0.07508285 0.10199454 0.03552927 0.03687317]

rule6: 2003.227 < title_year < 2010.032
probabilities_array:[0.20429504 0.13342676 0.01355237 0.03199093 0.09921964 0.
 0.04099184 0.00336513 0.         0.18556404 0.28759435]

rule3: imdb_score > 7.207
probabilities_array:[0.12044905 0.1395817  0.23296735 0.         0.         0.
 0.         0.         0.00353606 0.17607939 0.3273865 ]

rule16: num_user_for_reviews < 43.857
probabilities_array:[0.28067034 0.19097425 0.         0.         0.         0.
 0.         0.         0.         0.         0.5283553 ]

rule33: -522.215 < actor_3_facebook_likes < 730.804
probabilities_array:[0.12832862 0.12457319 0.12333351 0.         0.         0.0155447
 0.05278121 0.13696763 0.07237784 0.06566297 0.28043035]

rule25: -3950.291 < actor_1_facebook_likes < 7314.038
probabilities_array:[0.0829405  0.11823054 0.         0.         0.03257523 0.
 0.         0.         0.10736719 0.10505421 0.55383235]

rule45: 94.502 < duration < 109.555
probabilities_array:[0.06128743 0.0810288  0.06328024 0.20769095 0.         0.05395462
 0.         0.07355429 0.01422895 0.07076129 0.37421346]

rule37: -2746.531 < cast_total_facebook_likes < 10925.016
probabilities_array:[0.12414907 0.08647811 0.036548   0.         0.01718597 0.
 0.         0.00095483 0.12773892 0.07373574 0.5332094 ]


---2---
rule49: -129802069.687 < budget < 46599424.778
probabilities_array:[0.10151079 0.12747996 0.16204627 0.16416715 0.13559276 0.07390171
 0.09578014 0.07958152 0.03747781 0.         0.02246184]

rule3: imdb_score > 7.207
probabilities_array:[0.12044905 0.1395817  0.23296735 0.         0.         0.
 0.         0.         0.00353606 0.17607939 0.3273865 ]

rule17: 43.857 < num_user_for_reviews < 314.028
probabilities_array:[0.         0.09958248 0.15840743 0.12655476 0.11400825 0.13783276
 0.11413455 0.07508285 0.10199454 0.03552927 0.03687317]

rule9: -3347.217 < num_voted_users < 97575.642
probabilities_array:[0.19430305 0.16166247 0.14110368 0.1356652  0.11775088 0.11399674
 0.06059783 0.05098016 0.00351606 0.         0.02042393]

rule33: -522.215 < actor_3_facebook_likes < 730.804
probabilities_array:[0.12832862 0.12457319 0.12333351 0.         0.         0.0155447
 0.05278121 0.13696763 0.07237784 0.06566297 0.28043035]

rule22: 743.421 < director_facebook_likes < 2744.341
probabilities_array:[0.0952546  0.         0.11322121 0.19863424 0.         0.11384431
 0.05095303 0.00595281 0.03293615 0.14097166 0.24823198]

rule42: 8998.807 < movie_facebook_likes < 23487.895
probabilities_array:[0.         0.01670892 0.09235989 0.04809016 0.11854467 0.16124767
 0.12850232 0.05500434 0.13771017 0.11238368 0.12944812]

rule14: 159.895 < num_critic_for_reviews < 242.452
probabilities_array:[0.         0.00108374 0.07419735 0.14899305 0.11429125 0.15079305
 0.0705246  0.14964955 0.1251379  0.13423002 0.0310995 ]

rule2: 6.469 < imdb_score < 7.207
probabilities_array:[0.186234   0.15280594 0.08149501 0.         0.         0.
 0.09951725 0.09209666 0.1314969  0.1369135  0.1194407 ]

rule18: 314.028 < num_user_for_reviews < 584.199
probabilities_array:[0.         0.         0.06225855 0.12840022 0.16764477 0.18271346
 0.13196377 0.11079325 0.14519626 0.0593589  0.01167083]

rule5: 1996.421 < title_year < 2003.227
probabilities_array:[0.         0.05367452 0.08186425 0.18217978 0.         0.13039975
 0.09246852 0.0295657  0.02836552 0.13968569 0.26179633]

rule0: imdb_score < 5.732
probabilities_array:[0.         0.         0.05564914 0.12701015 0.17440788 0.16043176
 0.15866287 0.13967107 0.11694145 0.00332159 0.0639041 ]

rule12: num_critic_for_reviews < 77.338
probabilities_array:[0.2513072  0.20108463 0.09031587 0.         0.         0.
 0.         0.         0.00557438 0.         0.45171797]

rule4: title_year < 1996.421
probabilities_array:[0.         0.03656204 0.04885014 0.09733939 0.09698055 0.1285565
 0.11106427 0.1204022  0.18544291 0.17480199 0.        ]

rule46: 109.555 < duration < 124.609
probabilities_array:[0.         0.01819453 0.05467648 0.07403065 0.11170523 0.17064947
 0.10931097 0.09918863 0.18040225 0.         0.1818418 ]


---3---
rule30: 1933.585 < actor_2_facebook_likes < 5100.545
probabilities_array:[0.         0.         0.         0.21151869 0.00108138 0.02407097
 0.22382596 0.09560359 0.16593912 0.11840741 0.1595528 ]

rule49: -129802069.687 < budget < 46599424.778
probabilities_array:[0.10151079 0.12747996 0.16204627 0.16416715 0.13559276 0.07390171
 0.09578014 0.07958152 0.03747781 0.         0.02246184]

rule22: 743.421 < director_facebook_likes < 2744.341
probabilities_array:[0.0952546  0.         0.11322121 0.19863424 0.         0.11384431
 0.05095303 0.00595281 0.03293615 0.14097166 0.24823198]

rule14: 159.895 < num_critic_for_reviews < 242.452
probabilities_array:[0.         0.00108374 0.07419735 0.14899305 0.11429125 0.15079305
 0.0705246  0.14964955 0.1251379  0.13423002 0.0310995 ]

rule5: 1996.421 < title_year < 2003.227
probabilities_array:[0.         0.05367452 0.08186425 0.18217978 0.         0.13039975
 0.09246852 0.0295657  0.02836552 0.13968569 0.26179633]

rule9: -3347.217 < num_voted_users < 97575.642
probabilities_array:[0.19430305 0.16166247 0.14110368 0.1356652  0.11775088 0.11399674
 0.06059783 0.05098016 0.00351606 0.         0.02042393]

rule45: 94.502 < duration < 109.555
probabilities_array:[0.06128743 0.0810288  0.06328024 0.20769095 0.         0.05395462
 0.         0.07355429 0.01422895 0.07076129 0.37421346]

rule18: 314.028 < num_user_for_reviews < 584.199
probabilities_array:[0.         0.         0.06225855 0.12840022 0.16764477 0.18271346
 0.13196377 0.11079325 0.14519626 0.0593589  0.01167083]

rule17: 43.857 < num_user_for_reviews < 314.028
probabilities_array:[0.         0.09958248 0.15840743 0.12655476 0.11400825 0.13783276
 0.11413455 0.07508285 0.10199454 0.03552927 0.03687317]

rule0: imdb_score < 5.732
probabilities_array:[0.         0.         0.05564914 0.12701015 0.17440788 0.16043176
 0.15866287 0.13967107 0.11694145 0.00332159 0.0639041 ]

rule4: title_year < 1996.421
probabilities_array:[0.         0.03656204 0.04885014 0.09733939 0.09698055 0.1285565
 0.11106427 0.1204022  0.18544291 0.17480199 0.        ]

rule38: 10925.016 < cast_total_facebook_likes < 24596.563
probabilities_array:[8.69285502e-03 1.13984184e-04 0.00000000e+00 1.48610935e-01
 0.00000000e+00 1.20038666e-01 3.34097184e-02 2.27148812e-02
 8.66978914e-02 2.13694260e-01 3.66026700e-01]

rule46: 109.555 < duration < 124.609
probabilities_array:[0.         0.01819453 0.05467648 0.07403065 0.11170523 0.17064947
 0.10931097 0.09918863 0.18040225 0.         0.1818418 ]

rule27: actor_1_facebook_likes > 18578.368
probabilities_array:[0.02815129 0.         0.         0.07393195 0.         0.06157786
 0.16295199 0.07747303 0.         0.16656414 0.42934972]

rule42: 8998.807 < movie_facebook_likes < 23487.895
probabilities_array:[0.         0.01670892 0.09235989 0.04809016 0.11854467 0.16124767
 0.12850232 0.05500434 0.13771017 0.11238368 0.12944812]

rule23: director_facebook_likes > 2744.341
probabilities_array:[3.79314739e-03 0.00000000e+00 3.33930477e-02 6.56410232e-02
 3.33385058e-02 1.13019356e-04 1.06249154e-01 1.02183856e-01
 2.01882258e-01 7.59619847e-02 3.77444118e-01]

rule35: actor_3_facebook_likes > 1983.822
probabilities_array:[0.         0.         0.         0.07968152 0.02863781 0.
 0.         0.         0.17029107 0.22594546 0.49544412]


---4---
rule34: 730.804 < actor_3_facebook_likes < 1983.822
probabilities_array:[0.         0.         0.         0.02934653 0.22609438 0.00618006
 0.09320338 0.18330343 0.12622593 0.16935256 0.16629371]

rule18: 314.028 < num_user_for_reviews < 584.199
probabilities_array:[0.         0.         0.06225855 0.12840022 0.16764477 0.18271346
 0.13196377 0.11079325 0.14519626 0.0593589  0.01167083]

rule0: imdb_score < 5.732
probabilities_array:[0.         0.         0.05564914 0.12701015 0.17440788 0.16043176
 0.15866287 0.13967107 0.11694145 0.00332159 0.0639041 ]

rule49: -129802069.687 < budget < 46599424.778
probabilities_array:[0.10151079 0.12747996 0.16204627 0.16416715 0.13559276 0.07390171
 0.09578014 0.07958152 0.03747781 0.         0.02246184]

rule9: -3347.217 < num_voted_users < 97575.642
probabilities_array:[0.19430305 0.16166247 0.14110368 0.1356652  0.11775088 0.11399674
 0.06059783 0.05098016 0.00351606 0.         0.02042393]

rule14: 159.895 < num_critic_for_reviews < 242.452
probabilities_array:[0.         0.00108374 0.07419735 0.14899305 0.11429125 0.15079305
 0.0705246  0.14964955 0.1251379  0.13423002 0.0310995 ]

rule17: 43.857 < num_user_for_reviews < 314.028
probabilities_array:[0.         0.09958248 0.15840743 0.12655476 0.11400825 0.13783276
 0.11413455 0.07508285 0.10199454 0.03552927 0.03687317]

rule42: 8998.807 < movie_facebook_likes < 23487.895
probabilities_array:[0.         0.01670892 0.09235989 0.04809016 0.11854467 0.16124767
 0.12850232 0.05500434 0.13771017 0.11238368 0.12944812]

rule1: 5.732 < imdb_score < 6.469
probabilities_array:[0.09793518 0.02452217 0.         0.         0.11157636 0.05701184
 0.1689289  0.16325395 0.11625081 0.15524459 0.10527621]

rule4: title_year < 1996.421
probabilities_array:[0.         0.03656204 0.04885014 0.09733939 0.09698055 0.1285565
 0.11106427 0.1204022  0.18544291 0.17480199 0.        ]

rule46: 109.555 < duration < 124.609
probabilities_array:[0.         0.01819453 0.05467648 0.07403065 0.11170523 0.17064947
 0.10931097 0.09918863 0.18040225 0.         0.1818418 ]

rule13: 77.338 < num_critic_for_reviews < 159.895
probabilities_array:[0.00055508 0.         0.0229557  0.01706184 0.10398432 0.09474154
 0.1634573  0.21292514 0.21091253 0.0030919  0.17031464]

rule6: 2003.227 < title_year < 2010.032
probabilities_array:[0.20429504 0.13342676 0.01355237 0.03199093 0.09921964 0.
 0.04099184 0.00336513 0.         0.18556404 0.28759435]

rule15: num_critic_for_reviews > 242.452
probabilities_array:[0.         0.         0.         0.         0.10088556 0.02992846
 0.03774141 0.         0.06385997 0.21559873 0.55198586]

rule31: actor_2_facebook_likes > 5100.545
probabilities_array:[0.         0.         0.         0.02078331 0.08401738 0.
 0.         0.03581409 0.15000242 0.21773154 0.49165124]


---5---
rule10: 97575.642 < num_voted_users < 198498.500
probabilities_array:[0.         0.         0.00362889 0.02683095 0.01234061 0.22124611
 0.19929802 0.19186556 0.1627129  0.         0.18207695]

rule18: 314.028 < num_user_for_reviews < 584.199
probabilities_array:[0.         0.         0.06225855 0.12840022 0.16764477 0.18271346
 0.13196377 0.11079325 0.14519626 0.0593589  0.01167083]

rule0: imdb_score < 5.732
probabilities_array:[0.         0.         0.05564914 0.12701015 0.17440788 0.16043176
 0.15866287 0.13967107 0.11694145 0.00332159 0.0639041 ]

rule14: 159.895 < num_critic_for_reviews < 242.452
probabilities_array:[0.         0.00108374 0.07419735 0.14899305 0.11429125 0.15079305
 0.0705246  0.14964955 0.1251379  0.13423002 0.0310995 ]

rule42: 8998.807 < movie_facebook_likes < 23487.895
probabilities_array:[0.         0.01670892 0.09235989 0.04809016 0.11854467 0.16124767
 0.12850232 0.05500434 0.13771017 0.11238368 0.12944812]

rule46: 109.555 < duration < 124.609
probabilities_array:[0.         0.01819453 0.05467648 0.07403065 0.11170523 0.17064947
 0.10931097 0.09918863 0.18040225 0.         0.1818418 ]

rule17: 43.857 < num_user_for_reviews < 314.028
probabilities_array:[0.         0.09958248 0.15840743 0.12655476 0.11400825 0.13783276
 0.11413455 0.07508285 0.10199454 0.03552927 0.03687317]

rule4: title_year < 1996.421
probabilities_array:[0.         0.03656204 0.04885014 0.09733939 0.09698055 0.1285565
 0.11106427 0.1204022  0.18544291 0.17480199 0.        ]

rule9: -3347.217 < num_voted_users < 97575.642
probabilities_array:[0.19430305 0.16166247 0.14110368 0.1356652  0.11775088 0.11399674
 0.06059783 0.05098016 0.00351606 0.         0.02042393]

rule5: 1996.421 < title_year < 2003.227
probabilities_array:[0.         0.05367452 0.08186425 0.18217978 0.         0.13039975
 0.09246852 0.0295657  0.02836552 0.13968569 0.26179633]

rule7: title_year > 2010.032
probabilities_array:[0.2813007  0.         0.         0.         0.         0.12283234
 0.         0.10366485 0.00034273 0.20675114 0.28510827]

rule22: 743.421 < director_facebook_likes < 2744.341
probabilities_array:[0.0952546  0.         0.11322121 0.19863424 0.         0.11384431
 0.05095303 0.00595281 0.03293615 0.14097166 0.24823198]

rule26: 7314.038 < actor_1_facebook_likes < 18578.368
probabilities_array:[0.01177884 0.         0.00118258 0.         0.         0.1248788
 0.02094975 0.10372819 0.2161409  0.15134975 0.36999133]

rule13: 77.338 < num_critic_for_reviews < 159.895
probabilities_array:[0.00055508 0.         0.0229557  0.01706184 0.10398432 0.09474154
 0.1634573  0.21292514 0.21091253 0.0030919  0.17031464]

rule38: 10925.016 < cast_total_facebook_likes < 24596.563
probabilities_array:[8.69285502e-03 1.13984184e-04 0.00000000e+00 1.48610935e-01
 0.00000000e+00 1.20038666e-01 3.34097184e-02 2.27148812e-02
 8.66978914e-02 2.13694260e-01 3.66026700e-01]

rule49: -129802069.687 < budget < 46599424.778
probabilities_array:[0.10151079 0.12747996 0.16204627 0.16416715 0.13559276 0.07390171
 0.09578014 0.07958152 0.03747781 0.         0.02246184]

rule1: 5.732 < imdb_score < 6.469
probabilities_array:[0.09793518 0.02452217 0.         0.         0.11157636 0.05701184
 0.1689289  0.16325395 0.11625081 0.15524459 0.10527621]


---6---
rule30: 1933.585 < actor_2_facebook_likes < 5100.545
probabilities_array:[0.         0.         0.         0.21151869 0.00108138 0.02407097
 0.22382596 0.09560359 0.16593912 0.11840741 0.1595528 ]

rule10: 97575.642 < num_voted_users < 198498.500
probabilities_array:[0.         0.         0.00362889 0.02683095 0.01234061 0.22124611
 0.19929802 0.19186556 0.1627129  0.         0.18207695]

rule1: 5.732 < imdb_score < 6.469
probabilities_array:[0.09793518 0.02452217 0.         0.         0.11157636 0.05701184
 0.1689289  0.16325395 0.11625081 0.15524459 0.10527621]

rule0: imdb_score < 5.732
probabilities_array:[0.         0.         0.05564914 0.12701015 0.17440788 0.16043176
 0.15866287 0.13967107 0.11694145 0.00332159 0.0639041 ]

rule47: duration > 124.609
probabilities_array:[0.         0.01061493 0.00122759 0.         0.         0.00533933
 0.23226504 0.0579181  0.12898505 0.19256467 0.3710853 ]

rule13: 77.338 < num_critic_for_reviews < 159.895
probabilities_array:[0.00055508 0.         0.0229557  0.01706184 0.10398432 0.09474154
 0.1634573  0.21292514 0.21091253 0.0030919  0.17031464]

rule18: 314.028 < num_user_for_reviews < 584.199
probabilities_array:[0.         0.         0.06225855 0.12840022 0.16764477 0.18271346
 0.13196377 0.11079325 0.14519626 0.0593589  0.01167083]

rule50: 46599424.778 < budget < 223000919.243
probabilities_array:[0.         0.         0.         0.         0.         0.00199219
 0.16727483 0.18693821 0.1923411  0.22826263 0.22319107]

rule42: 8998.807 < movie_facebook_likes < 23487.895
probabilities_array:[0.         0.01670892 0.09235989 0.04809016 0.11854467 0.16124767
 0.12850232 0.05500434 0.13771017 0.11238368 0.12944812]

rule4: title_year < 1996.421
probabilities_array:[0.         0.03656204 0.04885014 0.09733939 0.09698055 0.1285565
 0.11106427 0.1204022  0.18544291 0.17480199 0.        ]

rule17: 43.857 < num_user_for_reviews < 314.028
probabilities_array:[0.         0.09958248 0.15840743 0.12655476 0.11400825 0.13783276
 0.11413455 0.07508285 0.10199454 0.03552927 0.03687317]

rule49: -129802069.687 < budget < 46599424.778
probabilities_array:[0.10151079 0.12747996 0.16204627 0.16416715 0.13559276 0.07390171
 0.09578014 0.07958152 0.03747781 0.         0.02246184]

rule27: actor_1_facebook_likes > 18578.368
probabilities_array:[0.02815129 0.         0.         0.07393195 0.         0.06157786
 0.16295199 0.07747303 0.         0.16656414 0.42934972]

rule46: 109.555 < duration < 124.609
probabilities_array:[0.         0.01819453 0.05467648 0.07403065 0.11170523 0.17064947
 0.10931097 0.09918863 0.18040225 0.         0.1818418 ]

rule2: 6.469 < imdb_score < 7.207
probabilities_array:[0.186234   0.15280594 0.08149501 0.         0.         0.
 0.09951725 0.09209666 0.1314969  0.1369135  0.1194407 ]

rule34: 730.804 < actor_3_facebook_likes < 1983.822
probabilities_array:[0.         0.         0.         0.02934653 0.22609438 0.00618006
 0.09320338 0.18330343 0.12622593 0.16935256 0.16629371]

rule14: 159.895 < num_critic_for_reviews < 242.452
probabilities_array:[0.         0.00108374 0.07419735 0.14899305 0.11429125 0.15079305
 0.0705246  0.14964955 0.1251379  0.13423002 0.0310995 ]

rule5: 1996.421 < title_year < 2003.227
probabilities_array:[0.         0.05367452 0.08186425 0.18217978 0.         0.13039975
 0.09246852 0.0295657  0.02836552 0.13968569 0.26179633]

rule23: director_facebook_likes > 2744.341
probabilities_array:[3.79314739e-03 0.00000000e+00 3.33930477e-02 6.56410232e-02
 3.33385058e-02 1.13019356e-04 1.06249154e-01 1.02183856e-01
 2.01882258e-01 7.59619847e-02 3.77444118e-01]

rule9: -3347.217 < num_voted_users < 97575.642
probabilities_array:[0.19430305 0.16166247 0.14110368 0.1356652  0.11775088 0.11399674
 0.06059783 0.05098016 0.00351606 0.         0.02042393]


---7---
rule13: 77.338 < num_critic_for_reviews < 159.895
probabilities_array:[0.00055508 0.         0.0229557  0.01706184 0.10398432 0.09474154
 0.1634573  0.21292514 0.21091253 0.0030919  0.17031464]

rule10: 97575.642 < num_voted_users < 198498.500
probabilities_array:[0.         0.         0.00362889 0.02683095 0.01234061 0.22124611
 0.19929802 0.19186556 0.1627129  0.         0.18207695]

rule34: 730.804 < actor_3_facebook_likes < 1983.822
probabilities_array:[0.         0.         0.         0.02934653 0.22609438 0.00618006
 0.09320338 0.18330343 0.12622593 0.16935256 0.16629371]

rule1: 5.732 < imdb_score < 6.469
probabilities_array:[0.09793518 0.02452217 0.         0.         0.11157636 0.05701184
 0.1689289  0.16325395 0.11625081 0.15524459 0.10527621]

rule50: 46599424.778 < budget < 223000919.243
probabilities_array:[0.         0.         0.         0.         0.         0.00199219
 0.16727483 0.18693821 0.1923411  0.22826263 0.22319107]

rule43: movie_facebook_likes > 23487.895
probabilities_array:[0.         0.         0.         0.0239351  0.         0.00254258
 0.03220494 0.23581685 0.11627521 0.20419513 0.38503024]

rule14: 159.895 < num_critic_for_reviews < 242.452
probabilities_array:[0.         0.00108374 0.07419735 0.14899305 0.11429125 0.15079305
 0.0705246  0.14964955 0.1251379  0.13423002 0.0310995 ]

rule0: imdb_score < 5.732
probabilities_array:[0.         0.         0.05564914 0.12701015 0.17440788 0.16043176
 0.15866287 0.13967107 0.11694145 0.00332159 0.0639041 ]

rule4: title_year < 1996.421
probabilities_array:[0.         0.03656204 0.04885014 0.09733939 0.09698055 0.1285565
 0.11106427 0.1204022  0.18544291 0.17480199 0.        ]

rule19: num_user_for_reviews > 584.199
probabilities_array:[0.         0.         0.         0.         0.00404852 0.00592383
 0.03899435 0.22533119 0.01093325 0.2243683  0.49040055]

rule18: 314.028 < num_user_for_reviews < 584.199
probabilities_array:[0.         0.         0.06225855 0.12840022 0.16764477 0.18271346
 0.13196377 0.11079325 0.14519626 0.0593589  0.01167083]

rule33: -522.215 < actor_3_facebook_likes < 730.804
probabilities_array:[0.12832862 0.12457319 0.12333351 0.         0.         0.0155447
 0.05278121 0.13696763 0.07237784 0.06566297 0.28043035]

rule46: 109.555 < duration < 124.609
probabilities_array:[0.         0.01819453 0.05467648 0.07403065 0.11170523 0.17064947
 0.10931097 0.09918863 0.18040225 0.         0.1818418 ]

rule2: 6.469 < imdb_score < 7.207
probabilities_array:[0.186234   0.15280594 0.08149501 0.         0.         0.
 0.09951725 0.09209666 0.1314969  0.1369135  0.1194407 ]

rule30: 1933.585 < actor_2_facebook_likes < 5100.545
probabilities_array:[0.         0.         0.         0.21151869 0.00108138 0.02407097
 0.22382596 0.09560359 0.16593912 0.11840741 0.1595528 ]

rule49: -129802069.687 < budget < 46599424.778
probabilities_array:[0.10151079 0.12747996 0.16204627 0.16416715 0.13559276 0.07390171
 0.09578014 0.07958152 0.03747781 0.         0.02246184]

rule7: title_year > 2010.032
probabilities_array:[0.2813007  0.         0.         0.         0.         0.12283234
 0.         0.10366485 0.00034273 0.20675114 0.28510827]

rule17: 43.857 < num_user_for_reviews < 314.028
probabilities_array:[0.         0.09958248 0.15840743 0.12655476 0.11400825 0.13783276
 0.11413455 0.07508285 0.10199454 0.03552927 0.03687317]

rule26: 7314.038 < actor_1_facebook_likes < 18578.368
probabilities_array:[0.01177884 0.         0.00118258 0.         0.         0.1248788
 0.02094975 0.10372819 0.2161409  0.15134975 0.36999133]

rule23: director_facebook_likes > 2744.341
probabilities_array:[3.79314739e-03 0.00000000e+00 3.33930477e-02 6.56410232e-02
 3.33385058e-02 1.13019356e-04 1.06249154e-01 1.02183856e-01
 2.01882258e-01 7.59619847e-02 3.77444118e-01]

rule9: -3347.217 < num_voted_users < 97575.642
probabilities_array:[0.19430305 0.16166247 0.14110368 0.1356652  0.11775088 0.11399674
 0.06059783 0.05098016 0.00351606 0.         0.02042393]

rule42: 8998.807 < movie_facebook_likes < 23487.895
probabilities_array:[0.         0.01670892 0.09235989 0.04809016 0.11854467 0.16124767
 0.12850232 0.05500434 0.13771017 0.11238368 0.12944812]

rule45: 94.502 < duration < 109.555
probabilities_array:[0.06128743 0.0810288  0.06328024 0.20769095 0.         0.05395462
 0.         0.07355429 0.01422895 0.07076129 0.37421346]

rule27: actor_1_facebook_likes > 18578.368
probabilities_array:[0.02815129 0.         0.         0.07393195 0.         0.06157786
 0.16295199 0.07747303 0.         0.16656414 0.42934972]


---8---
rule4: title_year < 1996.421
probabilities_array:[0.         0.03656204 0.04885014 0.09733939 0.09698055 0.1285565
 0.11106427 0.1204022  0.18544291 0.17480199 0.        ]

rule13: 77.338 < num_critic_for_reviews < 159.895
probabilities_array:[0.00055508 0.         0.0229557  0.01706184 0.10398432 0.09474154
 0.1634573  0.21292514 0.21091253 0.0030919  0.17031464]

rule50: 46599424.778 < budget < 223000919.243
probabilities_array:[0.         0.         0.         0.         0.         0.00199219
 0.16727483 0.18693821 0.1923411  0.22826263 0.22319107]

rule46: 109.555 < duration < 124.609
probabilities_array:[0.         0.01819453 0.05467648 0.07403065 0.11170523 0.17064947
 0.10931097 0.09918863 0.18040225 0.         0.1818418 ]

rule18: 314.028 < num_user_for_reviews < 584.199
probabilities_array:[0.         0.         0.06225855 0.12840022 0.16764477 0.18271346
 0.13196377 0.11079325 0.14519626 0.0593589  0.01167083]

rule30: 1933.585 < actor_2_facebook_likes < 5100.545
probabilities_array:[0.         0.         0.         0.21151869 0.00108138 0.02407097
 0.22382596 0.09560359 0.16593912 0.11840741 0.1595528 ]

rule26: 7314.038 < actor_1_facebook_likes < 18578.368
probabilities_array:[0.01177884 0.         0.00118258 0.         0.         0.1248788
 0.02094975 0.10372819 0.2161409  0.15134975 0.36999133]

rule10: 97575.642 < num_voted_users < 198498.500
probabilities_array:[0.         0.         0.00362889 0.02683095 0.01234061 0.22124611
 0.19929802 0.19186556 0.1627129  0.         0.18207695]

rule23: director_facebook_likes > 2744.341
probabilities_array:[3.79314739e-03 0.00000000e+00 3.33930477e-02 6.56410232e-02
 3.33385058e-02 1.13019356e-04 1.06249154e-01 1.02183856e-01
 2.01882258e-01 7.59619847e-02 3.77444118e-01]

rule14: 159.895 < num_critic_for_reviews < 242.452
probabilities_array:[0.         0.00108374 0.07419735 0.14899305 0.11429125 0.15079305
 0.0705246  0.14964955 0.1251379  0.13423002 0.0310995 ]

rule42: 8998.807 < movie_facebook_likes < 23487.895
probabilities_array:[0.         0.01670892 0.09235989 0.04809016 0.11854467 0.16124767
 0.12850232 0.05500434 0.13771017 0.11238368 0.12944812]

rule2: 6.469 < imdb_score < 7.207
probabilities_array:[0.186234   0.15280594 0.08149501 0.         0.         0.
 0.09951725 0.09209666 0.1314969  0.1369135  0.1194407 ]

rule11: num_voted_users > 198498.500
probabilities_array:[0.         0.         0.         0.         0.         0.
 0.         0.         0.23525472 0.25268537 0.51206   ]

rule0: imdb_score < 5.732
probabilities_array:[0.         0.         0.05564914 0.12701015 0.17440788 0.16043176
 0.15866287 0.13967107 0.11694145 0.00332159 0.0639041 ]

rule34: 730.804 < actor_3_facebook_likes < 1983.822
probabilities_array:[0.         0.         0.         0.02934653 0.22609438 0.00618006
 0.09320338 0.18330343 0.12622593 0.16935256 0.16629371]

rule1: 5.732 < imdb_score < 6.469
probabilities_array:[0.09793518 0.02452217 0.         0.         0.11157636 0.05701184
 0.1689289  0.16325395 0.11625081 0.15524459 0.10527621]

rule17: 43.857 < num_user_for_reviews < 314.028
probabilities_array:[0.         0.09958248 0.15840743 0.12655476 0.11400825 0.13783276
 0.11413455 0.07508285 0.10199454 0.03552927 0.03687317]

rule35: actor_3_facebook_likes > 1983.822
probabilities_array:[0.         0.         0.         0.07968152 0.02863781 0.
 0.         0.         0.17029107 0.22594546 0.49544412]

rule47: duration > 124.609
probabilities_array:[0.         0.01061493 0.00122759 0.         0.         0.00533933
 0.23226504 0.0579181  0.12898505 0.19256467 0.3710853 ]

rule31: actor_2_facebook_likes > 5100.545
probabilities_array:[0.         0.         0.         0.02078331 0.08401738 0.
 0.         0.03581409 0.15000242 0.21773154 0.49165124]

rule43: movie_facebook_likes > 23487.895
probabilities_array:[0.         0.         0.         0.0239351  0.         0.00254258
 0.03220494 0.23581685 0.11627521 0.20419513 0.38503024]

rule37: -2746.531 < cast_total_facebook_likes < 10925.016
probabilities_array:[0.12414907 0.08647811 0.036548   0.         0.01718597 0.
 0.         0.00095483 0.12773892 0.07373574 0.5332094 ]

rule38: 10925.016 < cast_total_facebook_likes < 24596.563
probabilities_array:[8.69285502e-03 1.13984184e-04 0.00000000e+00 1.48610935e-01
 0.00000000e+00 1.20038666e-01 3.34097184e-02 2.27148812e-02
 8.66978914e-02 2.13694260e-01 3.66026700e-01]

rule33: -522.215 < actor_3_facebook_likes < 730.804
probabilities_array:[0.12832862 0.12457319 0.12333351 0.         0.         0.0155447
 0.05278121 0.13696763 0.07237784 0.06566297 0.28043035]

rule25: -3950.291 < actor_1_facebook_likes < 7314.038
probabilities_array:[0.0829405  0.11823054 0.         0.         0.03257523 0.
 0.         0.         0.10736719 0.10505421 0.55383235]

rule41: -5490.282 < movie_facebook_likes < 8998.807
probabilities_array:[0.2479012  0.05753588 0.01402985 0.03501676 0.00801714 0.
 0.         0.         0.0910331  0.04149119 0.50497484]


---9---
rule50: 46599424.778 < budget < 223000919.243
probabilities_array:[0.         0.         0.         0.         0.         0.00199219
 0.16727483 0.18693821 0.1923411  0.22826263 0.22319107]

rule4: title_year < 1996.421
probabilities_array:[0.         0.03656204 0.04885014 0.09733939 0.09698055 0.1285565
 0.11106427 0.1204022  0.18544291 0.17480199 0.        ]

rule51: budget > 223000919.243
probabilities_array:[0.         0.28454039 0.         0.         0.         0.
 0.         0.         0.         0.2840113  0.4314483 ]

rule7: title_year > 2010.032
probabilities_array:[0.2813007  0.         0.         0.         0.         0.12283234
 0.         0.10366485 0.00034273 0.20675114 0.28510827]

rule34: 730.804 < actor_3_facebook_likes < 1983.822
probabilities_array:[0.         0.         0.         0.02934653 0.22609438 0.00618006
 0.09320338 0.18330343 0.12622593 0.16935256 0.16629371]

rule1: 5.732 < imdb_score < 6.469
probabilities_array:[0.09793518 0.02452217 0.         0.         0.11157636 0.05701184
 0.1689289  0.16325395 0.11625081 0.15524459 0.10527621]

rule38: 10925.016 < cast_total_facebook_likes < 24596.563
probabilities_array:[8.69285502e-03 1.13984184e-04 0.00000000e+00 1.48610935e-01
 0.00000000e+00 1.20038666e-01 3.34097184e-02 2.27148812e-02
 8.66978914e-02 2.13694260e-01 3.66026700e-01]

rule6: 2003.227 < title_year < 2010.032
probabilities_array:[0.20429504 0.13342676 0.01355237 0.03199093 0.09921964 0.
 0.04099184 0.00336513 0.         0.18556404 0.28759435]

rule14: 159.895 < num_critic_for_reviews < 242.452
probabilities_array:[0.         0.00108374 0.07419735 0.14899305 0.11429125 0.15079305
 0.0705246  0.14964955 0.1251379  0.13423002 0.0310995 ]

rule43: movie_facebook_likes > 23487.895
probabilities_array:[0.         0.         0.         0.0239351  0.         0.00254258
 0.03220494 0.23581685 0.11627521 0.20419513 0.38503024]

rule11: num_voted_users > 198498.500
probabilities_array:[0.         0.         0.         0.         0.         0.
 0.         0.         0.23525472 0.25268537 0.51206   ]

rule47: duration > 124.609
probabilities_array:[0.         0.01061493 0.00122759 0.         0.         0.00533933
 0.23226504 0.0579181  0.12898505 0.19256467 0.3710853 ]

rule2: 6.469 < imdb_score < 7.207
probabilities_array:[0.186234   0.15280594 0.08149501 0.         0.         0.
 0.09951725 0.09209666 0.1314969  0.1369135  0.1194407 ]

rule3: imdb_score > 7.207
probabilities_array:[0.12044905 0.1395817  0.23296735 0.         0.         0.
 0.         0.         0.00353606 0.17607939 0.3273865 ]

rule19: num_user_for_reviews > 584.199
probabilities_array:[0.         0.         0.         0.         0.00404852 0.00592383
 0.03899435 0.22533119 0.01093325 0.2243683  0.49040055]

rule35: actor_3_facebook_likes > 1983.822
probabilities_array:[0.         0.         0.         0.07968152 0.02863781 0.
 0.         0.         0.17029107 0.22594546 0.49544412]

rule31: actor_2_facebook_likes > 5100.545
probabilities_array:[0.         0.         0.         0.02078331 0.08401738 0.
 0.         0.03581409 0.15000242 0.21773154 0.49165124]

rule22: 743.421 < director_facebook_likes < 2744.341
probabilities_array:[0.0952546  0.         0.11322121 0.19863424 0.         0.11384431
 0.05095303 0.00595281 0.03293615 0.14097166 0.24823198]

rule5: 1996.421 < title_year < 2003.227
probabilities_array:[0.         0.05367452 0.08186425 0.18217978 0.         0.13039975
 0.09246852 0.0295657  0.02836552 0.13968569 0.26179633]

rule30: 1933.585 < actor_2_facebook_likes < 5100.545
probabilities_array:[0.         0.         0.         0.21151869 0.00108138 0.02407097
 0.22382596 0.09560359 0.16593912 0.11840741 0.1595528 ]

rule42: 8998.807 < movie_facebook_likes < 23487.895
probabilities_array:[0.         0.01670892 0.09235989 0.04809016 0.11854467 0.16124767
 0.12850232 0.05500434 0.13771017 0.11238368 0.12944812]

rule15: num_critic_for_reviews > 242.452
probabilities_array:[0.         0.         0.         0.         0.10088556 0.02992846
 0.03774141 0.         0.06385997 0.21559873 0.55198586]

rule26: 7314.038 < actor_1_facebook_likes < 18578.368
probabilities_array:[0.01177884 0.         0.00118258 0.         0.         0.1248788
 0.02094975 0.10372819 0.2161409  0.15134975 0.36999133]

rule27: actor_1_facebook_likes > 18578.368
probabilities_array:[0.02815129 0.         0.         0.07393195 0.         0.06157786
 0.16295199 0.07747303 0.         0.16656414 0.42934972]

rule21: -1257.499 < director_facebook_likes < 743.421
probabilities_array:[8.0759330e-03 3.8762292e-04 0.0000000e+00 0.0000000e+00 0.0000000e+00
 0.0000000e+00 0.0000000e+00 1.0672644e-02 4.2433720e-02 2.4802572e-01
 6.9040442e-01]

rule39: cast_total_facebook_likes > 24596.563
probabilities_array:[0.02768827 0.         0.         0.00430623 0.         0.04147574
 0.0244469  0.03011747 0.08703446 0.17027706 0.6146538 ]

rule29: -1233.376 < actor_2_facebook_likes < 1933.585
probabilities_array:[0.10797712 0.05123107 0.         0.         0.         0.07305837
 0.         0.00514564 0.04884336 0.1404625  0.5732819 ]

rule18: 314.028 < num_user_for_reviews < 584.199
probabilities_array:[0.         0.         0.06225855 0.12840022 0.16764477 0.18271346
 0.13196377 0.11079325 0.14519626 0.0593589  0.01167083]

rule23: director_facebook_likes > 2744.341
probabilities_array:[3.79314739e-03 0.00000000e+00 3.33930477e-02 6.56410232e-02
 3.33385058e-02 1.13019356e-04 1.06249154e-01 1.02183856e-01
 2.01882258e-01 7.59619847e-02 3.77444118e-01]

rule33: -522.215 < actor_3_facebook_likes < 730.804
probabilities_array:[0.12832862 0.12457319 0.12333351 0.         0.         0.0155447
 0.05278121 0.13696763 0.07237784 0.06566297 0.28043035]

rule25: -3950.291 < actor_1_facebook_likes < 7314.038
probabilities_array:[0.0829405  0.11823054 0.         0.         0.03257523 0.
 0.         0.         0.10736719 0.10505421 0.55383235]

rule44: duration < 94.502
probabilities_array:[0.23549514 0.         0.         0.         0.         0.
 0.         0.         0.         0.12591961 0.63858527]

rule45: 94.502 < duration < 109.555
probabilities_array:[0.06128743 0.0810288  0.06328024 0.20769095 0.         0.05395462
 0.         0.07355429 0.01422895 0.07076129 0.37421346]

