R2: 0.3342913805557687

MAE: 32792607.08703569

MSE: 3081244249264541.0

Accuracy: 0.2534595775673707

F1: 0.24023550421752504

Confusion Matrix: [[73, 17, 15, 12, 4, 3, 0, 2, 2, 1], [34, 34, 23, 10, 15, 6, 4, 3, 5, 3], [15, 29, 22, 25, 12, 5, 9, 5, 8, 2], [16, 19, 12, 25, 21, 11, 2, 10, 9, 4], [14, 12, 14, 25, 29, 19, 18, 13, 6, 5], [6, 14, 9, 14, 18, 18, 10, 21, 12, 7], [7, 15, 6, 7, 14, 10, 13, 17, 21, 16], [4, 14, 11, 10, 11, 11, 15, 16, 28, 32], [2, 8, 5, 10, 9, 9, 10, 13, 33, 39], [0, 3, 1, 4, 2, 0, 5, 13, 33, 85]]

Uncertainties: {'class0': [0.016644936054944992, 0.019503232091665268, 0.13276012241840363, 0.15765385329723358, 0.2384474128484726], 'class1': [0.016644936054944992, 0.019503232091665268, 0.051782093942165375, 0.2384474128484726, 0.3374987840652466], 'class2': [0.016644936054944992, 0.019503232091665268, 0.0462583564221859, 0.051782093942165375, 0.06483035534620285], 'class3': [0.016644936054944992, 0.019503232091665268, 0.03210809454321861, 0.0462583564221859, 0.051782093942165375], 'class4': [0.016644936054944992, 0.019503232091665268, 0.03210809454321861, 0.0462583564221859, 0.051782093942165375], 'class5': [0.016644936054944992, 0.019503232091665268, 0.03210809454321861, 0.0462583564221859, 0.051782093942165375], 'class6': [0.016644936054944992, 0.019503232091665268, 0.03210809454321861, 0.0462583564221859, 0.051782093942165375], 'class7': [0.019503232091665268, 0.03210809454321861, 0.0462583564221859, 0.051782093942165375, 0.06483035534620285], 'class8': [0.019503232091665268, 0.03210809454321861, 0.0462583564221859, 0.051782093942165375, 0.06483035534620285], 'class9': [0.03210809454321861, 0.0462583564221859, 0.09782818704843521, 0.13276012241840363, 0.14818091690540314]}

Most important rules
-----------------------------

---0---
rule9: -4386.740 < num_voted_users < 97242.500
probabilities_array:[0.18366593 0.15954764 0.15491578 0.14520904 0.11465833 0.12571955
 0.06345522 0.03398433 0.00219927 0.         0.01664494]

rule7: title_year > 2009.862
probabilities_array:[0.25087753 0.         0.         0.         0.         0.
 0.         0.17444411 0.02119914 0.22811888 0.32536036]

rule41: -5599.334 < movie_facebook_likes < 8798.352
probabilities_array:[0.23887023 0.09430299 0.01373342 0.         0.07550437 0.
 0.         0.         0.11902677 0.09348211 0.36508003]

rule2: 6.463 < imdb_score < 7.207
probabilities_array:[0.18777286 0.2024453  0.07311779 0.         0.         0.
 0.05009089 0.01047785 0.03549535 0.2021526  0.23844741]

rule16: num_user_for_reviews < 42.921
probabilities_array:[0.27427304 0.19206268 0.         0.         0.         0.
 0.         0.         0.         0.         0.5336643 ]

rule12: num_critic_for_reviews < 76.520
probabilities_array:[0.24615254 0.21325624 0.04004353 0.         0.         0.
 0.         0.         0.         0.         0.50054765]

rule6: 2003.314 < title_year < 2009.862
probabilities_array:[0.18258566 0.02266335 0.0100171  0.19569758 0.         0.071444
 0.01117884 0.         0.00120937 0.1669015  0.3383026 ]

rule49: -127454938.639 < budget < 45188189.752
probabilities_array:[0.11779564 0.10594803 0.13032293 0.14591023 0.17184941 0.09172294
 0.10242537 0.07324733 0.04127492 0.         0.01950323]

rule44: duration < 94.446
probabilities_array:[2.2426213e-01 2.0352065e-05 0.0000000e+00 9.9717036e-02 1.2896854e-02
 0.0000000e+00 0.0000000e+00 0.0000000e+00 0.0000000e+00 1.5675202e-01
 5.0635165e-01]

rule1: 5.720 < imdb_score < 6.463
probabilities_array:[0.09786941 0.         0.         0.03780787 0.05951513 0.11676694
 0.1424001  0.16284004 0.1417543  0.08339235 0.15765385]

rule22: 704.258 < director_facebook_likes < 2612.666
probabilities_array:[0.09024177 0.         0.01342726 0.2133799  0.10624673 0.02678839
 0.         0.15722097 0.12419966 0.13573523 0.13276012]

rule33: -488.436 < actor_3_facebook_likes < 726.180
probabilities_array:[0.07962646 0.11167698 0.16636974 0.         0.         0.
 0.0221019  0.14955264 0.05081378 0.05997282 0.3598857 ]

rule37: -2367.857 < cast_total_facebook_likes < 10769.926
probabilities_array:[0.115406   0.10761709 0.         0.         0.         0.
 0.         0.00464441 0.11403505 0.09950875 0.5587887 ]

rule45: 94.446 < duration < 109.792
probabilities_array:[0.0748965  0.13762788 0.         0.18749866 0.01690451 0.01033517
 0.0063846  0.19516191 0.         0.02668783 0.34450296]


---1---
rule51: budget > 217831318.142
probabilities_array:[0.         0.30482286 0.         0.         0.         0.
 0.         0.         0.         0.2510408  0.44413638]

rule9: -4386.740 < num_voted_users < 97242.500
probabilities_array:[0.18366593 0.15954764 0.15491578 0.14520904 0.11465833 0.12571955
 0.06345522 0.03398433 0.00219927 0.         0.01664494]

rule2: 6.463 < imdb_score < 7.207
probabilities_array:[0.18777286 0.2024453  0.07311779 0.         0.         0.
 0.05009089 0.01047785 0.03549535 0.2021526  0.23844741]

rule12: num_critic_for_reviews < 76.520
probabilities_array:[0.24615254 0.21325624 0.04004353 0.         0.         0.
 0.         0.         0.         0.         0.50054765]

rule49: -127454938.639 < budget < 45188189.752
probabilities_array:[0.11779564 0.10594803 0.13032293 0.14591023 0.17184941 0.09172294
 0.10242537 0.07324733 0.04127492 0.         0.01950323]

rule3: imdb_score > 7.207
probabilities_array:[0.00462082 0.15369849 0.25691336 0.         0.         0.
 0.         0.         0.06950745 0.17776108 0.33749878]

rule17: 42.921 < num_user_for_reviews < 312.117
probabilities_array:[0.         0.0966201  0.15226519 0.11008764 0.09415053 0.08412144
 0.12793046 0.12576847 0.13967957 0.01759451 0.05178209]

rule45: 94.446 < duration < 109.792
probabilities_array:[0.0748965  0.13762788 0.         0.18749866 0.01690451 0.01033517
 0.0063846  0.19516191 0.         0.02668783 0.34450296]

rule16: num_user_for_reviews < 42.921
probabilities_array:[0.27427304 0.19206268 0.         0.         0.         0.
 0.         0.         0.         0.         0.5336643 ]

rule25: -3538.273 < actor_1_facebook_likes < 7254.007
probabilities_array:[0.07640048 0.15432577 0.         0.         0.         0.
 0.         0.00364677 0.13532376 0.10299563 0.5273076 ]

rule33: -488.436 < actor_3_facebook_likes < 726.180
probabilities_array:[0.07962646 0.11167698 0.16636974 0.         0.         0.
 0.0221019  0.14955264 0.05081378 0.05997282 0.3598857 ]

rule41: -5599.334 < movie_facebook_likes < 8798.352
probabilities_array:[0.23887023 0.09430299 0.01373342 0.         0.07550437 0.
 0.         0.         0.11902677 0.09348211 0.36508003]

rule37: -2367.857 < cast_total_facebook_likes < 10769.926
probabilities_array:[0.115406   0.10761709 0.         0.         0.         0.
 0.         0.00464441 0.11403505 0.09950875 0.5587887 ]


---2---
rule3: imdb_score > 7.207
probabilities_array:[0.00462082 0.15369849 0.25691336 0.         0.         0.
 0.         0.         0.06950745 0.17776108 0.33749878]

rule9: -4386.740 < num_voted_users < 97242.500
probabilities_array:[0.18366593 0.15954764 0.15491578 0.14520904 0.11465833 0.12571955
 0.06345522 0.03398433 0.00219927 0.         0.01664494]

rule17: 42.921 < num_user_for_reviews < 312.117
probabilities_array:[0.         0.0966201  0.15226519 0.11008764 0.09415053 0.08412144
 0.12793046 0.12576847 0.13967957 0.01759451 0.05178209]

rule49: -127454938.639 < budget < 45188189.752
probabilities_array:[0.11779564 0.10594803 0.13032293 0.14591023 0.17184941 0.09172294
 0.10242537 0.07324733 0.04127492 0.         0.01950323]

rule33: -488.436 < actor_3_facebook_likes < 726.180
probabilities_array:[0.07962646 0.11167698 0.16636974 0.         0.         0.
 0.0221019  0.14955264 0.05081378 0.05997282 0.3598857 ]

rule5: 1996.766 < title_year < 2003.314
probabilities_array:[0.00363847 0.02801646 0.09154684 0.16217782 0.         0.09154776
 0.09525565 0.12482072 0.         0.18456393 0.21843234]

rule14: 159.432 < num_critic_for_reviews < 242.343
probabilities_array:[0.         0.00505262 0.07415986 0.08948797 0.10508878 0.14604838
 0.09135734 0.13678761 0.11781759 0.18794154 0.04625836]

rule42: 8798.352 < movie_facebook_likes < 23196.039
probabilities_array:[0.         0.00153422 0.07800373 0.04795288 0.03097585 0.17133036
 0.19922544 0.07563684 0.1221121  0.12504758 0.14818092]

rule27: actor_1_facebook_likes > 18046.288
probabilities_array:[0.04118374 0.         0.08990046 0.08302326 0.         0.1648161
 0.09805798 0.09172521 0.         0.1503231  0.2809702 ]

rule30: 1876.130 < actor_2_facebook_likes < 4938.520
probabilities_array:[0.         0.         0.07153997 0.1938696  0.         0.
 0.19005737 0.17848414 0.16152875 0.10669194 0.09782819]

rule2: 6.463 < imdb_score < 7.207
probabilities_array:[0.18777286 0.2024453  0.07311779 0.         0.         0.
 0.05009089 0.01047785 0.03549535 0.2021526  0.23844741]

rule47: duration > 125.138
probabilities_array:[0.         0.         0.08309667 0.         0.00809878 0.0167407
 0.22814481 0.         0.04808437 0.18833643 0.42749825]

rule18: 312.117 < num_user_for_reviews < 581.312
probabilities_array:[0.         0.         0.04854557 0.08287593 0.18489045 0.16853783
 0.1044988  0.15733483 0.15625703 0.03222927 0.06483036]


---3---
rule22: 704.258 < director_facebook_likes < 2612.666
probabilities_array:[0.09024177 0.         0.01342726 0.2133799  0.10624673 0.02678839
 0.         0.15722097 0.12419966 0.13573523 0.13276012]

rule30: 1876.130 < actor_2_facebook_likes < 4938.520
probabilities_array:[0.         0.         0.07153997 0.1938696  0.         0.
 0.19005737 0.17848414 0.16152875 0.10669194 0.09782819]

rule49: -127454938.639 < budget < 45188189.752
probabilities_array:[0.11779564 0.10594803 0.13032293 0.14591023 0.17184941 0.09172294
 0.10242537 0.07324733 0.04127492 0.         0.01950323]

rule9: -4386.740 < num_voted_users < 97242.500
probabilities_array:[0.18366593 0.15954764 0.15491578 0.14520904 0.11465833 0.12571955
 0.06345522 0.03398433 0.00219927 0.         0.01664494]

rule6: 2003.314 < title_year < 2009.862
probabilities_array:[0.18258566 0.02266335 0.0100171  0.19569758 0.         0.071444
 0.01117884 0.         0.00120937 0.1669015  0.3383026 ]

rule5: 1996.766 < title_year < 2003.314
probabilities_array:[0.00363847 0.02801646 0.09154684 0.16217782 0.         0.09154776
 0.09525565 0.12482072 0.         0.18456393 0.21843234]

rule45: 94.446 < duration < 109.792
probabilities_array:[0.0748965  0.13762788 0.         0.18749866 0.01690451 0.01033517
 0.0063846  0.19516191 0.         0.02668783 0.34450296]

rule0: imdb_score < 5.720
probabilities_array:[0.         0.         0.01431306 0.13997722 0.1768629  0.18825078
 0.13011324 0.1343341  0.05919774 0.         0.156951  ]

rule17: 42.921 < num_user_for_reviews < 312.117
probabilities_array:[0.         0.0966201  0.15226519 0.11008764 0.09415053 0.08412144
 0.12793046 0.12576847 0.13967957 0.01759451 0.05178209]

rule14: 159.432 < num_critic_for_reviews < 242.343
probabilities_array:[0.         0.00505262 0.07415986 0.08948797 0.10508878 0.14604838
 0.09135734 0.13678761 0.11781759 0.18794154 0.04625836]

rule4: title_year < 1996.766
probabilities_array:[0.         0.00431204 0.03559464 0.08653421 0.07927696 0.11059371
 0.14664519 0.12696683 0.18242428 0.19554403 0.03210809]

rule18: 312.117 < num_user_for_reviews < 581.312
probabilities_array:[0.         0.         0.04854557 0.08287593 0.18489045 0.16853783
 0.1044988  0.15733483 0.15625703 0.03222927 0.06483036]

rule23: director_facebook_likes > 2612.666
probabilities_array:[0.0000000e+00 0.0000000e+00 0.0000000e+00 1.1825682e-01 1.3572397e-04
 1.2286639e-02 1.5469792e-01 0.0000000e+00 1.9625364e-01 1.4098834e-01
 3.7738094e-01]

rule27: actor_1_facebook_likes > 18046.288
probabilities_array:[0.04118374 0.         0.08990046 0.08302326 0.         0.1648161
 0.09805798 0.09172521 0.         0.1503231  0.2809702 ]

rule44: duration < 94.446
probabilities_array:[2.2426213e-01 2.0352065e-05 0.0000000e+00 9.9717036e-02 1.2896854e-02
 0.0000000e+00 0.0000000e+00 0.0000000e+00 0.0000000e+00 1.5675202e-01
 5.0635165e-01]

rule38: 10769.926 < cast_total_facebook_likes < 23907.709
probabilities_array:[0.00412083 0.         0.02581396 0.07732749 0.         0.10468002
 0.00499037 0.17763574 0.08767398 0.14850423 0.36925334]

rule42: 8798.352 < movie_facebook_likes < 23196.039
probabilities_array:[0.         0.00153422 0.07800373 0.04795288 0.03097585 0.17133036
 0.19922544 0.07563684 0.1221121  0.12504758 0.14818092]


---4---
rule34: 726.180 < actor_3_facebook_likes < 1940.796
probabilities_array:[0.         0.         0.         0.02670403 0.20855284 0.00834999
 0.09567031 0.15639646 0.18547183 0.17030409 0.14855038]

rule18: 312.117 < num_user_for_reviews < 581.312
probabilities_array:[0.         0.         0.04854557 0.08287593 0.18489045 0.16853783
 0.1044988  0.15733483 0.15625703 0.03222927 0.06483036]

rule49: -127454938.639 < budget < 45188189.752
probabilities_array:[0.11779564 0.10594803 0.13032293 0.14591023 0.17184941 0.09172294
 0.10242537 0.07324733 0.04127492 0.         0.01950323]

rule0: imdb_score < 5.720
probabilities_array:[0.         0.         0.01431306 0.13997722 0.1768629  0.18825078
 0.13011324 0.1343341  0.05919774 0.         0.156951  ]

rule13: 76.520 < num_critic_for_reviews < 159.432
probabilities_array:[0.         0.02694459 0.04453634 0.0103741  0.13405806 0.12916529
 0.1733338  0.13987586 0.2139293  0.00516693 0.12261567]

rule9: -4386.740 < num_voted_users < 97242.500
probabilities_array:[0.18366593 0.15954764 0.15491578 0.14520904 0.11465833 0.12571955
 0.06345522 0.03398433 0.00219927 0.         0.01664494]

rule14: 159.432 < num_critic_for_reviews < 242.343
probabilities_array:[0.         0.00505262 0.07415986 0.08948797 0.10508878 0.14604838
 0.09135734 0.13678761 0.11781759 0.18794154 0.04625836]

rule15: num_critic_for_reviews > 242.343
probabilities_array:[0.0000000e+00 0.0000000e+00 2.2599044e-04 0.0000000e+00 1.5673192e-01
 1.8785392e-01 1.0162095e-02 0.0000000e+00 4.3833673e-02 2.0655034e-01
 3.9464208e-01]

rule22: 704.258 < director_facebook_likes < 2612.666
probabilities_array:[0.09024177 0.         0.01342726 0.2133799  0.10624673 0.02678839
 0.         0.15722097 0.12419966 0.13573523 0.13276012]

rule17: 42.921 < num_user_for_reviews < 312.117
probabilities_array:[0.         0.0966201  0.15226519 0.11008764 0.09415053 0.08412144
 0.12793046 0.12576847 0.13967957 0.01759451 0.05178209]

rule4: title_year < 1996.766
probabilities_array:[0.         0.00431204 0.03559464 0.08653421 0.07927696 0.11059371
 0.14664519 0.12696683 0.18242428 0.19554403 0.03210809]

rule31: actor_2_facebook_likes > 4938.520
probabilities_array:[0.         0.         0.         0.01509553 0.10547902 0.
 0.         0.         0.16270831 0.2095427  0.5071745 ]

rule1: 5.720 < imdb_score < 6.463
probabilities_array:[0.09786941 0.         0.         0.03780787 0.05951513 0.11676694
 0.1424001  0.16284004 0.1417543  0.08339235 0.15765385]

rule41: -5599.334 < movie_facebook_likes < 8798.352
probabilities_array:[0.23887023 0.09430299 0.01373342 0.         0.07550437 0.
 0.         0.         0.11902677 0.09348211 0.36508003]


---5---
rule0: imdb_score < 5.720
probabilities_array:[0.         0.         0.01431306 0.13997722 0.1768629  0.18825078
 0.13011324 0.1343341  0.05919774 0.         0.156951  ]

rule18: 312.117 < num_user_for_reviews < 581.312
probabilities_array:[0.         0.         0.04854557 0.08287593 0.18489045 0.16853783
 0.1044988  0.15733483 0.15625703 0.03222927 0.06483036]

rule42: 8798.352 < movie_facebook_likes < 23196.039
probabilities_array:[0.         0.00153422 0.07800373 0.04795288 0.03097585 0.17133036
 0.19922544 0.07563684 0.1221121  0.12504758 0.14818092]

rule14: 159.432 < num_critic_for_reviews < 242.343
probabilities_array:[0.         0.00505262 0.07415986 0.08948797 0.10508878 0.14604838
 0.09135734 0.13678761 0.11781759 0.18794154 0.04625836]

rule9: -4386.740 < num_voted_users < 97242.500
probabilities_array:[0.18366593 0.15954764 0.15491578 0.14520904 0.11465833 0.12571955
 0.06345522 0.03398433 0.00219927 0.         0.01664494]

rule27: actor_1_facebook_likes > 18046.288
probabilities_array:[0.04118374 0.         0.08990046 0.08302326 0.         0.1648161
 0.09805798 0.09172521 0.         0.1503231  0.2809702 ]

rule15: num_critic_for_reviews > 242.343
probabilities_array:[0.0000000e+00 0.0000000e+00 2.2599044e-04 0.0000000e+00 1.5673192e-01
 1.8785392e-01 1.0162095e-02 0.0000000e+00 4.3833673e-02 2.0655034e-01
 3.9464208e-01]

rule13: 76.520 < num_critic_for_reviews < 159.432
probabilities_array:[0.         0.02694459 0.04453634 0.0103741  0.13405806 0.12916529
 0.1733338  0.13987586 0.2139293  0.00516693 0.12261567]

rule10: 97242.500 < num_voted_users < 198871.741
probabilities_array:[0.         0.         0.         0.         0.04265125 0.13732098
 0.20541596 0.17956422 0.18324338 0.03489548 0.2169087 ]

rule4: title_year < 1996.766
probabilities_array:[0.         0.00431204 0.03559464 0.08653421 0.07927696 0.11059371
 0.14664519 0.12696683 0.18242428 0.19554403 0.03210809]

rule1: 5.720 < imdb_score < 6.463
probabilities_array:[0.09786941 0.         0.         0.03780787 0.05951513 0.11676694
 0.1424001  0.16284004 0.1417543  0.08339235 0.15765385]

rule49: -127454938.639 < budget < 45188189.752
probabilities_array:[0.11779564 0.10594803 0.13032293 0.14591023 0.17184941 0.09172294
 0.10242537 0.07324733 0.04127492 0.         0.01950323]

rule17: 42.921 < num_user_for_reviews < 312.117
probabilities_array:[0.         0.0966201  0.15226519 0.11008764 0.09415053 0.08412144
 0.12793046 0.12576847 0.13967957 0.01759451 0.05178209]

rule46: 109.792 < duration < 125.138
probabilities_array:[0.0000000e+00 0.0000000e+00 1.4795269e-02 1.5166793e-04 0.0000000e+00
 1.0253386e-01 1.0939924e-01 1.5815775e-01 2.4399610e-01 8.8091493e-02
 2.8287452e-01]

rule5: 1996.766 < title_year < 2003.314
probabilities_array:[0.00363847 0.02801646 0.09154684 0.16217782 0.         0.09154776
 0.09525565 0.12482072 0.         0.18456393 0.21843234]

rule38: 10769.926 < cast_total_facebook_likes < 23907.709
probabilities_array:[0.00412083 0.         0.02581396 0.07732749 0.         0.10468002
 0.00499037 0.17763574 0.08767398 0.14850423 0.36925334]

rule26: 7254.007 < actor_1_facebook_likes < 18046.288
probabilities_array:[0.00050594 0.         0.         0.         0.05339186 0.09318735
 0.09059189 0.         0.18811916 0.17517334 0.3990304 ]

rule6: 2003.314 < title_year < 2009.862
probabilities_array:[0.18258566 0.02266335 0.0100171  0.19569758 0.         0.071444
 0.01117884 0.         0.00120937 0.1669015  0.3383026 ]


---6---
rule30: 1876.130 < actor_2_facebook_likes < 4938.520
probabilities_array:[0.         0.         0.07153997 0.1938696  0.         0.
 0.19005737 0.17848414 0.16152875 0.10669194 0.09782819]

rule42: 8798.352 < movie_facebook_likes < 23196.039
probabilities_array:[0.         0.00153422 0.07800373 0.04795288 0.03097585 0.17133036
 0.19922544 0.07563684 0.1221121  0.12504758 0.14818092]

rule10: 97242.500 < num_voted_users < 198871.741
probabilities_array:[0.         0.         0.         0.         0.04265125 0.13732098
 0.20541596 0.17956422 0.18324338 0.03489548 0.2169087 ]

rule13: 76.520 < num_critic_for_reviews < 159.432
probabilities_array:[0.         0.02694459 0.04453634 0.0103741  0.13405806 0.12916529
 0.1733338  0.13987586 0.2139293  0.00516693 0.12261567]

rule4: title_year < 1996.766
probabilities_array:[0.         0.00431204 0.03559464 0.08653421 0.07927696 0.11059371
 0.14664519 0.12696683 0.18242428 0.19554403 0.03210809]

rule50: 45188189.752 < budget < 217831318.142
probabilities_array:[0.         0.         0.         0.         0.         0.03027768
 0.1844908  0.13157646 0.18515441 0.21480924 0.25369146]

rule47: duration > 125.138
probabilities_array:[0.         0.         0.08309667 0.         0.00809878 0.0167407
 0.22814481 0.         0.04808437 0.18833643 0.42749825]

rule17: 42.921 < num_user_for_reviews < 312.117
probabilities_array:[0.         0.0966201  0.15226519 0.11008764 0.09415053 0.08412144
 0.12793046 0.12576847 0.13967957 0.01759451 0.05178209]

rule1: 5.720 < imdb_score < 6.463
probabilities_array:[0.09786941 0.         0.         0.03780787 0.05951513 0.11676694
 0.1424001  0.16284004 0.1417543  0.08339235 0.15765385]

rule0: imdb_score < 5.720
probabilities_array:[0.         0.         0.01431306 0.13997722 0.1768629  0.18825078
 0.13011324 0.1343341  0.05919774 0.         0.156951  ]

rule49: -127454938.639 < budget < 45188189.752
probabilities_array:[0.11779564 0.10594803 0.13032293 0.14591023 0.17184941 0.09172294
 0.10242537 0.07324733 0.04127492 0.         0.01950323]

rule18: 312.117 < num_user_for_reviews < 581.312
probabilities_array:[0.         0.         0.04854557 0.08287593 0.18489045 0.16853783
 0.1044988  0.15733483 0.15625703 0.03222927 0.06483036]

rule23: director_facebook_likes > 2612.666
probabilities_array:[0.0000000e+00 0.0000000e+00 0.0000000e+00 1.1825682e-01 1.3572397e-04
 1.2286639e-02 1.5469792e-01 0.0000000e+00 1.9625364e-01 1.4098834e-01
 3.7738094e-01]

rule14: 159.432 < num_critic_for_reviews < 242.343
probabilities_array:[0.         0.00505262 0.07415986 0.08948797 0.10508878 0.14604838
 0.09135734 0.13678761 0.11781759 0.18794154 0.04625836]

rule34: 726.180 < actor_3_facebook_likes < 1940.796
probabilities_array:[0.         0.         0.         0.02670403 0.20855284 0.00834999
 0.09567031 0.15639646 0.18547183 0.17030409 0.14855038]

rule46: 109.792 < duration < 125.138
probabilities_array:[0.0000000e+00 0.0000000e+00 1.4795269e-02 1.5166793e-04 0.0000000e+00
 1.0253386e-01 1.0939924e-01 1.5815775e-01 2.4399610e-01 8.8091493e-02
 2.8287452e-01]

rule5: 1996.766 < title_year < 2003.314
probabilities_array:[0.00363847 0.02801646 0.09154684 0.16217782 0.         0.09154776
 0.09525565 0.12482072 0.         0.18456393 0.21843234]

rule27: actor_1_facebook_likes > 18046.288
probabilities_array:[0.04118374 0.         0.08990046 0.08302326 0.         0.1648161
 0.09805798 0.09172521 0.         0.1503231  0.2809702 ]

rule9: -4386.740 < num_voted_users < 97242.500
probabilities_array:[0.18366593 0.15954764 0.15491578 0.14520904 0.11465833 0.12571955
 0.06345522 0.03398433 0.00219927 0.         0.01664494]

rule26: 7254.007 < actor_1_facebook_likes < 18046.288
probabilities_array:[0.00050594 0.         0.         0.         0.05339186 0.09318735
 0.09059189 0.         0.18811916 0.17517334 0.3990304 ]


---7---
rule30: 1876.130 < actor_2_facebook_likes < 4938.520
probabilities_array:[0.         0.         0.07153997 0.1938696  0.         0.
 0.19005737 0.17848414 0.16152875 0.10669194 0.09782819]

rule18: 312.117 < num_user_for_reviews < 581.312
probabilities_array:[0.         0.         0.04854557 0.08287593 0.18489045 0.16853783
 0.1044988  0.15733483 0.15625703 0.03222927 0.06483036]

rule10: 97242.500 < num_voted_users < 198871.741
probabilities_array:[0.         0.         0.         0.         0.04265125 0.13732098
 0.20541596 0.17956422 0.18324338 0.03489548 0.2169087 ]

rule1: 5.720 < imdb_score < 6.463
probabilities_array:[0.09786941 0.         0.         0.03780787 0.05951513 0.11676694
 0.1424001  0.16284004 0.1417543  0.08339235 0.15765385]

rule22: 704.258 < director_facebook_likes < 2612.666
probabilities_array:[0.09024177 0.         0.01342726 0.2133799  0.10624673 0.02678839
 0.         0.15722097 0.12419966 0.13573523 0.13276012]

rule34: 726.180 < actor_3_facebook_likes < 1940.796
probabilities_array:[0.         0.         0.         0.02670403 0.20855284 0.00834999
 0.09567031 0.15639646 0.18547183 0.17030409 0.14855038]

rule14: 159.432 < num_critic_for_reviews < 242.343
probabilities_array:[0.         0.00505262 0.07415986 0.08948797 0.10508878 0.14604838
 0.09135734 0.13678761 0.11781759 0.18794154 0.04625836]

rule45: 94.446 < duration < 109.792
probabilities_array:[0.0748965  0.13762788 0.         0.18749866 0.01690451 0.01033517
 0.0063846  0.19516191 0.         0.02668783 0.34450296]

rule4: title_year < 1996.766
probabilities_array:[0.         0.00431204 0.03559464 0.08653421 0.07927696 0.11059371
 0.14664519 0.12696683 0.18242428 0.19554403 0.03210809]

rule13: 76.520 < num_critic_for_reviews < 159.432
probabilities_array:[0.         0.02694459 0.04453634 0.0103741  0.13405806 0.12916529
 0.1733338  0.13987586 0.2139293  0.00516693 0.12261567]

rule43: movie_facebook_likes > 23196.039
probabilities_array:[0.         0.         0.         0.01727096 0.         0.
 0.01700347 0.20599191 0.16214126 0.18991537 0.407677  ]

rule17: 42.921 < num_user_for_reviews < 312.117
probabilities_array:[0.         0.0966201  0.15226519 0.11008764 0.09415053 0.08412144
 0.12793046 0.12576847 0.13967957 0.01759451 0.05178209]

rule7: title_year > 2009.862
probabilities_array:[0.25087753 0.         0.         0.         0.         0.
 0.         0.17444411 0.02119914 0.22811888 0.32536036]

rule46: 109.792 < duration < 125.138
probabilities_array:[0.0000000e+00 0.0000000e+00 1.4795269e-02 1.5166793e-04 0.0000000e+00
 1.0253386e-01 1.0939924e-01 1.5815775e-01 2.4399610e-01 8.8091493e-02
 2.8287452e-01]

rule0: imdb_score < 5.720
probabilities_array:[0.         0.         0.01431306 0.13997722 0.1768629  0.18825078
 0.13011324 0.1343341  0.05919774 0.         0.156951  ]

rule38: 10769.926 < cast_total_facebook_likes < 23907.709
probabilities_array:[0.00412083 0.         0.02581396 0.07732749 0.         0.10468002
 0.00499037 0.17763574 0.08767398 0.14850423 0.36925334]

rule50: 45188189.752 < budget < 217831318.142
probabilities_array:[0.         0.         0.         0.         0.         0.03027768
 0.1844908  0.13157646 0.18515441 0.21480924 0.25369146]

rule5: 1996.766 < title_year < 2003.314
probabilities_array:[0.00363847 0.02801646 0.09154684 0.16217782 0.         0.09154776
 0.09525565 0.12482072 0.         0.18456393 0.21843234]

rule33: -488.436 < actor_3_facebook_likes < 726.180
probabilities_array:[0.07962646 0.11167698 0.16636974 0.         0.         0.
 0.0221019  0.14955264 0.05081378 0.05997282 0.3598857 ]

rule49: -127454938.639 < budget < 45188189.752
probabilities_array:[0.11779564 0.10594803 0.13032293 0.14591023 0.17184941 0.09172294
 0.10242537 0.07324733 0.04127492 0.         0.01950323]

rule27: actor_1_facebook_likes > 18046.288
probabilities_array:[0.04118374 0.         0.08990046 0.08302326 0.         0.1648161
 0.09805798 0.09172521 0.         0.1503231  0.2809702 ]

rule42: 8798.352 < movie_facebook_likes < 23196.039
probabilities_array:[0.         0.00153422 0.07800373 0.04795288 0.03097585 0.17133036
 0.19922544 0.07563684 0.1221121  0.12504758 0.14818092]


---8---
rule13: 76.520 < num_critic_for_reviews < 159.432
probabilities_array:[0.         0.02694459 0.04453634 0.0103741  0.13405806 0.12916529
 0.1733338  0.13987586 0.2139293  0.00516693 0.12261567]

rule4: title_year < 1996.766
probabilities_array:[0.         0.00431204 0.03559464 0.08653421 0.07927696 0.11059371
 0.14664519 0.12696683 0.18242428 0.19554403 0.03210809]

rule46: 109.792 < duration < 125.138
probabilities_array:[0.0000000e+00 0.0000000e+00 1.4795269e-02 1.5166793e-04 0.0000000e+00
 1.0253386e-01 1.0939924e-01 1.5815775e-01 2.4399610e-01 8.8091493e-02
 2.8287452e-01]

rule34: 726.180 < actor_3_facebook_likes < 1940.796
probabilities_array:[0.         0.         0.         0.02670403 0.20855284 0.00834999
 0.09567031 0.15639646 0.18547183 0.17030409 0.14855038]

rule18: 312.117 < num_user_for_reviews < 581.312
probabilities_array:[0.         0.         0.04854557 0.08287593 0.18489045 0.16853783
 0.1044988  0.15733483 0.15625703 0.03222927 0.06483036]

rule30: 1876.130 < actor_2_facebook_likes < 4938.520
probabilities_array:[0.         0.         0.07153997 0.1938696  0.         0.
 0.19005737 0.17848414 0.16152875 0.10669194 0.09782819]

rule10: 97242.500 < num_voted_users < 198871.741
probabilities_array:[0.         0.         0.         0.         0.04265125 0.13732098
 0.20541596 0.17956422 0.18324338 0.03489548 0.2169087 ]

rule50: 45188189.752 < budget < 217831318.142
probabilities_array:[0.         0.         0.         0.         0.         0.03027768
 0.1844908  0.13157646 0.18515441 0.21480924 0.25369146]

rule17: 42.921 < num_user_for_reviews < 312.117
probabilities_array:[0.         0.0966201  0.15226519 0.11008764 0.09415053 0.08412144
 0.12793046 0.12576847 0.13967957 0.01759451 0.05178209]

rule23: director_facebook_likes > 2612.666
probabilities_array:[0.0000000e+00 0.0000000e+00 0.0000000e+00 1.1825682e-01 1.3572397e-04
 1.2286639e-02 1.5469792e-01 0.0000000e+00 1.9625364e-01 1.4098834e-01
 3.7738094e-01]

rule1: 5.720 < imdb_score < 6.463
probabilities_array:[0.09786941 0.         0.         0.03780787 0.05951513 0.11676694
 0.1424001  0.16284004 0.1417543  0.08339235 0.15765385]

rule26: 7254.007 < actor_1_facebook_likes < 18046.288
probabilities_array:[0.00050594 0.         0.         0.         0.05339186 0.09318735
 0.09059189 0.         0.18811916 0.17517334 0.3990304 ]

rule14: 159.432 < num_critic_for_reviews < 242.343
probabilities_array:[0.         0.00505262 0.07415986 0.08948797 0.10508878 0.14604838
 0.09135734 0.13678761 0.11781759 0.18794154 0.04625836]

rule22: 704.258 < director_facebook_likes < 2612.666
probabilities_array:[0.09024177 0.         0.01342726 0.2133799  0.10624673 0.02678839
 0.         0.15722097 0.12419966 0.13573523 0.13276012]

rule42: 8798.352 < movie_facebook_likes < 23196.039
probabilities_array:[0.         0.00153422 0.07800373 0.04795288 0.03097585 0.17133036
 0.19922544 0.07563684 0.1221121  0.12504758 0.14818092]

rule43: movie_facebook_likes > 23196.039
probabilities_array:[0.         0.         0.         0.01727096 0.         0.
 0.01700347 0.20599191 0.16214126 0.18991537 0.407677  ]

rule21: -1204.150 < director_facebook_likes < 704.258
probabilities_array:[0.         0.         0.         0.         0.         0.
 0.         0.01050802 0.19563563 0.23917584 0.55468047]

rule31: actor_2_facebook_likes > 4938.520
probabilities_array:[0.         0.         0.         0.01509553 0.10547902 0.
 0.         0.         0.16270831 0.2095427  0.5071745 ]

rule11: num_voted_users > 198871.741
probabilities_array:[0.         0.         0.         0.         0.         0.
 0.         0.         0.18005528 0.2468821  0.5730626 ]

rule41: -5599.334 < movie_facebook_likes < 8798.352
probabilities_array:[0.23887023 0.09430299 0.01373342 0.         0.07550437 0.
 0.         0.         0.11902677 0.09348211 0.36508003]

rule25: -3538.273 < actor_1_facebook_likes < 7254.007
probabilities_array:[0.07640048 0.15432577 0.         0.         0.         0.
 0.         0.00364677 0.13532376 0.10299563 0.5273076 ]

rule38: 10769.926 < cast_total_facebook_likes < 23907.709
probabilities_array:[0.00412083 0.         0.02581396 0.07732749 0.         0.10468002
 0.00499037 0.17763574 0.08767398 0.14850423 0.36925334]

rule37: -2367.857 < cast_total_facebook_likes < 10769.926
probabilities_array:[0.115406   0.10761709 0.         0.         0.         0.
 0.         0.00464441 0.11403505 0.09950875 0.5587887 ]

rule0: imdb_score < 5.720
probabilities_array:[0.         0.         0.01431306 0.13997722 0.1768629  0.18825078
 0.13011324 0.1343341  0.05919774 0.         0.156951  ]

rule3: imdb_score > 7.207
probabilities_array:[0.00462082 0.15369849 0.25691336 0.         0.         0.
 0.         0.         0.06950745 0.17776108 0.33749878]

rule49: -127454938.639 < budget < 45188189.752
probabilities_array:[0.11779564 0.10594803 0.13032293 0.14591023 0.17184941 0.09172294
 0.10242537 0.07324733 0.04127492 0.         0.01950323]


---9---
rule4: title_year < 1996.766
probabilities_array:[0.         0.00431204 0.03559464 0.08653421 0.07927696 0.11059371
 0.14664519 0.12696683 0.18242428 0.19554403 0.03210809]

rule14: 159.432 < num_critic_for_reviews < 242.343
probabilities_array:[0.         0.00505262 0.07415986 0.08948797 0.10508878 0.14604838
 0.09135734 0.13678761 0.11781759 0.18794154 0.04625836]

rule50: 45188189.752 < budget < 217831318.142
probabilities_array:[0.         0.         0.         0.         0.         0.03027768
 0.1844908  0.13157646 0.18515441 0.21480924 0.25369146]

rule2: 6.463 < imdb_score < 7.207
probabilities_array:[0.18777286 0.2024453  0.07311779 0.         0.         0.
 0.05009089 0.01047785 0.03549535 0.2021526  0.23844741]

rule7: title_year > 2009.862
probabilities_array:[0.25087753 0.         0.         0.         0.         0.
 0.         0.17444411 0.02119914 0.22811888 0.32536036]

rule34: 726.180 < actor_3_facebook_likes < 1940.796
probabilities_array:[0.         0.         0.         0.02670403 0.20855284 0.00834999
 0.09567031 0.15639646 0.18547183 0.17030409 0.14855038]

rule5: 1996.766 < title_year < 2003.314
probabilities_array:[0.00363847 0.02801646 0.09154684 0.16217782 0.         0.09154776
 0.09525565 0.12482072 0.         0.18456393 0.21843234]

rule51: budget > 217831318.142
probabilities_array:[0.         0.30482286 0.         0.         0.         0.
 0.         0.         0.         0.2510408  0.44413638]

rule15: num_critic_for_reviews > 242.343
probabilities_array:[0.0000000e+00 0.0000000e+00 2.2599044e-04 0.0000000e+00 1.5673192e-01
 1.8785392e-01 1.0162095e-02 0.0000000e+00 4.3833673e-02 2.0655034e-01
 3.9464208e-01]

rule3: imdb_score > 7.207
probabilities_array:[0.00462082 0.15369849 0.25691336 0.         0.         0.
 0.         0.         0.06950745 0.17776108 0.33749878]

rule22: 704.258 < director_facebook_likes < 2612.666
probabilities_array:[0.09024177 0.         0.01342726 0.2133799  0.10624673 0.02678839
 0.         0.15722097 0.12419966 0.13573523 0.13276012]

rule43: movie_facebook_likes > 23196.039
probabilities_array:[0.         0.         0.         0.01727096 0.         0.
 0.01700347 0.20599191 0.16214126 0.18991537 0.407677  ]

rule6: 2003.314 < title_year < 2009.862
probabilities_array:[0.18258566 0.02266335 0.0100171  0.19569758 0.         0.071444
 0.01117884 0.         0.00120937 0.1669015  0.3383026 ]

rule27: actor_1_facebook_likes > 18046.288
probabilities_array:[0.04118374 0.         0.08990046 0.08302326 0.         0.1648161
 0.09805798 0.09172521 0.         0.1503231  0.2809702 ]

rule47: duration > 125.138
probabilities_array:[0.         0.         0.08309667 0.         0.00809878 0.0167407
 0.22814481 0.         0.04808437 0.18833643 0.42749825]

rule42: 8798.352 < movie_facebook_likes < 23196.039
probabilities_array:[0.         0.00153422 0.07800373 0.04795288 0.03097585 0.17133036
 0.19922544 0.07563684 0.1221121  0.12504758 0.14818092]

rule21: -1204.150 < director_facebook_likes < 704.258
probabilities_array:[0.         0.         0.         0.         0.         0.
 0.         0.01050802 0.19563563 0.23917584 0.55468047]

rule11: num_voted_users > 198871.741
probabilities_array:[0.         0.         0.         0.         0.         0.
 0.         0.         0.18005528 0.2468821  0.5730626 ]

rule26: 7254.007 < actor_1_facebook_likes < 18046.288
probabilities_array:[0.00050594 0.         0.         0.         0.05339186 0.09318735
 0.09059189 0.         0.18811916 0.17517334 0.3990304 ]

rule31: actor_2_facebook_likes > 4938.520
probabilities_array:[0.         0.         0.         0.01509553 0.10547902 0.
 0.         0.         0.16270831 0.2095427  0.5071745 ]

rule30: 1876.130 < actor_2_facebook_likes < 4938.520
probabilities_array:[0.         0.         0.07153997 0.1938696  0.         0.
 0.19005737 0.17848414 0.16152875 0.10669194 0.09782819]

rule38: 10769.926 < cast_total_facebook_likes < 23907.709
probabilities_array:[0.00412083 0.         0.02581396 0.07732749 0.         0.10468002
 0.00499037 0.17763574 0.08767398 0.14850423 0.36925334]

rule23: director_facebook_likes > 2612.666
probabilities_array:[0.0000000e+00 0.0000000e+00 0.0000000e+00 1.1825682e-01 1.3572397e-04
 1.2286639e-02 1.5469792e-01 0.0000000e+00 1.9625364e-01 1.4098834e-01
 3.7738094e-01]

rule39: cast_total_facebook_likes > 23907.709
probabilities_array:[0.01466661 0.         0.01106973 0.00207926 0.         0.02685961
 0.08137961 0.         0.07832112 0.20424448 0.58137965]

rule35: actor_3_facebook_likes > 1940.796
probabilities_array:[0.         0.         0.         0.08700967 0.001516   0.
 0.         0.         0.         0.24967377 0.6618005 ]

rule19: num_user_for_reviews > 581.312
probabilities_array:[0.         0.         0.         0.         0.00243901 0.04431283
 0.00970388 0.         0.00660305 0.2536137  0.6833275 ]

rule44: duration < 94.446
probabilities_array:[2.2426213e-01 2.0352065e-05 0.0000000e+00 9.9717036e-02 1.2896854e-02
 0.0000000e+00 0.0000000e+00 0.0000000e+00 0.0000000e+00 1.5675202e-01
 5.0635165e-01]

rule1: 5.720 < imdb_score < 6.463
probabilities_array:[0.09786941 0.         0.         0.03780787 0.05951513 0.11676694
 0.1424001  0.16284004 0.1417543  0.08339235 0.15765385]

rule46: 109.792 < duration < 125.138
probabilities_array:[0.0000000e+00 0.0000000e+00 1.4795269e-02 1.5166793e-04 0.0000000e+00
 1.0253386e-01 1.0939924e-01 1.5815775e-01 2.4399610e-01 8.8091493e-02
 2.8287452e-01]

rule41: -5599.334 < movie_facebook_likes < 8798.352
probabilities_array:[0.23887023 0.09430299 0.01373342 0.         0.07550437 0.
 0.         0.         0.11902677 0.09348211 0.36508003]

rule25: -3538.273 < actor_1_facebook_likes < 7254.007
probabilities_array:[0.07640048 0.15432577 0.         0.         0.         0.
 0.         0.00364677 0.13532376 0.10299563 0.5273076 ]

rule37: -2367.857 < cast_total_facebook_likes < 10769.926
probabilities_array:[0.115406   0.10761709 0.         0.         0.         0.
 0.         0.00464441 0.11403505 0.09950875 0.5587887 ]

