R2: -0.4341706852092475

MAE: 47615420.70356883

MSE: 7489137754764477.0

Accuracy: 0.26438455935906774

F1: 0.2500164242211845

Confusion Matrix: [[81, 24, 9, 8, 11, 1, 3, 1, 2, 0], [33, 45, 20, 19, 16, 4, 5, 2, 4, 3], [17, 35, 32, 28, 19, 9, 12, 3, 4, 1], [25, 18, 17, 27, 26, 11, 6, 8, 3, 1], [12, 16, 10, 25, 18, 5, 18, 8, 4, 8], [7, 13, 20, 24, 32, 10, 19, 18, 8, 7], [6, 12, 15, 12, 15, 8, 14, 12, 19, 5], [3, 9, 6, 9, 13, 13, 11, 13, 22, 18], [4, 4, 4, 8, 11, 6, 11, 13, 36, 28], [2, 1, 0, 2, 3, 4, 1, 12, 26, 87]]

Uncertainties: {'class0': [0.016187136992812157, 0.0275946743786335, 0.10353429615497589, 0.10671816766262054, 0.12567606568336487], 'class1': [0.016187136992812157, 0.0275946743786335, 0.04371585696935654, 0.12567606568336487, 0.31502625346183777], 'class2': [0.0, 0.016187136992812157, 0.0275946743786335, 0.029968801885843277, 0.03880956396460533], 'class3': [0.0, 0.016187136992812157, 0.0275946743786335, 0.029968801885843277, 0.03880956396460533], 'class4': [0.0, 0.016187136992812157, 0.0275946743786335, 0.029968801885843277, 0.03880956396460533], 'class5': [0.0, 0.016187136992812157, 0.0275946743786335, 0.029968801885843277, 0.03880956396460533], 'class6': [0.0, 0.016187136992812157, 0.0275946743786335, 0.029968801885843277, 0.03880956396460533], 'class7': [0.0, 0.016187136992812157, 0.0275946743786335, 0.029968801885843277, 0.03880956396460533], 'class8': [0.0, 0.016187136992812157, 0.029968801885843277, 0.03880956396460533, 0.04371585696935654], 'class9': [0.0, 0.029968801885843277, 0.03880956396460533, 0.1015176996588707, 0.10353429615497589]}

Most important rules
-----------------------------

---0---
rule22: 749.651 < director_facebook_likes < 2733.910
probabilities_array:[0.21011023 0.         0.         0.07923096 0.07593374 0.07985707
 0.1588102  0.1149665  0.         0.17437312 0.10671817]

rule9: -1559.172 < num_voted_users < 98419.862
probabilities_array:[1.8641217e-01 1.5488291e-01 1.5212934e-01 1.3379200e-01 1.0931438e-01
 1.0106359e-01 8.8933721e-02 4.5751050e-02 1.2606173e-04 0.0000000e+00
 2.7594674e-02]

rule7: title_year > 2010.070
probabilities_array:[0.2360701  0.01882214 0.         0.         0.0529742  0.06738232
 0.01298554 0.14815174 0.04081019 0.15746231 0.26534146]

rule2: 6.467 < imdb_score < 7.208
probabilities_array:[0.17663117 0.15757538 0.07795993 0.         0.         0.00274532
 0.0446488  0.09952437 0.14596269 0.16927631 0.12567607]

rule6: 2003.462 < title_year < 2010.070
probabilities_array:[0.22512403 0.03767699 0.05142282 0.         0.07886638 0.
 0.         0.         0.         0.21943332 0.3874764 ]

rule49: -130661169.607 < budget < 48142016.455
probabilities_array:[0.13780789 0.11082464 0.13832659 0.1656773  0.15816978 0.07599403
 0.0980121  0.05544962 0.04355093 0.         0.01618714]

rule16: num_user_for_reviews < 40.470
probabilities_array:[0.28384477 0.16590631 0.         0.         0.         0.
 0.         0.         0.         0.         0.55024886]

rule44: duration < 94.430
probabilities_array:[0.2364438  0.         0.         0.         0.05768906 0.
 0.         0.         0.         0.22801696 0.47785017]

rule12: num_critic_for_reviews < 79.209
probabilities_array:[2.5116676e-01 1.9584572e-01 2.7222503e-02 0.0000000e+00 0.0000000e+00
 0.0000000e+00 0.0000000e+00 0.0000000e+00 1.8143099e-04 0.0000000e+00
 5.2558357e-01]

rule41: -5043.758 < movie_facebook_likes < 8820.241
probabilities_array:[0.23967326 0.15303393 0.00189727 0.01280007 0.         0.
 0.         0.         0.01826042 0.06753591 0.5067991 ]

rule1: 5.725 < imdb_score < 6.467
probabilities_array:[1.10626087e-01 5.66627714e-05 0.00000000e+00 1.54852979e-02
 8.24785084e-02 1.31710067e-01 7.43644983e-02 1.30427763e-01
 1.83400229e-01 1.67916656e-01 1.03534296e-01]

rule45: 94.430 < duration < 109.573
probabilities_array:[0.11132723 0.12818706 0.         0.19679804 0.05139843 0.02704673
 0.         0.09815629 0.         0.04351031 0.34357587]

rule33: -445.692 < actor_3_facebook_likes < 709.204
probabilities_array:[0.10002366 0.14776866 0.11503921 0.         0.         0.0103796
 0.07960552 0.06621244 0.14151745 0.02442735 0.31502625]

rule3: imdb_score > 7.208
probabilities_array:[0.07904552 0.22923777 0.1689312  0.         0.         0.
 0.         0.         0.         0.18568096 0.33710456]

rule37: -2136.213 < cast_total_facebook_likes < 10990.227
probabilities_array:[0.10366062 0.10561063 0.05163903 0.         0.         0.
 0.         0.         0.01488327 0.12218067 0.60202575]


---1---
rule51: budget > 226945202.517
probabilities_array:[0.         0.29404077 0.         0.         0.         0.
 0.         0.         0.         0.26639134 0.43956792]

rule3: imdb_score > 7.208
probabilities_array:[0.07904552 0.22923777 0.1689312  0.         0.         0.
 0.         0.         0.         0.18568096 0.33710456]

rule9: -1559.172 < num_voted_users < 98419.862
probabilities_array:[1.8641217e-01 1.5488291e-01 1.5212934e-01 1.3379200e-01 1.0931438e-01
 1.0106359e-01 8.8933721e-02 4.5751050e-02 1.2606173e-04 0.0000000e+00
 2.7594674e-02]

rule2: 6.467 < imdb_score < 7.208
probabilities_array:[0.17663117 0.15757538 0.07795993 0.         0.         0.00274532
 0.0446488  0.09952437 0.14596269 0.16927631 0.12567607]

rule17: 40.470 < num_user_for_reviews < 314.606
probabilities_array:[0.         0.14214619 0.1523717  0.14210126 0.08963529 0.12473724
 0.10369349 0.08092896 0.09268554 0.02798447 0.04371586]

rule49: -130661169.607 < budget < 48142016.455
probabilities_array:[0.13780789 0.11082464 0.13832659 0.1656773  0.15816978 0.07599403
 0.0980121  0.05544962 0.04355093 0.         0.01618714]

rule33: -445.692 < actor_3_facebook_likes < 709.204
probabilities_array:[0.10002366 0.14776866 0.11503921 0.         0.         0.0103796
 0.07960552 0.06621244 0.14151745 0.02442735 0.31502625]

rule12: num_critic_for_reviews < 79.209
probabilities_array:[2.5116676e-01 1.9584572e-01 2.7222503e-02 0.0000000e+00 0.0000000e+00
 0.0000000e+00 0.0000000e+00 0.0000000e+00 1.8143099e-04 0.0000000e+00
 5.2558357e-01]

rule45: 94.430 < duration < 109.573
probabilities_array:[0.11132723 0.12818706 0.         0.19679804 0.05139843 0.02704673
 0.         0.09815629 0.         0.04351031 0.34357587]

rule41: -5043.758 < movie_facebook_likes < 8820.241
probabilities_array:[0.23967326 0.15303393 0.00189727 0.01280007 0.         0.
 0.         0.         0.01826042 0.06753591 0.5067991 ]

rule16: num_user_for_reviews < 40.470
probabilities_array:[0.28384477 0.16590631 0.         0.         0.         0.
 0.         0.         0.         0.         0.55024886]

rule37: -2136.213 < cast_total_facebook_likes < 10990.227
probabilities_array:[0.10366062 0.10561063 0.05163903 0.         0.         0.
 0.         0.         0.01488327 0.12218067 0.60202575]


---2---
rule9: -1559.172 < num_voted_users < 98419.862
probabilities_array:[1.8641217e-01 1.5488291e-01 1.5212934e-01 1.3379200e-01 1.0931438e-01
 1.0106359e-01 8.8933721e-02 4.5751050e-02 1.2606173e-04 0.0000000e+00
 2.7594674e-02]

rule17: 40.470 < num_user_for_reviews < 314.606
probabilities_array:[0.         0.14214619 0.1523717  0.14210126 0.08963529 0.12473724
 0.10369349 0.08092896 0.09268554 0.02798447 0.04371586]

rule49: -130661169.607 < budget < 48142016.455
probabilities_array:[0.13780789 0.11082464 0.13832659 0.1656773  0.15816978 0.07599403
 0.0980121  0.05544962 0.04355093 0.         0.01618714]

rule3: imdb_score > 7.208
probabilities_array:[0.07904552 0.22923777 0.1689312  0.         0.         0.
 0.         0.         0.         0.18568096 0.33710456]

rule46: 109.573 < duration < 124.715
probabilities_array:[0.         0.0221031  0.11586978 0.02573445 0.02459999 0.16674098
 0.1499467  0.12985371 0.13094436 0.04707283 0.18713407]

rule42: 8820.241 < movie_facebook_likes < 22684.240
probabilities_array:[0.         0.         0.1015701  0.06117878 0.09134643 0.13273622
 0.16004726 0.08060379 0.12981926 0.14118037 0.1015177 ]

rule5: 1996.854 < title_year < 2003.462
probabilities_array:[0.01809345 0.         0.11064412 0.16931395 0.         0.15105008
 0.05086269 0.10548306 0.00775463 0.1689763  0.21782173]

rule33: -445.692 < actor_3_facebook_likes < 709.204
probabilities_array:[0.10002366 0.14776866 0.11503921 0.         0.         0.0103796
 0.07960552 0.06621244 0.14151745 0.02442735 0.31502625]

rule14: 160.946 < num_critic_for_reviews < 242.683
probabilities_array:[0.         0.00300872 0.07431353 0.12570806 0.15930419 0.1486658
 0.06955028 0.11849336 0.12615192 0.13599461 0.03880956]

rule2: 6.467 < imdb_score < 7.208
probabilities_array:[0.17663117 0.15757538 0.07795993 0.         0.         0.00274532
 0.0446488  0.09952437 0.14596269 0.16927631 0.12567607]

rule27: actor_1_facebook_likes > 18751.772
probabilities_array:[0.04180275 0.         0.10331697 0.00357922 0.         0.09559356
 0.03745089 0.0476236  0.         0.19703844 0.4735946 ]

rule18: 314.606 < num_user_for_reviews < 588.741
probabilities_array:[0.         0.         0.05247603 0.16003327 0.17155208 0.15635179
 0.11292238 0.11817762 0.14580639 0.0527116  0.0299688 ]

rule0: imdb_score < 5.725
probabilities_array:[0.         0.         0.05572083 0.13895267 0.17619298 0.19296037
 0.1006708  0.13480973 0.10081437 0.00941153 0.09046661]

rule4: title_year < 1996.854
probabilities_array:[0.         0.02549976 0.04466181 0.08270041 0.09049273 0.10472434
 0.09657032 0.15193737 0.20029758 0.20311569 0.        ]

rule23: director_facebook_likes > 2733.910
probabilities_array:[0.         0.         0.06999471 0.1387006  0.         0.
 0.07112069 0.         0.20162646 0.14070006 0.37785754]


---3---
rule49: -130661169.607 < budget < 48142016.455
probabilities_array:[0.13780789 0.11082464 0.13832659 0.1656773  0.15816978 0.07599403
 0.0980121  0.05544962 0.04355093 0.         0.01618714]

rule18: 314.606 < num_user_for_reviews < 588.741
probabilities_array:[0.         0.         0.05247603 0.16003327 0.17155208 0.15635179
 0.11292238 0.11817762 0.14580639 0.0527116  0.0299688 ]

rule17: 40.470 < num_user_for_reviews < 314.606
probabilities_array:[0.         0.14214619 0.1523717  0.14210126 0.08963529 0.12473724
 0.10369349 0.08092896 0.09268554 0.02798447 0.04371586]

rule5: 1996.854 < title_year < 2003.462
probabilities_array:[0.01809345 0.         0.11064412 0.16931395 0.         0.15105008
 0.05086269 0.10548306 0.00775463 0.1689763  0.21782173]

rule9: -1559.172 < num_voted_users < 98419.862
probabilities_array:[1.8641217e-01 1.5488291e-01 1.5212934e-01 1.3379200e-01 1.0931438e-01
 1.0106359e-01 8.8933721e-02 4.5751050e-02 1.2606173e-04 0.0000000e+00
 2.7594674e-02]

rule45: 94.430 < duration < 109.573
probabilities_array:[0.11132723 0.12818706 0.         0.19679804 0.05139843 0.02704673
 0.         0.09815629 0.         0.04351031 0.34357587]

rule0: imdb_score < 5.725
probabilities_array:[0.         0.         0.05572083 0.13895267 0.17619298 0.19296037
 0.1006708  0.13480973 0.10081437 0.00941153 0.09046661]

rule14: 160.946 < num_critic_for_reviews < 242.683
probabilities_array:[0.         0.00300872 0.07431353 0.12570806 0.15930419 0.1486658
 0.06955028 0.11849336 0.12615192 0.13599461 0.03880956]

rule30: 1868.768 < actor_2_facebook_likes < 4454.969
probabilities_array:[0.         0.01600374 0.         0.12554564 0.         0.11049432
 0.10218394 0.15430826 0.1731733  0.15516312 0.16312774]

rule23: director_facebook_likes > 2733.910
probabilities_array:[0.         0.         0.06999471 0.1387006  0.         0.
 0.07112069 0.         0.20162646 0.14070006 0.37785754]

rule38: 10990.227 < cast_total_facebook_likes < 24116.668
probabilities_array:[0.00675662 0.         0.         0.12491319 0.         0.09786617
 0.05999964 0.10902414 0.13715133 0.14878768 0.31550124]

rule4: title_year < 1996.854
probabilities_array:[0.         0.02549976 0.04466181 0.08270041 0.09049273 0.10472434
 0.09657032 0.15193737 0.20029758 0.20311569 0.        ]

rule22: 749.651 < director_facebook_likes < 2733.910
probabilities_array:[0.21011023 0.         0.         0.07923096 0.07593374 0.07985707
 0.1588102  0.1149665  0.         0.17437312 0.10671817]

rule42: 8820.241 < movie_facebook_likes < 22684.240
probabilities_array:[0.         0.         0.1015701  0.06117878 0.09134643 0.13273622
 0.16004726 0.08060379 0.12981926 0.14118037 0.1015177 ]


---4---
rule31: actor_2_facebook_likes > 4454.969
probabilities_array:[6.2350079e-04 0.0000000e+00 4.5932131e-03 0.0000000e+00 2.7684325e-01
 0.0000000e+00 0.0000000e+00 2.7471568e-05 1.1811758e-01 2.0368202e-01
 3.9611295e-01]

rule18: 314.606 < num_user_for_reviews < 588.741
probabilities_array:[0.         0.         0.05247603 0.16003327 0.17155208 0.15635179
 0.11292238 0.11817762 0.14580639 0.0527116  0.0299688 ]

rule0: imdb_score < 5.725
probabilities_array:[0.         0.         0.05572083 0.13895267 0.17619298 0.19296037
 0.1006708  0.13480973 0.10081437 0.00941153 0.09046661]

rule49: -130661169.607 < budget < 48142016.455
probabilities_array:[0.13780789 0.11082464 0.13832659 0.1656773  0.15816978 0.07599403
 0.0980121  0.05544962 0.04355093 0.         0.01618714]

rule14: 160.946 < num_critic_for_reviews < 242.683
probabilities_array:[0.         0.00300872 0.07431353 0.12570806 0.15930419 0.1486658
 0.06955028 0.11849336 0.12615192 0.13599461 0.03880956]

rule13: 79.209 < num_critic_for_reviews < 160.946
probabilities_array:[0.         0.0189771  0.02614688 0.03439925 0.1461206  0.12523456
 0.11710387 0.14946295 0.1981273  0.04447679 0.13995071]

rule9: -1559.172 < num_voted_users < 98419.862
probabilities_array:[1.8641217e-01 1.5488291e-01 1.5212934e-01 1.3379200e-01 1.0931438e-01
 1.0106359e-01 8.8933721e-02 4.5751050e-02 1.2606173e-04 0.0000000e+00
 2.7594674e-02]

rule34: 709.204 < actor_3_facebook_likes < 1864.100
probabilities_array:[0.         0.         0.         0.         0.12083618 0.02751657
 0.09297611 0.18639109 0.13999434 0.20561568 0.22667001]

rule4: title_year < 1996.854
probabilities_array:[0.         0.02549976 0.04466181 0.08270041 0.09049273 0.10472434
 0.09657032 0.15193737 0.20029758 0.20311569 0.        ]

rule17: 40.470 < num_user_for_reviews < 314.606
probabilities_array:[0.         0.14214619 0.1523717  0.14210126 0.08963529 0.12473724
 0.10369349 0.08092896 0.09268554 0.02798447 0.04371586]

rule42: 8820.241 < movie_facebook_likes < 22684.240
probabilities_array:[0.         0.         0.1015701  0.06117878 0.09134643 0.13273622
 0.16004726 0.08060379 0.12981926 0.14118037 0.1015177 ]

rule1: 5.725 < imdb_score < 6.467
probabilities_array:[1.10626087e-01 5.66627714e-05 0.00000000e+00 1.54852979e-02
 8.24785084e-02 1.31710067e-01 7.43644983e-02 1.30427763e-01
 1.83400229e-01 1.67916656e-01 1.03534296e-01]

rule22: 749.651 < director_facebook_likes < 2733.910
probabilities_array:[0.21011023 0.         0.         0.07923096 0.07593374 0.07985707
 0.1588102  0.1149665  0.         0.17437312 0.10671817]

rule6: 2003.462 < title_year < 2010.070
probabilities_array:[0.22512403 0.03767699 0.05142282 0.         0.07886638 0.
 0.         0.         0.         0.21943332 0.3874764 ]

rule15: num_critic_for_reviews > 242.683
probabilities_array:[0.         0.         0.         0.00392466 0.08554734 0.09819467
 0.09457273 0.00074922 0.07751848 0.18810463 0.4513884 ]


---5---
rule0: imdb_score < 5.725
probabilities_array:[0.         0.         0.05572083 0.13895267 0.17619298 0.19296037
 0.1006708  0.13480973 0.10081437 0.00941153 0.09046661]

rule10: 98419.862 < num_voted_users < 198398.896
probabilities_array:[0.         0.         0.         0.01022903 0.02905954 0.18742675
 0.20926633 0.18466248 0.17900668 0.03244525 0.16790392]

rule18: 314.606 < num_user_for_reviews < 588.741
probabilities_array:[0.         0.         0.05247603 0.16003327 0.17155208 0.15635179
 0.11292238 0.11817762 0.14580639 0.0527116  0.0299688 ]

rule14: 160.946 < num_critic_for_reviews < 242.683
probabilities_array:[0.         0.00300872 0.07431353 0.12570806 0.15930419 0.1486658
 0.06955028 0.11849336 0.12615192 0.13599461 0.03880956]

rule43: movie_facebook_likes > 22684.240
probabilities_array:[0.         0.         0.         0.01852727 0.00028909 0.1992014
 0.05413763 0.17826398 0.11381689 0.15298595 0.28277773]

rule46: 109.573 < duration < 124.715
probabilities_array:[0.         0.0221031  0.11586978 0.02573445 0.02459999 0.16674098
 0.1499467  0.12985371 0.13094436 0.04707283 0.18713407]

rule17: 40.470 < num_user_for_reviews < 314.606
probabilities_array:[0.         0.14214619 0.1523717  0.14210126 0.08963529 0.12473724
 0.10369349 0.08092896 0.09268554 0.02798447 0.04371586]

rule42: 8820.241 < movie_facebook_likes < 22684.240
probabilities_array:[0.         0.         0.1015701  0.06117878 0.09134643 0.13273622
 0.16004726 0.08060379 0.12981926 0.14118037 0.1015177 ]

rule5: 1996.854 < title_year < 2003.462
probabilities_array:[0.01809345 0.         0.11064412 0.16931395 0.         0.15105008
 0.05086269 0.10548306 0.00775463 0.1689763  0.21782173]

rule1: 5.725 < imdb_score < 6.467
probabilities_array:[1.10626087e-01 5.66627714e-05 0.00000000e+00 1.54852979e-02
 8.24785084e-02 1.31710067e-01 7.43644983e-02 1.30427763e-01
 1.83400229e-01 1.67916656e-01 1.03534296e-01]

rule13: 79.209 < num_critic_for_reviews < 160.946
probabilities_array:[0.         0.0189771  0.02614688 0.03439925 0.1461206  0.12523456
 0.11710387 0.14946295 0.1981273  0.04447679 0.13995071]

rule4: title_year < 1996.854
probabilities_array:[0.         0.02549976 0.04466181 0.08270041 0.09049273 0.10472434
 0.09657032 0.15193737 0.20029758 0.20311569 0.        ]

rule9: -1559.172 < num_voted_users < 98419.862
probabilities_array:[1.8641217e-01 1.5488291e-01 1.5212934e-01 1.3379200e-01 1.0931438e-01
 1.0106359e-01 8.8933721e-02 4.5751050e-02 1.2606173e-04 0.0000000e+00
 2.7594674e-02]

rule30: 1868.768 < actor_2_facebook_likes < 4454.969
probabilities_array:[0.         0.01600374 0.         0.12554564 0.         0.11049432
 0.10218394 0.15430826 0.1731733  0.15516312 0.16312774]

rule19: num_user_for_reviews > 588.741
probabilities_array:[0.         0.         0.         0.         0.00119823 0.16235512
 0.1039279  0.10200558 0.00166491 0.19426014 0.4345881 ]

rule49: -130661169.607 < budget < 48142016.455
probabilities_array:[0.13780789 0.11082464 0.13832659 0.1656773  0.15816978 0.07599403
 0.0980121  0.05544962 0.04355093 0.         0.01618714]

rule22: 749.651 < director_facebook_likes < 2733.910
probabilities_array:[0.21011023 0.         0.         0.07923096 0.07593374 0.07985707
 0.1588102  0.1149665  0.         0.17437312 0.10671817]

rule38: 10990.227 < cast_total_facebook_likes < 24116.668
probabilities_array:[0.00675662 0.         0.         0.12491319 0.         0.09786617
 0.05999964 0.10902414 0.13715133 0.14878768 0.31550124]

rule47: duration > 124.715
probabilities_array:[0.         0.         0.04877659 0.         0.         0.08343309
 0.18152396 0.10550023 0.15514699 0.14628792 0.27933118]

rule15: num_critic_for_reviews > 242.683
probabilities_array:[0.         0.         0.         0.00392466 0.08554734 0.09819467
 0.09457273 0.00074922 0.07751848 0.18810463 0.4513884 ]

rule27: actor_1_facebook_likes > 18751.772
probabilities_array:[0.04180275 0.         0.10331697 0.00357922 0.         0.09559356
 0.03745089 0.0476236  0.         0.19703844 0.4735946 ]

rule7: title_year > 2010.070
probabilities_array:[0.2360701  0.01882214 0.         0.         0.0529742  0.06738232
 0.01298554 0.14815174 0.04081019 0.15746231 0.26534146]


---6---
rule10: 98419.862 < num_voted_users < 198398.896
probabilities_array:[0.         0.         0.         0.01022903 0.02905954 0.18742675
 0.20926633 0.18466248 0.17900668 0.03244525 0.16790392]

rule50: 48142016.455 < budget < 226945202.517
probabilities_array:[0.         0.         0.         0.         0.         0.
 0.21493965 0.14801799 0.16937536 0.22560774 0.24205928]

rule42: 8820.241 < movie_facebook_likes < 22684.240
probabilities_array:[0.         0.         0.1015701  0.06117878 0.09134643 0.13273622
 0.16004726 0.08060379 0.12981926 0.14118037 0.1015177 ]

rule22: 749.651 < director_facebook_likes < 2733.910
probabilities_array:[0.21011023 0.         0.         0.07923096 0.07593374 0.07985707
 0.1588102  0.1149665  0.         0.17437312 0.10671817]

rule47: duration > 124.715
probabilities_array:[0.         0.         0.04877659 0.         0.         0.08343309
 0.18152396 0.10550023 0.15514699 0.14628792 0.27933118]

rule46: 109.573 < duration < 124.715
probabilities_array:[0.         0.0221031  0.11586978 0.02573445 0.02459999 0.16674098
 0.1499467  0.12985371 0.13094436 0.04707283 0.18713407]

rule18: 314.606 < num_user_for_reviews < 588.741
probabilities_array:[0.         0.         0.05247603 0.16003327 0.17155208 0.15635179
 0.11292238 0.11817762 0.14580639 0.0527116  0.0299688 ]

rule13: 79.209 < num_critic_for_reviews < 160.946
probabilities_array:[0.         0.0189771  0.02614688 0.03439925 0.1461206  0.12523456
 0.11710387 0.14946295 0.1981273  0.04447679 0.13995071]

rule17: 40.470 < num_user_for_reviews < 314.606
probabilities_array:[0.         0.14214619 0.1523717  0.14210126 0.08963529 0.12473724
 0.10369349 0.08092896 0.09268554 0.02798447 0.04371586]

rule4: title_year < 1996.854
probabilities_array:[0.         0.02549976 0.04466181 0.08270041 0.09049273 0.10472434
 0.09657032 0.15193737 0.20029758 0.20311569 0.        ]

rule49: -130661169.607 < budget < 48142016.455
probabilities_array:[0.13780789 0.11082464 0.13832659 0.1656773  0.15816978 0.07599403
 0.0980121  0.05544962 0.04355093 0.         0.01618714]

rule0: imdb_score < 5.725
probabilities_array:[0.         0.         0.05572083 0.13895267 0.17619298 0.19296037
 0.1006708  0.13480973 0.10081437 0.00941153 0.09046661]

rule9: -1559.172 < num_voted_users < 98419.862
probabilities_array:[1.8641217e-01 1.5488291e-01 1.5212934e-01 1.3379200e-01 1.0931438e-01
 1.0106359e-01 8.8933721e-02 4.5751050e-02 1.2606173e-04 0.0000000e+00
 2.7594674e-02]

rule30: 1868.768 < actor_2_facebook_likes < 4454.969
probabilities_array:[0.         0.01600374 0.         0.12554564 0.         0.11049432
 0.10218394 0.15430826 0.1731733  0.15516312 0.16312774]

rule34: 709.204 < actor_3_facebook_likes < 1864.100
probabilities_array:[0.         0.         0.         0.         0.12083618 0.02751657
 0.09297611 0.18639109 0.13999434 0.20561568 0.22667001]

rule26: 7497.895 < actor_1_facebook_likes < 18751.772
probabilities_array:[0.01296614 0.         0.         0.         0.00931319 0.
 0.12173777 0.09789819 0.21328981 0.11688121 0.42791367]

rule14: 160.946 < num_critic_for_reviews < 242.683
probabilities_array:[0.         0.00300872 0.07431353 0.12570806 0.15930419 0.1486658
 0.06955028 0.11849336 0.12615192 0.13599461 0.03880956]

rule1: 5.725 < imdb_score < 6.467
probabilities_array:[1.10626087e-01 5.66627714e-05 0.00000000e+00 1.54852979e-02
 8.24785084e-02 1.31710067e-01 7.43644983e-02 1.30427763e-01
 1.83400229e-01 1.67916656e-01 1.03534296e-01]

rule19: num_user_for_reviews > 588.741
probabilities_array:[0.         0.         0.         0.         0.00119823 0.16235512
 0.1039279  0.10200558 0.00166491 0.19426014 0.4345881 ]

rule33: -445.692 < actor_3_facebook_likes < 709.204
probabilities_array:[0.10002366 0.14776866 0.11503921 0.         0.         0.0103796
 0.07960552 0.06621244 0.14151745 0.02442735 0.31502625]

rule15: num_critic_for_reviews > 242.683
probabilities_array:[0.         0.         0.         0.00392466 0.08554734 0.09819467
 0.09457273 0.00074922 0.07751848 0.18810463 0.4513884 ]

rule23: director_facebook_likes > 2733.910
probabilities_array:[0.         0.         0.06999471 0.1387006  0.         0.
 0.07112069 0.         0.20162646 0.14070006 0.37785754]

rule38: 10990.227 < cast_total_facebook_likes < 24116.668
probabilities_array:[0.00675662 0.         0.         0.12491319 0.         0.09786617
 0.05999964 0.10902414 0.13715133 0.14878768 0.31550124]


---7---
rule10: 98419.862 < num_voted_users < 198398.896
probabilities_array:[0.         0.         0.         0.01022903 0.02905954 0.18742675
 0.20926633 0.18466248 0.17900668 0.03244525 0.16790392]

rule4: title_year < 1996.854
probabilities_array:[0.         0.02549976 0.04466181 0.08270041 0.09049273 0.10472434
 0.09657032 0.15193737 0.20029758 0.20311569 0.        ]

rule34: 709.204 < actor_3_facebook_likes < 1864.100
probabilities_array:[0.         0.         0.         0.         0.12083618 0.02751657
 0.09297611 0.18639109 0.13999434 0.20561568 0.22667001]

rule30: 1868.768 < actor_2_facebook_likes < 4454.969
probabilities_array:[0.         0.01600374 0.         0.12554564 0.         0.11049432
 0.10218394 0.15430826 0.1731733  0.15516312 0.16312774]

rule13: 79.209 < num_critic_for_reviews < 160.946
probabilities_array:[0.         0.0189771  0.02614688 0.03439925 0.1461206  0.12523456
 0.11710387 0.14946295 0.1981273  0.04447679 0.13995071]

rule43: movie_facebook_likes > 22684.240
probabilities_array:[0.         0.         0.         0.01852727 0.00028909 0.1992014
 0.05413763 0.17826398 0.11381689 0.15298595 0.28277773]

rule0: imdb_score < 5.725
probabilities_array:[0.         0.         0.05572083 0.13895267 0.17619298 0.19296037
 0.1006708  0.13480973 0.10081437 0.00941153 0.09046661]

rule1: 5.725 < imdb_score < 6.467
probabilities_array:[1.10626087e-01 5.66627714e-05 0.00000000e+00 1.54852979e-02
 8.24785084e-02 1.31710067e-01 7.43644983e-02 1.30427763e-01
 1.83400229e-01 1.67916656e-01 1.03534296e-01]

rule18: 314.606 < num_user_for_reviews < 588.741
probabilities_array:[0.         0.         0.05247603 0.16003327 0.17155208 0.15635179
 0.11292238 0.11817762 0.14580639 0.0527116  0.0299688 ]

rule14: 160.946 < num_critic_for_reviews < 242.683
probabilities_array:[0.         0.00300872 0.07431353 0.12570806 0.15930419 0.1486658
 0.06955028 0.11849336 0.12615192 0.13599461 0.03880956]

rule50: 48142016.455 < budget < 226945202.517
probabilities_array:[0.         0.         0.         0.         0.         0.
 0.21493965 0.14801799 0.16937536 0.22560774 0.24205928]

rule7: title_year > 2010.070
probabilities_array:[0.2360701  0.01882214 0.         0.         0.0529742  0.06738232
 0.01298554 0.14815174 0.04081019 0.15746231 0.26534146]

rule46: 109.573 < duration < 124.715
probabilities_array:[0.         0.0221031  0.11586978 0.02573445 0.02459999 0.16674098
 0.1499467  0.12985371 0.13094436 0.04707283 0.18713407]

rule22: 749.651 < director_facebook_likes < 2733.910
probabilities_array:[0.21011023 0.         0.         0.07923096 0.07593374 0.07985707
 0.1588102  0.1149665  0.         0.17437312 0.10671817]

rule2: 6.467 < imdb_score < 7.208
probabilities_array:[0.17663117 0.15757538 0.07795993 0.         0.         0.00274532
 0.0446488  0.09952437 0.14596269 0.16927631 0.12567607]

rule5: 1996.854 < title_year < 2003.462
probabilities_array:[0.01809345 0.         0.11064412 0.16931395 0.         0.15105008
 0.05086269 0.10548306 0.00775463 0.1689763  0.21782173]

rule17: 40.470 < num_user_for_reviews < 314.606
probabilities_array:[0.         0.14214619 0.1523717  0.14210126 0.08963529 0.12473724
 0.10369349 0.08092896 0.09268554 0.02798447 0.04371586]

rule47: duration > 124.715
probabilities_array:[0.         0.         0.04877659 0.         0.         0.08343309
 0.18152396 0.10550023 0.15514699 0.14628792 0.27933118]

rule38: 10990.227 < cast_total_facebook_likes < 24116.668
probabilities_array:[0.00675662 0.         0.         0.12491319 0.         0.09786617
 0.05999964 0.10902414 0.13715133 0.14878768 0.31550124]

rule42: 8820.241 < movie_facebook_likes < 22684.240
probabilities_array:[0.         0.         0.1015701  0.06117878 0.09134643 0.13273622
 0.16004726 0.08060379 0.12981926 0.14118037 0.1015177 ]

rule45: 94.430 < duration < 109.573
probabilities_array:[0.11132723 0.12818706 0.         0.19679804 0.05139843 0.02704673
 0.         0.09815629 0.         0.04351031 0.34357587]

rule19: num_user_for_reviews > 588.741
probabilities_array:[0.         0.         0.         0.         0.00119823 0.16235512
 0.1039279  0.10200558 0.00166491 0.19426014 0.4345881 ]

rule26: 7497.895 < actor_1_facebook_likes < 18751.772
probabilities_array:[0.01296614 0.         0.         0.         0.00931319 0.
 0.12173777 0.09789819 0.21328981 0.11688121 0.42791367]

rule49: -130661169.607 < budget < 48142016.455
probabilities_array:[0.13780789 0.11082464 0.13832659 0.1656773  0.15816978 0.07599403
 0.0980121  0.05544962 0.04355093 0.         0.01618714]

rule29: -717.434 < actor_2_facebook_likes < 1868.768
probabilities_array:[0.05521476 0.00992947 0.         0.         0.         0.01925222
 0.07179734 0.11118666 0.05534981 0.09289463 0.584375  ]

rule33: -445.692 < actor_3_facebook_likes < 709.204
probabilities_array:[0.10002366 0.14776866 0.11503921 0.         0.         0.0103796
 0.07960552 0.06621244 0.14151745 0.02442735 0.31502625]

rule9: -1559.172 < num_voted_users < 98419.862
probabilities_array:[1.8641217e-01 1.5488291e-01 1.5212934e-01 1.3379200e-01 1.0931438e-01
 1.0106359e-01 8.8933721e-02 4.5751050e-02 1.2606173e-04 0.0000000e+00
 2.7594674e-02]


---8---
rule4: title_year < 1996.854
probabilities_array:[0.         0.02549976 0.04466181 0.08270041 0.09049273 0.10472434
 0.09657032 0.15193737 0.20029758 0.20311569 0.        ]

rule13: 79.209 < num_critic_for_reviews < 160.946
probabilities_array:[0.         0.0189771  0.02614688 0.03439925 0.1461206  0.12523456
 0.11710387 0.14946295 0.1981273  0.04447679 0.13995071]

rule1: 5.725 < imdb_score < 6.467
probabilities_array:[1.10626087e-01 5.66627714e-05 0.00000000e+00 1.54852979e-02
 8.24785084e-02 1.31710067e-01 7.43644983e-02 1.30427763e-01
 1.83400229e-01 1.67916656e-01 1.03534296e-01]

rule10: 98419.862 < num_voted_users < 198398.896
probabilities_array:[0.         0.         0.         0.01022903 0.02905954 0.18742675
 0.20926633 0.18466248 0.17900668 0.03244525 0.16790392]

rule30: 1868.768 < actor_2_facebook_likes < 4454.969
probabilities_array:[0.         0.01600374 0.         0.12554564 0.         0.11049432
 0.10218394 0.15430826 0.1731733  0.15516312 0.16312774]

rule18: 314.606 < num_user_for_reviews < 588.741
probabilities_array:[0.         0.         0.05247603 0.16003327 0.17155208 0.15635179
 0.11292238 0.11817762 0.14580639 0.0527116  0.0299688 ]

rule50: 48142016.455 < budget < 226945202.517
probabilities_array:[0.         0.         0.         0.         0.         0.
 0.21493965 0.14801799 0.16937536 0.22560774 0.24205928]

rule2: 6.467 < imdb_score < 7.208
probabilities_array:[0.17663117 0.15757538 0.07795993 0.         0.         0.00274532
 0.0446488  0.09952437 0.14596269 0.16927631 0.12567607]

rule23: director_facebook_likes > 2733.910
probabilities_array:[0.         0.         0.06999471 0.1387006  0.         0.
 0.07112069 0.         0.20162646 0.14070006 0.37785754]

rule26: 7497.895 < actor_1_facebook_likes < 18751.772
probabilities_array:[0.01296614 0.         0.         0.         0.00931319 0.
 0.12173777 0.09789819 0.21328981 0.11688121 0.42791367]

rule14: 160.946 < num_critic_for_reviews < 242.683
probabilities_array:[0.         0.00300872 0.07431353 0.12570806 0.15930419 0.1486658
 0.06955028 0.11849336 0.12615192 0.13599461 0.03880956]

rule42: 8820.241 < movie_facebook_likes < 22684.240
probabilities_array:[0.         0.         0.1015701  0.06117878 0.09134643 0.13273622
 0.16004726 0.08060379 0.12981926 0.14118037 0.1015177 ]

rule47: duration > 124.715
probabilities_array:[0.         0.         0.04877659 0.         0.         0.08343309
 0.18152396 0.10550023 0.15514699 0.14628792 0.27933118]

rule34: 709.204 < actor_3_facebook_likes < 1864.100
probabilities_array:[0.         0.         0.         0.         0.12083618 0.02751657
 0.09297611 0.18639109 0.13999434 0.20561568 0.22667001]

rule46: 109.573 < duration < 124.715
probabilities_array:[0.         0.0221031  0.11586978 0.02573445 0.02459999 0.16674098
 0.1499467  0.12985371 0.13094436 0.04707283 0.18713407]

rule11: num_voted_users > 198398.896
probabilities_array:[0.         0.         0.         0.         0.         0.
 0.         0.         0.21234712 0.26549414 0.5221587 ]

rule33: -445.692 < actor_3_facebook_likes < 709.204
probabilities_array:[0.10002366 0.14776866 0.11503921 0.         0.         0.0103796
 0.07960552 0.06621244 0.14151745 0.02442735 0.31502625]

rule38: 10990.227 < cast_total_facebook_likes < 24116.668
probabilities_array:[0.00675662 0.         0.         0.12491319 0.         0.09786617
 0.05999964 0.10902414 0.13715133 0.14878768 0.31550124]

rule0: imdb_score < 5.725
probabilities_array:[0.         0.         0.05572083 0.13895267 0.17619298 0.19296037
 0.1006708  0.13480973 0.10081437 0.00941153 0.09046661]

rule17: 40.470 < num_user_for_reviews < 314.606
probabilities_array:[0.         0.14214619 0.1523717  0.14210126 0.08963529 0.12473724
 0.10369349 0.08092896 0.09268554 0.02798447 0.04371586]

rule43: movie_facebook_likes > 22684.240
probabilities_array:[0.         0.         0.         0.01852727 0.00028909 0.1992014
 0.05413763 0.17826398 0.11381689 0.15298595 0.28277773]

rule31: actor_2_facebook_likes > 4454.969
probabilities_array:[6.2350079e-04 0.0000000e+00 4.5932131e-03 0.0000000e+00 2.7684325e-01
 0.0000000e+00 0.0000000e+00 2.7471568e-05 1.1811758e-01 2.0368202e-01
 3.9611295e-01]

rule35: actor_3_facebook_likes > 1864.100
probabilities_array:[0.         0.         0.         0.00617785 0.08064283 0.
 0.         0.         0.14796558 0.23576427 0.52944946]

rule49: -130661169.607 < budget < 48142016.455
probabilities_array:[0.13780789 0.11082464 0.13832659 0.1656773  0.15816978 0.07599403
 0.0980121  0.05544962 0.04355093 0.         0.01618714]

rule15: num_critic_for_reviews > 242.683
probabilities_array:[0.         0.         0.         0.00392466 0.08554734 0.09819467
 0.09457273 0.00074922 0.07751848 0.18810463 0.4513884 ]


---9---
rule4: title_year < 1996.854
probabilities_array:[0.         0.02549976 0.04466181 0.08270041 0.09049273 0.10472434
 0.09657032 0.15193737 0.20029758 0.20311569 0.        ]

rule50: 48142016.455 < budget < 226945202.517
probabilities_array:[0.         0.         0.         0.         0.         0.
 0.21493965 0.14801799 0.16937536 0.22560774 0.24205928]

rule34: 709.204 < actor_3_facebook_likes < 1864.100
probabilities_array:[0.         0.         0.         0.         0.12083618 0.02751657
 0.09297611 0.18639109 0.13999434 0.20561568 0.22667001]

rule22: 749.651 < director_facebook_likes < 2733.910
probabilities_array:[0.21011023 0.         0.         0.07923096 0.07593374 0.07985707
 0.1588102  0.1149665  0.         0.17437312 0.10671817]

rule1: 5.725 < imdb_score < 6.467
probabilities_array:[1.10626087e-01 5.66627714e-05 0.00000000e+00 1.54852979e-02
 8.24785084e-02 1.31710067e-01 7.43644983e-02 1.30427763e-01
 1.83400229e-01 1.67916656e-01 1.03534296e-01]

rule51: budget > 226945202.517
probabilities_array:[0.         0.29404077 0.         0.         0.         0.
 0.         0.         0.         0.26639134 0.43956792]

rule2: 6.467 < imdb_score < 7.208
probabilities_array:[0.17663117 0.15757538 0.07795993 0.         0.         0.00274532
 0.0446488  0.09952437 0.14596269 0.16927631 0.12567607]

rule6: 2003.462 < title_year < 2010.070
probabilities_array:[0.22512403 0.03767699 0.05142282 0.         0.07886638 0.
 0.         0.         0.         0.21943332 0.3874764 ]

rule5: 1996.854 < title_year < 2003.462
probabilities_array:[0.01809345 0.         0.11064412 0.16931395 0.         0.15105008
 0.05086269 0.10548306 0.00775463 0.1689763  0.21782173]

rule14: 160.946 < num_critic_for_reviews < 242.683
probabilities_array:[0.         0.00300872 0.07431353 0.12570806 0.15930419 0.1486658
 0.06955028 0.11849336 0.12615192 0.13599461 0.03880956]

rule30: 1868.768 < actor_2_facebook_likes < 4454.969
probabilities_array:[0.         0.01600374 0.         0.12554564 0.         0.11049432
 0.10218394 0.15430826 0.1731733  0.15516312 0.16312774]

rule11: num_voted_users > 198398.896
probabilities_array:[0.         0.         0.         0.         0.         0.
 0.         0.         0.21234712 0.26549414 0.5221587 ]

rule42: 8820.241 < movie_facebook_likes < 22684.240
probabilities_array:[0.         0.         0.1015701  0.06117878 0.09134643 0.13273622
 0.16004726 0.08060379 0.12981926 0.14118037 0.1015177 ]

rule3: imdb_score > 7.208
probabilities_array:[0.07904552 0.22923777 0.1689312  0.         0.         0.
 0.         0.         0.         0.18568096 0.33710456]

rule31: actor_2_facebook_likes > 4454.969
probabilities_array:[6.2350079e-04 0.0000000e+00 4.5932131e-03 0.0000000e+00 2.7684325e-01
 0.0000000e+00 0.0000000e+00 2.7471568e-05 1.1811758e-01 2.0368202e-01
 3.9611295e-01]

rule44: duration < 94.430
probabilities_array:[0.2364438  0.         0.         0.         0.05768906 0.
 0.         0.         0.         0.22801696 0.47785017]

rule7: title_year > 2010.070
probabilities_array:[0.2360701  0.01882214 0.         0.         0.0529742  0.06738232
 0.01298554 0.14815174 0.04081019 0.15746231 0.26534146]

rule35: actor_3_facebook_likes > 1864.100
probabilities_array:[0.         0.         0.         0.00617785 0.08064283 0.
 0.         0.         0.14796558 0.23576427 0.52944946]

rule19: num_user_for_reviews > 588.741
probabilities_array:[0.         0.         0.         0.         0.00119823 0.16235512
 0.1039279  0.10200558 0.00166491 0.19426014 0.4345881 ]

rule43: movie_facebook_likes > 22684.240
probabilities_array:[0.         0.         0.         0.01852727 0.00028909 0.1992014
 0.05413763 0.17826398 0.11381689 0.15298595 0.28277773]

rule47: duration > 124.715
probabilities_array:[0.         0.         0.04877659 0.         0.         0.08343309
 0.18152396 0.10550023 0.15514699 0.14628792 0.27933118]

rule27: actor_1_facebook_likes > 18751.772
probabilities_array:[0.04180275 0.         0.10331697 0.00357922 0.         0.09559356
 0.03745089 0.0476236  0.         0.19703844 0.4735946 ]

rule15: num_critic_for_reviews > 242.683
probabilities_array:[0.         0.         0.         0.00392466 0.08554734 0.09819467
 0.09457273 0.00074922 0.07751848 0.18810463 0.4513884 ]

rule38: 10990.227 < cast_total_facebook_likes < 24116.668
probabilities_array:[0.00675662 0.         0.         0.12491319 0.         0.09786617
 0.05999964 0.10902414 0.13715133 0.14878768 0.31550124]

rule23: director_facebook_likes > 2733.910
probabilities_array:[0.         0.         0.06999471 0.1387006  0.         0.
 0.07112069 0.         0.20162646 0.14070006 0.37785754]

rule21: -1234.609 < director_facebook_likes < 749.651
probabilities_array:[0.         0.         0.         0.         0.         0.
 0.         0.07714197 0.01062579 0.2254904  0.6867419 ]

rule26: 7497.895 < actor_1_facebook_likes < 18751.772
probabilities_array:[0.01296614 0.         0.         0.         0.00931319 0.
 0.12173777 0.09789819 0.21328981 0.11688121 0.42791367]

rule25: -3755.982 < actor_1_facebook_likes < 7497.895
probabilities_array:[0.05924734 0.09192911 0.04407175 0.         0.06163955 0.
 0.         0.         0.0067228  0.1468842  0.58950526]

rule39: cast_total_facebook_likes > 24116.668
probabilities_array:[0.05290715 0.         0.01051848 0.         0.         0.
 0.         0.00119355 0.08626018 0.1718752  0.67724544]

rule18: 314.606 < num_user_for_reviews < 588.741
probabilities_array:[0.         0.         0.05247603 0.16003327 0.17155208 0.15635179
 0.11292238 0.11817762 0.14580639 0.0527116  0.0299688 ]

rule37: -2136.213 < cast_total_facebook_likes < 10990.227
probabilities_array:[0.10366062 0.10561063 0.05163903 0.         0.         0.
 0.         0.         0.01488327 0.12218067 0.60202575]

