MSE: 3334401200026997.0

Accuracy: 0.29788783685360526

F1: 0.28003262527914063

Confusion Matrix: [[70, 31, 16, 12, 6, 4, 0, 0, 1], [31, 74, 23, 14, 7, 5, 3, 2, 2], [17, 43, 28, 21, 15, 9, 9, 9, 1], [12, 22, 26, 35, 22, 14, 7, 5, 4], [11, 12, 16, 25, 26, 20, 19, 15, 10], [7, 20, 23, 18, 23, 13, 17, 11, 15], [7, 20, 15, 18, 18, 20, 14, 15, 24], [3, 11, 8, 6, 15, 18, 26, 36, 30], [4, 1, 0, 2, 3, 4, 8, 33, 113]]

Uncertainties: {'class0': [0.02177330106496811, 0.04753034934401512, 0.09347569197416306, 0.13687486946582794, 0.23575933277606964], 'class1': [0.02177330106496811, 0.04710705578327179, 0.04753034934401512, 0.06500072777271271, 0.23575933277606964], 'class2': [0.003281588666141033, 0.01067804079502821, 0.02177330106496811, 0.04710705578327179, 0.04753034934401512], 'class3': [0.003281588666141033, 0.01067804079502821, 0.02177330106496811, 0.04710705578327179, 0.04753034934401512], 'class4': [0.003281588666141033, 0.01067804079502821, 0.02177330106496811, 0.04710705578327179, 0.04753034934401512], 'class5': [0.003281588666141033, 0.01067804079502821, 0.02177330106496811, 0.04710705578327179, 0.04753034934401512], 'class6': [0.003281588666141033, 0.01067804079502821, 0.02177330106496811, 0.04710705578327179, 0.04753034934401512], 'class7': [0.003281588666141033, 0.01067804079502821, 0.02177330106496811, 0.04710705578327179, 0.05392196774482727], 'class8': [0.003281588666141033, 0.01067804079502821, 0.05392196774482727, 0.06500072777271271, 0.09190152585506439]}

y_test: [2268296.0, 25677801.0, 100422786.0, 72279690.0, 25335935.0, 38176108.0, 6200756.0, 18761993.0, 120136047.0, 3885134.0, 27200000.0, 61356221.0, 1340891.0, 613556.0, 52799004.0, 10660147.0, 35007180.0, 202351611.0, 444354.0, 34151.0, 4350774.0, 63992328.0, 12674183.0, 12802907.0, 52850.0, 177840.0, 7382993.0, 1028337.0, 105943.0, 380838870.0, 128067808.0, 3713002.0, 2326407.0, 13596911.0, 1277257.0, 50213619.0, 25528495.0, 19783777.0, 25530884.0, 77032279.0, 402820.0, 336467.0, 18306166.0, 2835886.0, 42638165.0, 164435221.0, 3650677.0, 6201757.0, 1028658.0, 69700000.0, 130174897.0, 40076438.0, 104792.0, 37304950.0, 13208023.0, 309125409.0, 9652000.0, 2283276.0, 234903076.0, 1821983.0, 14359793.0, 129319.0, 13998282.0, 11576087.0, 72660029.0, 687081.0, 94596.0, 34746109.0, 50461335.0, 5355376.0, 82301521.0, 21210.0, 1652472.0, 1134049.0, 37486138.0, 371081.0, 410241.0, 1646664.0, 8119205.0, 55802754.0, 10965209.0, 49874933.0, 31501218.0, 10443316.0, 21378000.0, 40687294.0, 6157157.0, 13134.0, 18600911.0, 140987.0, 537580.0, 32598931.0, 75605492.0, 137850096.0, 17508670.0, 20338609.0, 10281585.0, 28133159.0, 15988876.0, 121248145.0, 104054514.0, 18438149.0, 31054924.0, 18653746.0, 21800302.0, 154077.0, 64685359.0, 10230.0, 13854000.0, 54228104.0, 61937495.0, 40566655.0, 617228.0, 215395021.0, 4273372.0, 39100956.0, 35811509.0, 42919096.0, 58214.0, 3105269.0, 28637507.0, 39026186.0, 19900000.0, 28687835.0, 16938179.0, 22108977.0, 85884815.0, 35143332.0, 3325638.0, 66636385.0, 25590119.0, 17683670.0, 27154426.0, 32101000.0, 10137232.0, 62563543.0, 29136626.0, 18225165.0, 190562.0, 24629916.0, 2592808.0, 141340178.0, 98017.0, 124107476.0, 856942.0, 44087387.0, 173066.0, 4922166.0, 27277055.0, 35918429.0, 31598308.0, 363024263.0, 10763469.0, 13973532.0, 5900000.0, 3014541.0, 6857503.0, 52580895.0, 24004159.0, 37879996.0, 88200225.0, 35799026.0, 45857453.0, 206456431.0, 55762229.0, 19184015.0, 20801344.0, 16067035.0, 3442820.0, 36049108.0, 84136909.0, 399793.0, 187670866.0, 59617068.0, 37035515.0, 41709.0, 35228696.0, 61112916.0, 11827301.0, 158348400.0, 1325073.0, 227946274.0, 52474616.0, 58715510.0, 11631245.0, 62647540.0, 368049635.0, 8460995.0, 195329763.0, 37566230.0, 4142507.0, 226792.0, 7501404.0, 49968653.0, 1729969.0, 14500000.0, 77222184.0, 7881335.0, 206678.0, 33305037.0, 221210.0, 800000.0, 124590960.0, 44983704.0, 47396698.0, 65807024.0, 19348.0, 100018837.0, 110720.0, 4505922.0, 20200.0, 104077.0, 168213584.0, 985341.0, 118666.0, 36733909.0, 18573791.0, 88246220.0, 13038660.0, 7292175.0, 12189514.0, 107100855.0, 2209479.0, 563699.0, 75074950.0, 64255243.0, 200069408.0, 117528646.0, 317557891.0, 183132370.0, 26000610.0, 14673301.0, 40905277.0, 13235267.0, 30105968.0, 4476235.0, 24800000.0, 25052000.0, 46495.0, 12583510.0, 78030.0, 14015786.0, 82506325.0, 131617.0, 187165546.0, 36696761.0, 52792307.0, 18381787.0, 89296573.0, 134821952.0, 4234040.0, 78009155.0, 18656400.0, 191450875.0, 57981889.0, 13569248.0, 1779284.0, 73103784.0, 2197331.0, 28424210.0, 74484168.0, 4535117.0, 5409517.0, 1172769.0, 5383834.0, 35707327.0, 8880705.0, 102515793.0, 5974653.0, 119654900.0, 184208848.0, 64267897.0, 33643461.0, 18112929.0, 59699513.0, 15294553.0, 72413.0, 1752214.0, 42640890.0, 117144465.0, 25440971.0, 48291624.0, 26442251.0, 106952327.0, 85911262.0, 9013113.0, 6144806.0, 132122995.0, 97360069.0, 310675583.0, 2474000.0, 5354039.0, 30199105.0, 2775593.0, 173005002.0, 44134898.0, 39251128.0, 76806312.0, 144512310.0, 2338695.0, 11860839.0, 55153403.0, 25047631.0, 31874869.0, 249358727.0, 12055.0, 27663982.0, 1304837.0, 109176215.0, 39235088.0, 53955614.0, 3000000.0, 13269963.0, 228430993.0, 36000000.0, 28644770.0, 13622333.0, 51600000.0, 4741987.0, 2047570.0, 92969824.0, 29233.0, 100768056.0, 110416702.0, 107458785.0, 22843047.0, 64933670.0, 37901509.0, 181395380.0, 67155742.0, 4651977.0, 4280577.0, 1165104.0, 19059018.0, 80197993.0, 109712885.0, 26400000.0, 15071514.0, 34872293.0, 79817937.0, 106369117.0, 7564000.0, 14637490.0, 365734.0, 21383298.0, 1029017.0, 2319187.0, 7574066.0, 92115211.0, 7496522.0, 19421271.0, 14479776.0, 49122319.0, 101217900.0, 15156200.0, 42615685.0, 32645.0, 145540.0, 6420319.0, 28772222.0, 27779888.0, 33349949.0, 241688385.0, 45089048.0, 318298180.0, 56876365.0, 41543207.0, 141600000.0, 145109.0, 4806750.0, 86300000.0, 424760.0, 60033780.0, 958319.0, 58006147.0, 143653.0, 68558662.0, 10106233.0, 25359200.0, 8114507.0, 101111837.0, 64149837.0, 21994911.0, 19719930.0, 5459824.0, 49122319.0, 15709385.0, 91547205.0, 159578352.0, 29753944.0, 8134217.0, 1877179.0, 101785482.0, 25093607.0, 78745923.0, 100491683.0, 109993847.0, 753501.0, 5000000.0, 33200000.0, 26830000.0, 31768374.0, 7993039.0, 11560259.0, 75078.0, 31585300.0, 1697956.0, 22913677.0, 35400000.0, 273420.0, 90454043.0, 112521.0, 7691700.0, 71346930.0, 35990505.0, 162586036.0, 91030827.0, 131144183.0, 11278.0, 53680848.0, 37432299.0, 42057340.0, 333130696.0, 4771000.0, 102981571.0, 20550712.0, 329691196.0, 40203020.0, 100853835.0, 466702.0, 64148.0, 61400000.0, 42335698.0, 32616869.0, 17803796.0, 8579684.0, 114324072.0, 65007045.0, 20262.0, 28876924.0, 14983572.0, 12899702.0, 32541719.0, 886410.0, 6643.0, 143618384.0, 290158751.0, 123307945.0, 304137.0, 16123851.0, 1500000.0, 37606.0, 54724272.0, 58220776.0, 3287435.0, 10353690.0, 46729374.0, 120147445.0, 882290.0, 40990055.0, 59379.0, 24792061.0, 65452312.0, 3034181.0, 1754319.0, 22433915.0, 26896744.0, 47536959.0, 28501605.0, 1569918.0, 2035566.0, 13801755.0, 51317350.0, 52353636.0, 14291570.0, 81557479.0, 25339117.0, 4193025.0, 262030663.0, 72455275.0, 91439400.0, 6940281.0, 7262288.0, 111936400.0, 211667.0, 34793160.0, 13960203.0, 10018.0, 47806295.0, 52691009.0, 11702090.0, 43929341.0, 30093107.0, 33860010.0, 234903076.0, 25077977.0, 76270454.0, 78900000.0, 5694401.0, 113733726.0, 841206.0, 116593191.0, 26616590.0, 36581633.0, 1943649.0, 3904982.0, 82226474.0, 69582.0, 8888143.0, 9701559.0, 3148482.0, 334185206.0, 60984028.0, 227965690.0, 128300000.0, 11501093.0, 258113.0, 356784000.0, 45356386.0, 4033268.0, 15549702.0, 16101109.0, 27052167.0, 36658108.0, 7458269.0, 79363785.0, 86930411.0, 38916903.0, 66808615.0, 37101011.0, 5308553.0, 10956379.0, 6167817.0, 26345.0, 9094451.0, 16699684.0, 51475962.0, 51097664.0, 56362352.0, 100468793.0, 396035.0, 1666262.0, 1425993.0, 22294341.0, 2848578.0, 70492685.0, 83400000.0, 100659.0, 31165421.0, 281492479.0, 8691.0, 13560960.0, 17016190.0, 25167270.0, 134141530.0, 141853.0, 1064277.0, 34098563.0, 1705139.0, 32131483.0, 8828771.0, 46012734.0, 1631839.0, 14174654.0, 10076136.0, 183662.0, 150315155.0, 336530303.0, 14095303.0, 12514138.0, 38048637.0, 21000000.0, 65623128.0, 70269171.0, 819852.0, 132088910.0, 13630226.0, 50752337.0, 76657000.0, 69800000.0, 28435406.0, 22434.0, 21520719.0, 623374.0, 1089365.0, 78845130.0, 7774730.0, 222487711.0, 55500000.0, 179883016.0, 4903000.0, 47811275.0, 124732962.0, 464655.0, 250863268.0, 18821279.0, 30691439.0, 12438.0, 15171475.0, 978908.0, 4734235.0, 167007184.0, 38372662.0, 121972.0, 6462576.0, 130468626.0, 150167630.0, 296665.0, 13337299.0, 23838.0, 217387997.0, 2185266.0, 447093.0, 40363530.0, 145771527.0, 39143839.0, 26870825.0, 447093.0, 1889522.0, 291709845.0, 52293982.0, 32983713.0, 182204440.0, 33037754.0, 12947763.0, 14989761.0, 162804648.0, 30226144.0, 12784397.0, 13746550.0, 403932.0, 43792641.0, 4443403.0, 115731542.0, 10911750.0, 34667015.0, 73820094.0, 169719.0, 418268.0, 27053815.0, 5654777.0, 2812029.0, 55994557.0, 37567440.0, 72755517.0, 1573712.0, 45506619.0, 5871603.0, 52287414.0, 49551662.0, 340478898.0, 32048809.0, 436471036.0, 20339754.0, 162831698.0, 658672302.0, 706622.0, 1027749.0, 5669081.0, 24475416.0, 1055654.0, 28871190.0, 82389560.0, 4360548.0, 9180275.0, 334185206.0, 178406268.0, 70450000.0, 54215416.0, 93771072.0, 5532301.0, 9059588.0, 6754898.0, 67823573.0, 6755271.0, 6000000.0, 48814909.0, 105500000.0, 84961.0, 126149655.0, 399879.0, 32522352.0, 234360014.0, 17378977.0, 26005908.0, 7282851.0, 32230907.0, 18208078.0, 57469179.0, 13829734.0, 35887263.0, 101228.0, 39800000.0, 5484375.0, 6165429.0, 511920.0, 100292856.0, 223806889.0, 51533608.0, 24407944.0, 98780042.0, 28734552.0, 75280058.0, 44700000.0, 28328132.0, 3193102.0, 37877959.0, 71277420.0, 132373442.0, 334658.0, 27515786.0, 172071312.0, 42071069.0, 120618403.0, 4563029.0, 25000000.0, 126203320.0, 121463226.0, 30093107.0, 3000000.0, 1040879.0, 6670712.0, 178739.0, 123922370.0, 226138454.0, 10214647.0, 93307796.0, 1950218.0, 20218.0, 25407250.0, 89706988.0, 464126.0, 66950483.0, 154985087.0, 90485233.0, 1330827.0, 48237389.0, 536767.0, 7000000.0, 21300000.0, 1082044.0, 48092846.0, 532190.0, 17104669.0, 4829497.0, 21413105.0, 57366262.0, 245823397.0, 2428883.0, 18860403.0, 101087161.0, 2276368.0, 2601847.0, 6262942.0, 13592872.0, 46363118.0, 8326035.0, 5731103.0, 617172.0, 4398392.0, 66489425.0, 7563670.0, 3000000.0, 113330342.0, 70360285.0, 181360000.0, 375474.0, 8586376.0, 10561238.0, 35054909.0, 84518155.0, 101055.0, 127706877.0, 38168022.0, 47277326.0, 185577.0, 70224196.0, 101702060.0, 2832826.0, 54239856.0, 2060953.0, 177343675.0, 72601713.0, 12561.0, 16252765.0, 181015141.0, 5005.0, 54910560.0, 96917897.0, 25000000.0, 172825435.0, 183405771.0, 2331318.0, 11434867.0, 82163317.0, 24343673.0, 24397469.0, 94999143.0, 18378.0, 7994115.0, 6712241.0, 13383737.0, 56667870.0, 16247775.0, 41252428.0, 33386128.0, 80574010.0, 9664316.0, 172620724.0, 236266.0, 542860.0, 35183792.0, 34964818.0, 510092.0, 63411478.0, 76501438.0, 1221261.0, 1689999.0, 18653615.0, 49024969.0, 62318875.0, 40066497.0, 560512.0, 10300000.0, 285761243.0, 2199853.0, 81645152.0, 7268659.0, 488872.0, 106694016.0, 22751979.0, 198407.0, 167780960.0, 3335839.0, 27012.0, 80920948.0, 14018364.0, 3203044.0, 4411102.0, 58401464.0, 60154431.0, 66637.0, 439162.0, 16929123.0, 50802661.0, 71148699.0, 98711404.0, 15593.0, 43490057.0, 864959.0, 9714482.0, 52543632.0, 33472850.0, 47952020.0, 4914.0, 25482931.0, 7204138.0, 83024900.0, 90567722.0, 29302097.0, 316842.0, 6387.0, 90755643.0, 4693919.0, 2708188.0, 6525762.0, 180483.0, 36200000.0, 444044.0, 21176322.0, 101530738.0, 2221994.0, 82569532.0, 1550000.0, 37617947.0, 3525161.0, 502028.0, 80270227.0, 4306697.0, 379122.0, 163591.0, 17613460.0, 342936.0, 124051759.0, 4692814.0, 25799043.0, 25178165.0, 37442180.0, 56729973.0, 77086030.0, 18621249.0, 63910583.0, 50129186.0, 304124.0, 721.0, 7009668.0, 43060566.0, 428535.0, 39292022.0, 17120019.0, 60874615.0, 7434726.0, 108638745.0, 36976367.0, 160201106.0, 59365105.0, 25600000.0, 33201661.0, 7070459.0, 14375181.0, 32662299.0, 121468960.0, 52277485.0, 39440655.0, 8579684.0, 22406362.0, 5694308.0, 13838130.0, 57651794.0, 146405371.0, 100675.0, 12870569.0, 15062898.0, 14378353.0, 22770864.0, 10941801.0, 36665854.0, 35231365.0, 41573740.0, 62480.0, 106807667.0, 16005978.0, 19389454.0, 3029081.0, 23106.0, 33404871.0, 11284657.0, 82931301.0, 14942422.0, 20819129.0, 74608545.0, 9016377.0, 45661.0, 52937130.0, 172051787.0, 20257000.0, 458991599.0, 67344392.0, 17071230.0, 274385.0, 148337537.0, 22326247.0, 137387272.0, 2024854.0, 25121291.0, 169076745.0, 3753806.0, 100289690.0, 51431160.0, 30659817.0, 19976073.0, 90443603.0, 149234747.0, 81150692.0, 14612840.0, 5300000.0, 4720371.0, 30669413.0, 17411331.0, 183436380.0, 876671.0, 63826569.0, 8060.0, 3749061.0, 119841.0, 101334374.0, 140015224.0, 24268828.0, 57010853.0, 19406406.0, 4814244.0, 65269010.0, 41227069.0, 27736779.0, 727883.0, 1339152.0, 83287363.0, 16930185.0, 53574088.0, 20772796.0, 4584886.0, 47592825.0, 55808744.0, 52528330.0, 81525.0, 309404152.0, 183635922.0, 171383253.0, 38122105.0, 17655201.0, 145118.0, 9176553.0, 103028109.0, 75530832.0, 155111815.0, 5205343.0, 138795342.0, 9170214.0, 12200000.0, 50668906.0, 116724075.0, 170684505.0, 6002756.0, 64001297.0, 31838002.0, 29580087.0, 119938730.0, 60072596.0, 16264475.0, 1712111.0, 117541000.0, 54606.0, 2344847.0, 60443237.0, 32055248.0, 169379.0, 32741596.0, 38230435.0, 48430355.0, 127968405.0, 258355354.0, 4717455.0, 39462438.0, 20803237.0, 58163.0, 9609.0, 86897182.0, 2201412.0, 9030581.0, 17951431.0, 191449475.0, 20773070.0, 259746958.0, 167735396.0, 20950820.0, 38087756.0, 10499968.0, 80170146.0, 3752725.0, 220914.0, 66468315.0, 90820.0, 1282084.0, 12212417.0, 2203641.0, 23089926.0, 108200000.0, 6173485.0, 42660000.0, 51045801.0, 90341670.0, 25464480.0, 33631221.0, 56536016.0, 7098492.0, 22359293.0, 12006514.0, 189412677.0, 11956207.0, 18488314.0, 28927720.0, 70117571.0, 42385520.0, 117190.0, 174682.0, 79566871.0, 179982968.0, 872643.0, 39025000.0, 22494487.0, 30688364.0, 12081447.0, 448130642.0, 23618786.0, 53868030.0, 45645204.0, 57011847.0, 73000942.0, 176781728.0, 19819494.0, 47456450.0, 37295394.0, 55747724.0, 67962333.0, 108244774.0, 32368960.0, 15278.0, 12570442.0, 3827466.0, 3278611.0, 31179516.0, 79363785.0, 34126138.0, 36279230.0, 1068392.0, 46563158.0, 3041803.0, 148775460.0, 17791031.0, 21371425.0, 52885587.0, 7557877.0, 119078393.0, 16991902.0, 20733485.0, 89138076.0, 193136719.0, 32519322.0, 13248477.0, 115603980.0, 763044.0, 128486.0, 16033556.0, 110175871.0, 3447339.0, 199228.0, 57262492.0, 16964743.0, 48637684.0, 90800000.0, 28747570.0, 125305545.0, 110000082.0, 20275446.0, 38747385.0, 7918283.0, 76400000.0, 75638743.0, 17593391.0, 181166115.0, 6531491.0, 1508689.0, 41797066.0, 12831121.0, 147637474.0, 3478.0, 22362500.0, 39380442.0, 22551000.0, 37470017.0, 51432423.0, 77231.0, 40158000.0, 7059537.0, 306715.0, 43097652.0, 47536959.0, 16204793.0, 2408553.0, 2506446.0, 669276.0, 11905519.0, 50003300.0, 161029270.0, 34700000.0, 150368971.0, 1050600.0, 57504069.0, 25472967.0, 203134.0, 16647384.0, 80034302.0, 1046166.0, 112000000.0, 64172251.0, 5132655.0, 38509342.0, 71519230.0, 179020854.0, 14597405.0, 66002004.0, 19351569.0, 35324232.0, 22450975.0, 28501651.0, 2961991.0, 12801190.0, 30651422.0, 4356743.0, 215185.0, 5204007.0, 7022940.0, 120776832.0, 902835.0, 10017041.0, 1127331.0, 1430185.0, 17100000.0, 127144.0, 233630478.0, 134455175.0, 44726644.0, 139225854.0, 1829142.0, 103001286.0, 12555230.0, 12626905.0, 16501785.0, 7707563.0, 6982680.0, 260000000.0, 6471394.0, 48423368.0, 382946.0, 13391174.0, 22466994.0, 8596914.0, 16574731.0, 50026353.0, 13753931.0, 182805123.0, 95328937.0, 39825798.0, 56684819.0, 4417124.0, 30222640.0, 2859955.0, 31598308.0, 94900000.0, 66790248.0, 40168080.0, 22905674.0, 66257002.0, 54734.0, 15797907.0, 101228120.0, 56114221.0, 172051787.0, 1865774.0, 302204.0, 55291815.0, 37672350.0, 20991497.0, 11227940.0, 15126948.0, 10214013.0, 15483540.0, 139259759.0, 289994397.0, 10134754.0, 31141074.0, 2712293.0, 38105077.0, 90800000.0, 21379315.0, 19097994.0, 1654367.0, 138339411.0, 20259297.0, 24784.0, 2300000.0, 15785632.0, 22531698.0, 30857814.0, 21501098.0, 333976.0, 611709.0, 39532308.0, 36381716.0, 69586544.0, 59992760.0, 59068786.0, 71347010.0, 33328051.0, 21200000.0, 53215979.0, 62401264.0, 31968347.0, 93952276.0, 337103873.0, 19693891.0, 760505847.0, 60923325.0, 5032496.0, 28837115.0, 25675765.0, 323505540.0, 14108518.0, 55350897.0, 130313314.0, 19100000.0, 33927476.0, 2086345.0, 27356090.0, 12065985.0, 31199215.0, 108360000.0, 423032628.0, 10654581.0, 821997.0, 1024175.0, 4291965.0, 31655091.0, 126546825.0, 326308.0, 131564731.0, 162792677.0, 47124400.0, 180011740.0, 79568000.0, 36500000.0, 2508841.0, 381186.0, 4235837.0, 7443007.0, 47474112.0, 13008928.0, 10400000.0, 11030963.0, 163479795.0, 38120554.0, 2207975.0, 28831145.0, 166225040.0, 4919896.0, 21088568.0, 1954202.0, 65069140.0, 137748063.0, 94497271.0, 75305995.0, 41407470.0, 119793567.0, 56114221.0, 44867349.0, 2040920.0, 76081498.0, 3049135.0, 17427926.0, 111722000.0, 104383624.0, 7002255.0, 27829874.0, 533316061.0, 8129455.0, 25592632.0, 793352.0, 10696210.0, 703.0, 11797927.0, 106635996.0, 10460089.0, 34964818.0, 55637680.0, 728.0, 54132596.0, 3050934.0, 61656849.0, 41300105.0, 23014504.0, 116866727.0, 45489752.0, 5561.0, 8279017.0, 105444419.0, 36830.0, 484221.0, 31600000.0, 15279680.0, 3222857.0, 40557.0, 29113588.0, 206360018.0]

buck_pred: [2, 1, 5, 1, 8, 7, 5, 1, 6, 1, 6, 3, 1, 4, 5, 1, 3, 8, 1, 0, 4, 3, 0, 1, 0, 0, 2, 0, 0, 8, 0, 2, 1, 5, 1, 5, 5, 4, 7, 8, 1, 2, 2, 1, 3, 8, 5, 1, 5, 6, 6, 4, 2, 5, 4, 8, 2, 2, 8, 5, 2, 0, 3, 3, 6, 1, 1, 4, 1, 1, 2, 2, 1, 0, 6, 1, 1, 2, 3, 7, 1, 5, 2, 2, 4, 5, 1, 0, 5, 0, 5, 6, 8, 4, 1, 3, 0, 4, 0, 7, 8, 0, 5, 6, 1, 1, 6, 0, 3, 5, 8, 7, 0, 8, 2, 1, 1, 4, 1, 0, 0, 5, 3, 4, 3, 3, 5, 4, 1, 4, 2, 4, 2, 4, 6, 7, 6, 5, 0, 0, 0, 7, 3, 8, 1, 0, 0, 2, 6, 3, 5, 8, 2, 2, 7, 1, 8, 4, 4, 5, 7, 8, 1, 8, 2, 0, 3, 7, 1, 1, 4, 2, 8, 8, 4, 3, 4, 5, 0, 6, 1, 8, 6, 3, 2, 8, 8, 4, 7, 2, 2, 0, 1, 2, 1, 2, 6, 1, 0, 3, 0, 3, 5, 4, 8, 7, 0, 7, 0, 1, 0, 1, 8, 1, 0, 1, 5, 7, 1, 1, 1, 8, 0, 0, 1, 4, 8, 8, 8, 8, 5, 6, 5, 0, 0, 3, 4, 6, 5, 4, 0, 4, 3, 3, 8, 0, 8, 2, 7, 8, 0, 7, 3, 8, 7, 2, 1, 8, 2, 2, 7, 5, 4, 1, 5, 8, 8, 8, 2, 7, 7, 3, 5, 3, 1, 8, 0, 2, 0, 8, 8, 1, 6, 8, 6, 1, 1, 8, 5, 8, 6, 5, 2, 4, 8, 1, 6, 7, 8, 2, 0, 0, 1, 5, 8, 0, 3, 4, 6, 7, 3, 5, 2, 8, 1, 4, 3, 6, 2, 1, 5, 0, 6, 8, 1, 6, 6, 6, 8, 1, 6, 1, 0, 5, 4, 5, 2, 4, 4, 4, 8, 4, 3, 3, 5, 1, 3, 1, 6, 2, 0, 2, 4, 6, 2, 7, 5, 1, 1, 6, 7, 2, 7, 4, 8, 5, 6, 3, 0, 1, 7, 2, 2, 1, 1, 0, 6, 3, 8, 1, 7, 7, 5, 6, 2, 4, 1, 1, 7, 2, 1, 8, 8, 5, 5, 2, 4, 2, 6, 2, 7, 4, 7, 3, 0, 0, 1, 3, 1, 4, 5, 0, 1, 1, 3, 8, 6, 8, 0, 5, 6, 6, 8, 1, 8, 6, 8, 2, 8, 1, 0, 1, 8, 5, 1, 1, 7, 8, 0, 0, 3, 2, 4, 2, 0, 7, 8, 5, 1, 2, 6, 1, 7, 5, 1, 0, 5, 6, 0, 0, 1, 5, 5, 2, 1, 4, 3, 1, 4, 1, 2, 1, 6, 8, 4, 5, 1, 1, 8, 7, 8, 8, 3, 4, 2, 1, 0, 0, 4, 0, 1, 8, 7, 3, 8, 3, 7, 8, 7, 5, 0, 8, 8, 2, 1, 7, 4, 0, 1, 7, 1, 8, 8, 8, 7, 8, 1, 8, 6, 1, 2, 1, 2, 2, 1, 6, 1, 0, 4, 1, 0, 3, 6, 4, 4, 1, 6, 4, 7, 8, 1, 1, 3, 3, 0, 1, 7, 3, 7, 8, 0, 7, 3, 2, 1, 0, 0, 5, 1, 3, 4, 1, 3, 3, 2, 1, 6, 8, 3, 0, 4, 6, 2, 7, 1, 8, 5, 4, 8, 2, 1, 8, 0, 2, 4, 4, 3, 8, 3, 8, 3, 3, 8, 0, 8, 5, 3, 1, 4, 2, 2, 8, 8, 2, 0, 8, 8, 1, 1, 1, 8, 2, 0, 2, 8, 3, 3, 0, 0, 8, 2, 2, 8, 3, 4, 7, 8, 5, 1, 4, 3, 3, 2, 7, 4, 6, 8, 4, 3, 3, 0, 7, 5, 7, 1, 1, 2, 0, 8, 8, 8, 3, 8, 0, 7, 8, 0, 0, 1, 2, 1, 7, 5, 0, 1, 8, 7, 6, 1, 7, 2, 1, 4, 6, 2, 1, 5, 4, 0, 7, 0, 8, 8, 0, 6, 4, 0, 6, 1, 3, 8, 2, 2, 1, 1, 0, 5, 8, 8, 4, 8, 2, 5, 8, 6, 1, 1, 7, 8, 1, 4, 8, 1, 7, 7, 7, 7, 5, 7, 3, 1, 1, 0, 7, 7, 3, 5, 2, 2, 6, 8, 1, 4, 8, 0, 1, 3, 2, 3, 4, 8, 1, 0, 5, 5, 6, 8, 8, 1, 3, 7, 0, 1, 1, 2, 3, 0, 6, 1, 2, 5, 3, 1, 8, 4, 7, 0, 2, 3, 8, 4, 3, 8, 1, 0, 0, 6, 6, 6, 6, 3, 8, 4, 2, 5, 8, 0, 5, 7, 1, 7, 8, 3, 4, 0, 6, 3, 8, 3, 8, 8, 3, 8, 3, 6, 4, 6, 4, 7, 3, 0, 6, 8, 2, 2, 3, 1, 1, 2, 5, 8, 2, 0, 6, 7, 1, 7, 3, 1, 5, 8, 1, 3, 4, 0, 2, 3, 3, 4, 5, 7, 3, 8, 2, 1, 1, 7, 0, 0, 1, 1, 0, 4, 4, 0, 0, 4, 8, 7, 2, 4, 0, 8, 2, 0, 5, 4, 4, 0, 3, 8, 3, 4, 3, 1, 0, 1, 6, 1, 1, 0, 3, 4, 8, 0, 3, 5, 5, 1, 6, 2, 7, 1, 0, 0, 0, 7, 0, 8, 5, 6, 3, 8, 6, 8, 8, 6, 8, 0, 6, 1, 8, 1, 6, 1, 6, 0, 3, 2, 8, 0, 6, 2, 1, 1, 3, 4, 5, 8, 0, 7, 3, 5, 1, 1, 7, 8, 4, 4, 3, 7, 0, 0, 5, 8, 3, 8, 7, 2, 0, 8, 6, 8, 0, 7, 8, 2, 7, 1, 4, 1, 7, 8, 2, 0, 7, 2, 7, 3, 7, 1, 3, 2, 4, 2, 7, 0, 3, 8, 0, 2, 3, 7, 4, 8, 4, 6, 2, 8, 3, 6, 6, 4, 0, 1, 8, 8, 8, 7, 0, 0, 3, 7, 7, 8, 0, 8, 7, 4, 2, 7, 7, 5, 4, 2, 5, 7, 3, 6, 3, 8, 0, 1, 3, 4, 0, 5, 2, 4, 8, 8, 3, 1, 7, 0, 0, 5, 1, 7, 1, 4, 2, 8, 8, 5, 3, 4, 8, 1, 5, 7, 0, 1, 1, 1, 5, 6, 1, 3, 6, 7, 4, 4, 1, 7, 0, 7, 8, 3, 3, 3, 6, 2, 1, 0, 3, 8, 0, 2, 7, 4, 0, 8, 2, 7, 1, 0, 3, 7, 5, 7, 0, 5, 1, 2, 3, 1, 1, 0, 0, 3, 6, 3, 4, 3, 8, 1, 8, 7, 4, 2, 6, 0, 5, 2, 7, 8, 2, 2, 7, 2, 1, 4, 6, 1, 1, 3, 3, 0, 7, 5, 8, 7, 5, 1, 1, 3, 8, 6, 8, 5, 1, 3, 1, 8, 1, 6, 7, 1, 4, 3, 0, 2, 2, 2, 4, 1, 3, 0, 3, 1, 1, 6, 6, 2, 7, 1, 2, 4, 0, 3, 0, 0, 8, 2, 3, 6, 5, 8, 5, 4, 1, 6, 8, 4, 1, 3, 7, 2, 0, 2, 1, 8, 0, 0, 1, 1, 3, 0, 8, 5, 1, 6, 2, 8, 4, 4, 8, 0, 2, 8, 4, 2, 5, 0, 4, 1, 3, 3, 5, 7, 6, 8, 7, 1, 3, 0, 5, 4, 4, 3, 7, 8, 0, 2, 6, 8, 8, 1, 1, 4, 2, 4, 2, 4, 3, 4, 8, 8, 0, 8, 0, 4, 7, 4, 1, 1, 8, 3, 0, 1, 2, 4, 8, 5, 2, 0, 7, 8, 2, 8, 4, 5, 6, 3, 7, 6, 2, 5, 8, 2, 8, 7, 2, 7, 4, 6, 1, 6, 7, 4, 2, 1, 4, 5, 4, 7, 8, 3, 0, 1, 1, 2, 8, 3, 8, 8, 2, 7, 6, 2, 1, 0, 3, 1, 5, 3, 6, 4, 7, 1, 1, 1, 7, 2, 1, 2, 3, 0, 3, 7, 3, 4, 8, 2, 1, 6, 3, 4, 2, 8, 2, 8, 8, 5, 8, 0, 3, 0, 4, 8, 1, 8, 8, 0, 2, 1, 8, 1, 7, 8, 3, 0, 4, 4, 1, 1, 6, 3, 1, 0, 5, 8]

bins: [162.0, 458466.1111111107, 3995388.8888888853, 10710979.666666666, 19292430.11111111, 31599457.0, 45478678.99999999, 67934243.33333325, 115627454.99999999, 652177271.0]

Most important rules
-----------------------------

---0---
rule9: -161.476 < num_voted_users < 96467.470
probabilities_array:[0.2043944  0.17514789 0.14511079 0.16064033 0.12826814 0.06828112
 0.06964874 0.0009784  0.         0.04753035]

rule7: title_year > 2010.095
probabilities_array:[0.30088833 0.00214056 0.         0.         0.00060643 0.06295034
 0.04526027 0.02742642 0.20475426 0.35597342]

rule12: num_critic_for_reviews < 78.123
probabilities_array:[0.2930743  0.17122637 0.1452174  0.         0.         0.
 0.         0.         0.         0.3904819 ]

rule6: 2003.220 < title_year < 2010.095
probabilities_array:[0.25415885 0.07673401 0.13500021 0.07110362 0.         0.
 0.00042721 0.         0.1247662  0.3378098 ]

rule36: cast_total_facebook_likes < 23.594
probabilities_array:[0.3337095  0.12089193 0.         0.00123661 0.         0.
 0.         0.         0.         0.54416203]

rule22: 709.177 < director_facebook_likes < 2638.134
probabilities_array:[0.16216327 0.         0.19685374 0.23142254 0.04433252 0.
 0.10898088 0.0170516  0.14571977 0.09347569]

rule33: -476.422 < actor_3_facebook_likes < 696.842
probabilities_array:[0.1848371  0.15526088 0.13380547 0.         0.         0.08561379
 0.04040604 0.05020809 0.0660159  0.28385276]

rule44: duration < 94.256
probabilities_array:[0.24116614 0.02010414 0.         0.05306517 0.         0.
 0.         0.         0.21729113 0.46837345]

rule16: num_user_for_reviews < 46.047
probabilities_array:[0.2980645  0.13178429 0.         0.         0.         0.
 0.         0.         0.         0.5701512 ]

rule3: imdb_score > 7.211
probabilities_array:[0.19912794 0.17071953 0.09002591 0.         0.00042268 0.
 0.         0.         0.16342199 0.37628195]

rule2: 6.478 < imdb_score < 7.211
probabilities_array:[0.16014795 0.21962632 0.         0.         0.         0.04532073
 0.07663964 0.1042     0.15830603 0.23575933]

rule41: -5286.029 < movie_facebook_likes < 8830.073
probabilities_array:[2.6462954e-01 5.9823815e-02 0.0000000e+00 0.0000000e+00 4.3462034e-02
 0.0000000e+00 0.0000000e+00 4.2563770e-04 2.4573652e-02 6.0708517e-01]

rule49: -21945181.225 < budget < 41723995.008
probabilities_array:[0.0906086  0.13702616 0.16650814 0.16455744 0.16166009 0.12410366
 0.0711231  0.06154275 0.00109687 0.0217733 ]

rule29: -1187.860 < actor_2_facebook_likes < 1863.111
probabilities_array:[0.1797843  0.03305112 0.         0.         0.         0.
 0.         0.         0.16122034 0.62594426]

rule21: -1219.780 < director_facebook_likes < 709.177
probabilities_array:[0.11858712 0.06727495 0.         0.         0.         0.
 0.05596659 0.01981708 0.28124595 0.45710838]

rule1: 5.745 < imdb_score < 6.478
probabilities_array:[0.06772977 0.         0.01558819 0.05926318 0.15964428 0.12637071
 0.14599016 0.13770702 0.15083188 0.13687487]

rule25: -670.832 < actor_1_facebook_likes < 7094.989
probabilities_array:[0.12629256 0.06582329 0.         0.         0.00115498 0.
 0.0594818  0.07676345 0.11200553 0.55847836]


---1---
rule2: 6.478 < imdb_score < 7.211
probabilities_array:[0.16014795 0.21962632 0.         0.         0.         0.04532073
 0.07663964 0.1042     0.15830603 0.23575933]

rule9: -161.476 < num_voted_users < 96467.470
probabilities_array:[0.2043944  0.17514789 0.14511079 0.16064033 0.12826814 0.06828112
 0.06964874 0.0009784  0.         0.04753035]

rule49: -21945181.225 < budget < 41723995.008
probabilities_array:[0.0906086  0.13702616 0.16650814 0.16455744 0.16166009 0.12410366
 0.0711231  0.06154275 0.00109687 0.0217733 ]

rule17: 46.047 < num_user_for_reviews < 313.980
probabilities_array:[0.         0.13104787 0.16609967 0.13853495 0.13308895 0.13350841
 0.08817957 0.12059885 0.04183463 0.04710706]

rule33: -476.422 < actor_3_facebook_likes < 696.842
probabilities_array:[0.1848371  0.15526088 0.13380547 0.         0.         0.08561379
 0.04040604 0.05020809 0.0660159  0.28385276]

rule3: imdb_score > 7.211
probabilities_array:[0.19912794 0.17071953 0.09002591 0.         0.00042268 0.
 0.         0.         0.16342199 0.37628195]

rule12: num_critic_for_reviews < 78.123
probabilities_array:[0.2930743  0.17122637 0.1452174  0.         0.         0.
 0.         0.         0.         0.3904819 ]

rule45: 94.256 < duration < 109.510
probabilities_array:[0.06725202 0.14330035 0.01631644 0.20275588 0.         0.
 0.         0.04496303 0.03288347 0.4925288 ]

rule16: num_user_for_reviews < 46.047
probabilities_array:[0.2980645  0.13178429 0.         0.         0.         0.
 0.         0.         0.         0.5701512 ]

rule36: cast_total_facebook_likes < 23.594
probabilities_array:[0.3337095  0.12089193 0.         0.00123661 0.         0.
 0.         0.         0.         0.54416203]

rule42: 8830.073 < movie_facebook_likes < 22946.174
probabilities_array:[0.         0.05767364 0.17066987 0.02378329 0.12112216 0.16058749
 0.16036879 0.10308141 0.1377126  0.06500073]

rule6: 2003.220 < title_year < 2010.095
probabilities_array:[0.25415885 0.07673401 0.13500021 0.07110362 0.         0.
 0.00042721 0.         0.1247662  0.3378098 ]


---2---
rule22: 709.177 < director_facebook_likes < 2638.134
probabilities_array:[0.16216327 0.         0.19685374 0.23142254 0.04433252 0.
 0.10898088 0.0170516  0.14571977 0.09347569]

rule49: -21945181.225 < budget < 41723995.008
probabilities_array:[0.0906086  0.13702616 0.16650814 0.16455744 0.16166009 0.12410366
 0.0711231  0.06154275 0.00109687 0.0217733 ]

rule42: 8830.073 < movie_facebook_likes < 22946.174
probabilities_array:[0.         0.05767364 0.17066987 0.02378329 0.12112216 0.16058749
 0.16036879 0.10308141 0.1377126  0.06500073]

rule17: 46.047 < num_user_for_reviews < 313.980
probabilities_array:[0.         0.13104787 0.16609967 0.13853495 0.13308895 0.13350841
 0.08817957 0.12059885 0.04183463 0.04710706]

rule5: 1996.346 < title_year < 2003.220
probabilities_array:[0.00163925 0.02595408 0.20691492 0.08956157 0.01374393 0.05730904
 0.02652133 0.12145073 0.13161312 0.32529205]

rule9: -161.476 < num_voted_users < 96467.470
probabilities_array:[0.2043944  0.17514789 0.14511079 0.16064033 0.12826814 0.06828112
 0.06964874 0.0009784  0.         0.04753035]

rule18: 313.980 < num_user_for_reviews < 581.913
probabilities_array:[0.         0.0057075  0.10978439 0.16000439 0.1813637  0.15720387
 0.12706143 0.13297127 0.12262181 0.00328159]

rule23: director_facebook_likes > 2638.134
probabilities_array:[0.         0.         0.15263313 0.         0.         0.15961294
 0.02036902 0.23210765 0.14237362 0.29290366]

rule26: 7094.989 < actor_1_facebook_likes < 14860.809
probabilities_array:[5.88737661e-03 1.94718581e-04 1.59984246e-01 1.34218857e-01
 0.00000000e+00 0.00000000e+00 1.72946230e-02 1.16052836e-01
 1.77274212e-01 3.89093071e-01]

rule33: -476.422 < actor_3_facebook_likes < 696.842
probabilities_array:[0.1848371  0.15526088 0.13380547 0.         0.         0.08561379
 0.04040604 0.05020809 0.0660159  0.28385276]

rule14: 160.610 < num_critic_for_reviews < 243.098
probabilities_array:[0.         0.0301625  0.10082319 0.12581162 0.17790136 0.09067748
 0.10741165 0.15067635 0.1626139  0.05392197]

rule6: 2003.220 < title_year < 2010.095
probabilities_array:[0.25415885 0.07673401 0.13500021 0.07110362 0.         0.
 0.00042721 0.         0.1247662  0.3378098 ]

rule12: num_critic_for_reviews < 78.123
probabilities_array:[0.2930743  0.17122637 0.1452174  0.         0.         0.
 0.         0.         0.         0.3904819 ]

rule30: 1863.111 < actor_2_facebook_likes < 4914.082
probabilities_array:[0.         0.01192636 0.0817396  0.10741094 0.         0.10612332
 0.2028825  0.18966866 0.15697996 0.14326857]

rule0: imdb_score < 5.745
probabilities_array:[0.         0.         0.07382417 0.18134251 0.19491188 0.17620979
 0.118512   0.18562183 0.01258115 0.05699658]

rule4: title_year < 1996.346
probabilities_array:[0.         0.02765288 0.05705284 0.08671226 0.09296513 0.07849893
 0.17657362 0.19973883 0.27012745 0.01067804]

rule3: imdb_score > 7.211
probabilities_array:[0.19912794 0.17071953 0.09002591 0.         0.00042268 0.
 0.         0.         0.16342199 0.37628195]


---3---
rule22: 709.177 < director_facebook_likes < 2638.134
probabilities_array:[0.16216327 0.         0.19685374 0.23142254 0.04433252 0.
 0.10898088 0.0170516  0.14571977 0.09347569]

rule0: imdb_score < 5.745
probabilities_array:[0.         0.         0.07382417 0.18134251 0.19491188 0.17620979
 0.118512   0.18562183 0.01258115 0.05699658]

rule49: -21945181.225 < budget < 41723995.008
probabilities_array:[0.0906086  0.13702616 0.16650814 0.16455744 0.16166009 0.12410366
 0.0711231  0.06154275 0.00109687 0.0217733 ]

rule18: 313.980 < num_user_for_reviews < 581.913
probabilities_array:[0.         0.0057075  0.10978439 0.16000439 0.1813637  0.15720387
 0.12706143 0.13297127 0.12262181 0.00328159]

rule9: -161.476 < num_voted_users < 96467.470
probabilities_array:[0.2043944  0.17514789 0.14511079 0.16064033 0.12826814 0.06828112
 0.06964874 0.0009784  0.         0.04753035]

rule17: 46.047 < num_user_for_reviews < 313.980
probabilities_array:[0.         0.13104787 0.16609967 0.13853495 0.13308895 0.13350841
 0.08817957 0.12059885 0.04183463 0.04710706]

rule14: 160.610 < num_critic_for_reviews < 243.098
probabilities_array:[0.         0.0301625  0.10082319 0.12581162 0.17790136 0.09067748
 0.10741165 0.15067635 0.1626139  0.05392197]

rule45: 94.256 < duration < 109.510
probabilities_array:[0.06725202 0.14330035 0.01631644 0.20275588 0.         0.
 0.         0.04496303 0.03288347 0.4925288 ]

rule43: movie_facebook_likes > 22946.174
probabilities_array:[0.         0.         0.00038961 0.1306962  0.         0.01631423
 0.19644755 0.20631604 0.18007793 0.26975837]

rule34: 696.842 < actor_3_facebook_likes < 1870.107
probabilities_array:[1.7526576e-05 0.0000000e+00 0.0000000e+00 1.1863789e-01 0.0000000e+00
 1.1533098e-01 1.5717374e-01 2.0091300e-01 2.0031258e-01 2.0761424e-01]

rule30: 1863.111 < actor_2_facebook_likes < 4914.082
probabilities_array:[0.         0.01192636 0.0817396  0.10741094 0.         0.10612332
 0.2028825  0.18966866 0.15697996 0.14326857]

rule4: title_year < 1996.346
probabilities_array:[0.         0.02765288 0.05705284 0.08671226 0.09296513 0.07849893
 0.17657362 0.19973883 0.27012745 0.01067804]

rule26: 7094.989 < actor_1_facebook_likes < 14860.809
probabilities_array:[5.88737661e-03 1.94718581e-04 1.59984246e-01 1.34218857e-01
 0.00000000e+00 0.00000000e+00 1.72946230e-02 1.16052836e-01
 1.77274212e-01 3.89093071e-01]

rule5: 1996.346 < title_year < 2003.220
probabilities_array:[0.00163925 0.02595408 0.20691492 0.08956157 0.01374393 0.05730904
 0.02652133 0.12145073 0.13161312 0.32529205]

rule1: 5.745 < imdb_score < 6.478
probabilities_array:[0.06772977 0.         0.01558819 0.05926318 0.15964428 0.12637071
 0.14599016 0.13770702 0.15083188 0.13687487]

rule6: 2003.220 < title_year < 2010.095
probabilities_array:[0.25415885 0.07673401 0.13500021 0.07110362 0.         0.
 0.00042721 0.         0.1247662  0.3378098 ]

rule13: 78.123 < num_critic_for_reviews < 160.610
probabilities_array:[0.         0.01202767 0.01814404 0.06492525 0.11375193 0.14510053
 0.10123796 0.22833744 0.03082569 0.28564954]

rule15: num_critic_for_reviews > 243.098
probabilities_array:[0.         0.         0.         0.06925907 0.08707068 0.13814154
 0.08656111 0.10172059 0.18445782 0.33278918]


---4---
rule35: actor_3_facebook_likes > 1870.107
probabilities_array:[0.         0.         0.         0.         0.3264658  0.
 0.         0.05703581 0.23407207 0.38242632]

rule0: imdb_score < 5.745
probabilities_array:[0.         0.         0.07382417 0.18134251 0.19491188 0.17620979
 0.118512   0.18562183 0.01258115 0.05699658]

rule18: 313.980 < num_user_for_reviews < 581.913
probabilities_array:[0.         0.0057075  0.10978439 0.16000439 0.1813637  0.15720387
 0.12706143 0.13297127 0.12262181 0.00328159]

rule31: actor_2_facebook_likes > 4914.082
probabilities_array:[0.02020066 0.         0.         0.         0.25102362 0.
 0.08358795 0.19112527 0.15276234 0.30130023]

rule14: 160.610 < num_critic_for_reviews < 243.098
probabilities_array:[0.         0.0301625  0.10082319 0.12581162 0.17790136 0.09067748
 0.10741165 0.15067635 0.1626139  0.05392197]

rule49: -21945181.225 < budget < 41723995.008
probabilities_array:[0.0906086  0.13702616 0.16650814 0.16455744 0.16166009 0.12410366
 0.0711231  0.06154275 0.00109687 0.0217733 ]

rule50: 41723995.008 < budget < 105393171.241
probabilities_array:[0.         0.         0.         0.00125291 0.16872002 0.23182483
 0.2498061  0.1946539  0.06184072 0.09190153]

rule1: 5.745 < imdb_score < 6.478
probabilities_array:[0.06772977 0.         0.01558819 0.05926318 0.15964428 0.12637071
 0.14599016 0.13770702 0.15083188 0.13687487]

rule17: 46.047 < num_user_for_reviews < 313.980
probabilities_array:[0.         0.13104787 0.16609967 0.13853495 0.13308895 0.13350841
 0.08817957 0.12059885 0.04183463 0.04710706]

rule9: -161.476 < num_voted_users < 96467.470
probabilities_array:[0.2043944  0.17514789 0.14511079 0.16064033 0.12826814 0.06828112
 0.06964874 0.0009784  0.         0.04753035]

rule42: 8830.073 < movie_facebook_likes < 22946.174
probabilities_array:[0.         0.05767364 0.17066987 0.02378329 0.12112216 0.16058749
 0.16036879 0.10308141 0.1377126  0.06500073]

rule4: title_year < 1996.346
probabilities_array:[0.         0.02765288 0.05705284 0.08671226 0.09296513 0.07849893
 0.17657362 0.19973883 0.27012745 0.01067804]

rule13: 78.123 < num_critic_for_reviews < 160.610
probabilities_array:[0.         0.01202767 0.01814404 0.06492525 0.11375193 0.14510053
 0.10123796 0.22833744 0.03082569 0.28564954]

rule38: 10565.720 < cast_total_facebook_likes < 21107.847
probabilities_array:[0.01897372 0.         0.03236688 0.         0.11647768 0.12357081
 0.14002013 0.10270941 0.16005711 0.30582425]

rule15: num_critic_for_reviews > 243.098
probabilities_array:[0.         0.         0.         0.06925907 0.08707068 0.13814154
 0.08656111 0.10172059 0.18445782 0.33278918]

rule22: 709.177 < director_facebook_likes < 2638.134
probabilities_array:[0.16216327 0.         0.19685374 0.23142254 0.04433252 0.
 0.10898088 0.0170516  0.14571977 0.09347569]


---5---
rule50: 41723995.008 < budget < 105393171.241
probabilities_array:[0.         0.         0.         0.00125291 0.16872002 0.23182483
 0.2498061  0.1946539  0.06184072 0.09190153]

rule10: 96467.470 < num_voted_users < 193096.416
probabilities_array:[0.         0.         0.02804878 0.         0.00124252 0.23993936
 0.22720096 0.22722846 0.04203787 0.23430209]

rule0: imdb_score < 5.745
probabilities_array:[0.         0.         0.07382417 0.18134251 0.19491188 0.17620979
 0.118512   0.18562183 0.01258115 0.05699658]

rule18: 313.980 < num_user_for_reviews < 581.913
probabilities_array:[0.         0.0057075  0.10978439 0.16000439 0.1813637  0.15720387
 0.12706143 0.13297127 0.12262181 0.00328159]

rule42: 8830.073 < movie_facebook_likes < 22946.174
probabilities_array:[0.         0.05767364 0.17066987 0.02378329 0.12112216 0.16058749
 0.16036879 0.10308141 0.1377126  0.06500073]

rule17: 46.047 < num_user_for_reviews < 313.980
probabilities_array:[0.         0.13104787 0.16609967 0.13853495 0.13308895 0.13350841
 0.08817957 0.12059885 0.04183463 0.04710706]

rule49: -21945181.225 < budget < 41723995.008
probabilities_array:[0.0906086  0.13702616 0.16650814 0.16455744 0.16166009 0.12410366
 0.0711231  0.06154275 0.00109687 0.0217733 ]

rule23: director_facebook_likes > 2638.134
probabilities_array:[0.         0.         0.15263313 0.         0.         0.15961294
 0.02036902 0.23210765 0.14237362 0.29290366]

rule1: 5.745 < imdb_score < 6.478
probabilities_array:[0.06772977 0.         0.01558819 0.05926318 0.15964428 0.12637071
 0.14599016 0.13770702 0.15083188 0.13687487]

rule27: actor_1_facebook_likes > 14860.809
probabilities_array:[0.06479103 0.01455797 0.         0.         0.00803456 0.1958073
 0.09580233 0.0641894  0.09498177 0.46183565]

rule13: 78.123 < num_critic_for_reviews < 160.610
probabilities_array:[0.         0.01202767 0.01814404 0.06492525 0.11375193 0.14510053
 0.10123796 0.22833744 0.03082569 0.28564954]

rule15: num_critic_for_reviews > 243.098
probabilities_array:[0.         0.         0.         0.06925907 0.08707068 0.13814154
 0.08656111 0.10172059 0.18445782 0.33278918]

rule47: duration > 124.765
probabilities_array:[0.0000000e+00 2.7023847e-04 3.5577070e-02 0.0000000e+00 5.4265349e-03
 1.3251691e-01 2.0301414e-01 1.8431894e-01 1.2903348e-01 3.0984265e-01]

rule34: 696.842 < actor_3_facebook_likes < 1870.107
probabilities_array:[1.7526576e-05 0.0000000e+00 0.0000000e+00 1.1863789e-01 0.0000000e+00
 1.1533098e-01 1.5717374e-01 2.0091300e-01 2.0031258e-01 2.0761424e-01]

rule30: 1863.111 < actor_2_facebook_likes < 4914.082
probabilities_array:[0.         0.01192636 0.0817396  0.10741094 0.         0.10612332
 0.2028825  0.18966866 0.15697996 0.14326857]

rule14: 160.610 < num_critic_for_reviews < 243.098
probabilities_array:[0.         0.0301625  0.10082319 0.12581162 0.17790136 0.09067748
 0.10741165 0.15067635 0.1626139  0.05392197]

rule38: 10565.720 < cast_total_facebook_likes < 21107.847
probabilities_array:[0.01897372 0.         0.03236688 0.         0.11647768 0.12357081
 0.14002013 0.10270941 0.16005711 0.30582425]

rule4: title_year < 1996.346
probabilities_array:[0.         0.02765288 0.05705284 0.08671226 0.09296513 0.07849893
 0.17657362 0.19973883 0.27012745 0.01067804]

rule46: 109.510 < duration < 124.765
probabilities_array:[0.01269239 0.         0.         0.0572276  0.00416135 0.11758583
 0.1393202  0.20828544 0.03107354 0.42965367]

rule9: -161.476 < num_voted_users < 96467.470
probabilities_array:[0.2043944  0.17514789 0.14511079 0.16064033 0.12826814 0.06828112
 0.06964874 0.0009784  0.         0.04753035]

rule33: -476.422 < actor_3_facebook_likes < 696.842
probabilities_array:[0.1848371  0.15526088 0.13380547 0.         0.         0.08561379
 0.04040604 0.05020809 0.0660159  0.28385276]

rule39: cast_total_facebook_likes > 21107.847
probabilities_array:[0.05214133 0.02564915 0.03725105 0.         0.         0.10298247
 0.         0.06837226 0.16666728 0.5469364 ]

rule7: title_year > 2010.095
probabilities_array:[0.30088833 0.00214056 0.         0.         0.00060643 0.06295034
 0.04526027 0.02742642 0.20475426 0.35597342]


---6---
rule50: 41723995.008 < budget < 105393171.241
probabilities_array:[0.         0.         0.         0.00125291 0.16872002 0.23182483
 0.2498061  0.1946539  0.06184072 0.09190153]

rule4: title_year < 1996.346
probabilities_array:[0.         0.02765288 0.05705284 0.08671226 0.09296513 0.07849893
 0.17657362 0.19973883 0.27012745 0.01067804]

rule10: 96467.470 < num_voted_users < 193096.416
probabilities_array:[0.         0.         0.02804878 0.         0.00124252 0.23993936
 0.22720096 0.22722846 0.04203787 0.23430209]

rule30: 1863.111 < actor_2_facebook_likes < 4914.082
probabilities_array:[0.         0.01192636 0.0817396  0.10741094 0.         0.10612332
 0.2028825  0.18966866 0.15697996 0.14326857]

rule42: 8830.073 < movie_facebook_likes < 22946.174
probabilities_array:[0.         0.05767364 0.17066987 0.02378329 0.12112216 0.16058749
 0.16036879 0.10308141 0.1377126  0.06500073]

rule43: movie_facebook_likes > 22946.174
probabilities_array:[0.         0.         0.00038961 0.1306962  0.         0.01631423
 0.19644755 0.20631604 0.18007793 0.26975837]

rule47: duration > 124.765
probabilities_array:[0.0000000e+00 2.7023847e-04 3.5577070e-02 0.0000000e+00 5.4265349e-03
 1.3251691e-01 2.0301414e-01 1.8431894e-01 1.2903348e-01 3.0984265e-01]

rule19: num_user_for_reviews > 581.913
probabilities_array:[0.         0.         0.         0.0137258  0.05771233 0.0268205
 0.20968163 0.08942196 0.21223977 0.39039811]

rule18: 313.980 < num_user_for_reviews < 581.913
probabilities_array:[0.         0.0057075  0.10978439 0.16000439 0.1813637  0.15720387
 0.12706143 0.13297127 0.12262181 0.00328159]

rule1: 5.745 < imdb_score < 6.478
probabilities_array:[0.06772977 0.         0.01558819 0.05926318 0.15964428 0.12637071
 0.14599016 0.13770702 0.15083188 0.13687487]

rule34: 696.842 < actor_3_facebook_likes < 1870.107
probabilities_array:[1.7526576e-05 0.0000000e+00 0.0000000e+00 1.1863789e-01 0.0000000e+00
 1.1533098e-01 1.5717374e-01 2.0091300e-01 2.0031258e-01 2.0761424e-01]

rule0: imdb_score < 5.745
probabilities_array:[0.         0.         0.07382417 0.18134251 0.19491188 0.17620979
 0.118512   0.18562183 0.01258115 0.05699658]

rule14: 160.610 < num_critic_for_reviews < 243.098
probabilities_array:[0.         0.0301625  0.10082319 0.12581162 0.17790136 0.09067748
 0.10741165 0.15067635 0.1626139  0.05392197]

rule22: 709.177 < director_facebook_likes < 2638.134
probabilities_array:[0.16216327 0.         0.19685374 0.23142254 0.04433252 0.
 0.10898088 0.0170516  0.14571977 0.09347569]

rule38: 10565.720 < cast_total_facebook_likes < 21107.847
probabilities_array:[0.01897372 0.         0.03236688 0.         0.11647768 0.12357081
 0.14002013 0.10270941 0.16005711 0.30582425]

rule17: 46.047 < num_user_for_reviews < 313.980
probabilities_array:[0.         0.13104787 0.16609967 0.13853495 0.13308895 0.13350841
 0.08817957 0.12059885 0.04183463 0.04710706]

rule46: 109.510 < duration < 124.765
probabilities_array:[0.01269239 0.         0.         0.0572276  0.00416135 0.11758583
 0.1393202  0.20828544 0.03107354 0.42965367]

rule13: 78.123 < num_critic_for_reviews < 160.610
probabilities_array:[0.         0.01202767 0.01814404 0.06492525 0.11375193 0.14510053
 0.10123796 0.22833744 0.03082569 0.28564954]

rule49: -21945181.225 < budget < 41723995.008
probabilities_array:[0.0906086  0.13702616 0.16650814 0.16455744 0.16166009 0.12410366
 0.0711231  0.06154275 0.00109687 0.0217733 ]

rule9: -161.476 < num_voted_users < 96467.470
probabilities_array:[0.2043944  0.17514789 0.14511079 0.16064033 0.12826814 0.06828112
 0.06964874 0.0009784  0.         0.04753035]

rule2: 6.478 < imdb_score < 7.211
probabilities_array:[0.16014795 0.21962632 0.         0.         0.         0.04532073
 0.07663964 0.1042     0.15830603 0.23575933]

rule31: actor_2_facebook_likes > 4914.082
probabilities_array:[0.02020066 0.         0.         0.         0.25102362 0.
 0.08358795 0.19112527 0.15276234 0.30130023]

rule15: num_critic_for_reviews > 243.098
probabilities_array:[0.         0.         0.         0.06925907 0.08707068 0.13814154
 0.08656111 0.10172059 0.18445782 0.33278918]

rule27: actor_1_facebook_likes > 14860.809
probabilities_array:[0.06479103 0.01455797 0.         0.         0.00803456 0.1958073
 0.09580233 0.0641894  0.09498177 0.46183565]

rule37: 23.594 < cast_total_facebook_likes < 10565.720
probabilities_array:[0.         0.04816928 0.         0.         0.03305    0.
 0.11032963 0.11421313 0.13359356 0.5606444 ]


---7---
rule4: title_year < 1996.346
probabilities_array:[0.         0.02765288 0.05705284 0.08671226 0.09296513 0.07849893
 0.17657362 0.19973883 0.27012745 0.01067804]

rule50: 41723995.008 < budget < 105393171.241
probabilities_array:[0.         0.         0.         0.00125291 0.16872002 0.23182483
 0.2498061  0.1946539  0.06184072 0.09190153]

rule0: imdb_score < 5.745
probabilities_array:[0.         0.         0.07382417 0.18134251 0.19491188 0.17620979
 0.118512   0.18562183 0.01258115 0.05699658]

rule10: 96467.470 < num_voted_users < 193096.416
probabilities_array:[0.         0.         0.02804878 0.         0.00124252 0.23993936
 0.22720096 0.22722846 0.04203787 0.23430209]

rule23: director_facebook_likes > 2638.134
probabilities_array:[0.         0.         0.15263313 0.         0.         0.15961294
 0.02036902 0.23210765 0.14237362 0.29290366]

rule13: 78.123 < num_critic_for_reviews < 160.610
probabilities_array:[0.         0.01202767 0.01814404 0.06492525 0.11375193 0.14510053
 0.10123796 0.22833744 0.03082569 0.28564954]

rule30: 1863.111 < actor_2_facebook_likes < 4914.082
probabilities_array:[0.         0.01192636 0.0817396  0.10741094 0.         0.10612332
 0.2028825  0.18966866 0.15697996 0.14326857]

rule34: 696.842 < actor_3_facebook_likes < 1870.107
probabilities_array:[1.7526576e-05 0.0000000e+00 0.0000000e+00 1.1863789e-01 0.0000000e+00
 1.1533098e-01 1.5717374e-01 2.0091300e-01 2.0031258e-01 2.0761424e-01]

rule43: movie_facebook_likes > 22946.174
probabilities_array:[0.         0.         0.00038961 0.1306962  0.         0.01631423
 0.19644755 0.20631604 0.18007793 0.26975837]

rule14: 160.610 < num_critic_for_reviews < 243.098
probabilities_array:[0.         0.0301625  0.10082319 0.12581162 0.17790136 0.09067748
 0.10741165 0.15067635 0.1626139  0.05392197]

rule31: actor_2_facebook_likes > 4914.082
probabilities_array:[0.02020066 0.         0.         0.         0.25102362 0.
 0.08358795 0.19112527 0.15276234 0.30130023]

rule18: 313.980 < num_user_for_reviews < 581.913
probabilities_array:[0.         0.0057075  0.10978439 0.16000439 0.1813637  0.15720387
 0.12706143 0.13297127 0.12262181 0.00328159]

rule47: duration > 124.765
probabilities_array:[0.0000000e+00 2.7023847e-04 3.5577070e-02 0.0000000e+00 5.4265349e-03
 1.3251691e-01 2.0301414e-01 1.8431894e-01 1.2903348e-01 3.0984265e-01]

rule1: 5.745 < imdb_score < 6.478
probabilities_array:[0.06772977 0.         0.01558819 0.05926318 0.15964428 0.12637071
 0.14599016 0.13770702 0.15083188 0.13687487]

rule46: 109.510 < duration < 124.765
probabilities_array:[0.01269239 0.         0.         0.0572276  0.00416135 0.11758583
 0.1393202  0.20828544 0.03107354 0.42965367]

rule17: 46.047 < num_user_for_reviews < 313.980
probabilities_array:[0.         0.13104787 0.16609967 0.13853495 0.13308895 0.13350841
 0.08817957 0.12059885 0.04183463 0.04710706]

rule11: num_voted_users > 193096.416
probabilities_array:[0.         0.         0.         0.         0.         0.
 0.         0.21014364 0.29542288 0.49443352]

rule42: 8830.073 < movie_facebook_likes < 22946.174
probabilities_array:[0.         0.05767364 0.17066987 0.02378329 0.12112216 0.16058749
 0.16036879 0.10308141 0.1377126  0.06500073]

rule5: 1996.346 < title_year < 2003.220
probabilities_array:[0.00163925 0.02595408 0.20691492 0.08956157 0.01374393 0.05730904
 0.02652133 0.12145073 0.13161312 0.32529205]

rule2: 6.478 < imdb_score < 7.211
probabilities_array:[0.16014795 0.21962632 0.         0.         0.         0.04532073
 0.07663964 0.1042     0.15830603 0.23575933]

rule38: 10565.720 < cast_total_facebook_likes < 21107.847
probabilities_array:[0.01897372 0.         0.03236688 0.         0.11647768 0.12357081
 0.14002013 0.10270941 0.16005711 0.30582425]

rule26: 7094.989 < actor_1_facebook_likes < 14860.809
probabilities_array:[5.88737661e-03 1.94718581e-04 1.59984246e-01 1.34218857e-01
 0.00000000e+00 0.00000000e+00 1.72946230e-02 1.16052836e-01
 1.77274212e-01 3.89093071e-01]

rule15: num_critic_for_reviews > 243.098
probabilities_array:[0.         0.         0.         0.06925907 0.08707068 0.13814154
 0.08656111 0.10172059 0.18445782 0.33278918]

rule49: -21945181.225 < budget < 41723995.008
probabilities_array:[0.0906086  0.13702616 0.16650814 0.16455744 0.16166009 0.12410366
 0.0711231  0.06154275 0.00109687 0.0217733 ]

rule19: num_user_for_reviews > 581.913
probabilities_array:[0.         0.         0.         0.0137258  0.05771233 0.0268205
 0.20968163 0.08942196 0.21223977 0.39039811]

rule37: 23.594 < cast_total_facebook_likes < 10565.720
probabilities_array:[0.         0.04816928 0.         0.         0.03305    0.
 0.11032963 0.11421313 0.13359356 0.5606444 ]


---8---
rule4: title_year < 1996.346
probabilities_array:[0.         0.02765288 0.05705284 0.08671226 0.09296513 0.07849893
 0.17657362 0.19973883 0.27012745 0.01067804]

rule34: 696.842 < actor_3_facebook_likes < 1870.107
probabilities_array:[1.7526576e-05 0.0000000e+00 0.0000000e+00 1.1863789e-01 0.0000000e+00
 1.1533098e-01 1.5717374e-01 2.0091300e-01 2.0031258e-01 2.0761424e-01]

rule14: 160.610 < num_critic_for_reviews < 243.098
probabilities_array:[0.         0.0301625  0.10082319 0.12581162 0.17790136 0.09067748
 0.10741165 0.15067635 0.1626139  0.05392197]

rule21: -1219.780 < director_facebook_likes < 709.177
probabilities_array:[0.11858712 0.06727495 0.         0.         0.         0.
 0.05596659 0.01981708 0.28124595 0.45710838]

rule11: num_voted_users > 193096.416
probabilities_array:[0.         0.         0.         0.         0.         0.
 0.         0.21014364 0.29542288 0.49443352]

rule35: actor_3_facebook_likes > 1870.107
probabilities_array:[0.         0.         0.         0.         0.3264658  0.
 0.         0.05703581 0.23407207 0.38242632]

rule30: 1863.111 < actor_2_facebook_likes < 4914.082
probabilities_array:[0.         0.01192636 0.0817396  0.10741094 0.         0.10612332
 0.2028825  0.18966866 0.15697996 0.14326857]

rule22: 709.177 < director_facebook_likes < 2638.134
probabilities_array:[0.16216327 0.         0.19685374 0.23142254 0.04433252 0.
 0.10898088 0.0170516  0.14571977 0.09347569]

rule7: title_year > 2010.095
probabilities_array:[0.30088833 0.00214056 0.         0.         0.00060643 0.06295034
 0.04526027 0.02742642 0.20475426 0.35597342]

rule43: movie_facebook_likes > 22946.174
probabilities_array:[0.         0.         0.00038961 0.1306962  0.         0.01631423
 0.19644755 0.20631604 0.18007793 0.26975837]

rule1: 5.745 < imdb_score < 6.478
probabilities_array:[0.06772977 0.         0.01558819 0.05926318 0.15964428 0.12637071
 0.14599016 0.13770702 0.15083188 0.13687487]

rule19: num_user_for_reviews > 581.913
probabilities_array:[0.         0.         0.         0.0137258  0.05771233 0.0268205
 0.20968163 0.08942196 0.21223977 0.39039811]

rule42: 8830.073 < movie_facebook_likes < 22946.174
probabilities_array:[0.         0.05767364 0.17066987 0.02378329 0.12112216 0.16058749
 0.16036879 0.10308141 0.1377126  0.06500073]

rule15: num_critic_for_reviews > 243.098
probabilities_array:[0.         0.         0.         0.06925907 0.08707068 0.13814154
 0.08656111 0.10172059 0.18445782 0.33278918]

rule18: 313.980 < num_user_for_reviews < 581.913
probabilities_array:[0.         0.0057075  0.10978439 0.16000439 0.1813637  0.15720387
 0.12706143 0.13297127 0.12262181 0.00328159]

rule2: 6.478 < imdb_score < 7.211
probabilities_array:[0.16014795 0.21962632 0.         0.         0.         0.04532073
 0.07663964 0.1042     0.15830603 0.23575933]

rule44: duration < 94.256
probabilities_array:[0.24116614 0.02010414 0.         0.05306517 0.         0.
 0.         0.         0.21729113 0.46837345]

rule38: 10565.720 < cast_total_facebook_likes < 21107.847
probabilities_array:[0.01897372 0.         0.03236688 0.         0.11647768 0.12357081
 0.14002013 0.10270941 0.16005711 0.30582425]

rule26: 7094.989 < actor_1_facebook_likes < 14860.809
probabilities_array:[5.88737661e-03 1.94718581e-04 1.59984246e-01 1.34218857e-01
 0.00000000e+00 0.00000000e+00 1.72946230e-02 1.16052836e-01
 1.77274212e-01 3.89093071e-01]

rule31: actor_2_facebook_likes > 4914.082
probabilities_array:[0.02020066 0.         0.         0.         0.25102362 0.
 0.08358795 0.19112527 0.15276234 0.30130023]

rule51: budget > 105393171.241
probabilities_array:[0.         0.         0.         0.         0.         0.
 0.         0.         0.32114214 0.67885786]

rule3: imdb_score > 7.211
probabilities_array:[0.19912794 0.17071953 0.09002591 0.         0.00042268 0.
 0.         0.         0.16342199 0.37628195]

rule23: director_facebook_likes > 2638.134
probabilities_array:[0.         0.         0.15263313 0.         0.         0.15961294
 0.02036902 0.23210765 0.14237362 0.29290366]

rule47: duration > 124.765
probabilities_array:[0.0000000e+00 2.7023847e-04 3.5577070e-02 0.0000000e+00 5.4265349e-03
 1.3251691e-01 2.0301414e-01 1.8431894e-01 1.2903348e-01 3.0984265e-01]

rule5: 1996.346 < title_year < 2003.220
probabilities_array:[0.00163925 0.02595408 0.20691492 0.08956157 0.01374393 0.05730904
 0.02652133 0.12145073 0.13161312 0.32529205]

rule6: 2003.220 < title_year < 2010.095
probabilities_array:[0.25415885 0.07673401 0.13500021 0.07110362 0.         0.
 0.00042721 0.         0.1247662  0.3378098 ]

rule39: cast_total_facebook_likes > 21107.847
probabilities_array:[0.05214133 0.02564915 0.03725105 0.         0.         0.10298247
 0.         0.06837226 0.16666728 0.5469364 ]

rule29: -1187.860 < actor_2_facebook_likes < 1863.111
probabilities_array:[0.1797843  0.03305112 0.         0.         0.         0.
 0.         0.         0.16122034 0.62594426]

rule37: 23.594 < cast_total_facebook_likes < 10565.720
probabilities_array:[0.         0.04816928 0.         0.         0.03305    0.
 0.11032963 0.11421313 0.13359356 0.5606444 ]

rule50: 41723995.008 < budget < 105393171.241
probabilities_array:[0.         0.         0.         0.00125291 0.16872002 0.23182483
 0.2498061  0.1946539  0.06184072 0.09190153]

rule27: actor_1_facebook_likes > 14860.809
probabilities_array:[0.06479103 0.01455797 0.         0.         0.00803456 0.1958073
 0.09580233 0.0641894  0.09498177 0.46183565]

rule25: -670.832 < actor_1_facebook_likes < 7094.989
probabilities_array:[0.12629256 0.06582329 0.         0.         0.00115498 0.
 0.0594818  0.07676345 0.11200553 0.55847836]

rule33: -476.422 < actor_3_facebook_likes < 696.842
probabilities_array:[0.1848371  0.15526088 0.13380547 0.         0.         0.08561379
 0.04040604 0.05020809 0.0660159  0.28385276]

