R2: 0.798190577343026


MAE: 5.003613862318151


Accuracy: 0.2689101531509637


F1: 0.28823529411764703


Most important rules
-----------------------------

---0---
rule15: water > 195.550
probabilities_array:[0.28761408 0.         0.0705261  0.09550086 0.14454216 0.20278364
 0.00935609 0.14675418 0.0167676  0.01866997 0.00527123 0.
 0.00221405]

rule0: cement < 209.775
probabilities_array:[0.28744495 0.28339595 0.17725688 0.04085099 0.04480665 0.03247943
 0.06032603 0.00238201 0.04811615 0.01631709 0.00447729 0.
 0.00214665]

rule27: fine_aggregate > 828.632
probabilities_array:[0.27367204 0.17069341 0.02973937 0.06787842 0.02462923 0.01266293
 0.23502249 0.03971432 0.0084361  0.10109524 0.         0.0012292
 0.03522729]

rule28: age < 4.453
probabilities_array:[2.9061148e-01 2.9418269e-01 1.9272894e-01 0.0000000e+00 0.0000000e+00
 8.2888171e-02 0.0000000e+00 1.8578937e-04 0.0000000e+00 0.0000000e+00
 0.0000000e+00 0.0000000e+00 1.3940296e-01]

rule9: 13.420 < fly_ash < 57.056
probabilities_array:[0.21773824 0.19980653 0.         0.         0.         0.
 0.         0.04875502 0.         0.21982461 0.1139183  0.19995737
 0.        ]

rule16: superplasticizer < 2.244
probabilities_array:[0.21151854 0.23347265 0.11073589 0.06867965 0.01017068 0.
 0.05379044 0.         0.         0.15098132 0.04563756 0.01242975
 0.10258356]

rule23: coarse_aggregate > 1025.955
probabilities_array:[0.16430329 0.09153368 0.05648659 0.         0.         0.
 0.00068466 0.05807274 0.02761316 0.22128548 0.12087672 0.21093383
 0.04820986]

rule8: fly_ash < 13.420
probabilities_array:[0.15531483 0.07729969 0.         0.         0.         0.
 0.00770404 0.00650386 0.11722159 0.         0.27733824 0.22074948
 0.13786827]

rule14: 181.213 < water < 195.550
probabilities_array:[0.12751736 0.1615493  0.06358466 0.11366322 0.1771802  0.11329712
 0.01620998 0.14637165 0.05339484 0.0174755  0.00530649 0.00086132
 0.00358836]

rule11: fly_ash > 100.691
probabilities_array:[0.12390594 0.19185907 0.06757443 0.02784606 0.07982408 0.04133181
 0.13806766 0.07297222 0.00049005 0.11685601 0.11501634 0.
 0.02425633]

rule4: blast_furnace_slag < 12.735
probabilities_array:[0.11621084 0.13904566 0.12148977 0.16193463 0.10864983 0.00723862
 0.11495879 0.01813916 0.05812388 0.         0.11743158 0.01888867
 0.01788861]

rule1: 209.775 < cement < 277.710
probabilities_array:[0.11814287 0.12634331 0.08798493 0.00124936 0.         0.13572022
 0.         0.04145473 0.14036037 0.17809755 0.         0.10130234
 0.06934433]

rule5: 12.735 < blast_furnace_slag < 69.651
probabilities_array:[0.11708757 0.         0.         0.06163447 0.         0.24510184
 0.04833024 0.02949698 0.         0.05891014 0.24270731 0.13562854
 0.06110292]

rule17: 2.244 < superplasticizer < 6.346
probabilities_array:[0.10489506 0.         0.15117598 0.25647512 0.09535746 0.12113725
 0.01478851 0.1441519  0.09693108 0.01213591 0.00295174 0.
 0.        ]

rule20: coarse_aggregate < 922.572
probabilities_array:[0.0942094  0.01440405 0.         0.08590703 0.04833951 0.21409652
 0.         0.04814359 0.20572317 0.         0.11410977 0.13251653
 0.04255047]

rule13: 166.875 < water < 181.213
probabilities_array:[0.07576704 0.0994798  0.05055003 0.08366171 0.01832158 0.09481803
 0.06831156 0.06790003 0.09125814 0.12999347 0.         0.21714485
 0.00279376]

rule21: 922.572 < coarse_aggregate < 974.263
probabilities_array:[0.04579385 0.         0.16765207 0.01865665 0.071464   0.01558941
 0.21967271 0.05092378 0.04246984 0.1425226  0.1102144  0.10672319
 0.00831744]


---1---
rule0: cement < 209.775
probabilities_array:[0.28744495 0.28339595 0.17725688 0.04085099 0.04480665 0.03247943
 0.06032603 0.00238201 0.04811615 0.01631709 0.00447729 0.
 0.00214665]

rule22: 974.263 < coarse_aggregate < 1025.955
probabilities_array:[0.         0.28049397 0.         0.01636148 0.         0.12308864
 0.15740612 0.08977853 0.12298457 0.01417947 0.09840105 0.
 0.09730614]

rule28: age < 4.453
probabilities_array:[2.9061148e-01 2.9418269e-01 1.9272894e-01 0.0000000e+00 0.0000000e+00
 8.2888171e-02 0.0000000e+00 1.8578937e-04 0.0000000e+00 0.0000000e+00
 0.0000000e+00 0.0000000e+00 1.3940296e-01]

rule16: superplasticizer < 2.244
probabilities_array:[0.21151854 0.23347265 0.11073589 0.06867965 0.01017068 0.
 0.05379044 0.         0.         0.15098132 0.04563756 0.01242975
 0.10258356]

rule9: 13.420 < fly_ash < 57.056
probabilities_array:[0.21773824 0.19980653 0.         0.         0.         0.
 0.         0.04875502 0.         0.21982461 0.1139183  0.19995737
 0.        ]

rule11: fly_ash > 100.691
probabilities_array:[0.12390594 0.19185907 0.06757443 0.02784606 0.07982408 0.04133181
 0.13806766 0.07297222 0.00049005 0.11685601 0.11501634 0.
 0.02425633]

rule27: fine_aggregate > 828.632
probabilities_array:[0.27367204 0.17069341 0.02973937 0.06787842 0.02462923 0.01266293
 0.23502249 0.03971432 0.0084361  0.10109524 0.         0.0012292
 0.03522729]

rule19: superplasticizer > 10.447
probabilities_array:[0.02797642 0.16467384 0.         0.         0.         0.21008374
 0.03783059 0.11819686 0.04909544 0.09478769 0.10980856 0.16806526
 0.01948152]

rule14: 181.213 < water < 195.550
probabilities_array:[0.12751736 0.1615493  0.06358466 0.11366322 0.1771802  0.11329712
 0.01620998 0.14637165 0.05339484 0.0174755  0.00530649 0.00086132
 0.00358836]

rule4: blast_furnace_slag < 12.735
probabilities_array:[0.11621084 0.13904566 0.12148977 0.16193463 0.10864983 0.00723862
 0.11495879 0.01813916 0.05812388 0.         0.11743158 0.01888867
 0.01788861]

rule6: 69.651 < blast_furnace_slag < 126.567
probabilities_array:[0.00892775 0.14638415 0.09226703 0.         0.         0.
 0.         0.07564607 0.12628575 0.23688649 0.00480512 0.2103599
 0.09843762]

rule1: 209.775 < cement < 277.710
probabilities_array:[0.11814287 0.12634331 0.08798493 0.00124936 0.         0.13572022
 0.         0.04145473 0.14036037 0.17809755 0.         0.10130234
 0.06934433]

rule13: 166.875 < water < 181.213
probabilities_array:[0.07576704 0.0994798  0.05055003 0.08366171 0.01832158 0.09481803
 0.06831156 0.06790003 0.09125814 0.12999347 0.         0.21714485
 0.00279376]

rule26: 776.084 < fine_aggregate < 828.632
probabilities_array:[0.03783401 0.09809937 0.0611046  0.04120553 0.04397317 0.00244307
 0.15502055 0.13569368 0.18641862 0.02653577 0.00329922 0.19623339
 0.01213905]

rule23: coarse_aggregate > 1025.955
probabilities_array:[0.16430329 0.09153368 0.05648659 0.         0.         0.
 0.00068466 0.05807274 0.02761316 0.22128548 0.12087672 0.21093383
 0.04820986]

rule2: 277.710 < cement < 345.646
probabilities_array:[0.0068184  0.08624227 0.04910384 0.         0.11055728 0.0242205
 0.19945928 0.06648028 0.02091585 0.12153412 0.09156787 0.16875495
 0.05434532]

rule8: fly_ash < 13.420
probabilities_array:[0.15531483 0.07729969 0.         0.         0.         0.
 0.00770404 0.00650386 0.11722159 0.         0.27733824 0.22074948
 0.13786827]

rule24: fine_aggregate < 723.537
probabilities_array:[0.00207994 0.06128163 0.         0.00750362 0.         0.
 0.15153193 0.06870296 0.2301889  0.08949292 0.30295798 0.04601194
 0.04024813]


---2---
rule0: cement < 209.775
probabilities_array:[0.28744495 0.28339595 0.17725688 0.04085099 0.04480665 0.03247943
 0.06032603 0.00238201 0.04811615 0.01631709 0.00447729 0.
 0.00214665]

rule21: 922.572 < coarse_aggregate < 974.263
probabilities_array:[0.04579385 0.         0.16765207 0.01865665 0.071464   0.01558941
 0.21967271 0.05092378 0.04246984 0.1425226  0.1102144  0.10672319
 0.00831744]

rule28: age < 4.453
probabilities_array:[2.9061148e-01 2.9418269e-01 1.9272894e-01 0.0000000e+00 0.0000000e+00
 8.2888171e-02 0.0000000e+00 1.8578937e-04 0.0000000e+00 0.0000000e+00
 0.0000000e+00 0.0000000e+00 1.3940296e-01]

rule17: 2.244 < superplasticizer < 6.346
probabilities_array:[0.10489506 0.         0.15117598 0.25647512 0.09535746 0.12113725
 0.01478851 0.1441519  0.09693108 0.01213591 0.00295174 0.
 0.        ]

rule29: 4.453 < age < 46.712
probabilities_array:[0.         0.         0.12378547 0.20144102 0.1169785  0.13452841
 0.05673867 0.09165325 0.0790069  0.10536055 0.06604892 0.01392465
 0.01053362]

rule4: blast_furnace_slag < 12.735
probabilities_array:[0.11621084 0.13904566 0.12148977 0.16193463 0.10864983 0.00723862
 0.11495879 0.01813916 0.05812388 0.         0.11743158 0.01888867
 0.01788861]

rule16: superplasticizer < 2.244
probabilities_array:[0.21151854 0.23347265 0.11073589 0.06867965 0.01017068 0.
 0.05379044 0.         0.         0.15098132 0.04563756 0.01242975
 0.10258356]

rule6: 69.651 < blast_furnace_slag < 126.567
probabilities_array:[0.00892775 0.14638415 0.09226703 0.         0.         0.
 0.         0.07564607 0.12628575 0.23688649 0.00480512 0.2103599
 0.09843762]

rule1: 209.775 < cement < 277.710
probabilities_array:[0.11814287 0.12634331 0.08798493 0.00124936 0.         0.13572022
 0.         0.04145473 0.14036037 0.17809755 0.         0.10130234
 0.06934433]

rule10: 57.056 < fly_ash < 100.691
probabilities_array:[0.02798145 0.00497461 0.08049203 0.15572815 0.08766242 0.22399655
 0.01404248 0.1064467  0.17270981 0.10293265 0.02047754 0.
 0.00255566]

rule15: water > 195.550
probabilities_array:[0.28761408 0.         0.0705261  0.09550086 0.14454216 0.20278364
 0.00935609 0.14675418 0.0167676  0.01866997 0.00527123 0.
 0.00221405]

rule11: fly_ash > 100.691
probabilities_array:[0.12390594 0.19185907 0.06757443 0.02784606 0.07982408 0.04133181
 0.13806766 0.07297222 0.00049005 0.11685601 0.11501634 0.
 0.02425633]

rule14: 181.213 < water < 195.550
probabilities_array:[0.12751736 0.1615493  0.06358466 0.11366322 0.1771802  0.11329712
 0.01620998 0.14637165 0.05339484 0.0174755  0.00530649 0.00086132
 0.00358836]

rule26: 776.084 < fine_aggregate < 828.632
probabilities_array:[0.03783401 0.09809937 0.0611046  0.04120553 0.04397317 0.00244307
 0.15502055 0.13569368 0.18641862 0.02653577 0.00329922 0.19623339
 0.01213905]

rule18: 6.346 < superplasticizer < 10.447
probabilities_array:[0.03945305 0.         0.05590167 0.0997955  0.19632648 0.01966062
 0.00792696 0.06920769 0.13933866 0.05994969 0.27641994 0.00164877
 0.03437116]

rule23: coarse_aggregate > 1025.955
probabilities_array:[0.16430329 0.09153368 0.05648659 0.         0.         0.
 0.00068466 0.05807274 0.02761316 0.22128548 0.12087672 0.21093383
 0.04820986]

rule13: 166.875 < water < 181.213
probabilities_array:[0.07576704 0.0994798  0.05055003 0.08366171 0.01832158 0.09481803
 0.06831156 0.06790003 0.09125814 0.12999347 0.         0.21714485
 0.00279376]

rule2: 277.710 < cement < 345.646
probabilities_array:[0.0068184  0.08624227 0.04910384 0.         0.11055728 0.0242205
 0.19945928 0.06648028 0.02091585 0.12153412 0.09156787 0.16875495
 0.05434532]


---3---
rule17: 2.244 < superplasticizer < 6.346
probabilities_array:[0.10489506 0.         0.15117598 0.25647512 0.09535746 0.12113725
 0.01478851 0.1441519  0.09693108 0.01213591 0.00295174 0.
 0.        ]

rule7: blast_furnace_slag > 126.567
probabilities_array:[0.02327313 0.         0.         0.25449386 0.19693625 0.1515979
 0.07067347 0.06659147 0.02768986 0.00475013 0.07950642 0.09348124
 0.03100641]

rule29: 4.453 < age < 46.712
probabilities_array:[0.         0.         0.12378547 0.20144102 0.1169785  0.13452841
 0.05673867 0.09165325 0.0790069  0.10536055 0.06604892 0.01392465
 0.01053362]

rule4: blast_furnace_slag < 12.735
probabilities_array:[0.11621084 0.13904566 0.12148977 0.16193463 0.10864983 0.00723862
 0.11495879 0.01813916 0.05812388 0.         0.11743158 0.01888867
 0.01788861]

rule10: 57.056 < fly_ash < 100.691
probabilities_array:[0.02798145 0.00497461 0.08049203 0.15572815 0.08766242 0.22399655
 0.01404248 0.1064467  0.17270981 0.10293265 0.02047754 0.
 0.00255566]

rule14: 181.213 < water < 195.550
probabilities_array:[0.12751736 0.1615493  0.06358466 0.11366322 0.1771802  0.11329712
 0.01620998 0.14637165 0.05339484 0.0174755  0.00530649 0.00086132
 0.00358836]

rule18: 6.346 < superplasticizer < 10.447
probabilities_array:[0.03945305 0.         0.05590167 0.0997955  0.19632648 0.01966062
 0.00792696 0.06920769 0.13933866 0.05994969 0.27641994 0.00164877
 0.03437116]

rule15: water > 195.550
probabilities_array:[0.28761408 0.         0.0705261  0.09550086 0.14454216 0.20278364
 0.00935609 0.14675418 0.0167676  0.01866997 0.00527123 0.
 0.00221405]

rule13: 166.875 < water < 181.213
probabilities_array:[0.07576704 0.0994798  0.05055003 0.08366171 0.01832158 0.09481803
 0.06831156 0.06790003 0.09125814 0.12999347 0.         0.21714485
 0.00279376]

rule20: coarse_aggregate < 922.572
probabilities_array:[0.0942094  0.01440405 0.         0.08590703 0.04833951 0.21409652
 0.         0.04814359 0.20572317 0.         0.11410977 0.13251653
 0.04255047]

rule27: fine_aggregate > 828.632
probabilities_array:[0.27367204 0.17069341 0.02973937 0.06787842 0.02462923 0.01266293
 0.23502249 0.03971432 0.0084361  0.10109524 0.         0.0012292
 0.03522729]

rule16: superplasticizer < 2.244
probabilities_array:[0.21151854 0.23347265 0.11073589 0.06867965 0.01017068 0.
 0.05379044 0.         0.         0.15098132 0.04563756 0.01242975
 0.10258356]

rule5: 12.735 < blast_furnace_slag < 69.651
probabilities_array:[0.11708757 0.         0.         0.06163447 0.         0.24510184
 0.04833024 0.02949698 0.         0.05891014 0.24270731 0.13562854
 0.06110292]

rule0: cement < 209.775
probabilities_array:[0.28744495 0.28339595 0.17725688 0.04085099 0.04480665 0.03247943
 0.06032603 0.00238201 0.04811615 0.01631709 0.00447729 0.
 0.00214665]

rule26: 776.084 < fine_aggregate < 828.632
probabilities_array:[0.03783401 0.09809937 0.0611046  0.04120553 0.04397317 0.00244307
 0.15502055 0.13569368 0.18641862 0.02653577 0.00329922 0.19623339
 0.01213905]


---4---
rule7: blast_furnace_slag > 126.567
probabilities_array:[0.02327313 0.         0.         0.25449386 0.19693625 0.1515979
 0.07067347 0.06659147 0.02768986 0.00475013 0.07950642 0.09348124
 0.03100641]

rule18: 6.346 < superplasticizer < 10.447
probabilities_array:[0.03945305 0.         0.05590167 0.0997955  0.19632648 0.01966062
 0.00792696 0.06920769 0.13933866 0.05994969 0.27641994 0.00164877
 0.03437116]

rule14: 181.213 < water < 195.550
probabilities_array:[0.12751736 0.1615493  0.06358466 0.11366322 0.1771802  0.11329712
 0.01620998 0.14637165 0.05339484 0.0174755  0.00530649 0.00086132
 0.00358836]

rule30: 46.712 < age < 88.970
probabilities_array:[0.         0.         0.02019548 0.00435479 0.15438612 0.01548105
 0.08077373 0.01263328 0.21149096 0.14113003 0.15266296 0.20689142
 0.        ]

rule15: water > 195.550
probabilities_array:[0.28761408 0.         0.0705261  0.09550086 0.14454216 0.20278364
 0.00935609 0.14675418 0.0167676  0.01866997 0.00527123 0.
 0.00221405]

rule29: 4.453 < age < 46.712
probabilities_array:[0.         0.         0.12378547 0.20144102 0.1169785  0.13452841
 0.05673867 0.09165325 0.0790069  0.10536055 0.06604892 0.01392465
 0.01053362]

rule4: blast_furnace_slag < 12.735
probabilities_array:[0.11621084 0.13904566 0.12148977 0.16193463 0.10864983 0.00723862
 0.11495879 0.01813916 0.05812388 0.         0.11743158 0.01888867
 0.01788861]

rule2: 277.710 < cement < 345.646
probabilities_array:[0.0068184  0.08624227 0.04910384 0.         0.11055728 0.0242205
 0.19945928 0.06648028 0.02091585 0.12153412 0.09156787 0.16875495
 0.05434532]

rule17: 2.244 < superplasticizer < 6.346
probabilities_array:[0.10489506 0.         0.15117598 0.25647512 0.09535746 0.12113725
 0.01478851 0.1441519  0.09693108 0.01213591 0.00295174 0.
 0.        ]

rule10: 57.056 < fly_ash < 100.691
probabilities_array:[0.02798145 0.00497461 0.08049203 0.15572815 0.08766242 0.22399655
 0.01404248 0.1064467  0.17270981 0.10293265 0.02047754 0.
 0.00255566]

rule11: fly_ash > 100.691
probabilities_array:[0.12390594 0.19185907 0.06757443 0.02784606 0.07982408 0.04133181
 0.13806766 0.07297222 0.00049005 0.11685601 0.11501634 0.
 0.02425633]

rule21: 922.572 < coarse_aggregate < 974.263
probabilities_array:[0.04579385 0.         0.16765207 0.01865665 0.071464   0.01558941
 0.21967271 0.05092378 0.04246984 0.1425226  0.1102144  0.10672319
 0.00831744]

rule20: coarse_aggregate < 922.572
probabilities_array:[0.0942094  0.01440405 0.         0.08590703 0.04833951 0.21409652
 0.         0.04814359 0.20572317 0.         0.11410977 0.13251653
 0.04255047]

rule0: cement < 209.775
probabilities_array:[0.28744495 0.28339595 0.17725688 0.04085099 0.04480665 0.03247943
 0.06032603 0.00238201 0.04811615 0.01631709 0.00447729 0.
 0.00214665]

rule26: 776.084 < fine_aggregate < 828.632
probabilities_array:[0.03783401 0.09809937 0.0611046  0.04120553 0.04397317 0.00244307
 0.15502055 0.13569368 0.18641862 0.02653577 0.00329922 0.19623339
 0.01213905]


---5---
rule25: 723.537 < fine_aggregate < 776.084
probabilities_array:[0.         0.04241237 0.         0.         0.         0.31586304
 0.         0.02206205 0.0019674  0.2451648  0.         0.25141633
 0.12111399]

rule5: 12.735 < blast_furnace_slag < 69.651
probabilities_array:[0.11708757 0.         0.         0.06163447 0.         0.24510184
 0.04833024 0.02949698 0.         0.05891014 0.24270731 0.13562854
 0.06110292]

rule10: 57.056 < fly_ash < 100.691
probabilities_array:[0.02798145 0.00497461 0.08049203 0.15572815 0.08766242 0.22399655
 0.01404248 0.1064467  0.17270981 0.10293265 0.02047754 0.
 0.00255566]

rule19: superplasticizer > 10.447
probabilities_array:[0.02797642 0.16467384 0.         0.         0.         0.21008374
 0.03783059 0.11819686 0.04909544 0.09478769 0.10980856 0.16806526
 0.01948152]

rule20: coarse_aggregate < 922.572
probabilities_array:[0.0942094  0.01440405 0.         0.08590703 0.04833951 0.21409652
 0.         0.04814359 0.20572317 0.         0.11410977 0.13251653
 0.04255047]

rule15: water > 195.550
probabilities_array:[0.28761408 0.         0.0705261  0.09550086 0.14454216 0.20278364
 0.00935609 0.14675418 0.0167676  0.01866997 0.00527123 0.
 0.00221405]

rule7: blast_furnace_slag > 126.567
probabilities_array:[0.02327313 0.         0.         0.25449386 0.19693625 0.1515979
 0.07067347 0.06659147 0.02768986 0.00475013 0.07950642 0.09348124
 0.03100641]

rule29: 4.453 < age < 46.712
probabilities_array:[0.         0.         0.12378547 0.20144102 0.1169785  0.13452841
 0.05673867 0.09165325 0.0790069  0.10536055 0.06604892 0.01392465
 0.01053362]

rule1: 209.775 < cement < 277.710
probabilities_array:[0.11814287 0.12634331 0.08798493 0.00124936 0.         0.13572022
 0.         0.04145473 0.14036037 0.17809755 0.         0.10130234
 0.06934433]

rule17: 2.244 < superplasticizer < 6.346
probabilities_array:[0.10489506 0.         0.15117598 0.25647512 0.09535746 0.12113725
 0.01478851 0.1441519  0.09693108 0.01213591 0.00295174 0.
 0.        ]

rule14: 181.213 < water < 195.550
probabilities_array:[0.12751736 0.1615493  0.06358466 0.11366322 0.1771802  0.11329712
 0.01620998 0.14637165 0.05339484 0.0174755  0.00530649 0.00086132
 0.00358836]

rule22: 974.263 < coarse_aggregate < 1025.955
probabilities_array:[0.         0.28049397 0.         0.01636148 0.         0.12308864
 0.15740612 0.08977853 0.12298457 0.01417947 0.09840105 0.
 0.09730614]

rule13: 166.875 < water < 181.213
probabilities_array:[0.07576704 0.0994798  0.05055003 0.08366171 0.01832158 0.09481803
 0.06831156 0.06790003 0.09125814 0.12999347 0.         0.21714485
 0.00279376]

rule28: age < 4.453
probabilities_array:[2.9061148e-01 2.9418269e-01 1.9272894e-01 0.0000000e+00 0.0000000e+00
 8.2888171e-02 0.0000000e+00 1.8578937e-04 0.0000000e+00 0.0000000e+00
 0.0000000e+00 0.0000000e+00 1.3940296e-01]

rule11: fly_ash > 100.691
probabilities_array:[0.12390594 0.19185907 0.06757443 0.02784606 0.07982408 0.04133181
 0.13806766 0.07297222 0.00049005 0.11685601 0.11501634 0.
 0.02425633]


---6---
rule27: fine_aggregate > 828.632
probabilities_array:[0.27367204 0.17069341 0.02973937 0.06787842 0.02462923 0.01266293
 0.23502249 0.03971432 0.0084361  0.10109524 0.         0.0012292
 0.03522729]

rule21: 922.572 < coarse_aggregate < 974.263
probabilities_array:[0.04579385 0.         0.16765207 0.01865665 0.071464   0.01558941
 0.21967271 0.05092378 0.04246984 0.1425226  0.1102144  0.10672319
 0.00831744]

rule2: 277.710 < cement < 345.646
probabilities_array:[0.0068184  0.08624227 0.04910384 0.         0.11055728 0.0242205
 0.19945928 0.06648028 0.02091585 0.12153412 0.09156787 0.16875495
 0.05434532]

rule26: 776.084 < fine_aggregate < 828.632
probabilities_array:[0.03783401 0.09809937 0.0611046  0.04120553 0.04397317 0.00244307
 0.15502055 0.13569368 0.18641862 0.02653577 0.00329922 0.19623339
 0.01213905]

rule24: fine_aggregate < 723.537
probabilities_array:[0.00207994 0.06128163 0.         0.00750362 0.         0.
 0.15153193 0.06870296 0.2301889  0.08949292 0.30295798 0.04601194
 0.04024813]

rule22: 974.263 < coarse_aggregate < 1025.955
probabilities_array:[0.         0.28049397 0.         0.01636148 0.         0.12308864
 0.15740612 0.08977853 0.12298457 0.01417947 0.09840105 0.
 0.09730614]

rule11: fly_ash > 100.691
probabilities_array:[0.12390594 0.19185907 0.06757443 0.02784606 0.07982408 0.04133181
 0.13806766 0.07297222 0.00049005 0.11685601 0.11501634 0.
 0.02425633]

rule4: blast_furnace_slag < 12.735
probabilities_array:[0.11621084 0.13904566 0.12148977 0.16193463 0.10864983 0.00723862
 0.11495879 0.01813916 0.05812388 0.         0.11743158 0.01888867
 0.01788861]

rule12: water < 166.875
probabilities_array:[0.0000000e+00 3.7237879e-02 0.0000000e+00 0.0000000e+00 0.0000000e+00
 0.0000000e+00 1.3084668e-01 5.6198468e-03 2.6064675e-04 1.1985710e-01
 2.6811689e-01 2.3631586e-01 2.0174503e-01]

rule30: 46.712 < age < 88.970
probabilities_array:[0.         0.         0.02019548 0.00435479 0.15438612 0.01548105
 0.08077373 0.01263328 0.21149096 0.14113003 0.15266296 0.20689142
 0.        ]

rule7: blast_furnace_slag > 126.567
probabilities_array:[0.02327313 0.         0.         0.25449386 0.19693625 0.1515979
 0.07067347 0.06659147 0.02768986 0.00475013 0.07950642 0.09348124
 0.03100641]

rule13: 166.875 < water < 181.213
probabilities_array:[0.07576704 0.0994798  0.05055003 0.08366171 0.01832158 0.09481803
 0.06831156 0.06790003 0.09125814 0.12999347 0.         0.21714485
 0.00279376]

rule0: cement < 209.775
probabilities_array:[0.28744495 0.28339595 0.17725688 0.04085099 0.04480665 0.03247943
 0.06032603 0.00238201 0.04811615 0.01631709 0.00447729 0.
 0.00214665]

rule29: 4.453 < age < 46.712
probabilities_array:[0.         0.         0.12378547 0.20144102 0.1169785  0.13452841
 0.05673867 0.09165325 0.0790069  0.10536055 0.06604892 0.01392465
 0.01053362]

rule16: superplasticizer < 2.244
probabilities_array:[0.21151854 0.23347265 0.11073589 0.06867965 0.01017068 0.
 0.05379044 0.         0.         0.15098132 0.04563756 0.01242975
 0.10258356]

rule5: 12.735 < blast_furnace_slag < 69.651
probabilities_array:[0.11708757 0.         0.         0.06163447 0.         0.24510184
 0.04833024 0.02949698 0.         0.05891014 0.24270731 0.13562854
 0.06110292]


---7---
rule3: cement > 345.646
probabilities_array:[0.0000000e+00 0.0000000e+00 0.0000000e+00 2.7015749e-02 2.0749765e-02
 2.4480581e-02 5.2833175e-03 3.1629127e-01 0.0000000e+00 2.1846610e-04
 2.3178440e-01 2.1837498e-01 1.5580145e-01]

rule31: age > 88.970
probabilities_array:[0.         0.         0.00666174 0.02098255 0.03090834 0.03587433
 0.03664744 0.16542798 0.13035959 0.17088993 0.18842022 0.21382798
 0.        ]

rule15: water > 195.550
probabilities_array:[0.28761408 0.         0.0705261  0.09550086 0.14454216 0.20278364
 0.00935609 0.14675418 0.0167676  0.01866997 0.00527123 0.
 0.00221405]

rule14: 181.213 < water < 195.550
probabilities_array:[0.12751736 0.1615493  0.06358466 0.11366322 0.1771802  0.11329712
 0.01620998 0.14637165 0.05339484 0.0174755  0.00530649 0.00086132
 0.00358836]

rule17: 2.244 < superplasticizer < 6.346
probabilities_array:[0.10489506 0.         0.15117598 0.25647512 0.09535746 0.12113725
 0.01478851 0.1441519  0.09693108 0.01213591 0.00295174 0.
 0.        ]

rule26: 776.084 < fine_aggregate < 828.632
probabilities_array:[0.03783401 0.09809937 0.0611046  0.04120553 0.04397317 0.00244307
 0.15502055 0.13569368 0.18641862 0.02653577 0.00329922 0.19623339
 0.01213905]

rule19: superplasticizer > 10.447
probabilities_array:[0.02797642 0.16467384 0.         0.         0.         0.21008374
 0.03783059 0.11819686 0.04909544 0.09478769 0.10980856 0.16806526
 0.01948152]

rule10: 57.056 < fly_ash < 100.691
probabilities_array:[0.02798145 0.00497461 0.08049203 0.15572815 0.08766242 0.22399655
 0.01404248 0.1064467  0.17270981 0.10293265 0.02047754 0.
 0.00255566]

rule29: 4.453 < age < 46.712
probabilities_array:[0.         0.         0.12378547 0.20144102 0.1169785  0.13452841
 0.05673867 0.09165325 0.0790069  0.10536055 0.06604892 0.01392465
 0.01053362]

rule22: 974.263 < coarse_aggregate < 1025.955
probabilities_array:[0.         0.28049397 0.         0.01636148 0.         0.12308864
 0.15740612 0.08977853 0.12298457 0.01417947 0.09840105 0.
 0.09730614]

rule11: fly_ash > 100.691
probabilities_array:[0.12390594 0.19185907 0.06757443 0.02784606 0.07982408 0.04133181
 0.13806766 0.07297222 0.00049005 0.11685601 0.11501634 0.
 0.02425633]

rule6: 69.651 < blast_furnace_slag < 126.567
probabilities_array:[0.00892775 0.14638415 0.09226703 0.         0.         0.
 0.         0.07564607 0.12628575 0.23688649 0.00480512 0.2103599
 0.09843762]

rule13: 166.875 < water < 181.213
probabilities_array:[0.07576704 0.0994798  0.05055003 0.08366171 0.01832158 0.09481803
 0.06831156 0.06790003 0.09125814 0.12999347 0.         0.21714485
 0.00279376]

rule18: 6.346 < superplasticizer < 10.447
probabilities_array:[0.03945305 0.         0.05590167 0.0997955  0.19632648 0.01966062
 0.00792696 0.06920769 0.13933866 0.05994969 0.27641994 0.00164877
 0.03437116]

rule24: fine_aggregate < 723.537
probabilities_array:[0.00207994 0.06128163 0.         0.00750362 0.         0.
 0.15153193 0.06870296 0.2301889  0.08949292 0.30295798 0.04601194
 0.04024813]

rule7: blast_furnace_slag > 126.567
probabilities_array:[0.02327313 0.         0.         0.25449386 0.19693625 0.1515979
 0.07067347 0.06659147 0.02768986 0.00475013 0.07950642 0.09348124
 0.03100641]

rule2: 277.710 < cement < 345.646
probabilities_array:[0.0068184  0.08624227 0.04910384 0.         0.11055728 0.0242205
 0.19945928 0.06648028 0.02091585 0.12153412 0.09156787 0.16875495
 0.05434532]

rule23: coarse_aggregate > 1025.955
probabilities_array:[0.16430329 0.09153368 0.05648659 0.         0.         0.
 0.00068466 0.05807274 0.02761316 0.22128548 0.12087672 0.21093383
 0.04820986]

rule21: 922.572 < coarse_aggregate < 974.263
probabilities_array:[0.04579385 0.         0.16765207 0.01865665 0.071464   0.01558941
 0.21967271 0.05092378 0.04246984 0.1425226  0.1102144  0.10672319
 0.00831744]

rule9: 13.420 < fly_ash < 57.056
probabilities_array:[0.21773824 0.19980653 0.         0.         0.         0.
 0.         0.04875502 0.         0.21982461 0.1139183  0.19995737
 0.        ]

rule20: coarse_aggregate < 922.572
probabilities_array:[0.0942094  0.01440405 0.         0.08590703 0.04833951 0.21409652
 0.         0.04814359 0.20572317 0.         0.11410977 0.13251653
 0.04255047]


---8---
rule24: fine_aggregate < 723.537
probabilities_array:[0.00207994 0.06128163 0.         0.00750362 0.         0.
 0.15153193 0.06870296 0.2301889  0.08949292 0.30295798 0.04601194
 0.04024813]

rule30: 46.712 < age < 88.970
probabilities_array:[0.         0.         0.02019548 0.00435479 0.15438612 0.01548105
 0.08077373 0.01263328 0.21149096 0.14113003 0.15266296 0.20689142
 0.        ]

rule20: coarse_aggregate < 922.572
probabilities_array:[0.0942094  0.01440405 0.         0.08590703 0.04833951 0.21409652
 0.         0.04814359 0.20572317 0.         0.11410977 0.13251653
 0.04255047]

rule26: 776.084 < fine_aggregate < 828.632
probabilities_array:[0.03783401 0.09809937 0.0611046  0.04120553 0.04397317 0.00244307
 0.15502055 0.13569368 0.18641862 0.02653577 0.00329922 0.19623339
 0.01213905]

rule10: 57.056 < fly_ash < 100.691
probabilities_array:[0.02798145 0.00497461 0.08049203 0.15572815 0.08766242 0.22399655
 0.01404248 0.1064467  0.17270981 0.10293265 0.02047754 0.
 0.00255566]

rule18: 6.346 < superplasticizer < 10.447
probabilities_array:[0.03945305 0.         0.05590167 0.0997955  0.19632648 0.01966062
 0.00792696 0.06920769 0.13933866 0.05994969 0.27641994 0.00164877
 0.03437116]

rule1: 209.775 < cement < 277.710
probabilities_array:[0.11814287 0.12634331 0.08798493 0.00124936 0.         0.13572022
 0.         0.04145473 0.14036037 0.17809755 0.         0.10130234
 0.06934433]

rule31: age > 88.970
probabilities_array:[0.         0.         0.00666174 0.02098255 0.03090834 0.03587433
 0.03664744 0.16542798 0.13035959 0.17088993 0.18842022 0.21382798
 0.        ]

rule6: 69.651 < blast_furnace_slag < 126.567
probabilities_array:[0.00892775 0.14638415 0.09226703 0.         0.         0.
 0.         0.07564607 0.12628575 0.23688649 0.00480512 0.2103599
 0.09843762]

rule22: 974.263 < coarse_aggregate < 1025.955
probabilities_array:[0.         0.28049397 0.         0.01636148 0.         0.12308864
 0.15740612 0.08977853 0.12298457 0.01417947 0.09840105 0.
 0.09730614]

rule8: fly_ash < 13.420
probabilities_array:[0.15531483 0.07729969 0.         0.         0.         0.
 0.00770404 0.00650386 0.11722159 0.         0.27733824 0.22074948
 0.13786827]

rule17: 2.244 < superplasticizer < 6.346
probabilities_array:[0.10489506 0.         0.15117598 0.25647512 0.09535746 0.12113725
 0.01478851 0.1441519  0.09693108 0.01213591 0.00295174 0.
 0.        ]

rule13: 166.875 < water < 181.213
probabilities_array:[0.07576704 0.0994798  0.05055003 0.08366171 0.01832158 0.09481803
 0.06831156 0.06790003 0.09125814 0.12999347 0.         0.21714485
 0.00279376]

rule29: 4.453 < age < 46.712
probabilities_array:[0.         0.         0.12378547 0.20144102 0.1169785  0.13452841
 0.05673867 0.09165325 0.0790069  0.10536055 0.06604892 0.01392465
 0.01053362]

rule4: blast_furnace_slag < 12.735
probabilities_array:[0.11621084 0.13904566 0.12148977 0.16193463 0.10864983 0.00723862
 0.11495879 0.01813916 0.05812388 0.         0.11743158 0.01888867
 0.01788861]

rule14: 181.213 < water < 195.550
probabilities_array:[0.12751736 0.1615493  0.06358466 0.11366322 0.1771802  0.11329712
 0.01620998 0.14637165 0.05339484 0.0174755  0.00530649 0.00086132
 0.00358836]

rule19: superplasticizer > 10.447
probabilities_array:[0.02797642 0.16467384 0.         0.         0.         0.21008374
 0.03783059 0.11819686 0.04909544 0.09478769 0.10980856 0.16806526
 0.01948152]

rule0: cement < 209.775
probabilities_array:[0.28744495 0.28339595 0.17725688 0.04085099 0.04480665 0.03247943
 0.06032603 0.00238201 0.04811615 0.01631709 0.00447729 0.
 0.00214665]

rule21: 922.572 < coarse_aggregate < 974.263
probabilities_array:[0.04579385 0.         0.16765207 0.01865665 0.071464   0.01558941
 0.21967271 0.05092378 0.04246984 0.1425226  0.1102144  0.10672319
 0.00831744]


---9---
rule9: 13.420 < fly_ash < 57.056
probabilities_array:[0.21773824 0.19980653 0.         0.         0.         0.
 0.         0.04875502 0.         0.21982461 0.1139183  0.19995737
 0.        ]

rule25: 723.537 < fine_aggregate < 776.084
probabilities_array:[0.         0.04241237 0.         0.         0.         0.31586304
 0.         0.02206205 0.0019674  0.2451648  0.         0.25141633
 0.12111399]

rule6: 69.651 < blast_furnace_slag < 126.567
probabilities_array:[0.00892775 0.14638415 0.09226703 0.         0.         0.
 0.         0.07564607 0.12628575 0.23688649 0.00480512 0.2103599
 0.09843762]

rule23: coarse_aggregate > 1025.955
probabilities_array:[0.16430329 0.09153368 0.05648659 0.         0.         0.
 0.00068466 0.05807274 0.02761316 0.22128548 0.12087672 0.21093383
 0.04820986]

rule31: age > 88.970
probabilities_array:[0.         0.         0.00666174 0.02098255 0.03090834 0.03587433
 0.03664744 0.16542798 0.13035959 0.17088993 0.18842022 0.21382798
 0.        ]

rule1: 209.775 < cement < 277.710
probabilities_array:[0.11814287 0.12634331 0.08798493 0.00124936 0.         0.13572022
 0.         0.04145473 0.14036037 0.17809755 0.         0.10130234
 0.06934433]

rule21: 922.572 < coarse_aggregate < 974.263
probabilities_array:[0.04579385 0.         0.16765207 0.01865665 0.071464   0.01558941
 0.21967271 0.05092378 0.04246984 0.1425226  0.1102144  0.10672319
 0.00831744]

rule30: 46.712 < age < 88.970
probabilities_array:[0.         0.         0.02019548 0.00435479 0.15438612 0.01548105
 0.08077373 0.01263328 0.21149096 0.14113003 0.15266296 0.20689142
 0.        ]

rule16: superplasticizer < 2.244
probabilities_array:[0.21151854 0.23347265 0.11073589 0.06867965 0.01017068 0.
 0.05379044 0.         0.         0.15098132 0.04563756 0.01242975
 0.10258356]

rule13: 166.875 < water < 181.213
probabilities_array:[0.07576704 0.0994798  0.05055003 0.08366171 0.01832158 0.09481803
 0.06831156 0.06790003 0.09125814 0.12999347 0.         0.21714485
 0.00279376]

rule2: 277.710 < cement < 345.646
probabilities_array:[0.0068184  0.08624227 0.04910384 0.         0.11055728 0.0242205
 0.19945928 0.06648028 0.02091585 0.12153412 0.09156787 0.16875495
 0.05434532]

rule11: fly_ash > 100.691
probabilities_array:[0.12390594 0.19185907 0.06757443 0.02784606 0.07982408 0.04133181
 0.13806766 0.07297222 0.00049005 0.11685601 0.11501634 0.
 0.02425633]

rule29: 4.453 < age < 46.712
probabilities_array:[0.         0.         0.12378547 0.20144102 0.1169785  0.13452841
 0.05673867 0.09165325 0.0790069  0.10536055 0.06604892 0.01392465
 0.01053362]

rule10: 57.056 < fly_ash < 100.691
probabilities_array:[0.02798145 0.00497461 0.08049203 0.15572815 0.08766242 0.22399655
 0.01404248 0.1064467  0.17270981 0.10293265 0.02047754 0.
 0.00255566]

rule27: fine_aggregate > 828.632
probabilities_array:[0.27367204 0.17069341 0.02973937 0.06787842 0.02462923 0.01266293
 0.23502249 0.03971432 0.0084361  0.10109524 0.         0.0012292
 0.03522729]

rule12: water < 166.875
probabilities_array:[0.0000000e+00 3.7237879e-02 0.0000000e+00 0.0000000e+00 0.0000000e+00
 0.0000000e+00 1.3084668e-01 5.6198468e-03 2.6064675e-04 1.1985710e-01
 2.6811689e-01 2.3631586e-01 2.0174503e-01]

rule19: superplasticizer > 10.447
probabilities_array:[0.02797642 0.16467384 0.         0.         0.         0.21008374
 0.03783059 0.11819686 0.04909544 0.09478769 0.10980856 0.16806526
 0.01948152]

rule24: fine_aggregate < 723.537
probabilities_array:[0.00207994 0.06128163 0.         0.00750362 0.         0.
 0.15153193 0.06870296 0.2301889  0.08949292 0.30295798 0.04601194
 0.04024813]

rule18: 6.346 < superplasticizer < 10.447
probabilities_array:[0.03945305 0.         0.05590167 0.0997955  0.19632648 0.01966062
 0.00792696 0.06920769 0.13933866 0.05994969 0.27641994 0.00164877
 0.03437116]

rule5: 12.735 < blast_furnace_slag < 69.651
probabilities_array:[0.11708757 0.         0.         0.06163447 0.         0.24510184
 0.04833024 0.02949698 0.         0.05891014 0.24270731 0.13562854
 0.06110292]


---10---
rule24: fine_aggregate < 723.537
probabilities_array:[0.00207994 0.06128163 0.         0.00750362 0.         0.
 0.15153193 0.06870296 0.2301889  0.08949292 0.30295798 0.04601194
 0.04024813]

rule18: 6.346 < superplasticizer < 10.447
probabilities_array:[0.03945305 0.         0.05590167 0.0997955  0.19632648 0.01966062
 0.00792696 0.06920769 0.13933866 0.05994969 0.27641994 0.00164877
 0.03437116]

rule8: fly_ash < 13.420
probabilities_array:[0.15531483 0.07729969 0.         0.         0.         0.
 0.00770404 0.00650386 0.11722159 0.         0.27733824 0.22074948
 0.13786827]

rule5: 12.735 < blast_furnace_slag < 69.651
probabilities_array:[0.11708757 0.         0.         0.06163447 0.         0.24510184
 0.04833024 0.02949698 0.         0.05891014 0.24270731 0.13562854
 0.06110292]

rule12: water < 166.875
probabilities_array:[0.0000000e+00 3.7237879e-02 0.0000000e+00 0.0000000e+00 0.0000000e+00
 0.0000000e+00 1.3084668e-01 5.6198468e-03 2.6064675e-04 1.1985710e-01
 2.6811689e-01 2.3631586e-01 2.0174503e-01]

rule3: cement > 345.646
probabilities_array:[0.0000000e+00 0.0000000e+00 0.0000000e+00 2.7015749e-02 2.0749765e-02
 2.4480581e-02 5.2833175e-03 3.1629127e-01 0.0000000e+00 2.1846610e-04
 2.3178440e-01 2.1837498e-01 1.5580145e-01]

rule31: age > 88.970
probabilities_array:[0.         0.         0.00666174 0.02098255 0.03090834 0.03587433
 0.03664744 0.16542798 0.13035959 0.17088993 0.18842022 0.21382798
 0.        ]

rule30: 46.712 < age < 88.970
probabilities_array:[0.         0.         0.02019548 0.00435479 0.15438612 0.01548105
 0.08077373 0.01263328 0.21149096 0.14113003 0.15266296 0.20689142
 0.        ]

rule4: blast_furnace_slag < 12.735
probabilities_array:[0.11621084 0.13904566 0.12148977 0.16193463 0.10864983 0.00723862
 0.11495879 0.01813916 0.05812388 0.         0.11743158 0.01888867
 0.01788861]

rule23: coarse_aggregate > 1025.955
probabilities_array:[0.16430329 0.09153368 0.05648659 0.         0.         0.
 0.00068466 0.05807274 0.02761316 0.22128548 0.12087672 0.21093383
 0.04820986]

rule9: 13.420 < fly_ash < 57.056
probabilities_array:[0.21773824 0.19980653 0.         0.         0.         0.
 0.         0.04875502 0.         0.21982461 0.1139183  0.19995737
 0.        ]

rule11: fly_ash > 100.691
probabilities_array:[0.12390594 0.19185907 0.06757443 0.02784606 0.07982408 0.04133181
 0.13806766 0.07297222 0.00049005 0.11685601 0.11501634 0.
 0.02425633]

rule21: 922.572 < coarse_aggregate < 974.263
probabilities_array:[0.04579385 0.         0.16765207 0.01865665 0.071464   0.01558941
 0.21967271 0.05092378 0.04246984 0.1425226  0.1102144  0.10672319
 0.00831744]

rule20: coarse_aggregate < 922.572
probabilities_array:[0.0942094  0.01440405 0.         0.08590703 0.04833951 0.21409652
 0.         0.04814359 0.20572317 0.         0.11410977 0.13251653
 0.04255047]

rule19: superplasticizer > 10.447
probabilities_array:[0.02797642 0.16467384 0.         0.         0.         0.21008374
 0.03783059 0.11819686 0.04909544 0.09478769 0.10980856 0.16806526
 0.01948152]

rule22: 974.263 < coarse_aggregate < 1025.955
probabilities_array:[0.         0.28049397 0.         0.01636148 0.         0.12308864
 0.15740612 0.08977853 0.12298457 0.01417947 0.09840105 0.
 0.09730614]

rule2: 277.710 < cement < 345.646
probabilities_array:[0.0068184  0.08624227 0.04910384 0.         0.11055728 0.0242205
 0.19945928 0.06648028 0.02091585 0.12153412 0.09156787 0.16875495
 0.05434532]

rule7: blast_furnace_slag > 126.567
probabilities_array:[0.02327313 0.         0.         0.25449386 0.19693625 0.1515979
 0.07067347 0.06659147 0.02768986 0.00475013 0.07950642 0.09348124
 0.03100641]

rule29: 4.453 < age < 46.712
probabilities_array:[0.         0.         0.12378547 0.20144102 0.1169785  0.13452841
 0.05673867 0.09165325 0.0790069  0.10536055 0.06604892 0.01392465
 0.01053362]

rule16: superplasticizer < 2.244
probabilities_array:[0.21151854 0.23347265 0.11073589 0.06867965 0.01017068 0.
 0.05379044 0.         0.         0.15098132 0.04563756 0.01242975
 0.10258356]


---11---
rule25: 723.537 < fine_aggregate < 776.084
probabilities_array:[0.         0.04241237 0.         0.         0.         0.31586304
 0.         0.02206205 0.0019674  0.2451648  0.         0.25141633
 0.12111399]

rule13: 166.875 < water < 181.213
probabilities_array:[0.07576704 0.0994798  0.05055003 0.08366171 0.01832158 0.09481803
 0.06831156 0.06790003 0.09125814 0.12999347 0.         0.21714485
 0.00279376]

rule31: age > 88.970
probabilities_array:[0.         0.         0.00666174 0.02098255 0.03090834 0.03587433
 0.03664744 0.16542798 0.13035959 0.17088993 0.18842022 0.21382798
 0.        ]

rule30: 46.712 < age < 88.970
probabilities_array:[0.         0.         0.02019548 0.00435479 0.15438612 0.01548105
 0.08077373 0.01263328 0.21149096 0.14113003 0.15266296 0.20689142
 0.        ]

rule23: coarse_aggregate > 1025.955
probabilities_array:[0.16430329 0.09153368 0.05648659 0.         0.         0.
 0.00068466 0.05807274 0.02761316 0.22128548 0.12087672 0.21093383
 0.04820986]

rule9: 13.420 < fly_ash < 57.056
probabilities_array:[0.21773824 0.19980653 0.         0.         0.         0.
 0.         0.04875502 0.         0.21982461 0.1139183  0.19995737
 0.        ]

rule26: 776.084 < fine_aggregate < 828.632
probabilities_array:[0.03783401 0.09809937 0.0611046  0.04120553 0.04397317 0.00244307
 0.15502055 0.13569368 0.18641862 0.02653577 0.00329922 0.19623339
 0.01213905]

rule8: fly_ash < 13.420
probabilities_array:[0.15531483 0.07729969 0.         0.         0.         0.
 0.00770404 0.00650386 0.11722159 0.         0.27733824 0.22074948
 0.13786827]

rule6: 69.651 < blast_furnace_slag < 126.567
probabilities_array:[0.00892775 0.14638415 0.09226703 0.         0.         0.
 0.         0.07564607 0.12628575 0.23688649 0.00480512 0.2103599
 0.09843762]

rule12: water < 166.875
probabilities_array:[0.0000000e+00 3.7237879e-02 0.0000000e+00 0.0000000e+00 0.0000000e+00
 0.0000000e+00 1.3084668e-01 5.6198468e-03 2.6064675e-04 1.1985710e-01
 2.6811689e-01 2.3631586e-01 2.0174503e-01]

rule3: cement > 345.646
probabilities_array:[0.0000000e+00 0.0000000e+00 0.0000000e+00 2.7015749e-02 2.0749765e-02
 2.4480581e-02 5.2833175e-03 3.1629127e-01 0.0000000e+00 2.1846610e-04
 2.3178440e-01 2.1837498e-01 1.5580145e-01]

rule19: superplasticizer > 10.447
probabilities_array:[0.02797642 0.16467384 0.         0.         0.         0.21008374
 0.03783059 0.11819686 0.04909544 0.09478769 0.10980856 0.16806526
 0.01948152]

rule2: 277.710 < cement < 345.646
probabilities_array:[0.0068184  0.08624227 0.04910384 0.         0.11055728 0.0242205
 0.19945928 0.06648028 0.02091585 0.12153412 0.09156787 0.16875495
 0.05434532]

rule5: 12.735 < blast_furnace_slag < 69.651
probabilities_array:[0.11708757 0.         0.         0.06163447 0.         0.24510184
 0.04833024 0.02949698 0.         0.05891014 0.24270731 0.13562854
 0.06110292]

rule20: coarse_aggregate < 922.572
probabilities_array:[0.0942094  0.01440405 0.         0.08590703 0.04833951 0.21409652
 0.         0.04814359 0.20572317 0.         0.11410977 0.13251653
 0.04255047]

rule21: 922.572 < coarse_aggregate < 974.263
probabilities_array:[0.04579385 0.         0.16765207 0.01865665 0.071464   0.01558941
 0.21967271 0.05092378 0.04246984 0.1425226  0.1102144  0.10672319
 0.00831744]

rule1: 209.775 < cement < 277.710
probabilities_array:[0.11814287 0.12634331 0.08798493 0.00124936 0.         0.13572022
 0.         0.04145473 0.14036037 0.17809755 0.         0.10130234
 0.06934433]

rule7: blast_furnace_slag > 126.567
probabilities_array:[0.02327313 0.         0.         0.25449386 0.19693625 0.1515979
 0.07067347 0.06659147 0.02768986 0.00475013 0.07950642 0.09348124
 0.03100641]

rule24: fine_aggregate < 723.537
probabilities_array:[0.00207994 0.06128163 0.         0.00750362 0.         0.
 0.15153193 0.06870296 0.2301889  0.08949292 0.30295798 0.04601194
 0.04024813]

