R2: 0.8300555933825516

MAE: 2846.122114054193

MSE: 25652474.437627602

Accuracy: 0.4819004524886878

F1: 0.45498102073363583

Confusion Matrix: [[42, 7, 0, 0, 0, 0, 0, 0], [13, 15, 21, 0, 0, 0, 0, 0], [2, 2, 26, 4, 0, 0, 2, 1], [0, 0, 5, 36, 0, 1, 0, 7], [2, 0, 0, 6, 0, 3, 19, 37], [0, 1, 2, 1, 1, 12, 14, 42], [4, 4, 2, 2, 0, 0, 30, 21], [0, 0, 0, 0, 0, 0, 3, 52]]

Uncertainties: {'class0': [0.0030933248344808817, 0.03267168626189232, 0.042580801993608475, 0.16114363074302673, 0.17015601694583893], 'class1': [0.0, 0.0030933248344808817, 0.009686082601547241, 0.03267168626189232, 0.042580801993608475], 'class2': [0.0, 0.0, 0.0030933248344808817, 0.009686082601547241, 0.042580801993608475], 'class3': [0.0, 0.0, 0.0030933248344808817, 0.009686082601547241, 0.042580801993608475], 'class4': [0.0, 0.001512375776655972, 0.0030933248344808817, 0.009686082601547241, 0.042580801993608475], 'class5': [0.0, 0.0, 0.001512375776655972, 0.0030933248344808817, 0.009686082601547241], 'class6': [0.0, 0.0, 0.001512375776655972, 0.009686082601547241, 0.03267168626189232], 'class7': [0.0, 0.001512375776655972, 0.009686082601547241, 0.03267168626189232, 0.08790364861488342]}

Most important rules
-----------------------------

---0---
rule0: age < 28.930
probabilities_array:[0.30355853 0.30556887 0.         0.         0.         0.
 0.14519018 0.21301073 0.03267169]

rule23: region_southwest = 1.0
probabilities_array:[0.28233922 0.00454282 0.11829598 0.00873172 0.03871864 0.
 0.17855076 0.2076772  0.16114363]

rule8: children = 0.0
probabilities_array:[0.28461602 0.         0.00127374 0.00620908 0.         0.12967902
 0.052149   0.31210098 0.21397224]

rule16: smoker_yes = 0.0
probabilities_array:[0.17977962 0.18337819 0.18559656 0.19269642 0.15948899 0.09024876
 0.00323286 0.00248526 0.00309332]

rule21: region_southeast = 1.0
probabilities_array:[0.20689279 0.         0.06155415 0.0006775  0.01985926 0.
 0.28248656 0.25837377 0.17015602]

rule15: sex_male = 1.0
probabilities_array:[0.18232225 0.         0.         0.00850397 0.01507722 0.
 0.35360268 0.2592811  0.18121283]

rule4: bmi < 26.397
probabilities_array:[0.08580828 0.14552107 0.10277783 0.14490485 0.0462174  0.06961682
 0.36257297 0.         0.0425808 ]

rule19: region_northwest = 1.0
probabilities_array:[0.06278984 0.         0.16449147 0.04408547 0.         0.
 0.24805379 0.16889961 0.31167987]


---1---
rule0: age < 28.930
probabilities_array:[0.30355853 0.30556887 0.         0.         0.         0.
 0.14519018 0.21301073 0.03267169]

rule16: smoker_yes = 0.0
probabilities_array:[0.17977962 0.18337819 0.18559656 0.19269642 0.15948899 0.09024876
 0.00323286 0.00248526 0.00309332]

rule4: bmi < 26.397
probabilities_array:[0.08580828 0.14552107 0.10277783 0.14490485 0.0462174  0.06961682
 0.36257297 0.         0.0425808 ]

rule10: children = 2.0
probabilities_array:[0.00310596 0.12423214 0.17570537 0.18367802 0.06632884 0.06968945
 0.12779763 0.23977642 0.00968608]

rule12: children = 4.0
probabilities_array:[0.         0.12882896 0.00705433 0.14298506 0.26962632 0.
 0.30176294 0.         0.14974244]

rule11: children = 3.0
probabilities_array:[0.         0.10081229 0.17288035 0.15555497 0.03808842 0.06353718
 0.20734535 0.26178148 0.        ]

rule1: 28.930 < age < 38.268
probabilities_array:[0.         0.1067661  0.3654343  0.         0.         0.
 0.21444862 0.22544736 0.08790365]

rule6: 30.491 < bmi < 34.584
probabilities_array:[0.         0.13952002 0.         0.10309764 0.01924334 0.01053091
 0.         0.41273245 0.31487563]

rule9: children = 1.0
probabilities_array:[0.         0.10459221 0.18936902 0.18222515 0.02415175 0.
 0.1960305  0.19478469 0.10884669]

rule14: sex_male = 0.0
probabilities_array:[0.         0.07474215 0.14241092 0.10769908 0.         0.0489925
 0.27324048 0.16943109 0.18348385]

rule20: region_southeast = 0.0
probabilities_array:[1.7051600e-05 7.9882771e-02 1.0315032e-02 6.6311836e-02 2.9394450e-02
 1.0565971e-01 1.9050355e-01 2.2647032e-01 2.9144523e-01]

rule5: 26.397 < bmi < 30.491
probabilities_array:[0.         0.07845473 0.04699395 0.11399353 0.         0.
 0.41105375 0.         0.349504  ]


---2---
rule1: 28.930 < age < 38.268
probabilities_array:[0.         0.1067661  0.3654343  0.         0.         0.
 0.21444862 0.22544736 0.08790365]

rule13: children = 5.0
probabilities_array:[0.         0.         0.23570359 0.11648442 0.19642644 0.2781616
 0.17322396 0.         0.        ]

rule16: smoker_yes = 0.0
probabilities_array:[0.17977962 0.18337819 0.18559656 0.19269642 0.15948899 0.09024876
 0.00323286 0.00248526 0.00309332]

rule10: children = 2.0
probabilities_array:[0.00310596 0.12423214 0.17570537 0.18367802 0.06632884 0.06968945
 0.12779763 0.23977642 0.00968608]

rule11: children = 3.0
probabilities_array:[0.         0.10081229 0.17288035 0.15555497 0.03808842 0.06353718
 0.20734535 0.26178148 0.        ]

rule9: children = 1.0
probabilities_array:[0.         0.10459221 0.18936902 0.18222515 0.02415175 0.
 0.1960305  0.19478469 0.10884669]

rule14: sex_male = 0.0
probabilities_array:[0.         0.07474215 0.14241092 0.10769908 0.         0.0489925
 0.27324048 0.16943109 0.18348385]

rule19: region_northwest = 1.0
probabilities_array:[0.06278984 0.         0.16449147 0.04408547 0.         0.
 0.24805379 0.16889961 0.31167987]

rule23: region_southwest = 1.0
probabilities_array:[0.28233922 0.00454282 0.11829598 0.00873172 0.03871864 0.
 0.17855076 0.2076772  0.16114363]

rule4: bmi < 26.397
probabilities_array:[0.08580828 0.14552107 0.10277783 0.14490485 0.0462174  0.06961682
 0.36257297 0.         0.0425808 ]

rule21: region_southeast = 1.0
probabilities_array:[0.20689279 0.         0.06155415 0.0006775  0.01985926 0.
 0.28248656 0.25837377 0.17015602]


---3---
rule2: 38.268 < age < 47.605
probabilities_array:[0.         0.         0.         0.35260704 0.         0.
 0.19473125 0.3414047  0.11125707]

rule16: smoker_yes = 0.0
probabilities_array:[0.17977962 0.18337819 0.18559656 0.19269642 0.15948899 0.09024876
 0.00323286 0.00248526 0.00309332]

rule10: children = 2.0
probabilities_array:[0.00310596 0.12423214 0.17570537 0.18367802 0.06632884 0.06968945
 0.12779763 0.23977642 0.00968608]

rule9: children = 1.0
probabilities_array:[0.         0.10459221 0.18936902 0.18222515 0.02415175 0.
 0.1960305  0.19478469 0.10884669]

rule11: children = 3.0
probabilities_array:[0.         0.10081229 0.17288035 0.15555497 0.03808842 0.06353718
 0.20734535 0.26178148 0.        ]

rule4: bmi < 26.397
probabilities_array:[0.08580828 0.14552107 0.10277783 0.14490485 0.0462174  0.06961682
 0.36257297 0.         0.0425808 ]

rule12: children = 4.0
probabilities_array:[0.         0.12882896 0.00705433 0.14298506 0.26962632 0.
 0.30176294 0.         0.14974244]

rule13: children = 5.0
probabilities_array:[0.         0.         0.23570359 0.11648442 0.19642644 0.2781616
 0.17322396 0.         0.        ]

rule14: sex_male = 0.0
probabilities_array:[0.         0.07474215 0.14241092 0.10769908 0.         0.0489925
 0.27324048 0.16943109 0.18348385]

rule5: 26.397 < bmi < 30.491
probabilities_array:[0.         0.07845473 0.04699395 0.11399353 0.         0.
 0.41105375 0.         0.349504  ]

rule6: 30.491 < bmi < 34.584
probabilities_array:[0.         0.13952002 0.         0.10309764 0.01924334 0.01053091
 0.         0.41273245 0.31487563]

rule20: region_southeast = 0.0
probabilities_array:[1.7051600e-05 7.9882771e-02 1.0315032e-02 6.6311836e-02 2.9394450e-02
 1.0565971e-01 1.9050355e-01 2.2647032e-01 2.9144523e-01]


---4---
rule3: age > 47.605
probabilities_array:[0.         0.         0.         0.00314514 0.2684937  0.2704967
 0.18682475 0.26952732 0.00151238]

rule12: children = 4.0
probabilities_array:[0.         0.12882896 0.00705433 0.14298506 0.26962632 0.
 0.30176294 0.         0.14974244]

rule13: children = 5.0
probabilities_array:[0.         0.         0.23570359 0.11648442 0.19642644 0.2781616
 0.17322396 0.         0.        ]

rule16: smoker_yes = 0.0
probabilities_array:[0.17977962 0.18337819 0.18559656 0.19269642 0.15948899 0.09024876
 0.00323286 0.00248526 0.00309332]

rule10: children = 2.0
probabilities_array:[0.00310596 0.12423214 0.17570537 0.18367802 0.06632884 0.06968945
 0.12779763 0.23977642 0.00968608]

rule4: bmi < 26.397
probabilities_array:[0.08580828 0.14552107 0.10277783 0.14490485 0.0462174  0.06961682
 0.36257297 0.         0.0425808 ]


---5---
rule13: children = 5.0
probabilities_array:[0.         0.         0.23570359 0.11648442 0.19642644 0.2781616
 0.17322396 0.         0.        ]

rule3: age > 47.605
probabilities_array:[0.         0.         0.         0.00314514 0.2684937  0.2704967
 0.18682475 0.26952732 0.00151238]

rule8: children = 0.0
probabilities_array:[0.28461602 0.         0.00127374 0.00620908 0.         0.12967902
 0.052149   0.31210098 0.21397224]

rule16: smoker_yes = 0.0
probabilities_array:[0.17977962 0.18337819 0.18559656 0.19269642 0.15948899 0.09024876
 0.00323286 0.00248526 0.00309332]

rule20: region_southeast = 0.0
probabilities_array:[1.7051600e-05 7.9882771e-02 1.0315032e-02 6.6311836e-02 2.9394450e-02
 1.0565971e-01 1.9050355e-01 2.2647032e-01 2.9144523e-01]

rule10: children = 2.0
probabilities_array:[0.00310596 0.12423214 0.17570537 0.18367802 0.06632884 0.06968945
 0.12779763 0.23977642 0.00968608]

rule4: bmi < 26.397
probabilities_array:[0.08580828 0.14552107 0.10277783 0.14490485 0.0462174  0.06961682
 0.36257297 0.         0.0425808 ]

rule11: children = 3.0
probabilities_array:[0.         0.10081229 0.17288035 0.15555497 0.03808842 0.06353718
 0.20734535 0.26178148 0.        ]

rule14: sex_male = 0.0
probabilities_array:[0.         0.07474215 0.14241092 0.10769908 0.         0.0489925
 0.27324048 0.16943109 0.18348385]


---6---
rule4: bmi < 26.397
probabilities_array:[0.08580828 0.14552107 0.10277783 0.14490485 0.0462174  0.06961682
 0.36257297 0.         0.0425808 ]

rule15: sex_male = 1.0
probabilities_array:[0.18232225 0.         0.         0.00850397 0.01507722 0.
 0.35360268 0.2592811  0.18121283]

rule5: 26.397 < bmi < 30.491
probabilities_array:[0.         0.07845473 0.04699395 0.11399353 0.         0.
 0.41105375 0.         0.349504  ]

rule12: children = 4.0
probabilities_array:[0.         0.12882896 0.00705433 0.14298506 0.26962632 0.
 0.30176294 0.         0.14974244]

rule21: region_southeast = 1.0
probabilities_array:[0.20689279 0.         0.06155415 0.0006775  0.01985926 0.
 0.28248656 0.25837377 0.17015602]

rule14: sex_male = 0.0
probabilities_array:[0.         0.07474215 0.14241092 0.10769908 0.         0.0489925
 0.27324048 0.16943109 0.18348385]

rule17: smoker_yes = 1.0
probabilities_array:[0.         0.         0.         0.         0.         0.
 0.31612974 0.34368214 0.34018818]

rule11: children = 3.0
probabilities_array:[0.         0.10081229 0.17288035 0.15555497 0.03808842 0.06353718
 0.20734535 0.26178148 0.        ]

rule1: 28.930 < age < 38.268
probabilities_array:[0.         0.1067661  0.3654343  0.         0.         0.
 0.21444862 0.22544736 0.08790365]

rule3: age > 47.605
probabilities_array:[0.         0.         0.         0.00314514 0.2684937  0.2704967
 0.18682475 0.26952732 0.00151238]

rule9: children = 1.0
probabilities_array:[0.         0.10459221 0.18936902 0.18222515 0.02415175 0.
 0.1960305  0.19478469 0.10884669]

rule13: children = 5.0
probabilities_array:[0.         0.         0.23570359 0.11648442 0.19642644 0.2781616
 0.17322396 0.         0.        ]

rule2: 38.268 < age < 47.605
probabilities_array:[0.         0.         0.         0.35260704 0.         0.
 0.19473125 0.3414047  0.11125707]

rule19: region_northwest = 1.0
probabilities_array:[0.06278984 0.         0.16449147 0.04408547 0.         0.
 0.24805379 0.16889961 0.31167987]

rule18: region_northwest = 0.0
probabilities_array:[0.         0.01149337 0.         0.04394521 0.         0.
 0.23436783 0.36091837 0.3492752 ]

rule23: region_southwest = 1.0
probabilities_array:[0.28233922 0.00454282 0.11829598 0.00873172 0.03871864 0.
 0.17855076 0.2076772  0.16114363]

rule0: age < 28.930
probabilities_array:[0.30355853 0.30556887 0.         0.         0.         0.
 0.14519018 0.21301073 0.03267169]

rule20: region_southeast = 0.0
probabilities_array:[1.7051600e-05 7.9882771e-02 1.0315032e-02 6.6311836e-02 2.9394450e-02
 1.0565971e-01 1.9050355e-01 2.2647032e-01 2.9144523e-01]

rule10: children = 2.0
probabilities_array:[0.00310596 0.12423214 0.17570537 0.18367802 0.06632884 0.06968945
 0.12779763 0.23977642 0.00968608]

rule22: region_southwest = 0.0
probabilities_array:[0.         0.         0.01060994 0.02380749 0.         0.01690451
 0.19813626 0.34054685 0.40999502]

rule8: children = 0.0
probabilities_array:[0.28461602 0.         0.00127374 0.00620908 0.         0.12967902
 0.052149   0.31210098 0.21397224]


---7---
rule2: 38.268 < age < 47.605
probabilities_array:[0.         0.         0.         0.35260704 0.         0.
 0.19473125 0.3414047  0.11125707]

rule6: 30.491 < bmi < 34.584
probabilities_array:[0.         0.13952002 0.         0.10309764 0.01924334 0.01053091
 0.         0.41273245 0.31487563]

rule3: age > 47.605
probabilities_array:[0.         0.         0.         0.00314514 0.2684937  0.2704967
 0.18682475 0.26952732 0.00151238]

rule11: children = 3.0
probabilities_array:[0.         0.10081229 0.17288035 0.15555497 0.03808842 0.06353718
 0.20734535 0.26178148 0.        ]

rule8: children = 0.0
probabilities_array:[0.28461602 0.         0.00127374 0.00620908 0.         0.12967902
 0.052149   0.31210098 0.21397224]

rule10: children = 2.0
probabilities_array:[0.00310596 0.12423214 0.17570537 0.18367802 0.06632884 0.06968945
 0.12779763 0.23977642 0.00968608]

rule18: region_northwest = 0.0
probabilities_array:[0.         0.01149337 0.         0.04394521 0.         0.
 0.23436783 0.36091837 0.3492752 ]

rule17: smoker_yes = 1.0
probabilities_array:[0.         0.         0.         0.         0.         0.
 0.31612974 0.34368214 0.34018818]

rule7: bmi > 34.584
probabilities_array:[0.01471733 0.         0.06131948 0.         0.         0.04849911
 0.         0.40935245 0.46611157]

rule21: region_southeast = 1.0
probabilities_array:[0.20689279 0.         0.06155415 0.0006775  0.01985926 0.
 0.28248656 0.25837377 0.17015602]

rule15: sex_male = 1.0
probabilities_array:[0.18232225 0.         0.         0.00850397 0.01507722 0.
 0.35360268 0.2592811  0.18121283]

rule0: age < 28.930
probabilities_array:[0.30355853 0.30556887 0.         0.         0.         0.
 0.14519018 0.21301073 0.03267169]

rule1: 28.930 < age < 38.268
probabilities_array:[0.         0.1067661  0.3654343  0.         0.         0.
 0.21444862 0.22544736 0.08790365]

rule22: region_southwest = 0.0
probabilities_array:[0.         0.         0.01060994 0.02380749 0.         0.01690451
 0.19813626 0.34054685 0.40999502]

rule23: region_southwest = 1.0
probabilities_array:[0.28233922 0.00454282 0.11829598 0.00873172 0.03871864 0.
 0.17855076 0.2076772  0.16114363]

rule9: children = 1.0
probabilities_array:[0.         0.10459221 0.18936902 0.18222515 0.02415175 0.
 0.1960305  0.19478469 0.10884669]

rule20: region_southeast = 0.0
probabilities_array:[1.7051600e-05 7.9882771e-02 1.0315032e-02 6.6311836e-02 2.9394450e-02
 1.0565971e-01 1.9050355e-01 2.2647032e-01 2.9144523e-01]

rule14: sex_male = 0.0
probabilities_array:[0.         0.07474215 0.14241092 0.10769908 0.         0.0489925
 0.27324048 0.16943109 0.18348385]

rule19: region_northwest = 1.0
probabilities_array:[0.06278984 0.         0.16449147 0.04408547 0.         0.
 0.24805379 0.16889961 0.31167987]

