R2: 0.8368814873471452

MAE: 2706.290098129189

MSE: 22700445.763360888

Accuracy: 0.5226244343891403

F1: 0.5277240336800687

Confusion Matrix: [[29, 1, 1, 0, 0, 0, 0, 0, 0, 0, 0], [13, 30, 1, 0, 0, 0, 0, 0, 0, 0, 0], [0, 10, 22, 12, 0, 0, 0, 0, 0, 0, 0], [1, 0, 13, 14, 7, 0, 0, 0, 0, 0, 0], [0, 1, 0, 5, 23, 3, 1, 1, 0, 0, 0], [0, 0, 0, 1, 16, 14, 10, 11, 0, 0, 0], [1, 2, 1, 0, 0, 8, 13, 14, 0, 0, 0], [1, 0, 0, 0, 1, 5, 10, 20, 1, 0, 0], [0, 0, 4, 2, 2, 2, 5, 6, 26, 5, 0], [1, 2, 1, 0, 2, 1, 2, 5, 9, 14, 3], [0, 0, 0, 0, 0, 0, 0, 0, 5, 2, 26]]

Uncertainties: {'class0': [0.0, 0.0006053622346371412, 0.037107355892658234, 0.07605220377445221, 0.14027409255504608], 'class1': [0.0, 0.0, 0.0006053622346371412, 0.028107868507504463, 0.037107355892658234], 'class2': [0.0, 0.0, 0.0, 0.0, 0.0006053622346371412], 'class3': [0.0, 0.0, 0.0, 0.0, 0.018636619672179222], 'class4': [0.0, 0.0, 0.028107868507504463, 0.037107355892658234, 0.045723263174295425], 'class5': [0.0, 0.0, 0.0, 0.00022985348186921328, 0.028107868507504463], 'class6': [0.0, 0.0, 0.0, 0.0, 0.00022985348186921328], 'class7': [0.0, 0.0, 0.0, 0.0, 0.00022985348186921328], 'class8': [0.0, 0.0, 0.0, 0.0006053622346371412, 0.018636619672179222], 'class9': [0.0, 0.0, 0.00022985348186921328, 0.0006053622346371412, 0.028107868507504463], 'class10': [0.0, 0.0, 0.00022985348186921328, 0.018636619672179222, 0.028107868507504463]}

Most important rules
-----------------------------

---0---
rule0: age < 29.829
probabilities_array:[0.25328574 0.24726838 0.11354063 0.         0.         0.
 0.         0.         0.18989024 0.16514486 0.03026479 0.00060536]

rule21: region_southeast = 1.0
probabilities_array:[0.27569845 0.         0.         0.01242582 0.07596583 0.
 0.         0.         0.12046897 0.07450196 0.23342572 0.2075133 ]

rule23: region_southwest = 1.0
probabilities_array:[2.4649751e-01 0.0000000e+00 5.3692754e-02 1.0711473e-02 1.3210995e-01
 4.1003451e-02 0.0000000e+00 3.0444166e-05 3.2964952e-02 1.9439238e-01
 1.3978706e-01 1.4880991e-01]

rule8: children = 0.0
probabilities_array:[0.21789362 0.06991074 0.00922176 0.         0.0451741  0.
 0.         0.14877537 0.04290381 0.16562922 0.13595344 0.16453783]

rule16: smoker_yes = 0.0
probabilities_array:[0.1124921  0.10208171 0.12674789 0.14662287 0.15603988 0.11500708
 0.11941535 0.12013076 0.         0.00146241 0.         0.        ]

rule15: sex_male = 1.0
probabilities_array:[0.12887104 0.00367535 0.00205547 0.00133344 0.00322246 0.0851147
 0.00326929 0.00157419 0.18958135 0.19603121 0.24499746 0.1402741 ]

rule4: bmi < 26.678
probabilities_array:[0.08341529 0.11944426 0.09792209 0.04689865 0.06827099 0.05473202
 0.02554245 0.04402542 0.31006184 0.11257965 0.         0.03710736]

rule19: region_northwest = 1.0
probabilities_array:[0.07042608 0.         0.00929922 0.11706141 0.13824771 0.
 0.02859817 0.01085972 0.21016268 0.08281098 0.18986093 0.14267313]

rule5: 26.678 < bmi < 30.737
probabilities_array:[0.05095393 0.05348429 0.14450122 0.03637072 0.0450866  0.01298515
 0.00991361 0.01406614 0.28657585 0.2700103  0.         0.0760522 ]


---1---
rule0: age < 29.829
probabilities_array:[0.25328574 0.24726838 0.11354063 0.         0.         0.
 0.         0.         0.18989024 0.16514486 0.03026479 0.00060536]

rule9: children = 1.0
probabilities_array:[0.03012071 0.12798649 0.14956845 0.07503022 0.11895086 0.07572158
 0.03111524 0.         0.08364397 0.12067459 0.15907998 0.02810787]

rule14: sex_male = 0.0
probabilities_array:[0.         0.15010619 0.02365239 0.06757574 0.10809176 0.
 0.01338993 0.0605586  0.12110153 0.14406952 0.12188802 0.1895664 ]

rule4: bmi < 26.678
probabilities_array:[0.08341529 0.11944426 0.09792209 0.04689865 0.06827099 0.05473202
 0.02554245 0.04402542 0.31006184 0.11257965 0.         0.03710736]

rule16: smoker_yes = 0.0
probabilities_array:[0.1124921  0.10208171 0.12674789 0.14662287 0.15603988 0.11500708
 0.11941535 0.12013076 0.         0.00146241 0.         0.        ]

rule22: region_southwest = 0.0
probabilities_array:[0.         0.09613058 0.00486701 0.03860964 0.00442685 0.00306412
 0.05093494 0.00539381 0.20983866 0.12132867 0.27077407 0.19463159]

rule8: children = 0.0
probabilities_array:[0.21789362 0.06991074 0.00922176 0.         0.0451741  0.
 0.         0.14877537 0.04290381 0.16562922 0.13595344 0.16453783]

rule20: region_southeast = 0.0
probabilities_array:[0.         0.06211539 0.03613514 0.04860261 0.02130776 0.04574877
 0.12041745 0.00750754 0.193922   0.20876811 0.14633319 0.10914214]

rule5: 26.678 < bmi < 30.737
probabilities_array:[0.05095393 0.05348429 0.14450122 0.03637072 0.0450866  0.01298515
 0.00991361 0.01406614 0.28657585 0.2700103  0.         0.0760522 ]

rule10: children = 2.0
probabilities_array:[0.         0.04238912 0.08627174 0.15227933 0.11806484 0.09221415
 0.06072738 0.08467353 0.07605834 0.11599525 0.17132632 0.        ]


---2---
rule1: 29.829 < age < 39.260
probabilities_array:[0.         0.         0.25735512 0.26927677 0.         0.
 0.         0.         0.26147482 0.         0.19325672 0.01863662]

rule9: children = 1.0
probabilities_array:[0.03012071 0.12798649 0.14956845 0.07503022 0.11895086 0.07572158
 0.03111524 0.         0.08364397 0.12067459 0.15907998 0.02810787]

rule5: 26.678 < bmi < 30.737
probabilities_array:[0.05095393 0.05348429 0.14450122 0.03637072 0.0450866  0.01298515
 0.00991361 0.01406614 0.28657585 0.2700103  0.         0.0760522 ]

rule16: smoker_yes = 0.0
probabilities_array:[0.1124921  0.10208171 0.12674789 0.14662287 0.15603988 0.11500708
 0.11941535 0.12013076 0.         0.00146241 0.         0.        ]

rule6: 30.737 < bmi < 34.796
probabilities_array:[0.04337935 0.         0.14271118 0.03395091 0.02427967 0.00153164
 0.02019848 0.08598071 0.         0.14778787 0.3214052  0.17877494]

rule13: children = 5.0
probabilities_array:[0.         0.         0.12871104 0.12715831 0.09745655 0.29795197
 0.         0.         0.2524327  0.         0.         0.09628938]

rule0: age < 29.829
probabilities_array:[0.25328574 0.24726838 0.11354063 0.         0.         0.
 0.         0.         0.18989024 0.16514486 0.03026479 0.00060536]

rule4: bmi < 26.678
probabilities_array:[0.08341529 0.11944426 0.09792209 0.04689865 0.06827099 0.05473202
 0.02554245 0.04402542 0.31006184 0.11257965 0.         0.03710736]

rule10: children = 2.0
probabilities_array:[0.         0.04238912 0.08627174 0.15227933 0.11806484 0.09221415
 0.06072738 0.08467353 0.07605834 0.11599525 0.17132632 0.        ]

rule11: children = 3.0
probabilities_array:[0.         0.00087046 0.07060923 0.14097014 0.01951618 0.11576344
 0.08897708 0.12552069 0.09292082 0.15265368 0.19219819 0.        ]

rule12: children = 4.0
probabilities_array:[0.         0.         0.06636769 0.14021116 0.         0.
 0.27568334 0.25042638 0.26731136 0.         0.         0.        ]

rule23: region_southwest = 1.0
probabilities_array:[2.4649751e-01 0.0000000e+00 5.3692754e-02 1.0711473e-02 1.3210995e-01
 4.1003451e-02 0.0000000e+00 3.0444166e-05 3.2964952e-02 1.9439238e-01
 1.3978706e-01 1.4880991e-01]


---3---
rule1: 29.829 < age < 39.260
probabilities_array:[0.         0.         0.25735512 0.26927677 0.         0.
 0.         0.         0.26147482 0.         0.19325672 0.01863662]

rule10: children = 2.0
probabilities_array:[0.         0.04238912 0.08627174 0.15227933 0.11806484 0.09221415
 0.06072738 0.08467353 0.07605834 0.11599525 0.17132632 0.        ]

rule16: smoker_yes = 0.0
probabilities_array:[0.1124921  0.10208171 0.12674789 0.14662287 0.15603988 0.11500708
 0.11941535 0.12013076 0.         0.00146241 0.         0.        ]

rule11: children = 3.0
probabilities_array:[0.         0.00087046 0.07060923 0.14097014 0.01951618 0.11576344
 0.08897708 0.12552069 0.09292082 0.15265368 0.19219819 0.        ]

rule12: children = 4.0
probabilities_array:[0.         0.         0.06636769 0.14021116 0.         0.
 0.27568334 0.25042638 0.26731136 0.         0.         0.        ]

rule13: children = 5.0
probabilities_array:[0.         0.         0.12871104 0.12715831 0.09745655 0.29795197
 0.         0.         0.2524327  0.         0.         0.09628938]

rule19: region_northwest = 1.0
probabilities_array:[0.07042608 0.         0.00929922 0.11706141 0.13824771 0.
 0.02859817 0.01085972 0.21016268 0.08281098 0.18986093 0.14267313]

rule9: children = 1.0
probabilities_array:[0.03012071 0.12798649 0.14956845 0.07503022 0.11895086 0.07572158
 0.03111524 0.         0.08364397 0.12067459 0.15907998 0.02810787]

rule14: sex_male = 0.0
probabilities_array:[0.         0.15010619 0.02365239 0.06757574 0.10809176 0.
 0.01338993 0.0605586  0.12110153 0.14406952 0.12188802 0.1895664 ]

rule4: bmi < 26.678
probabilities_array:[0.08341529 0.11944426 0.09792209 0.04689865 0.06827099 0.05473202
 0.02554245 0.04402542 0.31006184 0.11257965 0.         0.03710736]

rule20: region_southeast = 0.0
probabilities_array:[0.         0.06211539 0.03613514 0.04860261 0.02130776 0.04574877
 0.12041745 0.00750754 0.193922   0.20876811 0.14633319 0.10914214]


---4---
rule2: 39.260 < age < 48.691
probabilities_array:[0.         0.         0.         0.         0.25892574 0.26244074
 0.00124896 0.         0.11312567 0.10320684 0.21532881 0.04572326]

rule16: smoker_yes = 0.0
probabilities_array:[0.1124921  0.10208171 0.12674789 0.14662287 0.15603988 0.11500708
 0.11941535 0.12013076 0.         0.00146241 0.         0.        ]

rule19: region_northwest = 1.0
probabilities_array:[0.07042608 0.         0.00929922 0.11706141 0.13824771 0.
 0.02859817 0.01085972 0.21016268 0.08281098 0.18986093 0.14267313]

rule10: children = 2.0
probabilities_array:[0.         0.04238912 0.08627174 0.15227933 0.11806484 0.09221415
 0.06072738 0.08467353 0.07605834 0.11599525 0.17132632 0.        ]

rule9: children = 1.0
probabilities_array:[0.03012071 0.12798649 0.14956845 0.07503022 0.11895086 0.07572158
 0.03111524 0.         0.08364397 0.12067459 0.15907998 0.02810787]

rule23: region_southwest = 1.0
probabilities_array:[2.4649751e-01 0.0000000e+00 5.3692754e-02 1.0711473e-02 1.3210995e-01
 4.1003451e-02 0.0000000e+00 3.0444166e-05 3.2964952e-02 1.9439238e-01
 1.3978706e-01 1.4880991e-01]

rule13: children = 5.0
probabilities_array:[0.         0.         0.12871104 0.12715831 0.09745655 0.29795197
 0.         0.         0.2524327  0.         0.         0.09628938]

rule14: sex_male = 0.0
probabilities_array:[0.         0.15010619 0.02365239 0.06757574 0.10809176 0.
 0.01338993 0.0605586  0.12110153 0.14406952 0.12188802 0.1895664 ]

rule4: bmi < 26.678
probabilities_array:[0.08341529 0.11944426 0.09792209 0.04689865 0.06827099 0.05473202
 0.02554245 0.04402542 0.31006184 0.11257965 0.         0.03710736]

rule21: region_southeast = 1.0
probabilities_array:[0.27569845 0.         0.         0.01242582 0.07596583 0.
 0.         0.         0.12046897 0.07450196 0.23342572 0.2075133 ]

rule7: bmi > 34.796
probabilities_array:[0.00299876 0.         0.         0.01531793 0.10026524 0.00292784
 0.         0.04505354 0.         0.         0.350499   0.48293763]

rule5: 26.678 < bmi < 30.737
probabilities_array:[0.05095393 0.05348429 0.14450122 0.03637072 0.0450866  0.01298515
 0.00991361 0.01406614 0.28657585 0.2700103  0.         0.0760522 ]


---5---
rule13: children = 5.0
probabilities_array:[0.         0.         0.12871104 0.12715831 0.09745655 0.29795197
 0.         0.         0.2524327  0.         0.         0.09628938]

rule2: 39.260 < age < 48.691
probabilities_array:[0.         0.         0.         0.         0.25892574 0.26244074
 0.00124896 0.         0.11312567 0.10320684 0.21532881 0.04572326]

rule3: age > 48.691
probabilities_array:[0.         0.         0.0007424  0.0003363  0.         0.14248456
 0.21818446 0.2272131  0.00280518 0.1948062  0.21319793 0.00022985]

rule11: children = 3.0
probabilities_array:[0.         0.00087046 0.07060923 0.14097014 0.01951618 0.11576344
 0.08897708 0.12552069 0.09292082 0.15265368 0.19219819 0.        ]

rule16: smoker_yes = 0.0
probabilities_array:[0.1124921  0.10208171 0.12674789 0.14662287 0.15603988 0.11500708
 0.11941535 0.12013076 0.         0.00146241 0.         0.        ]

rule10: children = 2.0
probabilities_array:[0.         0.04238912 0.08627174 0.15227933 0.11806484 0.09221415
 0.06072738 0.08467353 0.07605834 0.11599525 0.17132632 0.        ]

rule9: children = 1.0
probabilities_array:[0.03012071 0.12798649 0.14956845 0.07503022 0.11895086 0.07572158
 0.03111524 0.         0.08364397 0.12067459 0.15907998 0.02810787]

rule15: sex_male = 1.0
probabilities_array:[0.12887104 0.00367535 0.00205547 0.00133344 0.00322246 0.0851147
 0.00326929 0.00157419 0.18958135 0.19603121 0.24499746 0.1402741 ]

rule4: bmi < 26.678
probabilities_array:[0.08341529 0.11944426 0.09792209 0.04689865 0.06827099 0.05473202
 0.02554245 0.04402542 0.31006184 0.11257965 0.         0.03710736]

rule20: region_southeast = 0.0
probabilities_array:[0.         0.06211539 0.03613514 0.04860261 0.02130776 0.04574877
 0.12041745 0.00750754 0.193922   0.20876811 0.14633319 0.10914214]


---6---
rule12: children = 4.0
probabilities_array:[0.         0.         0.06636769 0.14021116 0.         0.
 0.27568334 0.25042638 0.26731136 0.         0.         0.        ]

rule3: age > 48.691
probabilities_array:[0.         0.         0.0007424  0.0003363  0.         0.14248456
 0.21818446 0.2272131  0.00280518 0.1948062  0.21319793 0.00022985]

rule16: smoker_yes = 0.0
probabilities_array:[0.1124921  0.10208171 0.12674789 0.14662287 0.15603988 0.11500708
 0.11941535 0.12013076 0.         0.00146241 0.         0.        ]

rule20: region_southeast = 0.0
probabilities_array:[0.         0.06211539 0.03613514 0.04860261 0.02130776 0.04574877
 0.12041745 0.00750754 0.193922   0.20876811 0.14633319 0.10914214]

rule11: children = 3.0
probabilities_array:[0.         0.00087046 0.07060923 0.14097014 0.01951618 0.11576344
 0.08897708 0.12552069 0.09292082 0.15265368 0.19219819 0.        ]

rule10: children = 2.0
probabilities_array:[0.         0.04238912 0.08627174 0.15227933 0.11806484 0.09221415
 0.06072738 0.08467353 0.07605834 0.11599525 0.17132632 0.        ]

rule22: region_southwest = 0.0
probabilities_array:[0.         0.09613058 0.00486701 0.03860964 0.00442685 0.00306412
 0.05093494 0.00539381 0.20983866 0.12132867 0.27077407 0.19463159]


---7---
rule12: children = 4.0
probabilities_array:[0.         0.         0.06636769 0.14021116 0.         0.
 0.27568334 0.25042638 0.26731136 0.         0.         0.        ]

rule3: age > 48.691
probabilities_array:[0.         0.         0.0007424  0.0003363  0.         0.14248456
 0.21818446 0.2272131  0.00280518 0.1948062  0.21319793 0.00022985]

rule11: children = 3.0
probabilities_array:[0.         0.00087046 0.07060923 0.14097014 0.01951618 0.11576344
 0.08897708 0.12552069 0.09292082 0.15265368 0.19219819 0.        ]

rule8: children = 0.0
probabilities_array:[0.21789362 0.06991074 0.00922176 0.         0.0451741  0.
 0.         0.14877537 0.04290381 0.16562922 0.13595344 0.16453783]

rule16: smoker_yes = 0.0
probabilities_array:[0.1124921  0.10208171 0.12674789 0.14662287 0.15603988 0.11500708
 0.11941535 0.12013076 0.         0.00146241 0.         0.        ]

rule10: children = 2.0
probabilities_array:[0.         0.04238912 0.08627174 0.15227933 0.11806484 0.09221415
 0.06072738 0.08467353 0.07605834 0.11599525 0.17132632 0.        ]

rule6: 30.737 < bmi < 34.796
probabilities_array:[0.04337935 0.         0.14271118 0.03395091 0.02427967 0.00153164
 0.02019848 0.08598071 0.         0.14778787 0.3214052  0.17877494]

rule14: sex_male = 0.0
probabilities_array:[0.         0.15010619 0.02365239 0.06757574 0.10809176 0.
 0.01338993 0.0605586  0.12110153 0.14406952 0.12188802 0.1895664 ]

rule4: bmi < 26.678
probabilities_array:[0.08341529 0.11944426 0.09792209 0.04689865 0.06827099 0.05473202
 0.02554245 0.04402542 0.31006184 0.11257965 0.         0.03710736]


---8---
rule4: bmi < 26.678
probabilities_array:[0.08341529 0.11944426 0.09792209 0.04689865 0.06827099 0.05473202
 0.02554245 0.04402542 0.31006184 0.11257965 0.         0.03710736]

rule12: children = 4.0
probabilities_array:[0.         0.         0.06636769 0.14021116 0.         0.
 0.27568334 0.25042638 0.26731136 0.         0.         0.        ]

rule5: 26.678 < bmi < 30.737
probabilities_array:[0.05095393 0.05348429 0.14450122 0.03637072 0.0450866  0.01298515
 0.00991361 0.01406614 0.28657585 0.2700103  0.         0.0760522 ]

rule1: 29.829 < age < 39.260
probabilities_array:[0.         0.         0.25735512 0.26927677 0.         0.
 0.         0.         0.26147482 0.         0.19325672 0.01863662]

rule13: children = 5.0
probabilities_array:[0.         0.         0.12871104 0.12715831 0.09745655 0.29795197
 0.         0.         0.2524327  0.         0.         0.09628938]

rule17: smoker_yes = 1.0
probabilities_array:[0.         0.         0.         0.         0.         0.
 0.         0.         0.25900853 0.25541994 0.265478   0.22009349]

rule0: age < 29.829
probabilities_array:[0.25328574 0.24726838 0.11354063 0.         0.         0.
 0.         0.         0.18989024 0.16514486 0.03026479 0.00060536]

rule19: region_northwest = 1.0
probabilities_array:[0.07042608 0.         0.00929922 0.11706141 0.13824771 0.
 0.02859817 0.01085972 0.21016268 0.08281098 0.18986093 0.14267313]

rule20: region_southeast = 0.0
probabilities_array:[0.         0.06211539 0.03613514 0.04860261 0.02130776 0.04574877
 0.12041745 0.00750754 0.193922   0.20876811 0.14633319 0.10914214]

rule22: region_southwest = 0.0
probabilities_array:[0.         0.09613058 0.00486701 0.03860964 0.00442685 0.00306412
 0.05093494 0.00539381 0.20983866 0.12132867 0.27077407 0.19463159]

rule18: region_northwest = 0.0
probabilities_array:[0.         0.00175992 0.01312759 0.01392194 0.01706328 0.01129415
 0.00252745 0.00173023 0.22793058 0.13698058 0.30224684 0.27141747]

rule15: sex_male = 1.0
probabilities_array:[0.12887104 0.00367535 0.00205547 0.00133344 0.00322246 0.0851147
 0.00326929 0.00157419 0.18958135 0.19603121 0.24499746 0.1402741 ]

rule2: 39.260 < age < 48.691
probabilities_array:[0.         0.         0.         0.         0.25892574 0.26244074
 0.00124896 0.         0.11312567 0.10320684 0.21532881 0.04572326]

rule14: sex_male = 0.0
probabilities_array:[0.         0.15010619 0.02365239 0.06757574 0.10809176 0.
 0.01338993 0.0605586  0.12110153 0.14406952 0.12188802 0.1895664 ]

rule21: region_southeast = 1.0
probabilities_array:[0.27569845 0.         0.         0.01242582 0.07596583 0.
 0.         0.         0.12046897 0.07450196 0.23342572 0.2075133 ]

rule11: children = 3.0
probabilities_array:[0.         0.00087046 0.07060923 0.14097014 0.01951618 0.11576344
 0.08897708 0.12552069 0.09292082 0.15265368 0.19219819 0.        ]

rule9: children = 1.0
probabilities_array:[0.03012071 0.12798649 0.14956845 0.07503022 0.11895086 0.07572158
 0.03111524 0.         0.08364397 0.12067459 0.15907998 0.02810787]

rule10: children = 2.0
probabilities_array:[0.         0.04238912 0.08627174 0.15227933 0.11806484 0.09221415
 0.06072738 0.08467353 0.07605834 0.11599525 0.17132632 0.        ]


---9---
rule5: 26.678 < bmi < 30.737
probabilities_array:[0.05095393 0.05348429 0.14450122 0.03637072 0.0450866  0.01298515
 0.00991361 0.01406614 0.28657585 0.2700103  0.         0.0760522 ]

rule17: smoker_yes = 1.0
probabilities_array:[0.         0.         0.         0.         0.         0.
 0.         0.         0.25900853 0.25541994 0.265478   0.22009349]

rule3: age > 48.691
probabilities_array:[0.         0.         0.0007424  0.0003363  0.         0.14248456
 0.21818446 0.2272131  0.00280518 0.1948062  0.21319793 0.00022985]

rule20: region_southeast = 0.0
probabilities_array:[0.         0.06211539 0.03613514 0.04860261 0.02130776 0.04574877
 0.12041745 0.00750754 0.193922   0.20876811 0.14633319 0.10914214]

rule15: sex_male = 1.0
probabilities_array:[0.12887104 0.00367535 0.00205547 0.00133344 0.00322246 0.0851147
 0.00326929 0.00157419 0.18958135 0.19603121 0.24499746 0.1402741 ]

rule23: region_southwest = 1.0
probabilities_array:[2.4649751e-01 0.0000000e+00 5.3692754e-02 1.0711473e-02 1.3210995e-01
 4.1003451e-02 0.0000000e+00 3.0444166e-05 3.2964952e-02 1.9439238e-01
 1.3978706e-01 1.4880991e-01]

rule0: age < 29.829
probabilities_array:[0.25328574 0.24726838 0.11354063 0.         0.         0.
 0.         0.         0.18989024 0.16514486 0.03026479 0.00060536]

rule11: children = 3.0
probabilities_array:[0.         0.00087046 0.07060923 0.14097014 0.01951618 0.11576344
 0.08897708 0.12552069 0.09292082 0.15265368 0.19219819 0.        ]

rule8: children = 0.0
probabilities_array:[0.21789362 0.06991074 0.00922176 0.         0.0451741  0.
 0.         0.14877537 0.04290381 0.16562922 0.13595344 0.16453783]

rule6: 30.737 < bmi < 34.796
probabilities_array:[0.04337935 0.         0.14271118 0.03395091 0.02427967 0.00153164
 0.02019848 0.08598071 0.         0.14778787 0.3214052  0.17877494]

rule9: children = 1.0
probabilities_array:[0.03012071 0.12798649 0.14956845 0.07503022 0.11895086 0.07572158
 0.03111524 0.         0.08364397 0.12067459 0.15907998 0.02810787]

rule14: sex_male = 0.0
probabilities_array:[0.         0.15010619 0.02365239 0.06757574 0.10809176 0.
 0.01338993 0.0605586  0.12110153 0.14406952 0.12188802 0.1895664 ]

rule10: children = 2.0
probabilities_array:[0.         0.04238912 0.08627174 0.15227933 0.11806484 0.09221415
 0.06072738 0.08467353 0.07605834 0.11599525 0.17132632 0.        ]

rule4: bmi < 26.678
probabilities_array:[0.08341529 0.11944426 0.09792209 0.04689865 0.06827099 0.05473202
 0.02554245 0.04402542 0.31006184 0.11257965 0.         0.03710736]

rule18: region_northwest = 0.0
probabilities_array:[0.         0.00175992 0.01312759 0.01392194 0.01706328 0.01129415
 0.00252745 0.00173023 0.22793058 0.13698058 0.30224684 0.27141747]

rule2: 39.260 < age < 48.691
probabilities_array:[0.         0.         0.         0.         0.25892574 0.26244074
 0.00124896 0.         0.11312567 0.10320684 0.21532881 0.04572326]

rule22: region_southwest = 0.0
probabilities_array:[0.         0.09613058 0.00486701 0.03860964 0.00442685 0.00306412
 0.05093494 0.00539381 0.20983866 0.12132867 0.27077407 0.19463159]

rule19: region_northwest = 1.0
probabilities_array:[0.07042608 0.         0.00929922 0.11706141 0.13824771 0.
 0.02859817 0.01085972 0.21016268 0.08281098 0.18986093 0.14267313]

rule21: region_southeast = 1.0
probabilities_array:[0.27569845 0.         0.         0.01242582 0.07596583 0.
 0.         0.         0.12046897 0.07450196 0.23342572 0.2075133 ]


---10---
rule6: 30.737 < bmi < 34.796
probabilities_array:[0.04337935 0.         0.14271118 0.03395091 0.02427967 0.00153164
 0.02019848 0.08598071 0.         0.14778787 0.3214052  0.17877494]

rule18: region_northwest = 0.0
probabilities_array:[0.         0.00175992 0.01312759 0.01392194 0.01706328 0.01129415
 0.00252745 0.00173023 0.22793058 0.13698058 0.30224684 0.27141747]

rule22: region_southwest = 0.0
probabilities_array:[0.         0.09613058 0.00486701 0.03860964 0.00442685 0.00306412
 0.05093494 0.00539381 0.20983866 0.12132867 0.27077407 0.19463159]

rule3: age > 48.691
probabilities_array:[0.         0.         0.0007424  0.0003363  0.         0.14248456
 0.21818446 0.2272131  0.00280518 0.1948062  0.21319793 0.00022985]

rule15: sex_male = 1.0
probabilities_array:[0.12887104 0.00367535 0.00205547 0.00133344 0.00322246 0.0851147
 0.00326929 0.00157419 0.18958135 0.19603121 0.24499746 0.1402741 ]

rule17: smoker_yes = 1.0
probabilities_array:[0.         0.         0.         0.         0.         0.
 0.         0.         0.25900853 0.25541994 0.265478   0.22009349]

rule2: 39.260 < age < 48.691
probabilities_array:[0.         0.         0.         0.         0.25892574 0.26244074
 0.00124896 0.         0.11312567 0.10320684 0.21532881 0.04572326]

rule11: children = 3.0
probabilities_array:[0.         0.00087046 0.07060923 0.14097014 0.01951618 0.11576344
 0.08897708 0.12552069 0.09292082 0.15265368 0.19219819 0.        ]

rule1: 29.829 < age < 39.260
probabilities_array:[0.         0.         0.25735512 0.26927677 0.         0.
 0.         0.         0.26147482 0.         0.19325672 0.01863662]

rule21: region_southeast = 1.0
probabilities_array:[0.27569845 0.         0.         0.01242582 0.07596583 0.
 0.         0.         0.12046897 0.07450196 0.23342572 0.2075133 ]

rule7: bmi > 34.796
probabilities_array:[0.00299876 0.         0.         0.01531793 0.10026524 0.00292784
 0.         0.04505354 0.         0.         0.350499   0.48293763]

rule10: children = 2.0
probabilities_array:[0.         0.04238912 0.08627174 0.15227933 0.11806484 0.09221415
 0.06072738 0.08467353 0.07605834 0.11599525 0.17132632 0.        ]

rule19: region_northwest = 1.0
probabilities_array:[0.07042608 0.         0.00929922 0.11706141 0.13824771 0.
 0.02859817 0.01085972 0.21016268 0.08281098 0.18986093 0.14267313]

rule9: children = 1.0
probabilities_array:[0.03012071 0.12798649 0.14956845 0.07503022 0.11895086 0.07572158
 0.03111524 0.         0.08364397 0.12067459 0.15907998 0.02810787]

rule20: region_southeast = 0.0
probabilities_array:[0.         0.06211539 0.03613514 0.04860261 0.02130776 0.04574877
 0.12041745 0.00750754 0.193922   0.20876811 0.14633319 0.10914214]

rule23: region_southwest = 1.0
probabilities_array:[2.4649751e-01 0.0000000e+00 5.3692754e-02 1.0711473e-02 1.3210995e-01
 4.1003451e-02 0.0000000e+00 3.0444166e-05 3.2964952e-02 1.9439238e-01
 1.3978706e-01 1.4880991e-01]

rule8: children = 0.0
probabilities_array:[0.21789362 0.06991074 0.00922176 0.         0.0451741  0.
 0.         0.14877537 0.04290381 0.16562922 0.13595344 0.16453783]

rule14: sex_male = 0.0
probabilities_array:[0.         0.15010619 0.02365239 0.06757574 0.10809176 0.
 0.01338993 0.0605586  0.12110153 0.14406952 0.12188802 0.1895664 ]

