R2: 0.8148741916308658

MAE: 3024.6162612972375

MSE: 27450625.34160336

Accuracy: 0.45475113122171945

F1: 0.44748119559457716

Confusion Matrix: [[18, 0, 0, 0, 0, 0, 0, 0, 0, 0, 0, 0], [22, 16, 4, 0, 0, 1, 0, 0, 0, 0, 0, 0], [3, 13, 13, 11, 0, 1, 0, 0, 0, 0, 2, 0], [4, 1, 6, 27, 1, 1, 0, 0, 0, 0, 1, 0], [0, 0, 5, 12, 9, 10, 0, 0, 0, 0, 0, 0], [1, 1, 0, 0, 6, 16, 6, 2, 1, 0, 0, 0], [0, 0, 0, 0, 2, 6, 13, 13, 5, 0, 0, 0], [0, 1, 2, 1, 0, 0, 15, 13, 12, 0, 0, 0], [2, 1, 0, 0, 0, 0, 7, 7, 8, 8, 1, 0], [2, 2, 1, 1, 1, 4, 0, 1, 0, 19, 4, 2], [0, 0, 1, 1, 0, 2, 2, 3, 3, 3, 14, 4], [0, 0, 0, 0, 0, 0, 0, 0, 0, 4, 2, 35]]

Uncertainties: {'class0': [0.0, 0.0, 0.032625406980514526, 0.04238561913371086, 0.04451384395360947], 'class1': [0.0, 0.0, 0.029305798932909966, 0.032625406980514526, 0.04876381903886795], 'class2': [0.0, 0.0, 0.0, 0.018505118787288666, 0.029305798932909966], 'class3': [0.0, 0.0, 0.0, 0.0, 0.018505118787288666], 'class4': [0.0, 0.0, 0.0, 0.0, 0.011836088262498379], 'class5': [0.0, 0.0, 0.0, 0.0, 0.029305798932909966], 'class6': [0.0, 0.0, 0.0, 0.0, 0.011836088262498379], 'class7': [0.0, 0.0, 0.0, 0.0, 0.011836088262498379], 'class8': [0.0, 0.0, 0.0, 0.0, 0.011836088262498379], 'class9': [0.0, 0.0, 0.0, 0.011836088262498379, 0.018505118787288666], 'class10': [0.0, 0.0, 0.0, 0.0, 0.011836088262498379], 'class11': [0.0, 0.0, 0.0, 0.011836088262498379, 0.018505118787288666]}

Most important rules
-----------------------------

---0---
rule0: age < 29.775
probabilities_array:[0.22294675 0.2224492  0.2283353  0.         0.         0.
 0.         0.         0.         0.0836005  0.2100428  0.
 0.03262541]

rule23: region_southwest = 1.0
probabilities_array:[0.19196516 0.         0.00146851 0.10735626 0.11933959 0.02291333
 0.01848779 0.09021363 0.00826536 0.08915737 0.11742965 0.16365652
 0.06974688]

rule8: children = 0.0
probabilities_array:[0.21361771 0.17903863 0.00351494 0.         0.         0.
 0.         0.02288058 0.11573103 0.0511747  0.04280267 0.13085218
 0.24038757]

rule15: sex_male = 1.0
probabilities_array:[0.17361549 0.         0.05530664 0.02084705 0.04642506 0.00818801
 0.04374834 0.         0.00150829 0.20288631 0.1114494  0.2138545
 0.12217091]

rule21: region_southeast = 1.0
probabilities_array:[0.15275775 0.         0.         0.07622424 0.05905788 0.04130835
 0.01870057 0.00186476 0.00845762 0.1907987  0.17137691 0.23493946
 0.04451384]

rule16: smoker_yes = 0.0
probabilities_array:[0.09437907 0.09575916 0.11407361 0.11981557 0.12279611 0.13514273
 0.11986873 0.11303882 0.08377444 0.         0.00135172 0.
 0.        ]

rule4: bmi < 26.608
probabilities_array:[0.07880376 0.0771715  0.03039704 0.06108673 0.08525788 0.09085754
 0.05164859 0.04845868 0.06614558 0.23999007 0.17018265 0.
 0.        ]

rule19: region_northwest = 1.0
probabilities_array:[0.07485636 0.07179538 0.         0.1106291  0.08765802 0.0641875
 0.02931825 0.05933056 0.0023593  0.15125263 0.0986933  0.20115577
 0.04876382]

rule18: region_northwest = 0.0
probabilities_array:[0.07844484 0.         0.02958463 0.00428678 0.00749697 0.01139276
 0.         0.00151968 0.00297833 0.18112853 0.1322434  0.27287662
 0.2780474 ]

rule6: 30.816 < bmi < 35.024
probabilities_array:[0.05539395 0.02908426 0.05313382 0.03361177 0.06483665 0.07979913
 0.06239175 0.00823582 0.07014323 0.         0.28092656 0.22005747
 0.04238562]


---1---
rule0: age < 29.775
probabilities_array:[0.22294675 0.2224492  0.2283353  0.         0.         0.
 0.         0.         0.         0.0836005  0.2100428  0.
 0.03262541]

rule14: sex_male = 0.0
probabilities_array:[0.0000000e+00 1.9733240e-01 6.2254904e-04 6.7429423e-02 1.8643784e-04
 8.8519856e-02 2.8425341e-03 7.6848328e-02 8.3994776e-02 1.4310902e-01
 1.0872110e-01 1.3274387e-01 9.7649641e-02]

rule8: children = 0.0
probabilities_array:[0.21361771 0.17903863 0.00351494 0.         0.         0.
 0.         0.02288058 0.11573103 0.0511747  0.04280267 0.13085218
 0.24038757]

rule16: smoker_yes = 0.0
probabilities_array:[0.09437907 0.09575916 0.11407361 0.11981557 0.12279611 0.13514273
 0.11986873 0.11303882 0.08377444 0.         0.00135172 0.
 0.        ]

rule9: children = 1.0
probabilities_array:[0.00977583 0.09629079 0.11037444 0.12038061 0.12001309 0.09881675
 0.07260229 0.         0.01065509 0.12336141 0.04747968 0.1609443
 0.0293058 ]

rule4: bmi < 26.608
probabilities_array:[0.07880376 0.0771715  0.03039704 0.06108673 0.08525788 0.09085754
 0.05164859 0.04845868 0.06614558 0.23999007 0.17018265 0.
 0.        ]

rule19: region_northwest = 1.0
probabilities_array:[0.07485636 0.07179538 0.         0.1106291  0.08765802 0.0641875
 0.02931825 0.05933056 0.0023593  0.15125263 0.0986933  0.20115577
 0.04876382]

rule20: region_southeast = 0.0
probabilities_array:[0.00148952 0.06336641 0.11664921 0.00385547 0.01152046 0.01918692
 0.         0.01779752 0.08741903 0.22128443 0.12979703 0.19551553
 0.13211842]

rule22: region_southwest = 0.0
probabilities_array:[0.         0.06297563 0.01832661 0.00397028 0.00644205 0.02042638
 0.01854839 0.00234184 0.00203186 0.21875845 0.17053837 0.29065406
 0.18498589]


---2---
rule0: age < 29.775
probabilities_array:[0.22294675 0.2224492  0.2283353  0.         0.         0.
 0.         0.         0.         0.0836005  0.2100428  0.
 0.03262541]

rule1: 29.775 < age < 39.305
probabilities_array:[0.         0.         0.18885686 0.25321433 0.09374507 0.
 0.         0.         0.         0.24472335 0.         0.2009553
 0.01850512]

rule10: children = 2.0
probabilities_array:[0.         0.01579496 0.12489166 0.10889915 0.10877452 0.12823059
 0.07059431 0.03836256 0.03167727 0.10335556 0.10498299 0.16443639
 0.        ]

rule11: children = 3.0
probabilities_array:[0.         0.         0.12388363 0.10760684 0.06609733 0.16568677
 0.03529805 0.07589245 0.07872716 0.07151153 0.11526903 0.16002725
 0.        ]

rule16: smoker_yes = 0.0
probabilities_array:[0.09437907 0.09575916 0.11407361 0.11981557 0.12279611 0.13514273
 0.11986873 0.11303882 0.08377444 0.         0.00135172 0.
 0.        ]

rule9: children = 1.0
probabilities_array:[0.00977583 0.09629079 0.11037444 0.12038061 0.12001309 0.09881675
 0.07260229 0.         0.01065509 0.12336141 0.04747968 0.1609443
 0.0293058 ]

rule20: region_southeast = 0.0
probabilities_array:[0.00148952 0.06336641 0.11664921 0.00385547 0.01152046 0.01918692
 0.         0.01779752 0.08741903 0.22128443 0.12979703 0.19551553
 0.13211842]

rule6: 30.816 < bmi < 35.024
probabilities_array:[0.05539395 0.02908426 0.05313382 0.03361177 0.06483665 0.07979913
 0.06239175 0.00823582 0.07014323 0.         0.28092656 0.22005747
 0.04238562]

rule15: sex_male = 1.0
probabilities_array:[0.17361549 0.         0.05530664 0.02084705 0.04642506 0.00818801
 0.04374834 0.         0.00150829 0.20288631 0.1114494  0.2138545
 0.12217091]


---3---
rule1: 29.775 < age < 39.305
probabilities_array:[0.         0.         0.18885686 0.25321433 0.09374507 0.
 0.         0.         0.         0.24472335 0.         0.2009553
 0.01850512]

rule16: smoker_yes = 0.0
probabilities_array:[0.09437907 0.09575916 0.11407361 0.11981557 0.12279611 0.13514273
 0.11986873 0.11303882 0.08377444 0.         0.00135172 0.
 0.        ]

rule9: children = 1.0
probabilities_array:[0.00977583 0.09629079 0.11037444 0.12038061 0.12001309 0.09881675
 0.07260229 0.         0.01065509 0.12336141 0.04747968 0.1609443
 0.0293058 ]

rule10: children = 2.0
probabilities_array:[0.         0.01579496 0.12489166 0.10889915 0.10877452 0.12823059
 0.07059431 0.03836256 0.03167727 0.10335556 0.10498299 0.16443639
 0.        ]

rule11: children = 3.0
probabilities_array:[0.         0.         0.12388363 0.10760684 0.06609733 0.16568677
 0.03529805 0.07589245 0.07872716 0.07151153 0.11526903 0.16002725
 0.        ]

rule19: region_northwest = 1.0
probabilities_array:[0.07485636 0.07179538 0.         0.1106291  0.08765802 0.0641875
 0.02931825 0.05933056 0.0023593  0.15125263 0.0986933  0.20115577
 0.04876382]

rule23: region_southwest = 1.0
probabilities_array:[0.19196516 0.         0.00146851 0.10735626 0.11933959 0.02291333
 0.01848779 0.09021363 0.00826536 0.08915737 0.11742965 0.16365652
 0.06974688]

rule21: region_southeast = 1.0
probabilities_array:[0.15275775 0.         0.         0.07622424 0.05905788 0.04130835
 0.01870057 0.00186476 0.00845762 0.1907987  0.17137691 0.23493946
 0.04451384]

rule4: bmi < 26.608
probabilities_array:[0.07880376 0.0771715  0.03039704 0.06108673 0.08525788 0.09085754
 0.05164859 0.04845868 0.06614558 0.23999007 0.17018265 0.
 0.        ]

rule14: sex_male = 0.0
probabilities_array:[0.0000000e+00 1.9733240e-01 6.2254904e-04 6.7429423e-02 1.8643784e-04
 8.8519856e-02 2.8425341e-03 7.6848328e-02 8.3994776e-02 1.4310902e-01
 1.0872110e-01 1.3274387e-01 9.7649641e-02]

rule13: children = 5.0
probabilities_array:[0.         0.         0.         0.05782271 0.24716775 0.25560606
 0.         0.15648894 0.         0.15479276 0.         0.
 0.12812185]


---4---
rule2: 39.305 < age < 48.835
probabilities_array:[0.         0.         0.         0.         0.27897766 0.2781069
 0.         0.         0.         0.         0.         0.2933895
 0.14952594]

rule13: children = 5.0
probabilities_array:[0.         0.         0.         0.05782271 0.24716775 0.25560606
 0.         0.15648894 0.         0.15479276 0.         0.
 0.12812185]

rule16: smoker_yes = 0.0
probabilities_array:[0.09437907 0.09575916 0.11407361 0.11981557 0.12279611 0.13514273
 0.11986873 0.11303882 0.08377444 0.         0.00135172 0.
 0.        ]

rule9: children = 1.0
probabilities_array:[0.00977583 0.09629079 0.11037444 0.12038061 0.12001309 0.09881675
 0.07260229 0.         0.01065509 0.12336141 0.04747968 0.1609443
 0.0293058 ]

rule23: region_southwest = 1.0
probabilities_array:[0.19196516 0.         0.00146851 0.10735626 0.11933959 0.02291333
 0.01848779 0.09021363 0.00826536 0.08915737 0.11742965 0.16365652
 0.06974688]

rule10: children = 2.0
probabilities_array:[0.         0.01579496 0.12489166 0.10889915 0.10877452 0.12823059
 0.07059431 0.03836256 0.03167727 0.10335556 0.10498299 0.16443639
 0.        ]

rule1: 29.775 < age < 39.305
probabilities_array:[0.         0.         0.18885686 0.25321433 0.09374507 0.
 0.         0.         0.         0.24472335 0.         0.2009553
 0.01850512]

rule12: children = 4.0
probabilities_array:[0.         0.         0.         0.02811553 0.08690886 0.
 0.12933177 0.06038314 0.20550095 0.19545043 0.16650371 0.11596954
 0.01183609]

rule4: bmi < 26.608
probabilities_array:[0.07880376 0.0771715  0.03039704 0.06108673 0.08525788 0.09085754
 0.05164859 0.04845868 0.06614558 0.23999007 0.17018265 0.
 0.        ]

rule19: region_northwest = 1.0
probabilities_array:[0.07485636 0.07179538 0.         0.1106291  0.08765802 0.0641875
 0.02931825 0.05933056 0.0023593  0.15125263 0.0986933  0.20115577
 0.04876382]

rule11: children = 3.0
probabilities_array:[0.         0.         0.12388363 0.10760684 0.06609733 0.16568677
 0.03529805 0.07589245 0.07872716 0.07151153 0.11526903 0.16002725
 0.        ]

rule5: 26.608 < bmi < 30.816
probabilities_array:[0.03348991 0.03349486 0.00680721 0.02705879 0.0688295  0.11169859
 0.0588346  0.06994843 0.         0.26514933 0.26016605 0.
 0.06452274]

rule6: 30.816 < bmi < 35.024
probabilities_array:[0.05539395 0.02908426 0.05313382 0.03361177 0.06483665 0.07979913
 0.06239175 0.00823582 0.07014323 0.         0.28092656 0.22005747
 0.04238562]

rule21: region_southeast = 1.0
probabilities_array:[0.15275775 0.         0.         0.07622424 0.05905788 0.04130835
 0.01870057 0.00186476 0.00845762 0.1907987  0.17137691 0.23493946
 0.04451384]

rule15: sex_male = 1.0
probabilities_array:[0.17361549 0.         0.05530664 0.02084705 0.04642506 0.00818801
 0.04374834 0.         0.00150829 0.20288631 0.1114494  0.2138545
 0.12217091]


---5---
rule2: 39.305 < age < 48.835
probabilities_array:[0.         0.         0.         0.         0.27897766 0.2781069
 0.         0.         0.         0.         0.         0.2933895
 0.14952594]

rule13: children = 5.0
probabilities_array:[0.         0.         0.         0.05782271 0.24716775 0.25560606
 0.         0.15648894 0.         0.15479276 0.         0.
 0.12812185]

rule11: children = 3.0
probabilities_array:[0.         0.         0.12388363 0.10760684 0.06609733 0.16568677
 0.03529805 0.07589245 0.07872716 0.07151153 0.11526903 0.16002725
 0.        ]

rule16: smoker_yes = 0.0
probabilities_array:[0.09437907 0.09575916 0.11407361 0.11981557 0.12279611 0.13514273
 0.11986873 0.11303882 0.08377444 0.         0.00135172 0.
 0.        ]

rule10: children = 2.0
probabilities_array:[0.         0.01579496 0.12489166 0.10889915 0.10877452 0.12823059
 0.07059431 0.03836256 0.03167727 0.10335556 0.10498299 0.16443639
 0.        ]

rule5: 26.608 < bmi < 30.816
probabilities_array:[0.03348991 0.03349486 0.00680721 0.02705879 0.0688295  0.11169859
 0.0588346  0.06994843 0.         0.26514933 0.26016605 0.
 0.06452274]

rule9: children = 1.0
probabilities_array:[0.00977583 0.09629079 0.11037444 0.12038061 0.12001309 0.09881675
 0.07260229 0.         0.01065509 0.12336141 0.04747968 0.1609443
 0.0293058 ]

rule4: bmi < 26.608
probabilities_array:[0.07880376 0.0771715  0.03039704 0.06108673 0.08525788 0.09085754
 0.05164859 0.04845868 0.06614558 0.23999007 0.17018265 0.
 0.        ]

rule14: sex_male = 0.0
probabilities_array:[0.0000000e+00 1.9733240e-01 6.2254904e-04 6.7429423e-02 1.8643784e-04
 8.8519856e-02 2.8425341e-03 7.6848328e-02 8.3994776e-02 1.4310902e-01
 1.0872110e-01 1.3274387e-01 9.7649641e-02]

rule6: 30.816 < bmi < 35.024
probabilities_array:[0.05539395 0.02908426 0.05313382 0.03361177 0.06483665 0.07979913
 0.06239175 0.00823582 0.07014323 0.         0.28092656 0.22005747
 0.04238562]

rule19: region_northwest = 1.0
probabilities_array:[0.07485636 0.07179538 0.         0.1106291  0.08765802 0.0641875
 0.02931825 0.05933056 0.0023593  0.15125263 0.0986933  0.20115577
 0.04876382]


---6---
rule3: age > 48.835
probabilities_array:[0.         0.         0.         0.         0.         0.
 0.20138742 0.20488882 0.20307902 0.00414481 0.1887281  0.1977718
 0.        ]

rule12: children = 4.0
probabilities_array:[0.         0.         0.         0.02811553 0.08690886 0.
 0.12933177 0.06038314 0.20550095 0.19545043 0.16650371 0.11596954
 0.01183609]

rule16: smoker_yes = 0.0
probabilities_array:[0.09437907 0.09575916 0.11407361 0.11981557 0.12279611 0.13514273
 0.11986873 0.11303882 0.08377444 0.         0.00135172 0.
 0.        ]

rule10: children = 2.0
probabilities_array:[0.         0.01579496 0.12489166 0.10889915 0.10877452 0.12823059
 0.07059431 0.03836256 0.03167727 0.10335556 0.10498299 0.16443639
 0.        ]

rule9: children = 1.0
probabilities_array:[0.00977583 0.09629079 0.11037444 0.12038061 0.12001309 0.09881675
 0.07260229 0.         0.01065509 0.12336141 0.04747968 0.1609443
 0.0293058 ]

rule6: 30.816 < bmi < 35.024
probabilities_array:[0.05539395 0.02908426 0.05313382 0.03361177 0.06483665 0.07979913
 0.06239175 0.00823582 0.07014323 0.         0.28092656 0.22005747
 0.04238562]

rule5: 26.608 < bmi < 30.816
probabilities_array:[0.03348991 0.03349486 0.00680721 0.02705879 0.0688295  0.11169859
 0.0588346  0.06994843 0.         0.26514933 0.26016605 0.
 0.06452274]

rule4: bmi < 26.608
probabilities_array:[0.07880376 0.0771715  0.03039704 0.06108673 0.08525788 0.09085754
 0.05164859 0.04845868 0.06614558 0.23999007 0.17018265 0.
 0.        ]


---7---
rule3: age > 48.835
probabilities_array:[0.         0.         0.         0.         0.         0.
 0.20138742 0.20488882 0.20307902 0.00414481 0.1887281  0.1977718
 0.        ]

rule13: children = 5.0
probabilities_array:[0.         0.         0.         0.05782271 0.24716775 0.25560606
 0.         0.15648894 0.         0.15479276 0.         0.
 0.12812185]

rule16: smoker_yes = 0.0
probabilities_array:[0.09437907 0.09575916 0.11407361 0.11981557 0.12279611 0.13514273
 0.11986873 0.11303882 0.08377444 0.         0.00135172 0.
 0.        ]

rule23: region_southwest = 1.0
probabilities_array:[0.19196516 0.         0.00146851 0.10735626 0.11933959 0.02291333
 0.01848779 0.09021363 0.00826536 0.08915737 0.11742965 0.16365652
 0.06974688]

rule11: children = 3.0
probabilities_array:[0.         0.         0.12388363 0.10760684 0.06609733 0.16568677
 0.03529805 0.07589245 0.07872716 0.07151153 0.11526903 0.16002725
 0.        ]

rule14: sex_male = 0.0
probabilities_array:[0.0000000e+00 1.9733240e-01 6.2254904e-04 6.7429423e-02 1.8643784e-04
 8.8519856e-02 2.8425341e-03 7.6848328e-02 8.3994776e-02 1.4310902e-01
 1.0872110e-01 1.3274387e-01 9.7649641e-02]

rule5: 26.608 < bmi < 30.816
probabilities_array:[0.03348991 0.03349486 0.00680721 0.02705879 0.0688295  0.11169859
 0.0588346  0.06994843 0.         0.26514933 0.26016605 0.
 0.06452274]

rule12: children = 4.0
probabilities_array:[0.         0.         0.         0.02811553 0.08690886 0.
 0.12933177 0.06038314 0.20550095 0.19545043 0.16650371 0.11596954
 0.01183609]

rule19: region_northwest = 1.0
probabilities_array:[0.07485636 0.07179538 0.         0.1106291  0.08765802 0.0641875
 0.02931825 0.05933056 0.0023593  0.15125263 0.0986933  0.20115577
 0.04876382]

rule4: bmi < 26.608
probabilities_array:[0.07880376 0.0771715  0.03039704 0.06108673 0.08525788 0.09085754
 0.05164859 0.04845868 0.06614558 0.23999007 0.17018265 0.
 0.        ]


---8---
rule3: age > 48.835
probabilities_array:[0.         0.         0.         0.         0.         0.
 0.20138742 0.20488882 0.20307902 0.00414481 0.1887281  0.1977718
 0.        ]

rule12: children = 4.0
probabilities_array:[0.         0.         0.         0.02811553 0.08690886 0.
 0.12933177 0.06038314 0.20550095 0.19545043 0.16650371 0.11596954
 0.01183609]

rule8: children = 0.0
probabilities_array:[0.21361771 0.17903863 0.00351494 0.         0.         0.
 0.         0.02288058 0.11573103 0.0511747  0.04280267 0.13085218
 0.24038757]

rule16: smoker_yes = 0.0
probabilities_array:[0.09437907 0.09575916 0.11407361 0.11981557 0.12279611 0.13514273
 0.11986873 0.11303882 0.08377444 0.         0.00135172 0.
 0.        ]

rule11: children = 3.0
probabilities_array:[0.         0.         0.12388363 0.10760684 0.06609733 0.16568677
 0.03529805 0.07589245 0.07872716 0.07151153 0.11526903 0.16002725
 0.        ]

rule20: region_southeast = 0.0
probabilities_array:[0.00148952 0.06336641 0.11664921 0.00385547 0.01152046 0.01918692
 0.         0.01779752 0.08741903 0.22128443 0.12979703 0.19551553
 0.13211842]

rule14: sex_male = 0.0
probabilities_array:[0.0000000e+00 1.9733240e-01 6.2254904e-04 6.7429423e-02 1.8643784e-04
 8.8519856e-02 2.8425341e-03 7.6848328e-02 8.3994776e-02 1.4310902e-01
 1.0872110e-01 1.3274387e-01 9.7649641e-02]

rule6: 30.816 < bmi < 35.024
probabilities_array:[0.05539395 0.02908426 0.05313382 0.03361177 0.06483665 0.07979913
 0.06239175 0.00823582 0.07014323 0.         0.28092656 0.22005747
 0.04238562]

rule4: bmi < 26.608
probabilities_array:[0.07880376 0.0771715  0.03039704 0.06108673 0.08525788 0.09085754
 0.05164859 0.04845868 0.06614558 0.23999007 0.17018265 0.
 0.        ]


---9---
rule5: 26.608 < bmi < 30.816
probabilities_array:[0.03348991 0.03349486 0.00680721 0.02705879 0.0688295  0.11169859
 0.0588346  0.06994843 0.         0.26514933 0.26016605 0.
 0.06452274]

rule1: 29.775 < age < 39.305
probabilities_array:[0.         0.         0.18885686 0.25321433 0.09374507 0.
 0.         0.         0.         0.24472335 0.         0.2009553
 0.01850512]

rule4: bmi < 26.608
probabilities_array:[0.07880376 0.0771715  0.03039704 0.06108673 0.08525788 0.09085754
 0.05164859 0.04845868 0.06614558 0.23999007 0.17018265 0.
 0.        ]

rule12: children = 4.0
probabilities_array:[0.         0.         0.         0.02811553 0.08690886 0.
 0.12933177 0.06038314 0.20550095 0.19545043 0.16650371 0.11596954
 0.01183609]

rule20: region_southeast = 0.0
probabilities_array:[0.00148952 0.06336641 0.11664921 0.00385547 0.01152046 0.01918692
 0.         0.01779752 0.08741903 0.22128443 0.12979703 0.19551553
 0.13211842]

rule21: region_southeast = 1.0
probabilities_array:[0.15275775 0.         0.         0.07622424 0.05905788 0.04130835
 0.01870057 0.00186476 0.00845762 0.1907987  0.17137691 0.23493946
 0.04451384]

rule22: region_southwest = 0.0
probabilities_array:[0.         0.06297563 0.01832661 0.00397028 0.00644205 0.02042638
 0.01854839 0.00234184 0.00203186 0.21875845 0.17053837 0.29065406
 0.18498589]

rule15: sex_male = 1.0
probabilities_array:[0.17361549 0.         0.05530664 0.02084705 0.04642506 0.00818801
 0.04374834 0.         0.00150829 0.20288631 0.1114494  0.2138545
 0.12217091]

rule17: smoker_yes = 1.0
probabilities_array:[0.         0.         0.         0.         0.         0.
 0.         0.         0.         0.23152292 0.23291321 0.24969117
 0.28587276]

rule19: region_northwest = 1.0
probabilities_array:[0.07485636 0.07179538 0.         0.1106291  0.08765802 0.0641875
 0.02931825 0.05933056 0.0023593  0.15125263 0.0986933  0.20115577
 0.04876382]

rule13: children = 5.0
probabilities_array:[0.         0.         0.         0.05782271 0.24716775 0.25560606
 0.         0.15648894 0.         0.15479276 0.         0.
 0.12812185]

rule18: region_northwest = 0.0
probabilities_array:[0.07844484 0.         0.02958463 0.00428678 0.00749697 0.01139276
 0.         0.00151968 0.00297833 0.18112853 0.1322434  0.27287662
 0.2780474 ]

rule14: sex_male = 0.0
probabilities_array:[0.0000000e+00 1.9733240e-01 6.2254904e-04 6.7429423e-02 1.8643784e-04
 8.8519856e-02 2.8425341e-03 7.6848328e-02 8.3994776e-02 1.4310902e-01
 1.0872110e-01 1.3274387e-01 9.7649641e-02]

rule9: children = 1.0
probabilities_array:[0.00977583 0.09629079 0.11037444 0.12038061 0.12001309 0.09881675
 0.07260229 0.         0.01065509 0.12336141 0.04747968 0.1609443
 0.0293058 ]

rule10: children = 2.0
probabilities_array:[0.         0.01579496 0.12489166 0.10889915 0.10877452 0.12823059
 0.07059431 0.03836256 0.03167727 0.10335556 0.10498299 0.16443639
 0.        ]

rule23: region_southwest = 1.0
probabilities_array:[0.19196516 0.         0.00146851 0.10735626 0.11933959 0.02291333
 0.01848779 0.09021363 0.00826536 0.08915737 0.11742965 0.16365652
 0.06974688]

rule0: age < 29.775
probabilities_array:[0.22294675 0.2224492  0.2283353  0.         0.         0.
 0.         0.         0.         0.0836005  0.2100428  0.
 0.03262541]

rule11: children = 3.0
probabilities_array:[0.         0.         0.12388363 0.10760684 0.06609733 0.16568677
 0.03529805 0.07589245 0.07872716 0.07151153 0.11526903 0.16002725
 0.        ]


---10---
rule6: 30.816 < bmi < 35.024
probabilities_array:[0.05539395 0.02908426 0.05313382 0.03361177 0.06483665 0.07979913
 0.06239175 0.00823582 0.07014323 0.         0.28092656 0.22005747
 0.04238562]

rule5: 26.608 < bmi < 30.816
probabilities_array:[0.03348991 0.03349486 0.00680721 0.02705879 0.0688295  0.11169859
 0.0588346  0.06994843 0.         0.26514933 0.26016605 0.
 0.06452274]

rule0: age < 29.775
probabilities_array:[0.22294675 0.2224492  0.2283353  0.         0.         0.
 0.         0.         0.         0.0836005  0.2100428  0.
 0.03262541]

rule3: age > 48.835
probabilities_array:[0.         0.         0.         0.         0.         0.
 0.20138742 0.20488882 0.20307902 0.00414481 0.1887281  0.1977718
 0.        ]

rule4: bmi < 26.608
probabilities_array:[0.07880376 0.0771715  0.03039704 0.06108673 0.08525788 0.09085754
 0.05164859 0.04845868 0.06614558 0.23999007 0.17018265 0.
 0.        ]

rule17: smoker_yes = 1.0
probabilities_array:[0.         0.         0.         0.         0.         0.
 0.         0.         0.         0.23152292 0.23291321 0.24969117
 0.28587276]

rule12: children = 4.0
probabilities_array:[0.         0.         0.         0.02811553 0.08690886 0.
 0.12933177 0.06038314 0.20550095 0.19545043 0.16650371 0.11596954
 0.01183609]

rule21: region_southeast = 1.0
probabilities_array:[0.15275775 0.         0.         0.07622424 0.05905788 0.04130835
 0.01870057 0.00186476 0.00845762 0.1907987  0.17137691 0.23493946
 0.04451384]

rule22: region_southwest = 0.0
probabilities_array:[0.         0.06297563 0.01832661 0.00397028 0.00644205 0.02042638
 0.01854839 0.00234184 0.00203186 0.21875845 0.17053837 0.29065406
 0.18498589]

rule11: children = 3.0
probabilities_array:[0.         0.         0.12388363 0.10760684 0.06609733 0.16568677
 0.03529805 0.07589245 0.07872716 0.07151153 0.11526903 0.16002725
 0.        ]

rule20: region_southeast = 0.0
probabilities_array:[0.00148952 0.06336641 0.11664921 0.00385547 0.01152046 0.01918692
 0.         0.01779752 0.08741903 0.22128443 0.12979703 0.19551553
 0.13211842]

rule23: region_southwest = 1.0
probabilities_array:[0.19196516 0.         0.00146851 0.10735626 0.11933959 0.02291333
 0.01848779 0.09021363 0.00826536 0.08915737 0.11742965 0.16365652
 0.06974688]

rule10: children = 2.0
probabilities_array:[0.         0.01579496 0.12489166 0.10889915 0.10877452 0.12823059
 0.07059431 0.03836256 0.03167727 0.10335556 0.10498299 0.16443639
 0.        ]

rule14: sex_male = 0.0
probabilities_array:[0.0000000e+00 1.9733240e-01 6.2254904e-04 6.7429423e-02 1.8643784e-04
 8.8519856e-02 2.8425341e-03 7.6848328e-02 8.3994776e-02 1.4310902e-01
 1.0872110e-01 1.3274387e-01 9.7649641e-02]

rule15: sex_male = 1.0
probabilities_array:[0.17361549 0.         0.05530664 0.02084705 0.04642506 0.00818801
 0.04374834 0.         0.00150829 0.20288631 0.1114494  0.2138545
 0.12217091]

rule18: region_northwest = 0.0
probabilities_array:[0.07844484 0.         0.02958463 0.00428678 0.00749697 0.01139276
 0.         0.00151968 0.00297833 0.18112853 0.1322434  0.27287662
 0.2780474 ]

rule19: region_northwest = 1.0
probabilities_array:[0.07485636 0.07179538 0.         0.1106291  0.08765802 0.0641875
 0.02931825 0.05933056 0.0023593  0.15125263 0.0986933  0.20115577
 0.04876382]

rule9: children = 1.0
probabilities_array:[0.00977583 0.09629079 0.11037444 0.12038061 0.12001309 0.09881675
 0.07260229 0.         0.01065509 0.12336141 0.04747968 0.1609443
 0.0293058 ]


---11---
rule2: 39.305 < age < 48.835
probabilities_array:[0.         0.         0.         0.         0.27897766 0.2781069
 0.         0.         0.         0.         0.         0.2933895
 0.14952594]

rule22: region_southwest = 0.0
probabilities_array:[0.         0.06297563 0.01832661 0.00397028 0.00644205 0.02042638
 0.01854839 0.00234184 0.00203186 0.21875845 0.17053837 0.29065406
 0.18498589]

rule21: region_southeast = 1.0
probabilities_array:[0.15275775 0.         0.         0.07622424 0.05905788 0.04130835
 0.01870057 0.00186476 0.00845762 0.1907987  0.17137691 0.23493946
 0.04451384]

rule6: 30.816 < bmi < 35.024
probabilities_array:[0.05539395 0.02908426 0.05313382 0.03361177 0.06483665 0.07979913
 0.06239175 0.00823582 0.07014323 0.         0.28092656 0.22005747
 0.04238562]

rule3: age > 48.835
probabilities_array:[0.         0.         0.         0.         0.         0.
 0.20138742 0.20488882 0.20307902 0.00414481 0.1887281  0.1977718
 0.        ]

rule1: 29.775 < age < 39.305
probabilities_array:[0.         0.         0.18885686 0.25321433 0.09374507 0.
 0.         0.         0.         0.24472335 0.         0.2009553
 0.01850512]

rule18: region_northwest = 0.0
probabilities_array:[0.07844484 0.         0.02958463 0.00428678 0.00749697 0.01139276
 0.         0.00151968 0.00297833 0.18112853 0.1322434  0.27287662
 0.2780474 ]

rule19: region_northwest = 1.0
probabilities_array:[0.07485636 0.07179538 0.         0.1106291  0.08765802 0.0641875
 0.02931825 0.05933056 0.0023593  0.15125263 0.0986933  0.20115577
 0.04876382]

rule15: sex_male = 1.0
probabilities_array:[0.17361549 0.         0.05530664 0.02084705 0.04642506 0.00818801
 0.04374834 0.         0.00150829 0.20288631 0.1114494  0.2138545
 0.12217091]

rule7: bmi > 35.024
probabilities_array:[0.         0.         0.         0.         0.00072404 0.02411298
 0.01764429 0.05092331 0.07462768 0.         0.         0.35087305
 0.48109472]

rule17: smoker_yes = 1.0
probabilities_array:[0.         0.         0.         0.         0.         0.
 0.         0.         0.         0.23152292 0.23291321 0.24969117
 0.28587276]

rule20: region_southeast = 0.0
probabilities_array:[0.00148952 0.06336641 0.11664921 0.00385547 0.01152046 0.01918692
 0.         0.01779752 0.08741903 0.22128443 0.12979703 0.19551553
 0.13211842]

rule10: children = 2.0
probabilities_array:[0.         0.01579496 0.12489166 0.10889915 0.10877452 0.12823059
 0.07059431 0.03836256 0.03167727 0.10335556 0.10498299 0.16443639
 0.        ]

rule11: children = 3.0
probabilities_array:[0.         0.         0.12388363 0.10760684 0.06609733 0.16568677
 0.03529805 0.07589245 0.07872716 0.07151153 0.11526903 0.16002725
 0.        ]

rule9: children = 1.0
probabilities_array:[0.00977583 0.09629079 0.11037444 0.12038061 0.12001309 0.09881675
 0.07260229 0.         0.01065509 0.12336141 0.04747968 0.1609443
 0.0293058 ]

rule23: region_southwest = 1.0
probabilities_array:[0.19196516 0.         0.00146851 0.10735626 0.11933959 0.02291333
 0.01848779 0.09021363 0.00826536 0.08915737 0.11742965 0.16365652
 0.06974688]

rule14: sex_male = 0.0
probabilities_array:[0.0000000e+00 1.9733240e-01 6.2254904e-04 6.7429423e-02 1.8643784e-04
 8.8519856e-02 2.8425341e-03 7.6848328e-02 8.3994776e-02 1.4310902e-01
 1.0872110e-01 1.3274387e-01 9.7649641e-02]

rule12: children = 4.0
probabilities_array:[0.         0.         0.         0.02811553 0.08690886 0.
 0.12933177 0.06038314 0.20550095 0.19545043 0.16650371 0.11596954
 0.01183609]

rule8: children = 0.0
probabilities_array:[0.21361771 0.17903863 0.00351494 0.         0.         0.
 0.         0.02288058 0.11573103 0.0511747  0.04280267 0.13085218
 0.24038757]

