R2: 0.7610030399484067

MAE: 3413.4616698749824

MSE: 35957069.319372356

Accuracy: 0.23529411764705882

F1: 0.21799627567789442

Confusion Matrix: [[20, 6, 2, 1, 0, 0, 0, 0, 0, 0, 5, 0, 0, 2, 0], [3, 18, 3, 1, 0, 1, 1, 0, 0, 0, 1, 0, 0, 0, 1], [1, 5, 2, 5, 1, 2, 3, 0, 2, 0, 0, 0, 0, 2, 0], [4, 5, 0, 6, 5, 6, 2, 1, 0, 0, 0, 1, 0, 2, 6], [2, 1, 0, 3, 4, 4, 6, 0, 1, 0, 1, 0, 0, 0, 2], [0, 6, 0, 5, 1, 4, 13, 0, 0, 0, 1, 2, 1, 1, 2], [0, 4, 0, 0, 0, 4, 10, 0, 0, 0, 2, 1, 0, 0, 0], [0, 3, 0, 0, 0, 1, 4, 2, 2, 0, 6, 0, 1, 0, 1], [0, 5, 0, 0, 0, 4, 3, 2, 5, 2, 5, 0, 4, 0, 1], [0, 9, 0, 1, 0, 3, 4, 4, 0, 1, 14, 0, 1, 0, 1], [0, 7, 0, 1, 0, 1, 1, 0, 4, 2, 11, 0, 2, 2, 0], [0, 5, 0, 1, 1, 1, 2, 1, 2, 1, 1, 5, 8, 4, 1], [0, 6, 1, 3, 0, 1, 1, 0, 1, 0, 4, 3, 4, 0, 0], [0, 2, 0, 0, 1, 2, 1, 0, 1, 0, 2, 2, 3, 7, 3], [0, 2, 1, 0, 0, 2, 1, 0, 2, 0, 3, 3, 12, 3, 5]]

Uncertainties: {'class0': [], 'class1': [], 'class2': [], 'class3': [], 'class4': [], 'class5': [], 'class6': [], 'class7': [], 'class8': [], 'class9': [], 'class10': [], 'class11': [], 'class12': [], 'class13': [], 'class14': []}

Most important rules
-----------------------------

---0---

---1---

---2---

---3---

---4---

---5---

---6---

---7---

---8---

---9---

---10---

---11---

---12---

---13---

---14---
