MSE: 2.5902578796561606e-06

Accuracy: 0.4329831263928685

F1: 0.362164966741694

Confusion Matrix: [[255, 57, 114, 23, 0, 0], [119, 81, 188, 39, 0, 1], [105, 84, 316, 153, 0, 5], [23, 11, 148, 584, 4, 90], [1, 2, 10, 317, 9, 86], [1, 0, 3, 188, 9, 115]]

Uncertainties: {'class0': [0.01312306895852089, 0.027337634935975075, 0.1274743676185608, 0.16715876758098602, 0.18668721616268158], 'class1': [0.01312306895852089, 0.027337634935975075, 0.054852306842803955, 0.1274743676185608, 0.16715876758098602], 'class2': [0.008786268532276154, 0.01312306895852089, 0.023173080757260323, 0.027337634935975075, 0.054852306842803955], 'class3': [0.008786268532276154, 0.023173080757260323, 0.027337634935975075, 0.054852306842803955, 0.1274743676185608], 'class4': [0.008786268532276154, 0.023173080757260323, 0.027337634935975075, 0.054852306842803955, 0.14985337853431702], 'class5': [0.008786268532276154, 0.023173080757260323, 0.054852306842803955, 0.14985337853431702, 0.16715876758098602], 'class6': []}

y_test: [0.002, -0.001, 0.002, 0.003, 0.002, 0.001, -0.005, -0.001, -0.002, 0.001, -0.003, 0.001, -0.001, 0.002, -0.001, -0.004, -0.001, -0.001, 0.003, -0.002, -0.001, 0.001, 0.005, -0.002, -0.001, -0.001, 0.004, 0.005, 0.002, 0.001, -0.001, 0.001, -0.001, 0.002, -0.001, 0.002, 0.002, -0.002, 0.001, -0.002, 0.001, 0.002, -0.004, 0.002, -0.006, 0.001, -0.003, -0.002, 0.001, -0.001, -0.001, 0.002, -0.002, -0.003, 0.001, -0.003, 0.002, 0.001, 0.001, -0.006, -0.001, 0.001, -0.001, 0.004, -0.002, -0.003, -0.001, -0.002, -0.001, -0.002, -0.004, 0.002, -0.001, 0.002, 0.001, 0.004, 0.004, -0.001, -0.004, 0.003, 0.001, -0.007, 0.001, 0.001, -0.001, 0.001, 0.002, 0.001, -0.002, 0.001, -0.001, -0.002, 0.004, -0.008, 0.001, 0.001, -0.001, 0.002, -0.001, -0.004, 0.001, 0.001, 0.001, -0.001, -0.002, 0.002, -0.001, -0.003, 0.001, 0.002, -0.001, 0.003, 0.002, -0.001, -0.004, -0.005, -0.002, -0.004, 0.001, 0.003, 0.001, 0.001, -0.001, -0.001, 0.001, -0.003, -0.001, -0.003, 0.001, 0.001, -0.001, -0.001, 0.001, 0.004, 0.001, 0.001, 0.001, -0.002, 0.001, -0.004, 0.001, 0.001, 0.001, 0.002, 0.002, -0.001, 0.001, 0.001, -0.001, -0.001, -0.001, 0.001, -0.002, -0.001, 0.001, 0.002, -0.001, 0.007, 0.002, 0.005, -0.001, -0.002, 0.005, 0.002, -0.001, 0.001, -0.001, -0.003, 0.004, -0.003, 0.002, 0.001, -0.001, 0.002, -0.002, 0.001, -0.002, -0.003, 0.002, -0.002, -0.001, -0.003, 0.002, -0.002, 0.001, 0.001, -0.001, -0.001, -0.002, 0.001, 0.003, 0.004, -0.001, -0.003, 0.001, 0.001, 0.001, -0.003, -0.001, 0.001, 0.001, -0.001, 0.002, -0.004, 0.002, 0.001, 0.001, -0.001, 0.001, 0.003, -0.001, 0.003, 0.002, -0.004, -0.001, -0.004, -0.002, 0.004, -0.002, -0.002, -0.001, -0.002, -0.001, 0.001, 0.001, 0.003, -0.002, 0.003, -0.001, -0.005, -0.003, -0.001, 0.001, 0.007, -0.004, -0.001, -0.001, 0.001, -0.002, -0.004, -0.005, 0.001, -0.005, -0.002, 0.001, 0.001, 0.002, -0.003, -0.001, 0.002, -0.001, 0.001, 0.002, -0.001, -0.002, 0.003, 0.003, 0.001, -0.001, -0.002, 0.001, -0.002, 0.002, -0.002, 0.003, -0.001, 0.001, 0.004, -0.002, -0.002, -0.001, 0.001, 0.002, 0.001, -0.001, 0.001, 0.001, 0.002, -0.002, 0.001, 0.002, 0.001, 0.001, -0.007, -0.002, 0.002, 0.001, -0.001, 0.001, -0.004, 0.001, -0.002, -0.002, 0.001, 0.002, -0.001, 0.005, 0.001, 0.004, 0.004, 0.002, 0.001, 0.001, 0.002, 0.001, -0.001, -0.003, -0.001, 0.005, -0.001, 0.002, 0.002, 0.001, 0.002, -0.002, -0.003, 0.001, 0.003, -0.002, -0.001, 0.002, -0.001, 0.001, -0.002, 0.002, -0.002, -0.002, -0.001, -0.001, 0.002, -0.001, 0.002, 0.001, 0.001, 0.001, -0.002, 0.002, -0.003, 0.001, -0.003, -0.003, -0.002, -0.003, -0.001, 0.002, -0.006, 0.003, 0.001, 0.002, 0.001, -0.002, 0.002, 0.001, 0.005, 0.001, 0.001, 0.004, 0.003, -0.002, -0.001, -0.005, 0.003, -0.001, 0.003, -0.001, -0.002, -0.001, -0.002, 0.002, 0.002, 0.001, -0.004, -0.002, 0.007, -0.001, -0.003, -0.002, -0.002, 0.002, -0.004, -0.002, 0.001, 0.001, -0.001, -0.001, -0.002, -0.002, 0.002, -0.005, -0.003, -0.003, -0.002, -0.001, -0.001, 0.001, 0.001, -0.002, 0.002, 0.002, 0.001, -0.005, 0.002, -0.001, -0.001, -0.001, 0.001, 0.001, -0.001, 0.001, 0.002, -0.004, -0.002, 0.001, -0.002, 0.002, 0.001, -0.001, -0.002, -0.003, -0.001, 0.001, -0.001, 0.001, -0.002, -0.003, 0.001, 0.003, 0.001, -0.006, -0.003, -0.002, -0.003, 0.002, -0.004, -0.004, -0.003, -0.001, -0.004, 0.001, 0.001, 0.001, -0.005, -0.001, -0.001, 0.002, -0.003, 0.002, 0.003, -0.001, 0.001, 0.013, 0.001, 0.001, -0.003, -0.001, -0.001, 0.002, -0.001, 0.001, -0.002, 0.001, -0.001, 0.005, -0.003, 0.002, -0.002, 0.002, -0.001, -0.003, -0.002, 0.004, 0.001, -0.002, -0.001, 0.002, -0.002, -0.003, -0.002, -0.002, -0.002, -0.001, -0.002, 0.002, 0.001, 0.001, 0.001, -0.002, -0.003, -0.005, -0.002, 0.001, -0.001, 0.001, 0.001, -0.002, 0.001, 0.001, -0.004, 0.001, -0.001, -0.001, -0.002, 0.001, -0.001, -0.002, 0.001, -0.003, -0.004, 0.002, 0.003, 0.001, -0.003, -0.001, -0.004, -0.001, 0.001, 0.004, -0.002, -0.002, 0.001, 0.003, -0.004, 0.002, 0.001, 0.002, 0.003, 0.002, -0.002, 0.001, -0.003, -0.003, 0.001, -0.001, 0.003, 0.002, 0.004, 0.004, 0.003, 0.002, 0.001, -0.001, 0.002, -0.002, -0.001, -0.002, 0.003, -0.001, 0.001, -0.002, -0.001, -0.001, 0.002, -0.001, -0.004, -0.002, 0.003, -0.002, 0.005, -0.001, -0.002, 0.003, -0.001, -0.007, 0.001, 0.001, 0.001, 0.001, -0.002, 0.001, -0.001, 0.002, 0.002, -0.001, 0.001, 0.002, 0.003, 0.004, -0.003, -0.001, -0.003, -0.001, -0.001, -0.001, 0.001, 0.002, -0.001, -0.003, -0.002, 0.001, 0.002, 0.001, -0.002, 0.001, 0.002, 0.002, -0.001, -0.004, 0.002, 0.001, 0.001, 0.002, -0.002, 0.001, 0.001, 0.002, -0.001, -0.001, -0.001, 0.001, 0.001, 0.002, 0.001, 0.002, -0.004, -0.001, -0.003, -0.004, 0.002, -0.003, -0.002, 0.003, 0.001, -0.002, 0.003, 0.002, 0.001, 0.002, 0.002, 0.001, 0.003, -0.001, 0.001, 0.003, -0.002, 0.002, -0.002, -0.001, -0.001, 0.001, 0.001, 0.001, -0.002, 0.002, 0.001, -0.002, 0.002, 0.001, 0.002, 0.002, 0.001, 0.003, -0.002, 0.003, 0.003, 0.003, -0.001, -0.003, -0.003, -0.002, -0.001, 0.002, -0.001, 0.002, 0.002, -0.001, -0.001, 0.004, 0.002, 0.003, 0.001, 0.002, -0.001, -0.003, -0.006, 0.001, 0.003, 0.001, 0.001, -0.007, 0.001, 0.004, 0.001, -0.001, 0.001, -0.001, -0.001, 0.001, -0.002, 0.001, 0.001, 0.001, 0.001, -0.004, 0.001, 0.004, 0.002, 0.002, 0.001, 0.001, 0.001, 0.001, 0.002, -0.001, -0.001, -0.002, -0.001, 0.002, -0.003, -0.005, -0.001, 0.001, -0.001, 0.003, -0.001, 0.003, -0.003, -0.002, 0.002, -0.005, -0.001, -0.002, -0.001, -0.001, -0.001, 0.001, -0.001, -0.002, -0.005, -0.003, -0.001, 0.001, -0.001, -0.006, -0.002, -0.001, -0.002, -0.002, 0.001, -0.001, -0.003, -0.001, 0.001, -0.006, 0.004, 0.001, -0.001, 0.002, 0.008, -0.001, 0.003, 0.003, 0.001, 0.001, 0.001, 0.002, -0.001, 0.001, 0.002, -0.002, 0.001, -0.001, -0.002, 0.001, -0.001, 0.001, 0.002, 0.001, 0.002, -0.002, -0.006, -0.001, -0.001, 0.002, -0.002, 0.001, -0.002, -0.001, -0.009, -0.001, -0.003, -0.001, 0.004, 0.002, 0.001, -0.001, -0.001, 0.002, -0.007, -0.003, -0.001, -0.002, 0.001, 0.001, 0.002, 0.004, -0.002, 0.001, -0.004, -0.002, -0.001, -0.001, 0.001, -0.001, -0.002, 0.002, 0.002, 0.003, 0.001, -0.003, -0.002, 0.001, 0.001, 0.001, -0.001, 0.001, 0.001, -0.002, 0.001, -0.003, 0.001, 0.001, 0.001, 0.001, 0.003, 0.001, -0.001, 0.001, -0.001, -0.002, -0.001, -0.001, -0.001, 0.001, -0.001, 0.001, -0.001, -0.002, 0.004, 0.002, 0.001, -0.001, -0.001, 0.001, 0.006, -0.005, 0.002, 0.002, 0.002, 0.001, -0.001, 0.002, 0.004, 0.002, 0.003, 0.001, 0.001, 0.001, -0.003, 0.001, -0.002, 0.003, -0.001, 0.003, -0.001, -0.007, 0.002, -0.002, 0.001, 0.003, -0.001, 0.001, -0.002, -0.002, -0.005, 0.002, -0.002, -0.002, 0.001, 0.002, 0.003, -0.001, 0.002, 0.001, 0.001, 0.002, 0.001, -0.002, 0.002, -0.002, 0.001, 0.002, 0.003, 0.001, -0.004, -0.001, 0.004, 0.003, -0.001, 0.003, 0.001, -0.001, -0.003, 0.001, 0.002, 0.004, 0.001, -0.005, 0.001, -0.002, -0.001, -0.001, 0.001, 0.001, -0.004, 0.002, -0.001, 0.001, -0.001, 0.001, 0.001, -0.002, -0.003, -0.003, -0.002, 0.001, -0.004, 0.003, 0.001, -0.002, 0.002, -0.004, -0.002, -0.001, 0.002, 0.001, -0.001, -0.001, -0.001, 0.003, -0.002, -0.002, -0.004, -0.002, 0.001, -0.004, 0.002, -0.001, 0.001, -0.001, 0.001, -0.001, 0.001, 0.002, 0.001, -0.003, -0.001, 0.002, 0.001, 0.005, -0.001, -0.004, -0.002, 0.001, 0.001, -0.003, 0.001, 0.002, 0.001, -0.002, -0.002, -0.003, 0.001, -0.001, -0.003, -0.002, -0.001, -0.001, 0.001, 0.003, -0.001, 0.002, 0.005, -0.001, 0.001, 0.001, 0.001, 0.003, -0.003, -0.002, -0.003, -0.002, 0.004, 0.002, -0.001, 0.002, 0.002, 0.001, 0.002, -0.002, -0.002, 0.003, -0.001, 0.001, -0.001, 0.001, 0.002, -0.002, 0.001, 0.003, 0.001, 0.001, 0.002, 0.001, 0.003, -0.002, 0.001, 0.003, 0.001, -0.001, -0.004, -0.001, 0.002, -0.006, -0.002, 0.004, 0.003, -0.003, -0.003, 0.002, -0.003, 0.001, -0.003, -0.003, -0.004, -0.002, -0.001, 0.002, 0.004, -0.003, -0.001, -0.003, -0.003, -0.002, -0.001, -0.002, -0.004, 0.002, 0.002, 0.001, 0.002, 0.001, 0.001, 0.002, 0.002, -0.001, -0.001, 0.001, -0.006, -0.003, -0.003, 0.001, -0.001, -0.002, 0.001, 0.002, -0.001, -0.002, 0.001, 0.001, 0.004, 0.001, -0.001, -0.002, -0.001, 0.002, 0.001, -0.002, 0.002, 0.002, -0.003, -0.001, -0.002, 0.001, -0.004, -0.001, 0.001, 0.001, -0.002, 0.002, 0.001, 0.001, 0.001, -0.002, 0.001, 0.001, -0.005, -0.002, 0.002, 0.001, 0.001, 0.001, -0.001, -0.002, 0.001, -0.002, -0.003, 0.002, -0.002, -0.001, -0.003, 0.001, -0.002, 0.004, 0.001, 0.001, 0.002, 0.004, -0.004, 0.001, -0.002, 0.001, 0.001, 0.001, 0.002, -0.004, 0.001, -0.002, -0.001, 0.003, 0.001, -0.002, 0.001, 0.003, -0.001, -0.002, -0.002, 0.001, 0.001, 0.004, -0.001, 0.001, 0.002, -0.001, -0.001, 0.001, 0.001, 0.002, -0.005, 0.002, -0.002, -0.001, 0.001, -0.01, -0.001, -0.001, 0.001, -0.002, 0.005, 0.001, 0.003, 0.001, 0.001, -0.003, 0.004, -0.002, 0.001, -0.004, -0.002, -0.003, -0.003, 0.001, -0.002, 0.005, -0.002, 0.001, -0.002, -0.006, -0.001, 0.001, -0.005, -0.001, -0.002, 0.001, 0.001, 0.001, 0.001, -0.003, 0.001, 0.001, 0.001, -0.002, -0.002, 0.002, 0.001, 0.001, 0.001, -0.001, 0.001, -0.004, -0.001, 0.001, 0.001, 0.003, 0.001, -0.001, 0.002, 0.005, 0.005, -0.002, 0.002, 0.001, -0.002, -0.001, -0.001, 0.001, -0.001, 0.002, 0.002, 0.004, 0.002, -0.001, -0.003, 0.002, 0.002, 0.001, -0.001, -0.006, 0.001, -0.001, 0.001, 0.001, -0.001, 0.002, 0.001, -0.003, 0.002, -0.002, 0.002, -0.001, -0.001, -0.001, 0.003, -0.005, 0.001, -0.001, 0.002, -0.001, -0.001, -0.003, -0.002, -0.001, 0.002, -0.004, 0.001, 0.003, 0.001, -0.001, 0.001, 0.001, 0.004, 0.003, 0.003, 0.001, 0.001, -0.001, 0.001, -0.004, -0.003, 0.001, -0.001, -0.001, 0.003, 0.002, 0.001, 0.002, -0.002, -0.001, -0.002, 0.004, -0.001, -0.001, 0.003, -0.013, -0.002, -0.002, -0.001, -0.002, 0.001, -0.001, -0.002, -0.002, 0.001, 0.001, -0.004, -0.001, -0.004, 0.002, 0.001, 0.002, 0.001, -0.005, -0.003, 0.001, -0.002, -0.001, 0.003, 0.004, 0.001, 0.001, 0.006, 0.001, 0.001, 0.003, 0.002, 0.001, 0.001, -0.002, 0.001, -0.001, -0.001, 0.002, 0.003, 0.005, -0.002, 0.004, 0.001, 0.005, -0.001, 0.001, 0.001, 0.001, -0.003, 0.001, -0.001, 0.002, -0.002, 0.002, 0.003, 0.002, -0.004, 0.001, -0.002, -0.001, -0.002, 0.002, 0.001, 0.001, -0.001, -0.001, -0.001, 0.001, -0.001, 0.003, -0.001, 0.001, -0.004, 0.001, -0.003, 0.002, -0.002, 0.001, -0.002, 0.002, 0.003, -0.001, 0.002, 0.001, -0.001, -0.001, 0.001, -0.002, -0.001, -0.001, 0.003, 0.003, 0.003, -0.001, -0.002, -0.001, -0.002, 0.001, -0.002, 0.001, -0.004, 0.002, -0.001, -0.001, -0.001, -0.001, 0.001, -0.003, 0.001, -0.001, -0.002, -0.002, 0.002, 0.001, -0.001, -0.003, 0.001, 0.001, 0.001, -0.001, 0.001, -0.001, 0.001, 0.001, -0.005, 0.003, -0.001, 0.003, -0.004, 0.002, -0.001, 0.001, -0.003, -0.002, -0.001, -0.002, 0.001, 0.002, 0.001, 0.001, 0.001, -0.002, 0.001, 0.001, 0.001, -0.001, 0.001, 0.001, 0.002, 0.001, -0.001, -0.001, -0.003, 0.001, -0.001, 0.002, 0.005, -0.001, 0.003, 0.001, 0.001, 0.001, 0.001, -0.001, 0.003, -0.002, 0.002, -0.002, 0.001, -0.001, 0.002, 0.001, 0.003, -0.001, 0.001, 0.003, -0.002, 0.002, -0.002, -0.003, -0.001, 0.001, -0.001, -0.003, 0.001, 0.001, 0.002, 0.002, 0.001, -0.002, 0.001, -0.003, 0.002, 0.002, -0.001, 0.002, -0.001, -0.001, 0.002, -0.003, 0.002, 0.003, 0.001, -0.001, 0.002, -0.002, -0.001, 0.001, -0.001, -0.006, -0.001, -0.001, -0.001, 0.004, 0.001, -0.001, 0.002, 0.001, 0.003, 0.003, 0.001, -0.009, 0.001, -0.001, 0.004, -0.002, 0.002, -0.001, 0.001, 0.001, 0.001, 0.004, 0.001, 0.001, -0.003, 0.003, 0.001, -0.004, -0.002, -0.002, 0.003, 0.004, -0.004, 0.002, 0.002, 0.004, 0.006, -0.002, -0.002, 0.003, 0.001, -0.002, -0.003, 0.001, 0.003, 0.002, -0.001, -0.003, -0.003, 0.002, -0.001, 0.002, 0.001, -0.003, 0.002, -0.002, -0.003, -0.001, -0.002, -0.001, -0.002, -0.002, 0.006, -0.002, 0.001, 0.001, 0.002, -0.003, 0.004, -0.002, 0.001, -0.005, -0.002, 0.001, 0.001, -0.002, -0.002, -0.002, 0.003, 0.001, 0.001, 0.001, 0.003, -0.001, 0.001, -0.002, 0.002, -0.001, 0.001, -0.002, 0.001, 0.002, -0.005, 0.001, 0.004, 0.002, 0.001, 0.001, -0.002, 0.001, -0.003, -0.001, 0.003, 0.002, -0.001, -0.002, -0.001, -0.001, 0.001, -0.001, 0.002, 0.002, 0.001, 0.002, -0.004, 0.001, -0.003, 0.001, 0.001, 0.001, -0.004, -0.002, 0.001, -0.001, 0.001, 0.001, -0.001, -0.003, 0.001, -0.001, 0.004, -0.002, 0.001, 0.001, -0.003, -0.001, 0.001, 0.007, -0.003, -0.008, -0.002, -0.004, 0.001, -0.001, 0.003, 0.002, -0.003, 0.001, 0.001, -0.002, -0.001, 0.001, 0.002, -0.002, -0.002, -0.004, -0.004, 0.002, 0.004, 0.002, 0.004, 0.001, 0.002, 0.003, 0.001, -0.001, -0.001, 0.001, 0.001, 0.001, 0.001, -0.001, -0.001, -0.001, -0.003, 0.003, 0.001, -0.002, 0.002, -0.001, 0.001, -0.002, -0.001, 0.001, 0.002, 0.001, 0.001, 0.001, 0.006, 0.002, 0.001, 0.002, -0.003, -0.001, -0.001, -0.003, 0.001, 0.002, -0.001, -0.002, 0.002, -0.004, -0.001, 0.001, -0.003, 0.002, 0.001, 0.001, -0.001, 0.005, -0.002, -0.001, -0.001, -0.004, 0.001, -0.001, 0.001, -0.001, -0.001, 0.001, -0.002, -0.002, -0.002, -0.002, 0.003, -0.004, 0.001, -0.001, -0.001, -0.002, 0.001, 0.002, 0.001, -0.001, 0.001, -0.002, 0.001, 0.001, 0.001, 0.001, -0.001, -0.003, 0.002, -0.002, -0.001, 0.001, 0.002, 0.001, 0.001, -0.002, 0.001, 0.003, 0.002, -0.002, 0.001, 0.002, -0.001, 0.001, 0.001, 0.001, -0.002, -0.001, 0.004, -0.006, -0.001, 0.002, -0.003, 0.002, 0.001, -0.002, 0.001, 0.003, -0.004, -0.001, -0.001, -0.001, -0.002, -0.004, -0.002, -0.002, -0.004, 0.001, 0.002, 0.001, -0.001, -0.001, -0.002, -0.002, -0.001, 0.001, 0.002, 0.002, 0.004, 0.001, -0.004, -0.004, 0.003, -0.005, -0.001, -0.001, 0.005, 0.001, -0.001, -0.001, 0.003, 0.002, -0.004, -0.006, 0.002, 0.002, 0.004, 0.001, -0.001, -0.002, 0.003, -0.002, 0.001, -0.001, 0.003, -0.001, 0.001, -0.001, -0.001, 0.001, 0.002, -0.002, -0.002, -0.004, 0.002, -0.001, 0.003, -0.001, 0.002, 0.001, -0.001, -0.003, 0.003, 0.001, 0.003, -0.001, 0.001, 0.003, -0.001, -0.006, 0.001, -0.001, 0.001, -0.005, -0.003, 0.003, -0.004, 0.001, -0.001, -0.002, 0.001, 0.002, -0.005, -0.001, -0.002, 0.001, -0.001, -0.001, 0.001, -0.003, -0.001, -0.003, 0.002, -0.002, -0.001, 0.001, 0.005, 0.001, 0.001, -0.002, 0.001, -0.002, 0.001, 0.001, -0.001, 0.001, 0.001, 0.003, 0.001, 0.004, 0.002, -0.001, 0.001, -0.004, 0.001, 0.001, 0.001, 0.001, -0.002, -0.003, 0.001, -0.001, -0.001, -0.002, 0.003, -0.003, -0.001, -0.005, 0.002, 0.001, -0.002, 0.001, 0.002, 0.001, -0.001, -0.002, 0.001, -0.003, 0.002, 0.007, -0.002, -0.007, 0.002, -0.001, -0.001, 0.002, 0.002, -0.001, -0.001, 0.002, 0.001, 0.005, -0.001, 0.002, 0.003, 0.002, -0.003, 0.001, 0.002, 0.001, -0.001, 0.001, 0.001, -0.002, -0.003, 0.003, -0.001, 0.001, -0.004, -0.001, 0.002, -0.001, 0.001, -0.003, 0.001, 0.003, -0.003, -0.004, -0.002, 0.002, -0.004, 0.001, 0.002, -0.001, 0.001, -0.001, 0.002, 0.002, 0.001, 0.002, -0.004, 0.001, 0.001, 0.001, -0.004, -0.001, 0.001, -0.002, -0.003, 0.002, 0.001, 0.001, 0.003, 0.002, -0.003, 0.002, 0.001, 0.001, 0.001, 0.003, -0.002, 0.001, -0.001, 0.001, 0.001, -0.001, 0.001, -0.001, 0.001, -0.002, -0.001, 0.001, 0.005, 0.001, -0.001, 0.004, 0.003, -0.004, 0.001, 0.002, 0.002, -0.004, 0.003, -0.011, 0.001, -0.001, 0.003, 0.001, -0.004, -0.002, 0.001, 0.001, -0.001, 0.001, 0.001, -0.001, -0.002, 0.003, 0.002, -0.002, 0.001, 0.001, 0.003, -0.001, 0.001, -0.001, 0.002, -0.002, 0.001, 0.003, -0.006, -0.001, 0.002, 0.001, -0.002, -0.001, -0.002, -0.002, -0.003, -0.001, 0.001, -0.002, -0.001, -0.001, 0.001, 0.003, 0.001, 0.002, 0.001, 0.001, -0.003, -0.002, -0.003, 0.003, -0.001, -0.002, 0.001, 0.001, 0.002, -0.002, 0.006, 0.007, -0.004, 0.001, 0.002, 0.001, 0.001, 0.002, 0.002, -0.005, -0.003, -0.001, 0.001, 0.001, -0.001, 0.001, -0.004, 0.001, -0.002, -0.005, -0.001, 0.002, 0.001, -0.001, 0.002, 0.002, 0.001, -0.003, 0.001, -0.002, 0.002, 0.002, 0.004, 0.002, 0.002, 0.001, 0.004, -0.002, -0.002, -0.001, -0.001, 0.005, 0.001, -0.002, -0.003, -0.003, -0.003, -0.004, -0.001, 0.001, 0.001, 0.001, -0.004, -0.003, -0.001, 0.001, -0.001, 0.005, -0.003, 0.001, 0.001, -0.001, 0.001, -0.008, -0.001, -0.002, 0.003, 0.003, -0.001, 0.001, -0.005, -0.006, 0.001, -0.001, -0.003, 0.002, -0.003, -0.002, -0.003, 0.003, 0.001, 0.001, -0.001, 0.003, -0.001, -0.002, 0.001, 0.001, 0.002, -0.002, -0.002, -0.005, 0.001, 0.001, -0.002, -0.001, 0.001, 0.001, 0.002, -0.004, -0.003, -0.002, -0.008, 0.001, 0.004, 0.001, -0.007, -0.002, -0.002, -0.003, 0.001, -0.001, 0.001, 0.001, -0.001, -0.002, 0.001, 0.001, -0.002, -0.001, 0.004, 0.001, -0.002, 0.001, -0.004, 0.001, 0.001, -0.001, -0.002, 0.001, -0.005, -0.001, -0.004, 0.001, 0.002, -0.001, -0.001, -0.001, 0.001, -0.001, 0.002, 0.004, -0.003, -0.001, 0.001, -0.003, -0.002, -0.001, 0.002, -0.001, -0.001, 0.001, 0.001, -0.001, -0.002, -0.002, -0.003, -0.001, -0.002, 0.001, -0.003, -0.003, -0.001, 0.002, -0.001, 0.001, -0.001, 0.001, 0.002, -0.002, 0.002, 0.001, -0.003, -0.003, -0.003, -0.001, -0.003, 0.001, 0.002, -0.006, 0.001, -0.002, 0.002, -0.001, 0.002, 0.002, -0.001, -0.001, -0.002, 0.002, -0.002, -0.001, 0.001, -0.002, -0.002, -0.002, -0.002, 0.001, -0.004, -0.002, -0.004, 0.001, 0.001, 0.003, -0.001, -0.001, 0.001, 0.001, -0.002, -0.001, 0.001, -0.005, 0.002, 0.002, -0.001, 0.001, 0.002, 0.002, -0.001, 0.002, 0.001, 0.002, -0.001, 0.002, -0.001, 0.001, -0.005, -0.002, -0.001, -0.002, 0.003, -0.002, 0.001, 0.001, -0.002, 0.001, 0.001, 0.001, -0.002, -0.002, 0.001, 0.001, -0.002, -0.001, 0.001, -0.002, 0.001, -0.002, -0.003, 0.005, 0.001, 0.001, 0.001, 0.002, 0.001, 0.002, 0.001, -0.002, -0.001, 0.001, -0.001, -0.004, 0.002, 0.001, -0.001, 0.002, -0.003, 0.001, -0.003, -0.002, 0.004, 0.002, 0.001, -0.003, -0.002, 0.005, 0.001, -0.001, -0.001, -0.001, -0.002, -0.003, 0.002, 0.001, -0.002, -0.003, 0.001, -0.001, 0.003, 0.004, -0.001, 0.003, 0.001, -0.001, 0.001, 0.001, -0.002, 0.001, 0.001, -0.001, 0.003, -0.001, 0.001, 0.001, 0.001, 0.003, 0.002, 0.002, 0.002, -0.001, 0.002, -0.001, -0.004, -0.001, -0.004, -0.004, 0.002, -0.001, 0.001, -0.001, -0.001, -0.001, -0.001, -0.002, -0.004, -0.001, 0.002, 0.003, -0.003, -0.001, -0.001, -0.003, 0.001, -0.001, 0.001, 0.002, -0.004, 0.002, -0.001, -0.005, -0.001, 0.003, -0.003, 0.004, -0.003, -0.001, -0.001, -0.002, 0.001, -0.005, 0.002, -0.001, 0.005, 0.002, -0.001, -0.004, 0.001, 0.001, 0.001, -0.001, 0.001, 0.001, -0.002, -0.001, -0.002, 0.001, 0.001, 0.001, -0.002, -0.002, -0.001, 0.002, 0.001, -0.001, 0.002, 0.001, -0.001, 0.001, 0.001, 0.001, 0.002, -0.004, 0.001, -0.003, -0.006, -0.003, -0.002, 0.006, -0.004, -0.007, -0.001, 0.002, -0.001, 0.008, 0.001, -0.003, 0.001, -0.004, 0.001, -0.002, -0.003, 0.001, -0.001, -0.003, -0.001, 0.002, -0.001, -0.002, 0.001, -0.001, 0.001, 0.002, 0.006, -0.001, 0.001, -0.002, 0.002, 0.001, -0.002, 0.001, -0.003, 0.001, 0.004, -0.001, 0.001, 0.001, 0.003, 0.001, 0.002, 0.001, 0.001, 0.001, -0.002, -0.004, 0.001, 0.003, 0.001, 0.001, 0.001, 0.002, 0.002, -0.004, -0.001, 0.001, -0.001, -0.001, -0.001, -0.001, 0.002, 0.001, 0.002, 0.001, -0.001, -0.001, 0.001, 0.001, 0.002, 0.002, -0.001, 0.003, -0.005, -0.003, 0.001, -0.004, 0.002, 0.001, -0.001, -0.003, -0.003, -0.004, 0.001, 0.005, -0.002, -0.002, -0.001, 0.001, 0.001, 0.001, -0.002, -0.002, 0.006, -0.001, -0.005, -0.002, 0.001, 0.002, 0.002, 0.001, -0.001, 0.001, -0.003, -0.001, -0.001, 0.001, 0.002, 0.004, 0.001, 0.001, -0.002, -0.003, 0.001, -0.003, 0.002, -0.001, 0.002, 0.002, -0.001, -0.001, 0.001, -0.001, -0.002, -0.001, -0.001, -0.003, 0.003, 0.001, 0.002, -0.004, 0.002, 0.002, 0.002, -0.001, -0.002, -0.003, -0.001, 0.002, -0.001, -0.002, 0.002, -0.003, -0.001, -0.001, -0.001, -0.008, -0.001, -0.003, -0.002, 0.001, 0.003, -0.003, -0.004, -0.001, -0.003, -0.001, -0.002, -0.001, 0.002, -0.002, 0.003, 0.003, -0.002, 0.002, 0.001, -0.002, 0.001, 0.003, -0.003, 0.001, 0.002, 0.001, 0.001, 0.002, 0.001, -0.001, 0.003, -0.003, 0.002, -0.002, 0.001, 0.001, 0.001, -0.001, -0.003, -0.001, -0.002, -0.001, 0.002, 0.004, -0.001, -0.001, -0.003, -0.002, 0.001, 0.001, 0.002, 0.008, -0.002, -0.004, -0.003, 0.001, -0.004, -0.003, 0.001, -0.001, 0.001, 0.001, 0.002, -0.001, 0.001, -0.003, 0.004, -0.003, -0.001, -0.001, 0.001, -0.002, -0.001, 0.001, 0.001, -0.002, 0.002, 0.002, 0.001, -0.006, 0.003, 0.001, -0.003, 0.001, 0.001, -0.001, 0.002, -0.001, 0.001, 0.001, -0.002, 0.001, -0.003, -0.003, -0.001, -0.001, 0.002, -0.003, -0.004, -0.002, 0.004, -0.002, -0.003, 0.002, -0.002, -0.002, -0.002, -0.001, -0.004, 0.001, 0.001, -0.001, -0.002, 0.003, 0.001, -0.001, 0.001, 0.002, 0.001, -0.001, 0.004, 0.002, -0.006, -0.001, -0.001, 0.004, -0.004, 0.001, -0.002, 0.007, 0.002, -0.005, -0.001, 0.001, -0.003, -0.001, 0.001, -0.001, -0.003, -0.002, 0.001, -0.001, 0.002, -0.003, -0.001, -0.004, -0.004, -0.001, 0.001, 0.002, 0.001, 0.002, 0.001, 0.003, 0.005, 0.002, -0.001, 0.005, 0.001, -0.002, 0.001, 0.002, -0.001, -0.003, 0.002, 0.001, -0.003, 0.003, -0.001, -0.001, -0.001, -0.002, 0.002, 0.001, 0.001, -0.002, -0.002, -0.001, -0.004, 0.001, 0.003, 0.002, -0.002, -0.002, 0.004, -0.002, 0.003, 0.001, -0.004, -0.001, -0.001, 0.005, 0.003, 0.001, 0.004, 0.001, 0.003, 0.001, -0.001, 0.003, -0.003, 0.001, 0.003, -0.003, 0.001, -0.001, -0.001, 0.001, 0.002, 0.001, 0.001, 0.002, -0.001, 0.001, 0.003, 0.003, 0.001, -0.003, -0.002, -0.001, -0.001, -0.003, 0.001, -0.001, 0.001, 0.001, 0.001, -0.001, 0.001, -0.001, 0.001, -0.001, -0.001, 0.003, -0.003, -0.001, -0.001, -0.001, -0.001, -0.006, 0.003, 0.002, -0.003, 0.001, -0.001, 0.001, -0.001, 0.001, -0.003, 0.002, 0.002, 0.001, -0.001, -0.001, 0.001, -0.003, -0.001, -0.002, 0.001, -0.001, 0.004, -0.001, 0.003, -0.001, -0.001, -0.002, 0.002, 0.002, 0.001, -0.003, -0.002, -0.001, 0.002, 0.001, 0.002, -0.002, -0.001, 0.001, -0.002, -0.001, 0.003, -0.002, 0.001, -0.002, -0.003, -0.001, -0.001, -0.002, -0.002, 0.003, -0.002, 0.003, -0.001, -0.001, -0.001, 0.002, -0.001, -0.002, 0.002, 0.001, 0.001, -0.002, -0.001, -0.001, -0.001, -0.003, -0.003, -0.001, 0.005, -0.004, 0.002, 0.002, -0.003, -0.002, -0.001, 0.001, -0.001, -0.003, -0.003, 0.005, -0.001, -0.001, -0.001, -0.004, 0.003, -0.002, 0.002, -0.001, -0.003, 0.001, 0.002, -0.004, 0.001, -0.001, 0.003, 0.001, -0.004, -0.001, 0.001, 0.001, 0.001, -0.002, 0.001, 0.001, 0.003, -0.001, 0.001, 0.001, 0.001, 0.002, -0.002, -0.001, 0.004, 0.002, -0.002, -0.001, -0.001, -0.006, 0.001, -0.002, -0.003, 0.002, 0.001, -0.001, -0.003, -0.002, -0.003, -0.002, -0.002, 0.002, -0.004, -0.001, 0.002, 0.001, 0.001, 0.001, -0.005, 0.002, 0.002, -0.002, 0.001, 0.004, 0.001, -0.001, -0.001, -0.001, 0.004, -0.001, -0.001, 0.002, 0.001, 0.001, 0.001, -0.002, -0.002, 0.001, -0.002, -0.004, 0.001, 0.001, 0.001, 0.002, -0.002, 0.001, -0.002, 0.001, -0.003, 0.004, -0.001, 0.001, -0.002, 0.002, 0.003, 0.001, -0.005, 0.001, 0.001, -0.003, 0.001, 0.001, 0.001, 0.001, 0.009, -0.001, -0.002, -0.001, -0.003, 0.001, -0.003, 0.001, -0.001, -0.001, -0.002, -0.003, -0.002, 0.001, -0.004, 0.002, 0.003, -0.001, -0.001, -0.002, -0.002, 0.002, 0.002, 0.001, -0.003, -0.003, -0.002, -0.001, 0.003, -0.001, -0.001, -0.002, -0.001, -0.001, -0.005, 0.001, 0.001, -0.001, -0.006, -0.004, -0.003, 0.001, -0.002, 0.002, -0.001, 0.001, 0.005, 0.005, 0.004, 0.004, 0.001, 0.001, -0.001, 0.001, -0.003, 0.002, -0.002, 0.001, -0.003, -0.001, 0.002, -0.001, 0.002, -0.002, -0.001, -0.002, -0.002, 0.001, -0.003, 0.002, 0.002, -0.003, 0.002, -0.003, -0.002, 0.002, 0.002, 0.001, 0.001, -0.001, -0.004, -0.003, 0.002, -0.001, -0.001, 0.002, -0.002, 0.001, 0.002, -0.001, -0.001, 0.004, 0.001, 0.003, 0.003, -0.001, -0.002, -0.001, -0.006, 0.001, -0.001, -0.003, 0.002, 0.003, -0.003, 0.001, -0.001, -0.003, 0.002, 0.001, -0.002, 0.003, 0.003, -0.001, -0.001, 0.004, -0.001, -0.001, -0.007, 0.001, -0.002, -0.002, 0.001, -0.005, 0.002, -0.001, -0.001, 0.001]

buck_pred: [5, 3, 3, 4, 3, 3, 3, 2, 0, 5, 0, 3, 0, 3, 1, 1, 2, 0, 5, 1, 1, 3, 5, 1, 1, 3, 5, 3, 3, 1, 2, 3, 1, 3, 1, 5, 3, 2, 3, 2, 3, 1, 0, 2, 0, 3, 0, 2, 3, 1, 2, 3, 1, 0, 3, 1, 3, 3, 2, 0, 2, 3, 2, 3, 2, 2, 2, 2, 2, 1, 0, 5, 0, 3, 3, 3, 3, 3, 2, 3, 3, 0, 3, 3, 2, 3, 3, 5, 2, 0, 2, 0, 3, 0, 5, 3, 1, 3, 2, 0, 3, 3, 3, 3, 0, 5, 2, 0, 3, 3, 1, 3, 3, 0, 0, 0, 2, 0, 5, 3, 0, 3, 3, 3, 3, 1, 0, 2, 3, 0, 1, 1, 3, 5, 3, 3, 3, 2, 5, 0, 3, 5, 3, 5, 3, 2, 3, 3, 2, 2, 2, 5, 0, 1, 3, 3, 0, 3, 4, 3, 3, 1, 5, 3, 2, 3, 3, 1, 5, 2, 3, 2, 3, 5, 2, 3, 1, 3, 3, 3, 2, 2, 3, 2, 5, 3, 2, 3, 2, 3, 3, 3, 1, 0, 2, 3, 3, 0, 2, 3, 3, 0, 3, 1, 3, 3, 1, 0, 3, 3, 3, 3, 3, 2, 2, 2, 2, 5, 1, 0, 2, 2, 1, 3, 3, 3, 2, 5, 2, 0, 0, 2, 3, 3, 0, 3, 3, 3, 2, 2, 0, 3, 0, 1, 2, 3, 3, 2, 3, 3, 0, 3, 3, 3, 0, 3, 3, 2, 0, 0, 3, 1, 3, 0, 3, 1, 3, 5, 0, 0, 2, 2, 3, 3, 2, 2, 3, 5, 2, 3, 3, 3, 3, 0, 3, 3, 3, 1, 3, 2, 2, 2, 0, 0, 3, 3, 5, 3, 5, 5, 3, 3, 3, 3, 3, 2, 0, 2, 5, 3, 3, 5, 3, 3, 0, 1, 3, 5, 2, 2, 3, 0, 2, 3, 3, 1, 2, 3, 3, 3, 3, 3, 5, 3, 3, 3, 2, 0, 3, 0, 2, 2, 1, 3, 5, 0, 3, 5, 0, 3, 2, 3, 3, 5, 3, 3, 5, 3, 0, 2, 1, 3, 3, 5, 2, 1, 2, 2, 3, 3, 5, 2, 3, 3, 2, 2, 1, 3, 3, 1, 2, 3, 3, 1, 2, 2, 2, 3, 3, 0, 1, 0, 2, 2, 2, 2, 2, 3, 3, 3, 0, 3, 2, 1, 2, 2, 3, 3, 3, 3, 2, 2, 0, 1, 3, 3, 2, 0, 0, 3, 3, 3, 3, 2, 0, 3, 3, 2, 0, 0, 2, 1, 5, 1, 1, 2, 0, 0, 2, 3, 3, 1, 0, 3, 3, 0, 3, 3, 3, 3, 4, 2, 3, 0, 2, 2, 3, 2, 3, 2, 3, 2, 3, 0, 5, 2, 3, 2, 2, 0, 3, 3, 0, 2, 2, 2, 1, 1, 2, 2, 2, 3, 3, 3, 2, 5, 0, 2, 0, 2, 3, 2, 3, 3, 1, 5, 0, 0, 3, 3, 2, 3, 3, 0, 1, 3, 0, 0, 5, 3, 2, 2, 3, 0, 2, 3, 5, 2, 2, 3, 5, 3, 5, 3, 3, 3, 5, 2, 5, 2, 0, 3, 0, 3, 5, 3, 5, 5, 3, 2, 2, 3, 0, 0, 2, 5, 0, 3, 0, 3, 2, 3, 2, 3, 2, 3, 2, 5, 2, 2, 3, 3, 0, 3, 2, 3, 3, 0, 3, 0, 3, 3, 1, 3, 3, 5, 5, 0, 2, 0, 2, 3, 3, 5, 3, 2, 0, 3, 0, 3, 2, 0, 3, 3, 4, 2, 0, 3, 3, 2, 3, 3, 2, 3, 3, 1, 3, 0, 3, 3, 5, 5, 3, 0, 3, 0, 0, 3, 1, 2, 5, 3, 2, 5, 3, 3, 5, 5, 3, 3, 2, 3, 5, 0, 3, 2, 2, 2, 3, 2, 3, 0, 3, 2, 2, 3, 2, 5, 3, 3, 3, 0, 3, 3, 5, 2, 0, 0, 0, 3, 5, 0, 5, 3, 3, 3, 3, 5, 3, 3, 3, 0, 0, 2, 5, 5, 2, 5, 2, 2, 5, 3, 2, 2, 2, 3, 3, 2, 5, 3, 3, 3, 0, 3, 3, 3, 3, 2, 2, 3, 5, 3, 1, 1, 0, 2, 5, 0, 0, 2, 5, 3, 3, 2, 5, 0, 2, 3, 0, 2, 0, 2, 1, 2, 3, 1, 2, 3, 1, 2, 3, 2, 0, 0, 1, 2, 0, 3, 2, 0, 1, 3, 0, 3, 3, 3, 3, 5, 0, 3, 3, 2, 5, 3, 3, 1, 2, 3, 1, 3, 3, 0, 3, 1, 3, 5, 2, 3, 2, 1, 2, 0, 3, 2, 3, 2, 0, 0, 3, 0, 2, 5, 3, 5, 3, 1, 3, 0, 2, 2, 0, 3, 2, 5, 5, 3, 3, 0, 0, 3, 3, 3, 3, 1, 3, 5, 3, 3, 2, 0, 3, 3, 1, 2, 2, 3, 0, 3, 0, 3, 3, 3, 3, 3, 3, 0, 3, 3, 3, 2, 0, 3, 3, 0, 2, 5, 0, 5, 5, 3, 0, 1, 3, 3, 0, 3, 3, 3, 3, 3, 3, 3, 3, 3, 3, 2, 2, 0, 3, 1, 5, 2, 3, 2, 0, 3, 2, 5, 3, 1, 3, 2, 1, 0, 3, 1, 2, 3, 3, 3, 3, 3, 2, 3, 3, 3, 1, 5, 3, 3, 3, 3, 3, 0, 2, 5, 3, 2, 3, 3, 3, 0, 3, 3, 5, 3, 0, 2, 0, 3, 0, 3, 3, 2, 3, 0, 3, 2, 3, 3, 1, 0, 2, 3, 3, 0, 3, 3, 2, 3, 0, 0, 2, 3, 3, 0, 2, 2, 3, 3, 0, 1, 2, 3, 0, 3, 2, 5, 0, 5, 0, 0, 3, 3, 2, 0, 3, 2, 3, 2, 1, 3, 3, 2, 0, 3, 3, 3, 2, 0, 3, 3, 2, 0, 0, 0, 2, 2, 5, 1, 5, 5, 2, 2, 1, 5, 3, 1, 3, 1, 1, 5, 3, 3, 5, 3, 0, 2, 1, 1, 3, 1, 2, 3, 2, 5, 0, 5, 3, 0, 4, 5, 3, 3, 2, 3, 3, 3, 2, 2, 3, 3, 0, 2, 5, 3, 0, 1, 3, 0, 3, 2, 0, 0, 2, 3, 3, 3, 2, 1, 2, 0, 0, 0, 0, 0, 3, 5, 3, 3, 3, 2, 5, 3, 3, 2, 3, 0, 0, 2, 3, 2, 1, 2, 5, 2, 2, 3, 3, 3, 3, 3, 0, 0, 5, 3, 2, 3, 5, 0, 1, 1, 3, 1, 0, 3, 3, 3, 3, 3, 3, 2, 1, 3, 5, 0, 2, 3, 3, 3, 3, 3, 2, 3, 0, 1, 5, 2, 3, 2, 3, 1, 5, 2, 3, 5, 5, 2, 3, 2, 3, 2, 3, 3, 0, 2, 1, 1, 3, 3, 2, 5, 3, 0, 2, 0, 5, 3, 3, 2, 3, 5, 3, 2, 3, 3, 5, 0, 5, 0, 2, 3, 0, 0, 5, 3, 2, 3, 3, 3, 2, 2, 2, 3, 2, 3, 0, 1, 3, 0, 3, 2, 3, 2, 3, 0, 0, 1, 3, 1, 0, 2, 2, 3, 3, 3, 0, 2, 5, 3, 0, 2, 3, 2, 3, 3, 2, 3, 0, 3, 3, 3, 5, 3, 2, 3, 5, 3, 0, 3, 2, 2, 2, 2, 5, 2, 3, 3, 3, 3, 0, 2, 5, 3, 0, 3, 0, 3, 3, 2, 3, 3, 3, 3, 0, 3, 3, 3, 3, 2, 2, 5, 1, 5, 0, 5, 1, 0, 0, 1, 2, 3, 0, 3, 4, 3, 2, 3, 3, 3, 5, 3, 5, 5, 3, 3, 0, 2, 3, 2, 1, 3, 3, 3, 3, 2, 2, 2, 5, 3, 3, 3, 0, 0, 2, 2, 2, 3, 3, 2, 2, 3, 3, 1, 2, 2, 2, 3, 3, 5, 2, 0, 3, 0, 2, 5, 3, 2, 3, 5, 2, 3, 3, 5, 3, 1, 1, 3, 3, 0, 3, 3, 3, 0, 3, 2, 5, 3, 2, 3, 5, 0, 3, 0, 3, 1, 3, 3, 3, 2, 3, 0, 3, 2, 5, 5, 3, 1, 2, 3, 5, 2, 5, 1, 3, 0, 3, 3, 3, 2, 3, 2, 3, 3, 3, 3, 3, 3, 3, 2, 1, 2, 2, 3, 3, 3, 0, 2, 0, 1, 3, 2, 2, 1, 3, 1, 3, 2, 3, 3, 0, 3, 2, 2, 1, 3, 5, 2, 0, 3, 2, 3, 1, 5, 2, 3, 3, 1, 3, 0, 3, 0, 5, 3, 3, 0, 2, 2, 2, 5, 3, 2, 3, 5, 3, 2, 3, 3, 3, 3, 3, 3, 2, 0, 2, 3, 3, 2, 5, 5, 2, 3, 3, 5, 3, 3, 0, 3, 3, 2, 0, 5, 3, 3, 3, 5, 1, 3, 5, 2, 3, 0, 2, 0, 3, 3, 2, 3, 2, 3, 5, 3, 2, 2, 2, 5, 3, 2, 3, 1, 2, 3, 0, 3, 3, 2, 0, 2, 3, 2, 3, 2, 1, 3, 2, 2, 4, 3, 3, 3, 5, 3, 0, 3, 0, 3, 0, 5, 2, 3, 2, 3, 1, 3, 5, 2, 3, 2, 3, 3, 2, 0, 3, 3, 5, 0, 3, 3, 5, 5, 0, 1, 3, 3, 0, 0, 3, 3, 3, 1, 2, 2, 3, 2, 5, 3, 0, 3, 2, 3, 2, 3, 3, 0, 3, 5, 2, 2, 3, 3, 0, 5, 2, 3, 0, 2, 3, 5, 3, 2, 0, 3, 3, 3, 3, 3, 2, 3, 2, 3, 2, 2, 2, 5, 3, 0, 0, 3, 3, 0, 3, 3, 3, 2, 0, 3, 5, 2, 1, 2, 0, 3, 3, 5, 3, 3, 3, 2, 3, 2, 3, 3, 3, 0, 1, 3, 2, 3, 3, 2, 2, 2, 3, 2, 0, 2, 2, 0, 1, 3, 3, 3, 0, 0, 0, 3, 1, 3, 3, 0, 5, 3, 2, 2, 2, 3, 1, 0, 0, 0, 3, 5, 3, 3, 3, 5, 3, 3, 2, 2, 3, 3, 2, 3, 3, 2, 2, 2, 3, 0, 2, 3, 3, 5, 1, 2, 3, 3, 3, 5, 3, 3, 5, 5, 3, 2, 3, 2, 0, 3, 5, 0, 2, 3, 2, 2, 3, 0, 3, 3, 3, 2, 5, 1, 5, 2, 0, 5, 2, 2, 0, 2, 3, 1, 1, 2, 0, 3, 2, 3, 0, 3, 2, 3, 3, 3, 3, 3, 2, 3, 2, 5, 3, 2, 0, 3, 2, 0, 3, 3, 3, 2, 2, 3, 3, 3, 2, 3, 3, 2, 3, 3, 3, 1, 1, 5, 0, 0, 3, 0, 3, 3, 1, 2, 5, 0, 0, 2, 2, 0, 1, 1, 2, 2, 3, 3, 5, 2, 0, 0, 2, 1, 3, 3, 4, 3, 3, 0, 2, 5, 0, 0, 0, 5, 3, 1, 2, 3, 3, 0, 1, 3, 3, 5, 3, 1, 2, 5, 2, 3, 2, 3, 0, 3, 3, 2, 3, 5, 0, 0, 2, 3, 3, 3, 2, 3, 3, 3, 2, 5, 3, 3, 2, 3, 5, 2, 0, 3, 3, 3, 2, 0, 3, 3, 2, 2, 0, 3, 3, 2, 3, 2, 2, 2, 2, 5, 2, 2, 0, 3, 0, 3, 3, 3, 3, 3, 3, 3, 2, 3, 3, 1, 3, 2, 4, 3, 3, 3, 2, 2, 0, 3, 3, 2, 2, 2, 0, 3, 2, 3, 0, 3, 2, 0, 1, 5, 3, 0, 3, 5, 3, 2, 2, 3, 0, 3, 5, 0, 0, 3, 3, 3, 3, 3, 2, 2, 3, 3, 3, 0, 3, 5, 4, 0, 1, 3, 3, 3, 3, 3, 2, 2, 5, 2, 3, 0, 3, 3, 2, 3, 2, 3, 3, 2, 2, 2, 3, 0, 5, 3, 2, 0, 2, 3, 3, 3, 3, 2, 2, 5, 2, 0, 2, 3, 0, 0, 3, 3, 3, 3, 3, 3, 5, 3, 3, 3, 3, 2, 3, 2, 3, 3, 0, 2, 2, 3, 1, 0, 3, 3, 5, 3, 3, 3, 0, 2, 3, 3, 0, 3, 0, 0, 2, 3, 2, 0, 0, 5, 3, 0, 3, 3, 2, 2, 5, 3, 0, 2, 5, 3, 2, 3, 2, 5, 3, 1, 3, 0, 2, 3, 5, 0, 3, 2, 2, 3, 2, 4, 0, 3, 2, 2, 3, 3, 3, 3, 3, 3, 2, 1, 3, 0, 2, 5, 5, 3, 3, 5, 3, 2, 3, 2, 2, 3, 3, 3, 2, 2, 2, 3, 3, 2, 0, 0, 5, 2, 3, 2, 3, 3, 2, 3, 3, 3, 2, 2, 3, 3, 3, 5, 3, 3, 2, 5, 2, 2, 3, 2, 5, 2, 0, 0, 2, 0, 1, 2, 3, 5, 3, 2, 2, 1, 3, 2, 3, 0, 5, 3, 3, 3, 0, 2, 0, 3, 5, 2, 1, 0, 0, 3, 3, 0, 3, 1, 2, 0, 5, 3, 3, 2, 5, 2, 3, 3, 3, 3, 2, 0, 0, 3, 5, 2, 2, 2, 2, 3, 0, 0, 0, 0, 3, 5, 3, 0, 0, 1, 1, 3, 2, 5, 3, 1, 1, 3, 2, 2, 2, 5, 3, 0, 3, 0, 3, 3, 0, 0, 3, 0, 0, 0, 2, 5, 3, 2, 1, 3, 2, 3, 5, 0, 5, 3, 0, 2, 2, 3, 2, 2, 3, 2, 0, 1, 0, 3, 2, 0, 3, 0, 2, 1, 3, 2, 3, 2, 3, 3, 3, 3, 3, 1, 2, 2, 2, 0, 3, 3, 0, 3, 2, 3, 5, 3, 3, 3, 1, 3, 3, 2, 2, 2, 2, 2, 2, 2, 3, 2, 1, 0, 3, 3, 4, 3, 3, 2, 3, 2, 2, 3, 0, 3, 2, 2, 3, 5, 5, 1, 5, 3, 3, 2, 3, 0, 3, 2, 0, 2, 2, 3, 1, 3, 3, 2, 3, 1, 1, 1, 2, 3, 3, 2, 2, 2, 0, 2, 0, 2, 5, 3, 3, 3, 5, 0, 3, 3, 1, 2, 3, 2, 2, 5, 3, 3, 3, 1, 2, 1, 2, 3, 5, 3, 2, 0, 3, 3, 2, 3, 0, 0, 2, 3, 3, 2, 0, 2, 1, 5, 5, 2, 3, 3, 2, 3, 2, 1, 3, 3, 2, 3, 1, 5, 3, 3, 3, 3, 3, 4, 2, 3, 2, 0, 2, 2, 2, 5, 2, 3, 2, 2, 3, 2, 3, 2, 2, 3, 5, 2, 3, 3, 0, 3, 1, 3, 5, 0, 5, 2, 0, 2, 5, 0, 3, 0, 2, 0, 0, 2, 2, 3, 2, 3, 3, 2, 2, 3, 2, 5, 2, 2, 0, 0, 1, 0, 3, 2, 2, 2, 0, 3, 3, 4, 2, 3, 5, 2, 2, 2, 3, 3, 1, 3, 0, 0, 1, 1, 5, 2, 0, 2, 3, 2, 5, 3, 3, 3, 0, 2, 0, 3, 2, 2, 0, 3, 5, 0, 2, 3, 2, 3, 3, 5, 0, 2, 1, 3, 2, 2, 3, 3, 3, 5, 0, 3, 5, 3, 3, 3, 3, 2, 3, 2, 2, 3, 3, 5, 3, 3, 3, 3, 0, 2, 3, 2, 3, 2, 1, 3, 2, 3, 3, 1, 1, 3, 5, 3, 4, 2, 3, 0, 0, 3, 0, 3, 3, 3, 0, 3, 0, 0, 5, 1, 2, 3, 2, 3, 3, 1, 0, 5, 3, 0, 3, 3, 5, 3, 3, 2, 3, 2, 2, 3, 3, 3, 5, 3, 2, 2, 1, 2, 0, 3, 2, 5, 3, 0, 2, 3, 2, 2, 0, 2, 2, 3, 3, 3, 0, 3, 3, 3, 2, 1, 0, 1, 3, 2, 2, 3, 1, 0, 3, 0, 0, 2, 0, 2, 3, 5, 0, 0, 3, 1, 2, 2, 2, 3, 2, 3, 3, 2, 3, 3, 1, 3, 3, 3, 3, 3, 2, 3, 3, 3, 0, 3, 0, 3, 0, 3, 3, 3, 2, 0, 1, 2, 3, 3, 5, 0, 3, 1, 0, 2, 5, 2, 5, 3, 2, 2, 2, 0, 0, 3, 2, 5, 5, 3, 0, 3, 1, 3, 0, 2, 2, 2, 0, 2, 3, 3, 0, 3, 3, 3, 0, 3, 5, 2, 3, 3, 2, 3, 0, 3, 3, 0, 3, 2, 0, 2, 2, 3, 2, 0, 0, 3, 1, 2, 5, 0, 2, 1, 2, 2, 5, 3, 2, 2, 3, 3, 1, 3, 3, 3, 1, 3, 5, 0, 2, 1, 3, 2, 0, 2, 5, 4, 0, 2, 3, 1, 2, 2, 2, 0, 1, 3, 2, 3, 2, 2, 1, 0, 3, 3, 3, 3, 3, 3, 3, 5, 4, 1, 3, 5, 2, 3, 3, 3, 0, 3, 2, 0, 4, 2, 0, 2, 1, 3, 3, 2, 1, 2, 3, 2, 2, 3, 3, 0, 0, 3, 2, 3, 3, 1, 2, 0, 3, 2, 3, 3, 3, 3, 3, 2, 5, 0, 3, 3, 0, 3, 3, 0, 3, 3, 3, 3, 3, 3, 3, 3, 5, 3, 1, 3, 3, 1, 1, 3, 2, 3, 3, 3, 1, 3, 0, 3, 2, 1, 5, 0, 3, 3, 2, 1, 0, 3, 3, 0, 3, 2, 3, 0, 3, 0, 3, 5, 3, 3, 3, 3, 0, 3, 0, 3, 2, 3, 2, 3, 2, 0, 0, 3, 3, 2, 0, 1, 1, 3, 3, 3, 1, 2, 0, 1, 2, 5, 1, 5, 2, 2, 3, 2, 2, 2, 3, 0, 2, 3, 0, 2, 3, 0, 2, 3, 3, 3, 2, 2, 2, 2, 0, 0, 2, 3, 0, 1, 5, 2, 2, 3, 3, 0, 0, 0, 4, 2, 2, 2, 0, 5, 1, 3, 2, 0, 3, 5, 0, 2, 0, 5, 3, 2, 3, 3, 3, 2, 0, 3, 3, 3, 3, 5, 2, 3, 4, 1, 0, 5, 3, 2, 0, 1, 0, 3, 3, 0, 5, 3, 3, 2, 1, 2, 1, 2, 5, 0, 2, 3, 3, 3, 3, 2, 3, 3, 2, 2, 3, 3, 3, 0, 3, 3, 2, 2, 5, 3, 3, 3, 2, 1, 3, 0, 0, 3, 5, 3, 3, 1, 2, 2, 3, 0, 5, 1, 5, 2, 3, 3, 3, 0, 3, 4, 2, 3, 2, 3, 3, 5, 1, 2, 2, 2, 3, 0, 3, 3, 1, 2, 0, 2, 3, 2, 5, 3, 2, 2, 2, 0, 3, 3, 2, 0, 0, 2, 2, 3, 2, 2, 2, 3, 2, 2, 3, 3, 2, 1, 0, 0, 5, 1, 3, 1, 3, 3, 3, 3, 3, 3, 2, 0, 2, 0, 3, 0, 3, 1, 2, 5, 3, 3, 1, 2, 0, 2, 3, 1, 3, 3, 0, 3, 0, 0, 3, 3, 3, 3, 2, 0, 0, 3, 1, 2, 5, 2, 3, 3, 2, 2, 4, 5, 3, 3, 0, 2, 2, 0, 3, 0, 0, 5, 3, 0, 3, 1, 1, 3, 5, 0, 3, 3, 1, 2, 5, 2, 2, 2, 5, 2, 5, 0, 0, 3, 2, 2, 2]

bins: [-0.014, -0.003, -0.002, -0.001, 0.001, 0.002, 0.012]

Most important rules
-----------------------------

---0---
rule0: climbRate < -3.632
probabilities_array:[0.36224425 0.31315607 0.27276304 0.03871351 0.         0.
 0.         0.01312307]

rule16: diffClb < -0.122
probabilities_array:[0.45312116 0.21747853 0.00180184 0.         0.         0.
 0.         0.32759848]

rule1: -3.632 < climbRate < -0.321
probabilities_array:[0.29341874 0.27066848 0.27129468 0.09160638 0.04567413 0.
 0.         0.02733763]

rule23: diffDiffClb = 0.0
probabilities_array:[0.21694306 0.1252926  0.05994781 0.1008296  0.1284512  0.18184853
 0.         0.18668722]

rule8: RollRate < -0.004
probabilities_array:[0.21982913 0.217047   0.27491522 0.06258313 0.         0.
 0.         0.22562547]

rule9: -0.004 < RollRate < 0.000
probabilities_array:[0.24930844 0.30483213 0.09535181 0.         0.00860074 0.
 0.         0.3419069 ]

rule10: 0.000 < RollRate < 0.004
probabilities_array:[0.16757229 0.21204396 0.09690585 0.0934407  0.12569085 0.13718763
 0.         0.16715877]

rule15: curRoll > 0.012
probabilities_array:[0.1634238  0.12852055 0.18399277 0.16959873 0.05219613 0.05737386
 0.         0.24489415]

rule4: Altitude < -29.528
probabilities_array:[0.17849268 0.         0.19347373 0.25533757 0.00621316 0.03363367
 0.         0.33284926]

rule6: -12.431 < Altitude < 4.666
probabilities_array:[0.10828447 0.06749387 0.17288744 0.2288633  0.06475072 0.10740608
 0.         0.25031412]

rule7: Altitude > 4.666
probabilities_array:[0.10007181 0.06505451 0.31443584 0.27018672 0.         0.02313478
 0.         0.22711636]

rule12: curRoll < -0.009
probabilities_array:[0.10529499 0.08749497 0.16287073 0.16699046 0.08765311 0.01510799
 0.         0.3745877 ]

rule14: 0.002 < curRoll < 0.012
probabilities_array:[0.10487138 0.03405887 0.25634462 0.14078058 0.05531402 0.00913208
 0.         0.39949843]

rule5: -29.528 < Altitude < -12.431
probabilities_array:[0.09843257 0.0357873  0.18080573 0.19596806 0.00916001 0.11721072
 0.         0.36263567]

rule17: -0.122 < diffClb < -0.002
probabilities_array:[0.06498764 0.31445315 0.30210927 0.16591497 0.02506058 0.
 0.         0.12747437]


---1---
rule0: climbRate < -3.632
probabilities_array:[0.36224425 0.31315607 0.27276304 0.03871351 0.         0.
 0.         0.01312307]

rule17: -0.122 < diffClb < -0.002
probabilities_array:[0.06498764 0.31445315 0.30210927 0.16591497 0.02506058 0.
 0.         0.12747437]

rule1: -3.632 < climbRate < -0.321
probabilities_array:[0.29341874 0.27066848 0.27129468 0.09160638 0.04567413 0.
 0.         0.02733763]

rule9: -0.004 < RollRate < 0.000
probabilities_array:[0.24930844 0.30483213 0.09535181 0.         0.00860074 0.
 0.         0.3419069 ]

rule10: 0.000 < RollRate < 0.004
probabilities_array:[0.16757229 0.21204396 0.09690585 0.0934407  0.12569085 0.13718763
 0.         0.16715877]

rule8: RollRate < -0.004
probabilities_array:[0.21982913 0.217047   0.27491522 0.06258313 0.         0.
 0.         0.22562547]

rule16: diffClb < -0.122
probabilities_array:[0.45312116 0.21747853 0.00180184 0.         0.         0.
 0.         0.32759848]

rule23: diffDiffClb = 0.0
probabilities_array:[0.21694306 0.1252926  0.05994781 0.1008296  0.1284512  0.18184853
 0.         0.18668722]

rule18: -0.002 < diffClb < 0.118
probabilities_array:[0.         0.10303575 0.13088079 0.2967123  0.30078802 0.11373083
 0.         0.05485231]

rule15: curRoll > 0.012
probabilities_array:[0.1634238  0.12852055 0.18399277 0.16959873 0.05219613 0.05737386
 0.         0.24489415]

rule12: curRoll < -0.009
probabilities_array:[0.10529499 0.08749497 0.16287073 0.16699046 0.08765311 0.01510799
 0.         0.3745877 ]

rule6: -12.431 < Altitude < 4.666
probabilities_array:[0.10828447 0.06749387 0.17288744 0.2288633  0.06475072 0.10740608
 0.         0.25031412]

rule7: Altitude > 4.666
probabilities_array:[0.10007181 0.06505451 0.31443584 0.27018672 0.         0.02313478
 0.         0.22711636]


---2---
rule0: climbRate < -3.632
probabilities_array:[0.36224425 0.31315607 0.27276304 0.03871351 0.         0.
 0.         0.01312307]

rule1: -3.632 < climbRate < -0.321
probabilities_array:[0.29341874 0.27066848 0.27129468 0.09160638 0.04567413 0.
 0.         0.02733763]

rule17: -0.122 < diffClb < -0.002
probabilities_array:[0.06498764 0.31445315 0.30210927 0.16591497 0.02506058 0.
 0.         0.12747437]

rule7: Altitude > 4.666
probabilities_array:[0.10007181 0.06505451 0.31443584 0.27018672 0.         0.02313478
 0.         0.22711636]

rule8: RollRate < -0.004
probabilities_array:[0.21982913 0.217047   0.27491522 0.06258313 0.         0.
 0.         0.22562547]

rule2: -0.321 < climbRate < 2.990
probabilities_array:[0.00930199 0.00640334 0.20513494 0.2587213  0.2610491  0.10953592
 0.         0.14985338]

rule14: 0.002 < curRoll < 0.012
probabilities_array:[0.10487138 0.03405887 0.25634462 0.14078058 0.05531402 0.00913208
 0.         0.39949843]

rule15: curRoll > 0.012
probabilities_array:[0.1634238  0.12852055 0.18399277 0.16959873 0.05219613 0.05737386
 0.         0.24489415]

rule6: -12.431 < Altitude < 4.666
probabilities_array:[0.10828447 0.06749387 0.17288744 0.2288633  0.06475072 0.10740608
 0.         0.25031412]

rule4: Altitude < -29.528
probabilities_array:[0.17849268 0.         0.19347373 0.25533757 0.00621316 0.03363367
 0.         0.33284926]

rule18: -0.002 < diffClb < 0.118
probabilities_array:[0.         0.10303575 0.13088079 0.2967123  0.30078802 0.11373083
 0.         0.05485231]

rule5: -29.528 < Altitude < -12.431
probabilities_array:[0.09843257 0.0357873  0.18080573 0.19596806 0.00916001 0.11721072
 0.         0.36263567]

rule12: curRoll < -0.009
probabilities_array:[0.10529499 0.08749497 0.16287073 0.16699046 0.08765311 0.01510799
 0.         0.3745877 ]

rule10: 0.000 < RollRate < 0.004
probabilities_array:[0.16757229 0.21204396 0.09690585 0.0934407  0.12569085 0.13718763
 0.         0.16715877]

rule9: -0.004 < RollRate < 0.000
probabilities_array:[0.24930844 0.30483213 0.09535181 0.         0.00860074 0.
 0.         0.3419069 ]

rule3: climbRate > 2.990
probabilities_array:[0.         0.         0.05000363 0.25850463 0.30185273 0.3664659
 0.         0.02317308]

rule23: diffDiffClb = 0.0
probabilities_array:[0.21694306 0.1252926  0.05994781 0.1008296  0.1284512  0.18184853
 0.         0.18668722]

rule19: diffClb > 0.118
probabilities_array:[0.         0.         0.04218712 0.1962535  0.32312688 0.42964625
 0.         0.00878627]


---3---
rule18: -0.002 < diffClb < 0.118
probabilities_array:[0.         0.10303575 0.13088079 0.2967123  0.30078802 0.11373083
 0.         0.05485231]

rule3: climbRate > 2.990
probabilities_array:[0.         0.         0.05000363 0.25850463 0.30185273 0.3664659
 0.         0.02317308]

rule2: -0.321 < climbRate < 2.990
probabilities_array:[0.00930199 0.00640334 0.20513494 0.2587213  0.2610491  0.10953592
 0.         0.14985338]

rule7: Altitude > 4.666
probabilities_array:[0.10007181 0.06505451 0.31443584 0.27018672 0.         0.02313478
 0.         0.22711636]

rule11: RollRate > 0.004
probabilities_array:[0.01253339 0.         0.00803152 0.26789144 0.28727508 0.19668299
 0.         0.22758555]

rule19: diffClb > 0.118
probabilities_array:[0.         0.         0.04218712 0.1962535  0.32312688 0.42964625
 0.         0.00878627]

rule6: -12.431 < Altitude < 4.666
probabilities_array:[0.10828447 0.06749387 0.17288744 0.2288633  0.06475072 0.10740608
 0.         0.25031412]

rule4: Altitude < -29.528
probabilities_array:[0.17849268 0.         0.19347373 0.25533757 0.00621316 0.03363367
 0.         0.33284926]

rule17: -0.122 < diffClb < -0.002
probabilities_array:[0.06498764 0.31445315 0.30210927 0.16591497 0.02506058 0.
 0.         0.12747437]

rule15: curRoll > 0.012
probabilities_array:[0.1634238  0.12852055 0.18399277 0.16959873 0.05219613 0.05737386
 0.         0.24489415]

rule5: -29.528 < Altitude < -12.431
probabilities_array:[0.09843257 0.0357873  0.18080573 0.19596806 0.00916001 0.11721072
 0.         0.36263567]

rule13: -0.009 < curRoll < 0.002
probabilities_array:[0.02578495 0.         0.03278648 0.29900047 0.         0.0078201
 0.         0.63460803]

rule12: curRoll < -0.009
probabilities_array:[0.10529499 0.08749497 0.16287073 0.16699046 0.08765311 0.01510799
 0.         0.3745877 ]

rule1: -3.632 < climbRate < -0.321
probabilities_array:[0.29341874 0.27066848 0.27129468 0.09160638 0.04567413 0.
 0.         0.02733763]

rule14: 0.002 < curRoll < 0.012
probabilities_array:[0.10487138 0.03405887 0.25634462 0.14078058 0.05531402 0.00913208
 0.         0.39949843]

rule23: diffDiffClb = 0.0
probabilities_array:[0.21694306 0.1252926  0.05994781 0.1008296  0.1284512  0.18184853
 0.         0.18668722]

rule10: 0.000 < RollRate < 0.004
probabilities_array:[0.16757229 0.21204396 0.09690585 0.0934407  0.12569085 0.13718763
 0.         0.16715877]

rule8: RollRate < -0.004
probabilities_array:[0.21982913 0.217047   0.27491522 0.06258313 0.         0.
 0.         0.22562547]


---4---
rule19: diffClb > 0.118
probabilities_array:[0.         0.         0.04218712 0.1962535  0.32312688 0.42964625
 0.         0.00878627]

rule3: climbRate > 2.990
probabilities_array:[0.         0.         0.05000363 0.25850463 0.30185273 0.3664659
 0.         0.02317308]

rule18: -0.002 < diffClb < 0.118
probabilities_array:[0.         0.10303575 0.13088079 0.2967123  0.30078802 0.11373083
 0.         0.05485231]

rule2: -0.321 < climbRate < 2.990
probabilities_array:[0.00930199 0.00640334 0.20513494 0.2587213  0.2610491  0.10953592
 0.         0.14985338]

rule11: RollRate > 0.004
probabilities_array:[0.01253339 0.         0.00803152 0.26789144 0.28727508 0.19668299
 0.         0.22758555]

rule10: 0.000 < RollRate < 0.004
probabilities_array:[0.16757229 0.21204396 0.09690585 0.0934407  0.12569085 0.13718763
 0.         0.16715877]

rule23: diffDiffClb = 0.0
probabilities_array:[0.21694306 0.1252926  0.05994781 0.1008296  0.1284512  0.18184853
 0.         0.18668722]

rule12: curRoll < -0.009
probabilities_array:[0.10529499 0.08749497 0.16287073 0.16699046 0.08765311 0.01510799
 0.         0.3745877 ]

rule6: -12.431 < Altitude < 4.666
probabilities_array:[0.10828447 0.06749387 0.17288744 0.2288633  0.06475072 0.10740608
 0.         0.25031412]

rule1: -3.632 < climbRate < -0.321
probabilities_array:[0.29341874 0.27066848 0.27129468 0.09160638 0.04567413 0.
 0.         0.02733763]


---5---
rule19: diffClb > 0.118
probabilities_array:[0.         0.         0.04218712 0.1962535  0.32312688 0.42964625
 0.         0.00878627]

rule3: climbRate > 2.990
probabilities_array:[0.         0.         0.05000363 0.25850463 0.30185273 0.3664659
 0.         0.02317308]

rule11: RollRate > 0.004
probabilities_array:[0.01253339 0.         0.00803152 0.26789144 0.28727508 0.19668299
 0.         0.22758555]

rule23: diffDiffClb = 0.0
probabilities_array:[0.21694306 0.1252926  0.05994781 0.1008296  0.1284512  0.18184853
 0.         0.18668722]

rule10: 0.000 < RollRate < 0.004
probabilities_array:[0.16757229 0.21204396 0.09690585 0.0934407  0.12569085 0.13718763
 0.         0.16715877]

rule18: -0.002 < diffClb < 0.118
probabilities_array:[0.         0.10303575 0.13088079 0.2967123  0.30078802 0.11373083
 0.         0.05485231]

rule2: -0.321 < climbRate < 2.990
probabilities_array:[0.00930199 0.00640334 0.20513494 0.2587213  0.2610491  0.10953592
 0.         0.14985338]

rule6: -12.431 < Altitude < 4.666
probabilities_array:[0.10828447 0.06749387 0.17288744 0.2288633  0.06475072 0.10740608
 0.         0.25031412]

rule5: -29.528 < Altitude < -12.431
probabilities_array:[0.09843257 0.0357873  0.18080573 0.19596806 0.00916001 0.11721072
 0.         0.36263567]

rule15: curRoll > 0.012
probabilities_array:[0.1634238  0.12852055 0.18399277 0.16959873 0.05219613 0.05737386
 0.         0.24489415]


---6---
