R2: -0.34657195817440933


MAE: 32922815.272165515


Accuracy: 0.23032477540626947


F1: 0.25127458120903134


Most important rules
-----------------------------

---0---
rule9: -2202.613 < num_voted_users < 97571.573
probabilities_array:[0.16219266 0.14129302 0.13680774 0.12613867 0.12981491 0.07563442
 0.08088797 0.07460182 0.06277616 0.         0.         0.00985261]

rule7: title_year > 2009.850
probabilities_array:[0.2553477  0.         0.         0.         0.         0.
 0.         0.02867264 0.03253792 0.09426522 0.20863877 0.3805377 ]

rule12: num_critic_for_reviews < 75.996
probabilities_array:[0.2498261  0.21055588 0.12786216 0.0393055  0.         0.
 0.         0.         0.         0.         0.         0.37245038]

rule2: 6.477 < imdb_score < 7.206
probabilities_array:[0.17243174 0.14724253 0.1115298  0.02106434 0.         0.01530404
 0.         0.0153618  0.13380861 0.09323119 0.17566434 0.11436155]

rule6: 2003.321 < title_year < 2009.850
probabilities_array:[0.19384244 0.1557732  0.00579669 0.11195346 0.06708679 0.
 0.         0.         0.04682859 0.         0.1584905  0.26022843]

rule41: -5700.662 < movie_facebook_likes < 8540.831
probabilities_array:[0.23729508 0.         0.12489829 0.01992176 0.         0.
 0.         0.         0.         0.07589454 0.06297388 0.47901654]

rule16: num_user_for_reviews < 37.725
probabilities_array:[0.2649001  0.19522235 0.         0.         0.         0.
 0.         0.         0.         0.         0.         0.5398775 ]

rule44: duration < 94.217
probabilities_array:[0.21195668 0.         0.         0.         0.0651412  0.
 0.         0.         0.         0.         0.1951029  0.52779925]

rule45: 94.217 < duration < 109.576
probabilities_array:[1.2305378e-01 1.5129688e-01 0.0000000e+00 1.7670758e-01 1.0134358e-01
 0.0000000e+00 0.0000000e+00 0.0000000e+00 8.0064520e-02 2.8218003e-04
 3.2286402e-02 3.3496505e-01]

rule33: -522.283 < actor_3_facebook_likes < 760.207
probabilities_array:[0.15042722 0.         0.06333583 0.         0.         0.
 0.09034112 0.         0.07104064 0.05132272 0.10441308 0.46911934]

rule1: 5.749 < imdb_score < 6.477
probabilities_array:[0.08713261 0.0088121  0.         0.         0.06844433 0.07188129
 0.08793672 0.06912623 0.16430943 0.1598189  0.1601901  0.12234825]

rule25: -3478.082 < actor_1_facebook_likes < 7521.760
probabilities_array:[0.14454038 0.15580928 0.         0.04014705 0.         0.00089129
 0.         0.         0.         0.03268754 0.1078706  0.5180539 ]

rule37: -2254.836 < cast_total_facebook_likes < 11176.985
probabilities_array:[0.15024951 0.12306409 0.         0.         0.         0.
 0.         0.         0.         0.09437592 0.07878989 0.55352056]

rule49: -22293352.711 < budget < 41903940.191
probabilities_array:[0.0558957  0.10774779 0.12337676 0.13496527 0.1339906  0.1266813
 0.13393553 0.08190324 0.0530425  0.03406524 0.         0.01439615]

rule29: -1216.242 < actor_2_facebook_likes < 1947.267
probabilities_array:[0.10549762 0.04754514 0.         0.         0.         0.
 0.00882126 0.13244306 0.         0.10913841 0.08021025 0.5163443 ]

rule21: -1261.237 < director_facebook_likes < 754.653
probabilities_array:[0.07040809 0.00070906 0.         0.         0.         0.
 0.         0.         0.14662379 0.13415414 0.23247659 0.41562834]


---1---
rule9: -2202.613 < num_voted_users < 97571.573
probabilities_array:[0.16219266 0.14129302 0.13680774 0.12613867 0.12981491 0.07563442
 0.08088797 0.07460182 0.06277616 0.         0.         0.00985261]

rule12: num_critic_for_reviews < 75.996
probabilities_array:[0.2498261  0.21055588 0.12786216 0.0393055  0.         0.
 0.         0.         0.         0.         0.         0.37245038]

rule2: 6.477 < imdb_score < 7.206
probabilities_array:[0.17243174 0.14724253 0.1115298  0.02106434 0.         0.01530404
 0.         0.0153618  0.13380861 0.09323119 0.17566434 0.11436155]

rule6: 2003.321 < title_year < 2009.850
probabilities_array:[0.19384244 0.1557732  0.00579669 0.11195346 0.06708679 0.
 0.         0.         0.04682859 0.         0.1584905  0.26022843]

rule3: imdb_score > 7.206
probabilities_array:[0.00192711 0.1845075  0.25051373 0.         0.         0.
 0.         0.         0.         0.         0.18518956 0.37786207]

rule49: -22293352.711 < budget < 41903940.191
probabilities_array:[0.0558957  0.10774779 0.12337676 0.13496527 0.1339906  0.1266813
 0.13393553 0.08190324 0.0530425  0.03406524 0.         0.01439615]

rule45: 94.217 < duration < 109.576
probabilities_array:[1.2305378e-01 1.5129688e-01 0.0000000e+00 1.7670758e-01 1.0134358e-01
 0.0000000e+00 0.0000000e+00 0.0000000e+00 8.0064520e-02 2.8218003e-04
 3.2286402e-02 3.3496505e-01]

rule17: 37.725 < num_user_for_reviews < 315.986
probabilities_array:[0.         0.09888104 0.15514837 0.12548476 0.11010769 0.12605897
 0.08500664 0.10524861 0.02768306 0.1006402  0.02007836 0.04566233]

rule16: num_user_for_reviews < 37.725
probabilities_array:[0.2649001  0.19522235 0.         0.         0.         0.
 0.         0.         0.         0.         0.         0.5398775 ]

rule25: -3478.082 < actor_1_facebook_likes < 7521.760
probabilities_array:[0.14454038 0.15580928 0.         0.04014705 0.         0.00089129
 0.         0.         0.         0.03268754 0.1078706  0.5180539 ]

rule37: -2254.836 < cast_total_facebook_likes < 11176.985
probabilities_array:[0.15024951 0.12306409 0.         0.         0.         0.
 0.         0.         0.         0.09437592 0.07878989 0.55352056]

rule5: 1996.792 < title_year < 2003.321
probabilities_array:[0.00363723 0.0669315  0.00114755 0.16837397 0.01815001 0.09250566
 0.         0.         0.         0.10134752 0.21608281 0.33182383]

rule42: 8540.831 < movie_facebook_likes < 22782.323
probabilities_array:[0.         0.0474862  0.11209938 0.00099508 0.         0.14054321
 0.08720567 0.17694558 0.06620323 0.08941856 0.14982551 0.12927766]


---2---
rule3: imdb_score > 7.206
probabilities_array:[0.00192711 0.1845075  0.25051373 0.         0.         0.
 0.         0.         0.         0.         0.18518956 0.37786207]

rule17: 37.725 < num_user_for_reviews < 315.986
probabilities_array:[0.         0.09888104 0.15514837 0.12548476 0.11010769 0.12605897
 0.08500664 0.10524861 0.02768306 0.1006402  0.02007836 0.04566233]

rule9: -2202.613 < num_voted_users < 97571.573
probabilities_array:[0.16219266 0.14129302 0.13680774 0.12613867 0.12981491 0.07563442
 0.08088797 0.07460182 0.06277616 0.         0.         0.00985261]

rule49: -22293352.711 < budget < 41903940.191
probabilities_array:[0.0558957  0.10774779 0.12337676 0.13496527 0.1339906  0.1266813
 0.13393553 0.08190324 0.0530425  0.03406524 0.         0.01439615]

rule2: 6.477 < imdb_score < 7.206
probabilities_array:[0.17243174 0.14724253 0.1115298  0.02106434 0.         0.01530404
 0.         0.0153618  0.13380861 0.09323119 0.17566434 0.11436155]

rule42: 8540.831 < movie_facebook_likes < 22782.323
probabilities_array:[0.         0.0474862  0.11209938 0.00099508 0.         0.14054321
 0.08720567 0.17694558 0.06620323 0.08941856 0.14982551 0.12927766]

rule22: 754.653 < director_facebook_likes < 2770.543
probabilities_array:[0.         0.         0.11032387 0.12399263 0.         0.21124472
 0.         0.09280585 0.         0.08001202 0.1873217  0.19429927]

rule23: director_facebook_likes > 2770.543
probabilities_array:[0.         0.         0.11502503 0.08025545 0.09378685 0.
 0.11833459 0.0823502  0.03650079 0.10517912 0.09032444 0.2782435 ]

rule12: num_critic_for_reviews < 75.996
probabilities_array:[0.2498261  0.21055588 0.12786216 0.0393055  0.         0.
 0.         0.         0.         0.         0.         0.37245038]

rule27: actor_1_facebook_likes > 18521.601
probabilities_array:[0.00965884 0.         0.11156373 0.07636699 0.         0.
 0.16684207 0.13750656 0.0259474  0.         0.16007859 0.31203583]

rule41: -5700.662 < movie_facebook_likes < 8540.831
probabilities_array:[0.23729508 0.         0.12489829 0.01992176 0.         0.
 0.         0.         0.         0.07589454 0.06297388 0.47901654]

rule14: 158.631 < num_critic_for_reviews < 241.265
probabilities_array:[0.         0.01191309 0.06013105 0.10193997 0.07344081 0.14428823
 0.0888256  0.08887723 0.10940677 0.12094069 0.17400682 0.02622975]

rule46: 109.576 < duration < 124.935
probabilities_array:[0.         0.02543775 0.06321296 0.         0.04735319 0.03949964
 0.15618144 0.09204754 0.1330622  0.17268428 0.03480851 0.23571254]

rule18: 315.986 < num_user_for_reviews < 594.246
probabilities_array:[0.         0.         0.04296425 0.09254495 0.16860822 0.13411622
 0.12977229 0.10929994 0.11447409 0.12317968 0.05752772 0.0275127 ]

rule38: 11176.985 < cast_total_facebook_likes < 24608.806
probabilities_array:[0.01472648 0.         0.05754998 0.05595699 0.02905336 0.03441928
 0.1609676  0.08100917 0.07481601 0.02649537 0.18849911 0.27650672]


---3---
rule30: 1947.267 < actor_2_facebook_likes < 5110.775
probabilities_array:[0.         0.         0.01506981 0.18440518 0.11942652 0.
 0.11331553 0.         0.18729958 0.         0.18951967 0.19096375]

rule49: -22293352.711 < budget < 41903940.191
probabilities_array:[0.0558957  0.10774779 0.12337676 0.13496527 0.1339906  0.1266813
 0.13393553 0.08190324 0.0530425  0.03406524 0.         0.01439615]

rule9: -2202.613 < num_voted_users < 97571.573
probabilities_array:[0.16219266 0.14129302 0.13680774 0.12613867 0.12981491 0.07563442
 0.08088797 0.07460182 0.06277616 0.         0.         0.00985261]

rule17: 37.725 < num_user_for_reviews < 315.986
probabilities_array:[0.         0.09888104 0.15514837 0.12548476 0.11010769 0.12605897
 0.08500664 0.10524861 0.02768306 0.1006402  0.02007836 0.04566233]

rule45: 94.217 < duration < 109.576
probabilities_array:[1.2305378e-01 1.5129688e-01 0.0000000e+00 1.7670758e-01 1.0134358e-01
 0.0000000e+00 0.0000000e+00 0.0000000e+00 8.0064520e-02 2.8218003e-04
 3.2286402e-02 3.3496505e-01]

rule5: 1996.792 < title_year < 2003.321
probabilities_array:[0.00363723 0.0669315  0.00114755 0.16837397 0.01815001 0.09250566
 0.         0.         0.         0.10134752 0.21608281 0.33182383]

rule22: 754.653 < director_facebook_likes < 2770.543
probabilities_array:[0.         0.         0.11032387 0.12399263 0.         0.21124472
 0.         0.09280585 0.         0.08001202 0.1873217  0.19429927]

rule14: 158.631 < num_critic_for_reviews < 241.265
probabilities_array:[0.         0.01191309 0.06013105 0.10193997 0.07344081 0.14428823
 0.0888256  0.08887723 0.10940677 0.12094069 0.17400682 0.02622975]

rule18: 315.986 < num_user_for_reviews < 594.246
probabilities_array:[0.         0.         0.04296425 0.09254495 0.16860822 0.13411622
 0.12977229 0.10929994 0.11447409 0.12317968 0.05752772 0.0275127 ]

rule6: 2003.321 < title_year < 2009.850
probabilities_array:[0.19384244 0.1557732  0.00579669 0.11195346 0.06708679 0.
 0.         0.         0.04682859 0.         0.1584905  0.26022843]

rule34: 760.207 < actor_3_facebook_likes < 2042.697
probabilities_array:[0.         0.01411318 0.03220986 0.07953618 0.06296442 0.10257851
 0.03049901 0.16755699 0.08015169 0.14552376 0.11934702 0.16551943]

rule23: director_facebook_likes > 2770.543
probabilities_array:[0.         0.         0.11502503 0.08025545 0.09378685 0.
 0.11833459 0.0823502  0.03650079 0.10517912 0.09032444 0.2782435 ]

rule13: 75.996 < num_critic_for_reviews < 158.631
probabilities_array:[0.         0.03758337 0.0255245  0.06043528 0.07608373 0.11190293
 0.11927077 0.11993288 0.1399623  0.17080517 0.04054829 0.09795078]

rule27: actor_1_facebook_likes > 18521.601
probabilities_array:[0.00965884 0.         0.11156373 0.07636699 0.         0.
 0.16684207 0.13750656 0.0259474  0.         0.16007859 0.31203583]

rule4: title_year < 1996.792
probabilities_array:[0.         0.00554501 0.01486901 0.05316796 0.07417142 0.13749911
 0.05986976 0.09875426 0.11068248 0.2006902  0.22020513 0.0245456 ]

rule38: 11176.985 < cast_total_facebook_likes < 24608.806
probabilities_array:[0.01472648 0.         0.05754998 0.05595699 0.02905336 0.03441928
 0.1609676  0.08100917 0.07481601 0.02649537 0.18849911 0.27650672]


---4---
rule18: 315.986 < num_user_for_reviews < 594.246
probabilities_array:[0.         0.         0.04296425 0.09254495 0.16860822 0.13411622
 0.12977229 0.10929994 0.11447409 0.12317968 0.05752772 0.0275127 ]

rule0: imdb_score < 5.749
probabilities_array:[0.         0.         0.03202358 0.03591454 0.17687285 0.13069929
 0.15721169 0.08713974 0.15312168 0.11211962 0.00483718 0.11005972]

rule49: -22293352.711 < budget < 41903940.191
probabilities_array:[0.0558957  0.10774779 0.12337676 0.13496527 0.1339906  0.1266813
 0.13393553 0.08190324 0.0530425  0.03406524 0.         0.01439615]

rule9: -2202.613 < num_voted_users < 97571.573
probabilities_array:[0.16219266 0.14129302 0.13680774 0.12613867 0.12981491 0.07563442
 0.08088797 0.07460182 0.06277616 0.         0.         0.00985261]

rule17: 37.725 < num_user_for_reviews < 315.986
probabilities_array:[0.         0.09888104 0.15514837 0.12548476 0.11010769 0.12605897
 0.08500664 0.10524861 0.02768306 0.1006402  0.02007836 0.04566233]

rule30: 1947.267 < actor_2_facebook_likes < 5110.775
probabilities_array:[0.         0.         0.01506981 0.18440518 0.11942652 0.
 0.11331553 0.         0.18729958 0.         0.18951967 0.19096375]

rule50: 41903940.191 < budget < 106101233.094
probabilities_array:[0.         0.         0.         0.         0.08078184 0.11043555
 0.16748558 0.17339136 0.16814093 0.13596575 0.06031261 0.10348631]

rule4: title_year < 1996.792
probabilities_array:[0.         0.00554501 0.01486901 0.05316796 0.07417142 0.13749911
 0.05986976 0.09875426 0.11068248 0.2006902  0.22020513 0.0245456 ]

rule14: 158.631 < num_critic_for_reviews < 241.265
probabilities_array:[0.         0.01191309 0.06013105 0.10193997 0.07344081 0.14428823
 0.0888256  0.08887723 0.10940677 0.12094069 0.17400682 0.02622975]

rule15: num_critic_for_reviews > 241.265
probabilities_array:[0.         0.         0.         0.         0.09649453 0.00148261
 0.13937572 0.09136681 0.12116742 0.10153026 0.1761743  0.27240837]

rule13: 75.996 < num_critic_for_reviews < 158.631
probabilities_array:[0.         0.03758337 0.0255245  0.06043528 0.07608373 0.11190293
 0.11927077 0.11993288 0.1399623  0.17080517 0.04054829 0.09795078]

rule23: director_facebook_likes > 2770.543
probabilities_array:[0.         0.         0.11502503 0.08025545 0.09378685 0.
 0.11833459 0.0823502  0.03650079 0.10517912 0.09032444 0.2782435 ]

rule45: 94.217 < duration < 109.576
probabilities_array:[1.2305378e-01 1.5129688e-01 0.0000000e+00 1.7670758e-01 1.0134358e-01
 0.0000000e+00 0.0000000e+00 0.0000000e+00 8.0064520e-02 2.8218003e-04
 3.2286402e-02 3.3496505e-01]

rule1: 5.749 < imdb_score < 6.477
probabilities_array:[0.08713261 0.0088121  0.         0.         0.06844433 0.07188129
 0.08793672 0.06912623 0.16430943 0.1598189  0.1601901  0.12234825]

rule34: 760.207 < actor_3_facebook_likes < 2042.697
probabilities_array:[0.         0.01411318 0.03220986 0.07953618 0.06296442 0.10257851
 0.03049901 0.16755699 0.08015169 0.14552376 0.11934702 0.16551943]

rule6: 2003.321 < title_year < 2009.850
probabilities_array:[0.19384244 0.1557732  0.00579669 0.11195346 0.06708679 0.
 0.         0.         0.04682859 0.         0.1584905  0.26022843]


---5---
rule22: 754.653 < director_facebook_likes < 2770.543
probabilities_array:[0.         0.         0.11032387 0.12399263 0.         0.21124472
 0.         0.09280585 0.         0.08001202 0.1873217  0.19429927]

rule14: 158.631 < num_critic_for_reviews < 241.265
probabilities_array:[0.         0.01191309 0.06013105 0.10193997 0.07344081 0.14428823
 0.0888256  0.08887723 0.10940677 0.12094069 0.17400682 0.02622975]

rule4: title_year < 1996.792
probabilities_array:[0.         0.00554501 0.01486901 0.05316796 0.07417142 0.13749911
 0.05986976 0.09875426 0.11068248 0.2006902  0.22020513 0.0245456 ]

rule18: 315.986 < num_user_for_reviews < 594.246
probabilities_array:[0.         0.         0.04296425 0.09254495 0.16860822 0.13411622
 0.12977229 0.10929994 0.11447409 0.12317968 0.05752772 0.0275127 ]

rule49: -22293352.711 < budget < 41903940.191
probabilities_array:[0.0558957  0.10774779 0.12337676 0.13496527 0.1339906  0.1266813
 0.13393553 0.08190324 0.0530425  0.03406524 0.         0.01439615]

rule26: 7521.760 < actor_1_facebook_likes < 18521.601
probabilities_array:[0.00784993 0.         0.02489625 0.         0.02789946 0.16541876
 0.         0.11479755 0.11515655 0.19940253 0.0907103  0.25386867]

rule42: 8540.831 < movie_facebook_likes < 22782.323
probabilities_array:[0.         0.0474862  0.11209938 0.00099508 0.         0.14054321
 0.08720567 0.17694558 0.06620323 0.08941856 0.14982551 0.12927766]

rule17: 37.725 < num_user_for_reviews < 315.986
probabilities_array:[0.         0.09888104 0.15514837 0.12548476 0.11010769 0.12605897
 0.08500664 0.10524861 0.02768306 0.1006402  0.02007836 0.04566233]

rule0: imdb_score < 5.749
probabilities_array:[0.         0.         0.03202358 0.03591454 0.17687285 0.13069929
 0.15721169 0.08713974 0.15312168 0.11211962 0.00483718 0.11005972]

rule13: 75.996 < num_critic_for_reviews < 158.631
probabilities_array:[0.         0.03758337 0.0255245  0.06043528 0.07608373 0.11190293
 0.11927077 0.11993288 0.1399623  0.17080517 0.04054829 0.09795078]

rule50: 41903940.191 < budget < 106101233.094
probabilities_array:[0.         0.         0.         0.         0.08078184 0.11043555
 0.16748558 0.17339136 0.16814093 0.13596575 0.06031261 0.10348631]

rule34: 760.207 < actor_3_facebook_likes < 2042.697
probabilities_array:[0.         0.01411318 0.03220986 0.07953618 0.06296442 0.10257851
 0.03049901 0.16755699 0.08015169 0.14552376 0.11934702 0.16551943]

rule31: actor_2_facebook_likes > 5110.775
probabilities_array:[0.00442616 0.         0.         0.         0.         0.14643432
 0.         0.         0.09390595 0.14051557 0.18574932 0.42896873]

rule9: -2202.613 < num_voted_users < 97571.573
probabilities_array:[0.16219266 0.14129302 0.13680774 0.12613867 0.12981491 0.07563442
 0.08088797 0.07460182 0.06277616 0.         0.         0.00985261]

rule1: 5.749 < imdb_score < 6.477
probabilities_array:[0.08713261 0.0088121  0.         0.         0.06844433 0.07188129
 0.08793672 0.06912623 0.16430943 0.1598189  0.1601901  0.12234825]

rule5: 1996.792 < title_year < 2003.321
probabilities_array:[0.00363723 0.0669315  0.00114755 0.16837397 0.01815001 0.09250566
 0.         0.         0.         0.10134752 0.21608281 0.33182383]

rule47: duration > 124.935
probabilities_array:[0.         0.         0.00506437 0.         0.         0.06725892
 0.10325333 0.18560532 0.12835413 0.0973613  0.14373793 0.26936477]


---6---
rule50: 41903940.191 < budget < 106101233.094
probabilities_array:[0.         0.         0.         0.         0.08078184 0.11043555
 0.16748558 0.17339136 0.16814093 0.13596575 0.06031261 0.10348631]

rule0: imdb_score < 5.749
probabilities_array:[0.         0.         0.03202358 0.03591454 0.17687285 0.13069929
 0.15721169 0.08713974 0.15312168 0.11211962 0.00483718 0.11005972]

rule49: -22293352.711 < budget < 41903940.191
probabilities_array:[0.0558957  0.10774779 0.12337676 0.13496527 0.1339906  0.1266813
 0.13393553 0.08190324 0.0530425  0.03406524 0.         0.01439615]

rule18: 315.986 < num_user_for_reviews < 594.246
probabilities_array:[0.         0.         0.04296425 0.09254495 0.16860822 0.13411622
 0.12977229 0.10929994 0.11447409 0.12317968 0.05752772 0.0275127 ]

rule46: 109.576 < duration < 124.935
probabilities_array:[0.         0.02543775 0.06321296 0.         0.04735319 0.03949964
 0.15618144 0.09204754 0.1330622  0.17268428 0.03480851 0.23571254]

rule38: 11176.985 < cast_total_facebook_likes < 24608.806
probabilities_array:[0.01472648 0.         0.05754998 0.05595699 0.02905336 0.03441928
 0.1609676  0.08100917 0.07481601 0.02649537 0.18849911 0.27650672]

rule27: actor_1_facebook_likes > 18521.601
probabilities_array:[0.00965884 0.         0.11156373 0.07636699 0.         0.
 0.16684207 0.13750656 0.0259474  0.         0.16007859 0.31203583]

rule10: 97571.573 < num_voted_users < 197345.758
probabilities_array:[0.0000000e+00 0.0000000e+00 0.0000000e+00 0.0000000e+00 1.9404051e-04
 1.9942638e-02 1.3905242e-01 2.1346472e-01 1.9929023e-01 2.1722950e-01
 0.0000000e+00 2.1082650e-01]

rule13: 75.996 < num_critic_for_reviews < 158.631
probabilities_array:[0.         0.03758337 0.0255245  0.06043528 0.07608373 0.11190293
 0.11927077 0.11993288 0.1399623  0.17080517 0.04054829 0.09795078]

rule15: num_critic_for_reviews > 241.265
probabilities_array:[0.         0.         0.         0.         0.09649453 0.00148261
 0.13937572 0.09136681 0.12116742 0.10153026 0.1761743  0.27240837]

rule30: 1947.267 < actor_2_facebook_likes < 5110.775
probabilities_array:[0.         0.         0.01506981 0.18440518 0.11942652 0.
 0.11331553 0.         0.18729958 0.         0.18951967 0.19096375]

rule14: 158.631 < num_critic_for_reviews < 241.265
probabilities_array:[0.         0.01191309 0.06013105 0.10193997 0.07344081 0.14428823
 0.0888256  0.08887723 0.10940677 0.12094069 0.17400682 0.02622975]

rule23: director_facebook_likes > 2770.543
probabilities_array:[0.         0.         0.11502503 0.08025545 0.09378685 0.
 0.11833459 0.0823502  0.03650079 0.10517912 0.09032444 0.2782435 ]

rule17: 37.725 < num_user_for_reviews < 315.986
probabilities_array:[0.         0.09888104 0.15514837 0.12548476 0.11010769 0.12605897
 0.08500664 0.10524861 0.02768306 0.1006402  0.02007836 0.04566233]

rule9: -2202.613 < num_voted_users < 97571.573
probabilities_array:[0.16219266 0.14129302 0.13680774 0.12613867 0.12981491 0.07563442
 0.08088797 0.07460182 0.06277616 0.         0.         0.00985261]

rule1: 5.749 < imdb_score < 6.477
probabilities_array:[0.08713261 0.0088121  0.         0.         0.06844433 0.07188129
 0.08793672 0.06912623 0.16430943 0.1598189  0.1601901  0.12234825]

rule42: 8540.831 < movie_facebook_likes < 22782.323
probabilities_array:[0.         0.0474862  0.11209938 0.00099508 0.         0.14054321
 0.08720567 0.17694558 0.06620323 0.08941856 0.14982551 0.12927766]

rule47: duration > 124.935
probabilities_array:[0.         0.         0.00506437 0.         0.         0.06725892
 0.10325333 0.18560532 0.12835413 0.0973613  0.14373793 0.26936477]

rule39: cast_total_facebook_likes > 24608.806
probabilities_array:[1.3051403e-03 4.4223914e-04 0.0000000e+00 0.0000000e+00 0.0000000e+00
 0.0000000e+00 1.4417417e-01 4.5131046e-02 6.9632605e-02 7.0656903e-02
 1.6263539e-01 5.0602257e-01]

rule4: title_year < 1996.792
probabilities_array:[0.         0.00554501 0.01486901 0.05316796 0.07417142 0.13749911
 0.05986976 0.09875426 0.11068248 0.2006902  0.22020513 0.0245456 ]

rule33: -522.283 < actor_3_facebook_likes < 760.207
probabilities_array:[0.15042722 0.         0.06333583 0.         0.         0.
 0.09034112 0.         0.07104064 0.05132272 0.10441308 0.46911934]


---7---
rule10: 97571.573 < num_voted_users < 197345.758
probabilities_array:[0.0000000e+00 0.0000000e+00 0.0000000e+00 0.0000000e+00 1.9404051e-04
 1.9942638e-02 1.3905242e-01 2.1346472e-01 1.9929023e-01 2.1722950e-01
 0.0000000e+00 2.1082650e-01]

rule50: 41903940.191 < budget < 106101233.094
probabilities_array:[0.         0.         0.         0.         0.08078184 0.11043555
 0.16748558 0.17339136 0.16814093 0.13596575 0.06031261 0.10348631]

rule42: 8540.831 < movie_facebook_likes < 22782.323
probabilities_array:[0.         0.0474862  0.11209938 0.00099508 0.         0.14054321
 0.08720567 0.17694558 0.06620323 0.08941856 0.14982551 0.12927766]

rule34: 760.207 < actor_3_facebook_likes < 2042.697
probabilities_array:[0.         0.01411318 0.03220986 0.07953618 0.06296442 0.10257851
 0.03049901 0.16755699 0.08015169 0.14552376 0.11934702 0.16551943]

rule47: duration > 124.935
probabilities_array:[0.         0.         0.00506437 0.         0.         0.06725892
 0.10325333 0.18560532 0.12835413 0.0973613  0.14373793 0.26936477]

rule13: 75.996 < num_critic_for_reviews < 158.631
probabilities_array:[0.         0.03758337 0.0255245  0.06043528 0.07608373 0.11190293
 0.11927077 0.11993288 0.1399623  0.17080517 0.04054829 0.09795078]

rule18: 315.986 < num_user_for_reviews < 594.246
probabilities_array:[0.         0.         0.04296425 0.09254495 0.16860822 0.13411622
 0.12977229 0.10929994 0.11447409 0.12317968 0.05752772 0.0275127 ]

rule17: 37.725 < num_user_for_reviews < 315.986
probabilities_array:[0.         0.09888104 0.15514837 0.12548476 0.11010769 0.12605897
 0.08500664 0.10524861 0.02768306 0.1006402  0.02007836 0.04566233]

rule4: title_year < 1996.792
probabilities_array:[0.         0.00554501 0.01486901 0.05316796 0.07417142 0.13749911
 0.05986976 0.09875426 0.11068248 0.2006902  0.22020513 0.0245456 ]

rule27: actor_1_facebook_likes > 18521.601
probabilities_array:[0.00965884 0.         0.11156373 0.07636699 0.         0.
 0.16684207 0.13750656 0.0259474  0.         0.16007859 0.31203583]

rule14: 158.631 < num_critic_for_reviews < 241.265
probabilities_array:[0.         0.01191309 0.06013105 0.10193997 0.07344081 0.14428823
 0.0888256  0.08887723 0.10940677 0.12094069 0.17400682 0.02622975]

rule26: 7521.760 < actor_1_facebook_likes < 18521.601
probabilities_array:[0.00784993 0.         0.02489625 0.         0.02789946 0.16541876
 0.         0.11479755 0.11515655 0.19940253 0.0907103  0.25386867]

rule49: -22293352.711 < budget < 41903940.191
probabilities_array:[0.0558957  0.10774779 0.12337676 0.13496527 0.1339906  0.1266813
 0.13393553 0.08190324 0.0530425  0.03406524 0.         0.01439615]

rule0: imdb_score < 5.749
probabilities_array:[0.         0.         0.03202358 0.03591454 0.17687285 0.13069929
 0.15721169 0.08713974 0.15312168 0.11211962 0.00483718 0.11005972]

rule22: 754.653 < director_facebook_likes < 2770.543
probabilities_array:[0.         0.         0.11032387 0.12399263 0.         0.21124472
 0.         0.09280585 0.         0.08001202 0.1873217  0.19429927]

rule9: -2202.613 < num_voted_users < 97571.573
probabilities_array:[0.16219266 0.14129302 0.13680774 0.12613867 0.12981491 0.07563442
 0.08088797 0.07460182 0.06277616 0.         0.         0.00985261]

rule46: 109.576 < duration < 124.935
probabilities_array:[0.         0.02543775 0.06321296 0.         0.04735319 0.03949964
 0.15618144 0.09204754 0.1330622  0.17268428 0.03480851 0.23571254]

rule15: num_critic_for_reviews > 241.265
probabilities_array:[0.         0.         0.         0.         0.09649453 0.00148261
 0.13937572 0.09136681 0.12116742 0.10153026 0.1761743  0.27240837]

rule29: -1216.242 < actor_2_facebook_likes < 1947.267
probabilities_array:[0.10549762 0.04754514 0.         0.         0.         0.
 0.00882126 0.13244306 0.         0.10913841 0.08021025 0.5163443 ]

rule1: 5.749 < imdb_score < 6.477
probabilities_array:[0.08713261 0.0088121  0.         0.         0.06844433 0.07188129
 0.08793672 0.06912623 0.16430943 0.1598189  0.1601901  0.12234825]

rule23: director_facebook_likes > 2770.543
probabilities_array:[0.         0.         0.11502503 0.08025545 0.09378685 0.
 0.11833459 0.0823502  0.03650079 0.10517912 0.09032444 0.2782435 ]

rule38: 11176.985 < cast_total_facebook_likes < 24608.806
probabilities_array:[0.01472648 0.         0.05754998 0.05595699 0.02905336 0.03441928
 0.1609676  0.08100917 0.07481601 0.02649537 0.18849911 0.27650672]

rule43: movie_facebook_likes > 22782.323
probabilities_array:[0.         0.         0.         0.03799783 0.02087137 0.
 0.02410834 0.09454018 0.09901804 0.09699782 0.18442623 0.44204015]


---8---
rule10: 97571.573 < num_voted_users < 197345.758
probabilities_array:[0.0000000e+00 0.0000000e+00 0.0000000e+00 0.0000000e+00 1.9404051e-04
 1.9942638e-02 1.3905242e-01 2.1346472e-01 1.9929023e-01 2.1722950e-01
 0.0000000e+00 2.1082650e-01]

rule30: 1947.267 < actor_2_facebook_likes < 5110.775
probabilities_array:[0.         0.         0.01506981 0.18440518 0.11942652 0.
 0.11331553 0.         0.18729958 0.         0.18951967 0.19096375]

rule50: 41903940.191 < budget < 106101233.094
probabilities_array:[0.         0.         0.         0.         0.08078184 0.11043555
 0.16748558 0.17339136 0.16814093 0.13596575 0.06031261 0.10348631]

rule1: 5.749 < imdb_score < 6.477
probabilities_array:[0.08713261 0.0088121  0.         0.         0.06844433 0.07188129
 0.08793672 0.06912623 0.16430943 0.1598189  0.1601901  0.12234825]

rule0: imdb_score < 5.749
probabilities_array:[0.         0.         0.03202358 0.03591454 0.17687285 0.13069929
 0.15721169 0.08713974 0.15312168 0.11211962 0.00483718 0.11005972]

rule13: 75.996 < num_critic_for_reviews < 158.631
probabilities_array:[0.         0.03758337 0.0255245  0.06043528 0.07608373 0.11190293
 0.11927077 0.11993288 0.1399623  0.17080517 0.04054829 0.09795078]

rule2: 6.477 < imdb_score < 7.206
probabilities_array:[0.17243174 0.14724253 0.1115298  0.02106434 0.         0.01530404
 0.         0.0153618  0.13380861 0.09323119 0.17566434 0.11436155]

rule18: 315.986 < num_user_for_reviews < 594.246
probabilities_array:[0.         0.         0.04296425 0.09254495 0.16860822 0.13411622
 0.12977229 0.10929994 0.11447409 0.12317968 0.05752772 0.0275127 ]

rule4: title_year < 1996.792
probabilities_array:[0.         0.00554501 0.01486901 0.05316796 0.07417142 0.13749911
 0.05986976 0.09875426 0.11068248 0.2006902  0.22020513 0.0245456 ]

rule14: 158.631 < num_critic_for_reviews < 241.265
probabilities_array:[0.         0.01191309 0.06013105 0.10193997 0.07344081 0.14428823
 0.0888256  0.08887723 0.10940677 0.12094069 0.17400682 0.02622975]

rule46: 109.576 < duration < 124.935
probabilities_array:[0.         0.02543775 0.06321296 0.         0.04735319 0.03949964
 0.15618144 0.09204754 0.1330622  0.17268428 0.03480851 0.23571254]

rule47: duration > 124.935
probabilities_array:[0.         0.         0.00506437 0.         0.         0.06725892
 0.10325333 0.18560532 0.12835413 0.0973613  0.14373793 0.26936477]

rule15: num_critic_for_reviews > 241.265
probabilities_array:[0.         0.         0.         0.         0.09649453 0.00148261
 0.13937572 0.09136681 0.12116742 0.10153026 0.1761743  0.27240837]

rule26: 7521.760 < actor_1_facebook_likes < 18521.601
probabilities_array:[0.00784993 0.         0.02489625 0.         0.02789946 0.16541876
 0.         0.11479755 0.11515655 0.19940253 0.0907103  0.25386867]

rule21: -1261.237 < director_facebook_likes < 754.653
probabilities_array:[0.07040809 0.00070906 0.         0.         0.         0.
 0.         0.         0.14662379 0.13415414 0.23247659 0.41562834]

rule34: 760.207 < actor_3_facebook_likes < 2042.697
probabilities_array:[0.         0.01411318 0.03220986 0.07953618 0.06296442 0.10257851
 0.03049901 0.16755699 0.08015169 0.14552376 0.11934702 0.16551943]

rule9: -2202.613 < num_voted_users < 97571.573
probabilities_array:[0.16219266 0.14129302 0.13680774 0.12613867 0.12981491 0.07563442
 0.08088797 0.07460182 0.06277616 0.         0.         0.00985261]

rule42: 8540.831 < movie_facebook_likes < 22782.323
probabilities_array:[0.         0.0474862  0.11209938 0.00099508 0.         0.14054321
 0.08720567 0.17694558 0.06620323 0.08941856 0.14982551 0.12927766]

rule43: movie_facebook_likes > 22782.323
probabilities_array:[0.         0.         0.         0.03799783 0.02087137 0.
 0.02410834 0.09454018 0.09901804 0.09699782 0.18442623 0.44204015]

rule38: 11176.985 < cast_total_facebook_likes < 24608.806
probabilities_array:[0.01472648 0.         0.05754998 0.05595699 0.02905336 0.03441928
 0.1609676  0.08100917 0.07481601 0.02649537 0.18849911 0.27650672]

rule31: actor_2_facebook_likes > 5110.775
probabilities_array:[0.00442616 0.         0.         0.         0.         0.14643432
 0.         0.         0.09390595 0.14051557 0.18574932 0.42896873]

rule45: 94.217 < duration < 109.576
probabilities_array:[1.2305378e-01 1.5129688e-01 0.0000000e+00 1.7670758e-01 1.0134358e-01
 0.0000000e+00 0.0000000e+00 0.0000000e+00 8.0064520e-02 2.8218003e-04
 3.2286402e-02 3.3496505e-01]

rule49: -22293352.711 < budget < 41903940.191
probabilities_array:[0.0558957  0.10774779 0.12337676 0.13496527 0.1339906  0.1266813
 0.13393553 0.08190324 0.0530425  0.03406524 0.         0.01439615]

rule19: num_user_for_reviews > 594.246
probabilities_array:[0.         0.         0.         0.         0.         0.
 0.04517225 0.02243339 0.10364671 0.02274358 0.23652527 0.56947875]


---9---
rule4: title_year < 1996.792
probabilities_array:[0.         0.00554501 0.01486901 0.05316796 0.07417142 0.13749911
 0.05986976 0.09875426 0.11068248 0.2006902  0.22020513 0.0245456 ]

rule10: 97571.573 < num_voted_users < 197345.758
probabilities_array:[0.0000000e+00 0.0000000e+00 0.0000000e+00 0.0000000e+00 1.9404051e-04
 1.9942638e-02 1.3905242e-01 2.1346472e-01 1.9929023e-01 2.1722950e-01
 0.0000000e+00 2.1082650e-01]

rule13: 75.996 < num_critic_for_reviews < 158.631
probabilities_array:[0.         0.03758337 0.0255245  0.06043528 0.07608373 0.11190293
 0.11927077 0.11993288 0.1399623  0.17080517 0.04054829 0.09795078]

rule26: 7521.760 < actor_1_facebook_likes < 18521.601
probabilities_array:[0.00784993 0.         0.02489625 0.         0.02789946 0.16541876
 0.         0.11479755 0.11515655 0.19940253 0.0907103  0.25386867]

rule1: 5.749 < imdb_score < 6.477
probabilities_array:[0.08713261 0.0088121  0.         0.         0.06844433 0.07188129
 0.08793672 0.06912623 0.16430943 0.1598189  0.1601901  0.12234825]

rule46: 109.576 < duration < 124.935
probabilities_array:[0.         0.02543775 0.06321296 0.         0.04735319 0.03949964
 0.15618144 0.09204754 0.1330622  0.17268428 0.03480851 0.23571254]

rule50: 41903940.191 < budget < 106101233.094
probabilities_array:[0.         0.         0.         0.         0.08078184 0.11043555
 0.16748558 0.17339136 0.16814093 0.13596575 0.06031261 0.10348631]

rule34: 760.207 < actor_3_facebook_likes < 2042.697
probabilities_array:[0.         0.01411318 0.03220986 0.07953618 0.06296442 0.10257851
 0.03049901 0.16755699 0.08015169 0.14552376 0.11934702 0.16551943]

rule18: 315.986 < num_user_for_reviews < 594.246
probabilities_array:[0.         0.         0.04296425 0.09254495 0.16860822 0.13411622
 0.12977229 0.10929994 0.11447409 0.12317968 0.05752772 0.0275127 ]

rule14: 158.631 < num_critic_for_reviews < 241.265
probabilities_array:[0.         0.01191309 0.06013105 0.10193997 0.07344081 0.14428823
 0.0888256  0.08887723 0.10940677 0.12094069 0.17400682 0.02622975]

rule11: num_voted_users > 197345.758
probabilities_array:[0.         0.         0.         0.         0.         0.
 0.         0.         0.         0.21344744 0.26108226 0.52547026]

rule0: imdb_score < 5.749
probabilities_array:[0.         0.         0.03202358 0.03591454 0.17687285 0.13069929
 0.15721169 0.08713974 0.15312168 0.11211962 0.00483718 0.11005972]

rule17: 37.725 < num_user_for_reviews < 315.986
probabilities_array:[0.         0.09888104 0.15514837 0.12548476 0.11010769 0.12605897
 0.08500664 0.10524861 0.02768306 0.1006402  0.02007836 0.04566233]

rule2: 6.477 < imdb_score < 7.206
probabilities_array:[0.17243174 0.14724253 0.1115298  0.02106434 0.         0.01530404
 0.         0.0153618  0.13380861 0.09323119 0.17566434 0.11436155]

rule31: actor_2_facebook_likes > 5110.775
probabilities_array:[0.00442616 0.         0.         0.         0.         0.14643432
 0.         0.         0.09390595 0.14051557 0.18574932 0.42896873]

rule21: -1261.237 < director_facebook_likes < 754.653
probabilities_array:[0.07040809 0.00070906 0.         0.         0.         0.
 0.         0.         0.14662379 0.13415414 0.23247659 0.41562834]

rule42: 8540.831 < movie_facebook_likes < 22782.323
probabilities_array:[0.         0.0474862  0.11209938 0.00099508 0.         0.14054321
 0.08720567 0.17694558 0.06620323 0.08941856 0.14982551 0.12927766]

rule23: director_facebook_likes > 2770.543
probabilities_array:[0.         0.         0.11502503 0.08025545 0.09378685 0.
 0.11833459 0.0823502  0.03650079 0.10517912 0.09032444 0.2782435 ]

rule15: num_critic_for_reviews > 241.265
probabilities_array:[0.         0.         0.         0.         0.09649453 0.00148261
 0.13937572 0.09136681 0.12116742 0.10153026 0.1761743  0.27240837]

rule47: duration > 124.935
probabilities_array:[0.         0.         0.00506437 0.         0.         0.06725892
 0.10325333 0.18560532 0.12835413 0.0973613  0.14373793 0.26936477]

rule5: 1996.792 < title_year < 2003.321
probabilities_array:[0.00363723 0.0669315  0.00114755 0.16837397 0.01815001 0.09250566
 0.         0.         0.         0.10134752 0.21608281 0.33182383]

rule22: 754.653 < director_facebook_likes < 2770.543
probabilities_array:[0.         0.         0.11032387 0.12399263 0.         0.21124472
 0.         0.09280585 0.         0.08001202 0.1873217  0.19429927]

rule7: title_year > 2009.850
probabilities_array:[0.2553477  0.         0.         0.         0.         0.
 0.         0.02867264 0.03253792 0.09426522 0.20863877 0.3805377 ]

rule43: movie_facebook_likes > 22782.323
probabilities_array:[0.         0.         0.         0.03799783 0.02087137 0.
 0.02410834 0.09454018 0.09901804 0.09699782 0.18442623 0.44204015]

rule29: -1216.242 < actor_2_facebook_likes < 1947.267
probabilities_array:[0.10549762 0.04754514 0.         0.         0.         0.
 0.00882126 0.13244306 0.         0.10913841 0.08021025 0.5163443 ]

rule37: -2254.836 < cast_total_facebook_likes < 11176.985
probabilities_array:[0.15024951 0.12306409 0.         0.         0.         0.
 0.         0.         0.         0.09437592 0.07878989 0.55352056]


---10---
rule4: title_year < 1996.792
probabilities_array:[0.         0.00554501 0.01486901 0.05316796 0.07417142 0.13749911
 0.05986976 0.09875426 0.11068248 0.2006902  0.22020513 0.0245456 ]

rule14: 158.631 < num_critic_for_reviews < 241.265
probabilities_array:[0.         0.01191309 0.06013105 0.10193997 0.07344081 0.14428823
 0.0888256  0.08887723 0.10940677 0.12094069 0.17400682 0.02622975]

rule2: 6.477 < imdb_score < 7.206
probabilities_array:[0.17243174 0.14724253 0.1115298  0.02106434 0.         0.01530404
 0.         0.0153618  0.13380861 0.09323119 0.17566434 0.11436155]

rule30: 1947.267 < actor_2_facebook_likes < 5110.775
probabilities_array:[0.         0.         0.01506981 0.18440518 0.11942652 0.
 0.11331553 0.         0.18729958 0.         0.18951967 0.19096375]

rule22: 754.653 < director_facebook_likes < 2770.543
probabilities_array:[0.         0.         0.11032387 0.12399263 0.         0.21124472
 0.         0.09280585 0.         0.08001202 0.1873217  0.19429927]

rule5: 1996.792 < title_year < 2003.321
probabilities_array:[0.00363723 0.0669315  0.00114755 0.16837397 0.01815001 0.09250566
 0.         0.         0.         0.10134752 0.21608281 0.33182383]

rule1: 5.749 < imdb_score < 6.477
probabilities_array:[0.08713261 0.0088121  0.         0.         0.06844433 0.07188129
 0.08793672 0.06912623 0.16430943 0.1598189  0.1601901  0.12234825]

rule38: 11176.985 < cast_total_facebook_likes < 24608.806
probabilities_array:[0.01472648 0.         0.05754998 0.05595699 0.02905336 0.03441928
 0.1609676  0.08100917 0.07481601 0.02649537 0.18849911 0.27650672]

rule21: -1261.237 < director_facebook_likes < 754.653
probabilities_array:[0.07040809 0.00070906 0.         0.         0.         0.
 0.         0.         0.14662379 0.13415414 0.23247659 0.41562834]

rule42: 8540.831 < movie_facebook_likes < 22782.323
probabilities_array:[0.         0.0474862  0.11209938 0.00099508 0.         0.14054321
 0.08720567 0.17694558 0.06620323 0.08941856 0.14982551 0.12927766]

rule7: title_year > 2009.850
probabilities_array:[0.2553477  0.         0.         0.         0.         0.
 0.         0.02867264 0.03253792 0.09426522 0.20863877 0.3805377 ]

rule15: num_critic_for_reviews > 241.265
probabilities_array:[0.         0.         0.         0.         0.09649453 0.00148261
 0.13937572 0.09136681 0.12116742 0.10153026 0.1761743  0.27240837]

rule11: num_voted_users > 197345.758
probabilities_array:[0.         0.         0.         0.         0.         0.
 0.         0.         0.         0.21344744 0.26108226 0.52547026]

rule6: 2003.321 < title_year < 2009.850
probabilities_array:[0.19384244 0.1557732  0.00579669 0.11195346 0.06708679 0.
 0.         0.         0.04682859 0.         0.1584905  0.26022843]

rule3: imdb_score > 7.206
probabilities_array:[0.00192711 0.1845075  0.25051373 0.         0.         0.
 0.         0.         0.         0.         0.18518956 0.37786207]

rule27: actor_1_facebook_likes > 18521.601
probabilities_array:[0.00965884 0.         0.11156373 0.07636699 0.         0.
 0.16684207 0.13750656 0.0259474  0.         0.16007859 0.31203583]

rule31: actor_2_facebook_likes > 5110.775
probabilities_array:[0.00442616 0.         0.         0.         0.         0.14643432
 0.         0.         0.09390595 0.14051557 0.18574932 0.42896873]

rule47: duration > 124.935
probabilities_array:[0.         0.         0.00506437 0.         0.         0.06725892
 0.10325333 0.18560532 0.12835413 0.0973613  0.14373793 0.26936477]

rule43: movie_facebook_likes > 22782.323
probabilities_array:[0.         0.         0.         0.03799783 0.02087137 0.
 0.02410834 0.09454018 0.09901804 0.09699782 0.18442623 0.44204015]

rule19: num_user_for_reviews > 594.246
probabilities_array:[0.         0.         0.         0.         0.         0.
 0.04517225 0.02243339 0.10364671 0.02274358 0.23652527 0.56947875]

rule51: budget > 106101233.094
probabilities_array:[0.         0.         0.         0.         0.         0.
 0.         0.         0.         0.07586558 0.2832906  0.6408438 ]

rule34: 760.207 < actor_3_facebook_likes < 2042.697
probabilities_array:[0.         0.01411318 0.03220986 0.07953618 0.06296442 0.10257851
 0.03049901 0.16755699 0.08015169 0.14552376 0.11934702 0.16551943]

rule44: duration < 94.217
probabilities_array:[0.21195668 0.         0.         0.         0.0651412  0.
 0.         0.         0.         0.         0.1951029  0.52779925]

rule35: actor_3_facebook_likes > 2042.697
probabilities_array:[0.         0.         0.         0.0029725  0.         0.07742688
 0.         0.         0.         0.02230571 0.24413574 0.6531592 ]

rule39: cast_total_facebook_likes > 24608.806
probabilities_array:[1.3051403e-03 4.4223914e-04 0.0000000e+00 0.0000000e+00 0.0000000e+00
 0.0000000e+00 1.4417417e-01 4.5131046e-02 6.9632605e-02 7.0656903e-02
 1.6263539e-01 5.0602257e-01]

rule26: 7521.760 < actor_1_facebook_likes < 18521.601
probabilities_array:[0.00784993 0.         0.02489625 0.         0.02789946 0.16541876
 0.         0.11479755 0.11515655 0.19940253 0.0907103  0.25386867]

rule23: director_facebook_likes > 2770.543
probabilities_array:[0.         0.         0.11502503 0.08025545 0.09378685 0.
 0.11833459 0.0823502  0.03650079 0.10517912 0.09032444 0.2782435 ]

rule18: 315.986 < num_user_for_reviews < 594.246
probabilities_array:[0.         0.         0.04296425 0.09254495 0.16860822 0.13411622
 0.12977229 0.10929994 0.11447409 0.12317968 0.05752772 0.0275127 ]

rule33: -522.283 < actor_3_facebook_likes < 760.207
probabilities_array:[0.15042722 0.         0.06333583 0.         0.         0.
 0.09034112 0.         0.07104064 0.05132272 0.10441308 0.46911934]

rule50: 41903940.191 < budget < 106101233.094
probabilities_array:[0.         0.         0.         0.         0.08078184 0.11043555
 0.16748558 0.17339136 0.16814093 0.13596575 0.06031261 0.10348631]

rule25: -3478.082 < actor_1_facebook_likes < 7521.760
probabilities_array:[0.14454038 0.15580928 0.         0.04014705 0.         0.00089129
 0.         0.         0.         0.03268754 0.1078706  0.5180539 ]

