R2: 0.24748058644725546


MAE: 31821650.54479508


Accuracy: 0.22228225665605741


F1: 0.24107793153678078


Most important rules
-----------------------------

---0---
rule12: num_critic_for_reviews < 77.884
probabilities_array:[0.24833223 0.20037274 0.13720141 0.09008918 0.         0.
 0.         0.         0.         0.         0.         0.
 0.32400438]

rule9: -1562.792 < num_voted_users < 98137.313
probabilities_array:[0.15315758 0.15168934 0.12627068 0.11286665 0.09248699 0.09175926
 0.1030909  0.06190234 0.05895908 0.04157161 0.         0.
 0.00624557]

rule6: 2003.248 < title_year < 2009.882
probabilities_array:[0.19326955 0.08392753 0.         0.11521257 0.14784919 0.00101413
 0.03088636 0.00566655 0.00769415 0.03275985 0.         0.12671295
 0.25500718]

rule7: title_year > 2009.882
probabilities_array:[0.24187896 0.00379495 0.00710967 0.         0.         0.
 0.         0.         0.         0.         0.09952264 0.22778438
 0.4199094 ]

rule16: num_user_for_reviews < 44.413
probabilities_array:[0.25634027 0.23062778 0.         0.         0.         0.
 0.         0.         0.         0.         0.         0.
 0.513032  ]

rule33: -483.483 < actor_3_facebook_likes < 720.142
probabilities_array:[1.9486825e-01 1.1096719e-01 5.6293096e-02 0.0000000e+00 0.0000000e+00
 0.0000000e+00 0.0000000e+00 9.2228509e-02 1.9015763e-05 3.5177958e-03
 3.3130996e-02 5.1943872e-02 4.5703131e-01]

rule41: -4999.695 < movie_facebook_likes < 8459.205
probabilities_array:[0.21521643 0.07326732 0.04065896 0.         0.         0.03395821
 0.         0.         0.         0.         0.07438377 0.03572156
 0.5267938 ]

rule44: duration < 94.478
probabilities_array:[0.204816   0.05550354 0.00283277 0.         0.         0.
 0.         0.         0.         0.         0.         0.2076513
 0.52919644]

rule1: 5.712 < imdb_score < 6.457
probabilities_array:[0.08315928 0.         0.         0.01051061 0.04410018 0.08477259
 0.07902507 0.09414162 0.09338854 0.14306556 0.13061026 0.13518123
 0.10204504]

rule2: 6.457 < imdb_score < 7.202
probabilities_array:[0.07259656 0.19668776 0.10389026 0.         0.         0.
 0.         0.00075622 0.04413178 0.11054032 0.06000821 0.21897137
 0.19241758]

rule37: -2245.555 < cast_total_facebook_likes < 10987.692
probabilities_array:[0.12570496 0.06502128 0.02885491 0.         0.01632767 0.
 0.         0.         0.         0.04887052 0.05595719 0.11467432
 0.5445892 ]

rule49: -37543508.415 < budget < 43102522.302
probabilities_array:[0.05699662 0.09085897 0.10952014 0.10490572 0.13571048 0.12758593
 0.09664343 0.1081783  0.07242455 0.05099414 0.03577037 0.
 0.01041131]

rule21: -1227.556 < director_facebook_likes < 730.470
probabilities_array:[0.09794106 0.00304948 0.         0.         0.         0.
 0.         0.         0.03283704 0.05260611 0.10769635 0.24370666
 0.46216333]

rule29: -1184.949 < actor_2_facebook_likes < 1896.915
probabilities_array:[1.3322504e-01 2.6958314e-04 0.0000000e+00 0.0000000e+00 0.0000000e+00
 0.0000000e+00 0.0000000e+00 9.4635012e-03 0.0000000e+00 3.0081412e-02
 1.0345448e-01 1.1670631e-01 6.0679966e-01]

rule25: -3491.414 < actor_1_facebook_likes < 7431.628
probabilities_array:[0.0941226  0.09419024 0.         0.         0.         0.
 0.         0.         0.13197668 0.00620687 0.02874358 0.13005412
 0.5147059 ]


---1---
rule2: 6.457 < imdb_score < 7.202
probabilities_array:[0.07259656 0.19668776 0.10389026 0.         0.         0.
 0.         0.00075622 0.04413178 0.11054032 0.06000821 0.21897137
 0.19241758]

rule9: -1562.792 < num_voted_users < 98137.313
probabilities_array:[0.15315758 0.15168934 0.12627068 0.11286665 0.09248699 0.09175926
 0.1030909  0.06190234 0.05895908 0.04157161 0.         0.
 0.00624557]

rule12: num_critic_for_reviews < 77.884
probabilities_array:[0.24833223 0.20037274 0.13720141 0.09008918 0.         0.
 0.         0.         0.         0.         0.         0.
 0.32400438]

rule16: num_user_for_reviews < 44.413
probabilities_array:[0.25634027 0.23062778 0.         0.         0.         0.
 0.         0.         0.         0.         0.         0.
 0.513032  ]

rule3: imdb_score > 7.202
probabilities_array:[0.01929839 0.13365701 0.17718796 0.1816634  0.         0.
 0.00120467 0.         0.         0.         0.04058999 0.1598672
 0.28653136]

rule45: 94.478 < duration < 109.756
probabilities_array:[0.02693637 0.1373782  0.06851921 0.06743445 0.13953176 0.
 0.         0.         0.0717774  0.05331359 0.         0.09801428
 0.3370948 ]

rule49: -37543508.415 < budget < 43102522.302
probabilities_array:[0.05699662 0.09085897 0.10952014 0.10490572 0.13571048 0.12758593
 0.09664343 0.1081783  0.07242455 0.05099414 0.03577037 0.
 0.01041131]

rule22: 730.470 < director_facebook_likes < 2688.496
probabilities_array:[0.         0.07265597 0.00210276 0.14491577 0.12977168 0.02659773
 0.13640597 0.         0.17950971 0.0930035  0.05168693 0.04257108
 0.12077902]

rule6: 2003.248 < title_year < 2009.882
probabilities_array:[0.19326955 0.08392753 0.         0.11521257 0.14784919 0.00101413
 0.03088636 0.00566655 0.00769415 0.03275985 0.         0.12671295
 0.25500718]

rule33: -483.483 < actor_3_facebook_likes < 720.142
probabilities_array:[1.9486825e-01 1.1096719e-01 5.6293096e-02 0.0000000e+00 0.0000000e+00
 0.0000000e+00 0.0000000e+00 9.2228509e-02 1.9015763e-05 3.5177958e-03
 3.3130996e-02 5.1943872e-02 4.5703131e-01]

rule42: 8459.205 < movie_facebook_likes < 21918.104
probabilities_array:[0.         0.06908508 0.08215747 0.07527105 0.         0.05937229
 0.11360043 0.09986106 0.10246529 0.08044446 0.00812791 0.17480564
 0.13480937]

rule13: 77.884 < num_critic_for_reviews < 158.799
probabilities_array:[0.         0.07294427 0.         0.02420338 0.         0.14033462
 0.05343379 0.08060426 0.10893705 0.07228175 0.20937264 0.02636749
 0.2115208 ]

rule17: 44.413 < num_user_for_reviews < 313.698
probabilities_array:[0.         0.05048103 0.14113666 0.13508937 0.11250074 0.08335976
 0.08286633 0.07379399 0.08845405 0.07576581 0.08880796 0.03126658
 0.03647771]

rule25: -3491.414 < actor_1_facebook_likes < 7431.628
probabilities_array:[0.0941226  0.09419024 0.         0.         0.         0.
 0.         0.         0.13197668 0.00620687 0.02874358 0.13005412
 0.5147059 ]


---2---
rule17: 44.413 < num_user_for_reviews < 313.698
probabilities_array:[0.         0.05048103 0.14113666 0.13508937 0.11250074 0.08335976
 0.08286633 0.07379399 0.08845405 0.07576581 0.08880796 0.03126658
 0.03647771]

rule3: imdb_score > 7.202
probabilities_array:[0.01929839 0.13365701 0.17718796 0.1816634  0.         0.
 0.00120467 0.         0.         0.         0.04058999 0.1598672
 0.28653136]

rule9: -1562.792 < num_voted_users < 98137.313
probabilities_array:[0.15315758 0.15168934 0.12627068 0.11286665 0.09248699 0.09175926
 0.1030909  0.06190234 0.05895908 0.04157161 0.         0.
 0.00624557]

rule49: -37543508.415 < budget < 43102522.302
probabilities_array:[0.05699662 0.09085897 0.10952014 0.10490572 0.13571048 0.12758593
 0.09664343 0.1081783  0.07242455 0.05099414 0.03577037 0.
 0.01041131]

rule12: num_critic_for_reviews < 77.884
probabilities_array:[0.24833223 0.20037274 0.13720141 0.09008918 0.         0.
 0.         0.         0.         0.         0.         0.
 0.32400438]

rule2: 6.457 < imdb_score < 7.202
probabilities_array:[0.07259656 0.19668776 0.10389026 0.         0.         0.
 0.         0.00075622 0.04413178 0.11054032 0.06000821 0.21897137
 0.19241758]

rule42: 8459.205 < movie_facebook_likes < 21918.104
probabilities_array:[0.         0.06908508 0.08215747 0.07527105 0.         0.05937229
 0.11360043 0.09986106 0.10246529 0.08044446 0.00812791 0.17480564
 0.13480937]

rule30: 1896.915 < actor_2_facebook_likes < 4978.778
probabilities_array:[0.         0.         0.06904934 0.0863311  0.1753522  0.
 0.         0.08362596 0.18767822 0.08185323 0.07578654 0.16106054
 0.07926283]

rule5: 1996.614 < title_year < 2003.248
probabilities_array:[0.02167917 0.01812072 0.06801978 0.16279165 0.11511277 0.
 0.05917587 0.03816803 0.06495143 0.05906247 0.07940157 0.08743812
 0.22607839]

rule46: 109.756 < duration < 125.034
probabilities_array:[0.         0.01060963 0.05738055 0.05521404 0.02831333 0.02493287
 0.08964801 0.15976544 0.10938473 0.15281491 0.13323934 0.
 0.17869721]

rule45: 94.478 < duration < 109.756
probabilities_array:[0.02693637 0.1373782  0.06851921 0.06743445 0.13953176 0.
 0.         0.         0.0717774  0.05331359 0.         0.09801428
 0.3370948 ]


---3---
rule17: 44.413 < num_user_for_reviews < 313.698
probabilities_array:[0.         0.05048103 0.14113666 0.13508937 0.11250074 0.08335976
 0.08286633 0.07379399 0.08845405 0.07576581 0.08880796 0.03126658
 0.03647771]

rule3: imdb_score > 7.202
probabilities_array:[0.01929839 0.13365701 0.17718796 0.1816634  0.         0.
 0.00120467 0.         0.         0.         0.04058999 0.1598672
 0.28653136]

rule22: 730.470 < director_facebook_likes < 2688.496
probabilities_array:[0.         0.07265597 0.00210276 0.14491577 0.12977168 0.02659773
 0.13640597 0.         0.17950971 0.0930035  0.05168693 0.04257108
 0.12077902]

rule5: 1996.614 < title_year < 2003.248
probabilities_array:[0.02167917 0.01812072 0.06801978 0.16279165 0.11511277 0.
 0.05917587 0.03816803 0.06495143 0.05906247 0.07940157 0.08743812
 0.22607839]

rule9: -1562.792 < num_voted_users < 98137.313
probabilities_array:[0.15315758 0.15168934 0.12627068 0.11286665 0.09248699 0.09175926
 0.1030909  0.06190234 0.05895908 0.04157161 0.         0.
 0.00624557]

rule49: -37543508.415 < budget < 43102522.302
probabilities_array:[0.05699662 0.09085897 0.10952014 0.10490572 0.13571048 0.12758593
 0.09664343 0.1081783  0.07242455 0.05099414 0.03577037 0.
 0.01041131]

rule14: 158.799 < num_critic_for_reviews < 239.714
probabilities_array:[0.         0.01207255 0.02800362 0.09539074 0.04293373 0.1172598
 0.13812673 0.08397675 0.0674046  0.11404132 0.12671337 0.10700561
 0.06707124]

rule6: 2003.248 < title_year < 2009.882
probabilities_array:[0.19326955 0.08392753 0.         0.11521257 0.14784919 0.00101413
 0.03088636 0.00566655 0.00769415 0.03275985 0.         0.12671295
 0.25500718]

rule39: cast_total_facebook_likes > 24220.940
probabilities_array:[0.02953641 0.03339678 0.         0.11743531 0.         0.03019388
 0.17830172 0.11227307 0.00760352 0.         0.08281633 0.11934958
 0.28909343]

rule23: director_facebook_likes > 2688.496
probabilities_array:[0.00084268 0.         0.04616754 0.11215699 0.00806701 0.06324495
 0.         0.06009687 0.         0.16581032 0.14248984 0.12291113
 0.27821267]

rule30: 1896.915 < actor_2_facebook_likes < 4978.778
probabilities_array:[0.         0.         0.06904934 0.0863311  0.1753522  0.
 0.         0.08362596 0.18767822 0.08185323 0.07578654 0.16106054
 0.07926283]

rule0: imdb_score < 5.712
probabilities_array:[0.         0.         0.00653851 0.07536673 0.1603853  0.12087611
 0.14528753 0.17007512 0.06661161 0.07335602 0.08376405 0.
 0.09773904]

rule42: 8459.205 < movie_facebook_likes < 21918.104
probabilities_array:[0.         0.06908508 0.08215747 0.07527105 0.         0.05937229
 0.11360043 0.09986106 0.10246529 0.08044446 0.00812791 0.17480564
 0.13480937]

rule12: num_critic_for_reviews < 77.884
probabilities_array:[0.24833223 0.20037274 0.13720141 0.09008918 0.         0.
 0.         0.         0.         0.         0.         0.
 0.32400438]

rule18: 313.698 < num_user_for_reviews < 582.983
probabilities_array:[0.         0.00100752 0.01751903 0.05728657 0.13737823 0.13059875
 0.1206826  0.09265319 0.10325288 0.13768095 0.11189511 0.08079476
 0.0092505 ]

rule46: 109.756 < duration < 125.034
probabilities_array:[0.         0.01060963 0.05738055 0.05521404 0.02831333 0.02493287
 0.08964801 0.15976544 0.10938473 0.15281491 0.13323934 0.
 0.17869721]

rule45: 94.478 < duration < 109.756
probabilities_array:[0.02693637 0.1373782  0.06851921 0.06743445 0.13953176 0.
 0.         0.         0.0717774  0.05331359 0.         0.09801428
 0.3370948 ]


---4---
rule30: 1896.915 < actor_2_facebook_likes < 4978.778
probabilities_array:[0.         0.         0.06904934 0.0863311  0.1753522  0.
 0.         0.08362596 0.18767822 0.08185323 0.07578654 0.16106054
 0.07926283]

rule0: imdb_score < 5.712
probabilities_array:[0.         0.         0.00653851 0.07536673 0.1603853  0.12087611
 0.14528753 0.17007512 0.06661161 0.07335602 0.08376405 0.
 0.09773904]

rule18: 313.698 < num_user_for_reviews < 582.983
probabilities_array:[0.         0.00100752 0.01751903 0.05728657 0.13737823 0.13059875
 0.1206826  0.09265319 0.10325288 0.13768095 0.11189511 0.08079476
 0.0092505 ]

rule49: -37543508.415 < budget < 43102522.302
probabilities_array:[0.05699662 0.09085897 0.10952014 0.10490572 0.13571048 0.12758593
 0.09664343 0.1081783  0.07242455 0.05099414 0.03577037 0.
 0.01041131]

rule22: 730.470 < director_facebook_likes < 2688.496
probabilities_array:[0.         0.07265597 0.00210276 0.14491577 0.12977168 0.02659773
 0.13640597 0.         0.17950971 0.0930035  0.05168693 0.04257108
 0.12077902]

rule6: 2003.248 < title_year < 2009.882
probabilities_array:[0.19326955 0.08392753 0.         0.11521257 0.14784919 0.00101413
 0.03088636 0.00566655 0.00769415 0.03275985 0.         0.12671295
 0.25500718]

rule17: 44.413 < num_user_for_reviews < 313.698
probabilities_array:[0.         0.05048103 0.14113666 0.13508937 0.11250074 0.08335976
 0.08286633 0.07379399 0.08845405 0.07576581 0.08880796 0.03126658
 0.03647771]

rule45: 94.478 < duration < 109.756
probabilities_array:[0.02693637 0.1373782  0.06851921 0.06743445 0.13953176 0.
 0.         0.         0.0717774  0.05331359 0.         0.09801428
 0.3370948 ]

rule9: -1562.792 < num_voted_users < 98137.313
probabilities_array:[0.15315758 0.15168934 0.12627068 0.11286665 0.09248699 0.09175926
 0.1030909  0.06190234 0.05895908 0.04157161 0.         0.
 0.00624557]

rule5: 1996.614 < title_year < 2003.248
probabilities_array:[0.02167917 0.01812072 0.06801978 0.16279165 0.11511277 0.
 0.05917587 0.03816803 0.06495143 0.05906247 0.07940157 0.08743812
 0.22607839]

rule4: title_year < 1996.614
probabilities_array:[0.         0.00752931 0.0262022  0.03273075 0.06454987 0.07496388
 0.08499706 0.05441102 0.10146923 0.1405907  0.1965177  0.2033965
 0.01264174]

rule26: 7431.628 < actor_1_facebook_likes < 18354.671
probabilities_array:[0.02382429 0.         0.01205283 0.00356765 0.08048098 0.
 0.1350689  0.1202424  0.         0.05885945 0.18060306 0.06477509
 0.32052538]

rule43: movie_facebook_likes > 21918.104
probabilities_array:[0.         0.         0.         0.         0.07120719 0.
 0.         0.00332486 0.18596886 0.12239099 0.14081788 0.17545354
 0.30083665]

rule14: 158.799 < num_critic_for_reviews < 239.714
probabilities_array:[0.         0.01207255 0.02800362 0.09539074 0.04293373 0.1172598
 0.13812673 0.08397675 0.0674046  0.11404132 0.12671337 0.10700561
 0.06707124]


---5---
rule18: 313.698 < num_user_for_reviews < 582.983
probabilities_array:[0.         0.00100752 0.01751903 0.05728657 0.13737823 0.13059875
 0.1206826  0.09265319 0.10325288 0.13768095 0.11189511 0.08079476
 0.0092505 ]

rule49: -37543508.415 < budget < 43102522.302
probabilities_array:[0.05699662 0.09085897 0.10952014 0.10490572 0.13571048 0.12758593
 0.09664343 0.1081783  0.07242455 0.05099414 0.03577037 0.
 0.01041131]

rule31: actor_2_facebook_likes > 4978.778
probabilities_array:[0.00156336 0.04050082 0.         0.00096752 0.         0.19934785
 0.         0.         0.         0.10213272 0.10476474 0.1700322
 0.38069075]

rule13: 77.884 < num_critic_for_reviews < 158.799
probabilities_array:[0.         0.07294427 0.         0.02420338 0.         0.14033462
 0.05343379 0.08060426 0.10893705 0.07228175 0.20937264 0.02636749
 0.2115208 ]

rule34: 720.142 < actor_3_facebook_likes < 1923.768
probabilities_array:[0.         0.         0.00149073 0.         0.02159266 0.130828
 0.00463892 0.09534248 0.09820779 0.13463198 0.1726135  0.18634881
 0.15430506]

rule14: 158.799 < num_critic_for_reviews < 239.714
probabilities_array:[0.         0.01207255 0.02800362 0.09539074 0.04293373 0.1172598
 0.13812673 0.08397675 0.0674046  0.11404132 0.12671337 0.10700561
 0.06707124]

rule0: imdb_score < 5.712
probabilities_array:[0.         0.         0.00653851 0.07536673 0.1603853  0.12087611
 0.14528753 0.17007512 0.06661161 0.07335602 0.08376405 0.
 0.09773904]

rule50: 43102522.302 < budget < 123748553.018
probabilities_array:[0.         0.         0.         0.00461905 0.         0.1197277
 0.06890471 0.17573461 0.17705038 0.15669858 0.13917252 0.06594783
 0.09214463]

rule9: -1562.792 < num_voted_users < 98137.313
probabilities_array:[0.15315758 0.15168934 0.12627068 0.11286665 0.09248699 0.09175926
 0.1030909  0.06190234 0.05895908 0.04157161 0.         0.
 0.00624557]

rule17: 44.413 < num_user_for_reviews < 313.698
probabilities_array:[0.         0.05048103 0.14113666 0.13508937 0.11250074 0.08335976
 0.08286633 0.07379399 0.08845405 0.07576581 0.08880796 0.03126658
 0.03647771]

rule1: 5.712 < imdb_score < 6.457
probabilities_array:[0.08315928 0.         0.         0.01051061 0.04410018 0.08477259
 0.07902507 0.09414162 0.09338854 0.14306556 0.13061026 0.13518123
 0.10204504]

rule4: title_year < 1996.614
probabilities_array:[0.         0.00752931 0.0262022  0.03273075 0.06454987 0.07496388
 0.08499706 0.05441102 0.10146923 0.1405907  0.1965177  0.2033965
 0.01264174]

rule42: 8459.205 < movie_facebook_likes < 21918.104
probabilities_array:[0.         0.06908508 0.08215747 0.07527105 0.         0.05937229
 0.11360043 0.09986106 0.10246529 0.08044446 0.00812791 0.17480564
 0.13480937]

rule15: num_critic_for_reviews > 239.714
probabilities_array:[0.         0.         0.         0.         0.         0.07839666
 0.05427501 0.0054177  0.12294617 0.07896744 0.11275052 0.19186047
 0.35538593]

rule23: director_facebook_likes > 2688.496
probabilities_array:[0.00084268 0.         0.04616754 0.11215699 0.00806701 0.06324495
 0.         0.06009687 0.         0.16581032 0.14248984 0.12291113
 0.27821267]

rule10: 98137.313 < num_voted_users < 197837.418
probabilities_array:[0.         0.         0.         0.0048158  0.         0.05044653
 0.14861478 0.1999379  0.15151714 0.1546971  0.12593637 0.03372479
 0.13030954]


---6---
rule0: imdb_score < 5.712
probabilities_array:[0.         0.         0.00653851 0.07536673 0.1603853  0.12087611
 0.14528753 0.17007512 0.06661161 0.07335602 0.08376405 0.
 0.09773904]

rule10: 98137.313 < num_voted_users < 197837.418
probabilities_array:[0.         0.         0.         0.0048158  0.         0.05044653
 0.14861478 0.1999379  0.15151714 0.1546971  0.12593637 0.03372479
 0.13030954]

rule14: 158.799 < num_critic_for_reviews < 239.714
probabilities_array:[0.         0.01207255 0.02800362 0.09539074 0.04293373 0.1172598
 0.13812673 0.08397675 0.0674046  0.11404132 0.12671337 0.10700561
 0.06707124]

rule39: cast_total_facebook_likes > 24220.940
probabilities_array:[0.02953641 0.03339678 0.         0.11743531 0.         0.03019388
 0.17830172 0.11227307 0.00760352 0.         0.08281633 0.11934958
 0.28909343]

rule22: 730.470 < director_facebook_likes < 2688.496
probabilities_array:[0.         0.07265597 0.00210276 0.14491577 0.12977168 0.02659773
 0.13640597 0.         0.17950971 0.0930035  0.05168693 0.04257108
 0.12077902]

rule18: 313.698 < num_user_for_reviews < 582.983
probabilities_array:[0.         0.00100752 0.01751903 0.05728657 0.13737823 0.13059875
 0.1206826  0.09265319 0.10325288 0.13768095 0.11189511 0.08079476
 0.0092505 ]

rule9: -1562.792 < num_voted_users < 98137.313
probabilities_array:[0.15315758 0.15168934 0.12627068 0.11286665 0.09248699 0.09175926
 0.1030909  0.06190234 0.05895908 0.04157161 0.         0.
 0.00624557]

rule42: 8459.205 < movie_facebook_likes < 21918.104
probabilities_array:[0.         0.06908508 0.08215747 0.07527105 0.         0.05937229
 0.11360043 0.09986106 0.10246529 0.08044446 0.00812791 0.17480564
 0.13480937]

rule49: -37543508.415 < budget < 43102522.302
probabilities_array:[0.05699662 0.09085897 0.10952014 0.10490572 0.13571048 0.12758593
 0.09664343 0.1081783  0.07242455 0.05099414 0.03577037 0.
 0.01041131]

rule26: 7431.628 < actor_1_facebook_likes < 18354.671
probabilities_array:[0.02382429 0.         0.01205283 0.00356765 0.08048098 0.
 0.1350689  0.1202424  0.         0.05885945 0.18060306 0.06477509
 0.32052538]

rule4: title_year < 1996.614
probabilities_array:[0.         0.00752931 0.0262022  0.03273075 0.06454987 0.07496388
 0.08499706 0.05441102 0.10146923 0.1405907  0.1965177  0.2033965
 0.01264174]

rule17: 44.413 < num_user_for_reviews < 313.698
probabilities_array:[0.         0.05048103 0.14113666 0.13508937 0.11250074 0.08335976
 0.08286633 0.07379399 0.08845405 0.07576581 0.08880796 0.03126658
 0.03647771]

rule19: num_user_for_reviews > 582.983
probabilities_array:[0.         0.         0.         0.         0.         0.
 0.11075351 0.06564408 0.2095187  0.00296422 0.10853773 0.18005149
 0.3225302 ]

rule46: 109.756 < duration < 125.034
probabilities_array:[0.         0.01060963 0.05738055 0.05521404 0.02831333 0.02493287
 0.08964801 0.15976544 0.10938473 0.15281491 0.13323934 0.
 0.17869721]

rule1: 5.712 < imdb_score < 6.457
probabilities_array:[0.08315928 0.         0.         0.01051061 0.04410018 0.08477259
 0.07902507 0.09414162 0.09338854 0.14306556 0.13061026 0.13518123
 0.10204504]

rule50: 43102522.302 < budget < 123748553.018
probabilities_array:[0.         0.         0.         0.00461905 0.         0.1197277
 0.06890471 0.17573461 0.17705038 0.15669858 0.13917252 0.06594783
 0.09214463]

rule5: 1996.614 < title_year < 2003.248
probabilities_array:[0.02167917 0.01812072 0.06801978 0.16279165 0.11511277 0.
 0.05917587 0.03816803 0.06495143 0.05906247 0.07940157 0.08743812
 0.22607839]

rule13: 77.884 < num_critic_for_reviews < 158.799
probabilities_array:[0.         0.07294427 0.         0.02420338 0.         0.14033462
 0.05343379 0.08060426 0.10893705 0.07228175 0.20937264 0.02636749
 0.2115208 ]


---7---
rule10: 98137.313 < num_voted_users < 197837.418
probabilities_array:[0.         0.         0.         0.0048158  0.         0.05044653
 0.14861478 0.1999379  0.15151714 0.1546971  0.12593637 0.03372479
 0.13030954]

rule50: 43102522.302 < budget < 123748553.018
probabilities_array:[0.         0.         0.         0.00461905 0.         0.1197277
 0.06890471 0.17573461 0.17705038 0.15669858 0.13917252 0.06594783
 0.09214463]

rule0: imdb_score < 5.712
probabilities_array:[0.         0.         0.00653851 0.07536673 0.1603853  0.12087611
 0.14528753 0.17007512 0.06661161 0.07335602 0.08376405 0.
 0.09773904]

rule46: 109.756 < duration < 125.034
probabilities_array:[0.         0.01060963 0.05738055 0.05521404 0.02831333 0.02493287
 0.08964801 0.15976544 0.10938473 0.15281491 0.13323934 0.
 0.17869721]

rule49: -37543508.415 < budget < 43102522.302
probabilities_array:[0.05699662 0.09085897 0.10952014 0.10490572 0.13571048 0.12758593
 0.09664343 0.1081783  0.07242455 0.05099414 0.03577037 0.
 0.01041131]

rule18: 313.698 < num_user_for_reviews < 582.983
probabilities_array:[0.         0.00100752 0.01751903 0.05728657 0.13737823 0.13059875
 0.1206826  0.09265319 0.10325288 0.13768095 0.11189511 0.08079476
 0.0092505 ]

rule42: 8459.205 < movie_facebook_likes < 21918.104
probabilities_array:[0.         0.06908508 0.08215747 0.07527105 0.         0.05937229
 0.11360043 0.09986106 0.10246529 0.08044446 0.00812791 0.17480564
 0.13480937]

rule1: 5.712 < imdb_score < 6.457
probabilities_array:[0.08315928 0.         0.         0.01051061 0.04410018 0.08477259
 0.07902507 0.09414162 0.09338854 0.14306556 0.13061026 0.13518123
 0.10204504]

rule26: 7431.628 < actor_1_facebook_likes < 18354.671
probabilities_array:[0.02382429 0.         0.01205283 0.00356765 0.08048098 0.
 0.1350689  0.1202424  0.         0.05885945 0.18060306 0.06477509
 0.32052538]

rule34: 720.142 < actor_3_facebook_likes < 1923.768
probabilities_array:[0.         0.         0.00149073 0.         0.02159266 0.130828
 0.00463892 0.09534248 0.09820779 0.13463198 0.1726135  0.18634881
 0.15430506]

rule39: cast_total_facebook_likes > 24220.940
probabilities_array:[0.02953641 0.03339678 0.         0.11743531 0.         0.03019388
 0.17830172 0.11227307 0.00760352 0.         0.08281633 0.11934958
 0.28909343]

rule14: 158.799 < num_critic_for_reviews < 239.714
probabilities_array:[0.         0.01207255 0.02800362 0.09539074 0.04293373 0.1172598
 0.13812673 0.08397675 0.0674046  0.11404132 0.12671337 0.10700561
 0.06707124]

rule30: 1896.915 < actor_2_facebook_likes < 4978.778
probabilities_array:[0.         0.         0.06904934 0.0863311  0.1753522  0.
 0.         0.08362596 0.18767822 0.08185323 0.07578654 0.16106054
 0.07926283]

rule38: 10987.692 < cast_total_facebook_likes < 24220.940
probabilities_array:[0.01535431 0.         0.01439285 0.00432319 0.00548214 0.
 0.         0.11358065 0.03114897 0.17616346 0.10075056 0.17466082
 0.36414307]

rule17: 44.413 < num_user_for_reviews < 313.698
probabilities_array:[0.         0.05048103 0.14113666 0.13508937 0.11250074 0.08335976
 0.08286633 0.07379399 0.08845405 0.07576581 0.08880796 0.03126658
 0.03647771]

rule13: 77.884 < num_critic_for_reviews < 158.799
probabilities_array:[0.         0.07294427 0.         0.02420338 0.         0.14033462
 0.05343379 0.08060426 0.10893705 0.07228175 0.20937264 0.02636749
 0.2115208 ]

rule9: -1562.792 < num_voted_users < 98137.313
probabilities_array:[0.15315758 0.15168934 0.12627068 0.11286665 0.09248699 0.09175926
 0.1030909  0.06190234 0.05895908 0.04157161 0.         0.
 0.00624557]

rule4: title_year < 1996.614
probabilities_array:[0.         0.00752931 0.0262022  0.03273075 0.06454987 0.07496388
 0.08499706 0.05441102 0.10146923 0.1405907  0.1965177  0.2033965
 0.01264174]

rule33: -483.483 < actor_3_facebook_likes < 720.142
probabilities_array:[1.9486825e-01 1.1096719e-01 5.6293096e-02 0.0000000e+00 0.0000000e+00
 0.0000000e+00 0.0000000e+00 9.2228509e-02 1.9015763e-05 3.5177958e-03
 3.3130996e-02 5.1943872e-02 4.5703131e-01]

rule47: duration > 125.034
probabilities_array:[0.         0.         0.         0.0361904  0.         0.
 0.03972312 0.08716675 0.04668378 0.02356541 0.16984327 0.15588474
 0.4409426 ]

rule19: num_user_for_reviews > 582.983
probabilities_array:[0.         0.         0.         0.         0.         0.
 0.11075351 0.06564408 0.2095187  0.00296422 0.10853773 0.18005149
 0.3225302 ]

rule23: director_facebook_likes > 2688.496
probabilities_array:[0.00084268 0.         0.04616754 0.11215699 0.00806701 0.06324495
 0.         0.06009687 0.         0.16581032 0.14248984 0.12291113
 0.27821267]


---8---
rule30: 1896.915 < actor_2_facebook_likes < 4978.778
probabilities_array:[0.         0.         0.06904934 0.0863311  0.1753522  0.
 0.         0.08362596 0.18767822 0.08185323 0.07578654 0.16106054
 0.07926283]

rule50: 43102522.302 < budget < 123748553.018
probabilities_array:[0.         0.         0.         0.00461905 0.         0.1197277
 0.06890471 0.17573461 0.17705038 0.15669858 0.13917252 0.06594783
 0.09214463]

rule22: 730.470 < director_facebook_likes < 2688.496
probabilities_array:[0.         0.07265597 0.00210276 0.14491577 0.12977168 0.02659773
 0.13640597 0.         0.17950971 0.0930035  0.05168693 0.04257108
 0.12077902]

rule19: num_user_for_reviews > 582.983
probabilities_array:[0.         0.         0.         0.         0.         0.
 0.11075351 0.06564408 0.2095187  0.00296422 0.10853773 0.18005149
 0.3225302 ]

rule10: 98137.313 < num_voted_users < 197837.418
probabilities_array:[0.         0.         0.         0.0048158  0.         0.05044653
 0.14861478 0.1999379  0.15151714 0.1546971  0.12593637 0.03372479
 0.13030954]

rule43: movie_facebook_likes > 21918.104
probabilities_array:[0.         0.         0.         0.         0.07120719 0.
 0.         0.00332486 0.18596886 0.12239099 0.14081788 0.17545354
 0.30083665]

rule18: 313.698 < num_user_for_reviews < 582.983
probabilities_array:[0.         0.00100752 0.01751903 0.05728657 0.13737823 0.13059875
 0.1206826  0.09265319 0.10325288 0.13768095 0.11189511 0.08079476
 0.0092505 ]

rule4: title_year < 1996.614
probabilities_array:[0.         0.00752931 0.0262022  0.03273075 0.06454987 0.07496388
 0.08499706 0.05441102 0.10146923 0.1405907  0.1965177  0.2033965
 0.01264174]

rule46: 109.756 < duration < 125.034
probabilities_array:[0.         0.01060963 0.05738055 0.05521404 0.02831333 0.02493287
 0.08964801 0.15976544 0.10938473 0.15281491 0.13323934 0.
 0.17869721]

rule42: 8459.205 < movie_facebook_likes < 21918.104
probabilities_array:[0.         0.06908508 0.08215747 0.07527105 0.         0.05937229
 0.11360043 0.09986106 0.10246529 0.08044446 0.00812791 0.17480564
 0.13480937]

rule13: 77.884 < num_critic_for_reviews < 158.799
probabilities_array:[0.         0.07294427 0.         0.02420338 0.         0.14033462
 0.05343379 0.08060426 0.10893705 0.07228175 0.20937264 0.02636749
 0.2115208 ]

rule17: 44.413 < num_user_for_reviews < 313.698
probabilities_array:[0.         0.05048103 0.14113666 0.13508937 0.11250074 0.08335976
 0.08286633 0.07379399 0.08845405 0.07576581 0.08880796 0.03126658
 0.03647771]

rule1: 5.712 < imdb_score < 6.457
probabilities_array:[0.08315928 0.         0.         0.01051061 0.04410018 0.08477259
 0.07902507 0.09414162 0.09338854 0.14306556 0.13061026 0.13518123
 0.10204504]

rule34: 720.142 < actor_3_facebook_likes < 1923.768
probabilities_array:[0.         0.         0.00149073 0.         0.02159266 0.130828
 0.00463892 0.09534248 0.09820779 0.13463198 0.1726135  0.18634881
 0.15430506]

rule15: num_critic_for_reviews > 239.714
probabilities_array:[0.         0.         0.         0.         0.         0.07839666
 0.05427501 0.0054177  0.12294617 0.07896744 0.11275052 0.19186047
 0.35538593]

rule49: -37543508.415 < budget < 43102522.302
probabilities_array:[0.05699662 0.09085897 0.10952014 0.10490572 0.13571048 0.12758593
 0.09664343 0.1081783  0.07242455 0.05099414 0.03577037 0.
 0.01041131]

rule25: -3491.414 < actor_1_facebook_likes < 7431.628
probabilities_array:[0.0941226  0.09419024 0.         0.         0.         0.
 0.         0.         0.13197668 0.00620687 0.02874358 0.13005412
 0.5147059 ]

rule14: 158.799 < num_critic_for_reviews < 239.714
probabilities_array:[0.         0.01207255 0.02800362 0.09539074 0.04293373 0.1172598
 0.13812673 0.08397675 0.0674046  0.11404132 0.12671337 0.10700561
 0.06707124]

rule0: imdb_score < 5.712
probabilities_array:[0.         0.         0.00653851 0.07536673 0.1603853  0.12087611
 0.14528753 0.17007512 0.06661161 0.07335602 0.08376405 0.
 0.09773904]

rule9: -1562.792 < num_voted_users < 98137.313
probabilities_array:[0.15315758 0.15168934 0.12627068 0.11286665 0.09248699 0.09175926
 0.1030909  0.06190234 0.05895908 0.04157161 0.         0.
 0.00624557]

rule5: 1996.614 < title_year < 2003.248
probabilities_array:[0.02167917 0.01812072 0.06801978 0.16279165 0.11511277 0.
 0.05917587 0.03816803 0.06495143 0.05906247 0.07940157 0.08743812
 0.22607839]

rule45: 94.478 < duration < 109.756
probabilities_array:[0.02693637 0.1373782  0.06851921 0.06743445 0.13953176 0.
 0.         0.         0.0717774  0.05331359 0.         0.09801428
 0.3370948 ]


---9---
rule50: 43102522.302 < budget < 123748553.018
probabilities_array:[0.         0.         0.         0.00461905 0.         0.1197277
 0.06890471 0.17573461 0.17705038 0.15669858 0.13917252 0.06594783
 0.09214463]

rule4: title_year < 1996.614
probabilities_array:[0.         0.00752931 0.0262022  0.03273075 0.06454987 0.07496388
 0.08499706 0.05441102 0.10146923 0.1405907  0.1965177  0.2033965
 0.01264174]

rule18: 313.698 < num_user_for_reviews < 582.983
probabilities_array:[0.         0.00100752 0.01751903 0.05728657 0.13737823 0.13059875
 0.1206826  0.09265319 0.10325288 0.13768095 0.11189511 0.08079476
 0.0092505 ]

rule10: 98137.313 < num_voted_users < 197837.418
probabilities_array:[0.         0.         0.         0.0048158  0.         0.05044653
 0.14861478 0.1999379  0.15151714 0.1546971  0.12593637 0.03372479
 0.13030954]

rule1: 5.712 < imdb_score < 6.457
probabilities_array:[0.08315928 0.         0.         0.01051061 0.04410018 0.08477259
 0.07902507 0.09414162 0.09338854 0.14306556 0.13061026 0.13518123
 0.10204504]

rule46: 109.756 < duration < 125.034
probabilities_array:[0.         0.01060963 0.05738055 0.05521404 0.02831333 0.02493287
 0.08964801 0.15976544 0.10938473 0.15281491 0.13323934 0.
 0.17869721]

rule23: director_facebook_likes > 2688.496
probabilities_array:[0.00084268 0.         0.04616754 0.11215699 0.00806701 0.06324495
 0.         0.06009687 0.         0.16581032 0.14248984 0.12291113
 0.27821267]

rule34: 720.142 < actor_3_facebook_likes < 1923.768
probabilities_array:[0.         0.         0.00149073 0.         0.02159266 0.130828
 0.00463892 0.09534248 0.09820779 0.13463198 0.1726135  0.18634881
 0.15430506]

rule38: 10987.692 < cast_total_facebook_likes < 24220.940
probabilities_array:[0.01535431 0.         0.01439285 0.00432319 0.00548214 0.
 0.         0.11358065 0.03114897 0.17616346 0.10075056 0.17466082
 0.36414307]

rule14: 158.799 < num_critic_for_reviews < 239.714
probabilities_array:[0.         0.01207255 0.02800362 0.09539074 0.04293373 0.1172598
 0.13812673 0.08397675 0.0674046  0.11404132 0.12671337 0.10700561
 0.06707124]

rule27: actor_1_facebook_likes > 18354.671
probabilities_array:[0.02444899 0.01646448 0.02522865 0.06792903 0.         0.
 0.00279881 0.         0.00894143 0.17430797 0.         0.20022613
 0.47965446]

rule2: 6.457 < imdb_score < 7.202
probabilities_array:[0.07259656 0.19668776 0.10389026 0.         0.         0.
 0.         0.00075622 0.04413178 0.11054032 0.06000821 0.21897137
 0.19241758]

rule43: movie_facebook_likes > 21918.104
probabilities_array:[0.         0.         0.         0.         0.07120719 0.
 0.         0.00332486 0.18596886 0.12239099 0.14081788 0.17545354
 0.30083665]

rule22: 730.470 < director_facebook_likes < 2688.496
probabilities_array:[0.         0.07265597 0.00210276 0.14491577 0.12977168 0.02659773
 0.13640597 0.         0.17950971 0.0930035  0.05168693 0.04257108
 0.12077902]

rule30: 1896.915 < actor_2_facebook_likes < 4978.778
probabilities_array:[0.         0.         0.06904934 0.0863311  0.1753522  0.
 0.         0.08362596 0.18767822 0.08185323 0.07578654 0.16106054
 0.07926283]

rule17: 44.413 < num_user_for_reviews < 313.698
probabilities_array:[0.         0.05048103 0.14113666 0.13508937 0.11250074 0.08335976
 0.08286633 0.07379399 0.08845405 0.07576581 0.08880796 0.03126658
 0.03647771]

rule42: 8459.205 < movie_facebook_likes < 21918.104
probabilities_array:[0.         0.06908508 0.08215747 0.07527105 0.         0.05937229
 0.11360043 0.09986106 0.10246529 0.08044446 0.00812791 0.17480564
 0.13480937]

rule0: imdb_score < 5.712
probabilities_array:[0.         0.         0.00653851 0.07536673 0.1603853  0.12087611
 0.14528753 0.17007512 0.06661161 0.07335602 0.08376405 0.
 0.09773904]

rule31: actor_2_facebook_likes > 4978.778
probabilities_array:[0.00156336 0.04050082 0.         0.00096752 0.         0.19934785
 0.         0.         0.         0.10213272 0.10476474 0.1700322
 0.38069075]

rule13: 77.884 < num_critic_for_reviews < 158.799
probabilities_array:[0.         0.07294427 0.         0.02420338 0.         0.14033462
 0.05343379 0.08060426 0.10893705 0.07228175 0.20937264 0.02636749
 0.2115208 ]

rule15: num_critic_for_reviews > 239.714
probabilities_array:[0.         0.         0.         0.         0.         0.07839666
 0.05427501 0.0054177  0.12294617 0.07896744 0.11275052 0.19186047
 0.35538593]

rule49: -37543508.415 < budget < 43102522.302
probabilities_array:[0.05699662 0.09085897 0.10952014 0.10490572 0.13571048 0.12758593
 0.09664343 0.1081783  0.07242455 0.05099414 0.03577037 0.
 0.01041131]

rule5: 1996.614 < title_year < 2003.248
probabilities_array:[0.02167917 0.01812072 0.06801978 0.16279165 0.11511277 0.
 0.05917587 0.03816803 0.06495143 0.05906247 0.07940157 0.08743812
 0.22607839]

rule9: -1562.792 < num_voted_users < 98137.313
probabilities_array:[0.15315758 0.15168934 0.12627068 0.11286665 0.09248699 0.09175926
 0.1030909  0.06190234 0.05895908 0.04157161 0.         0.
 0.00624557]


---10---
rule4: title_year < 1996.614
probabilities_array:[0.         0.00752931 0.0262022  0.03273075 0.06454987 0.07496388
 0.08499706 0.05441102 0.10146923 0.1405907  0.1965177  0.2033965
 0.01264174]

rule13: 77.884 < num_critic_for_reviews < 158.799
probabilities_array:[0.         0.07294427 0.         0.02420338 0.         0.14033462
 0.05343379 0.08060426 0.10893705 0.07228175 0.20937264 0.02636749
 0.2115208 ]

rule34: 720.142 < actor_3_facebook_likes < 1923.768
probabilities_array:[0.         0.         0.00149073 0.         0.02159266 0.130828
 0.00463892 0.09534248 0.09820779 0.13463198 0.1726135  0.18634881
 0.15430506]

rule50: 43102522.302 < budget < 123748553.018
probabilities_array:[0.         0.         0.         0.00461905 0.         0.1197277
 0.06890471 0.17573461 0.17705038 0.15669858 0.13917252 0.06594783
 0.09214463]

rule26: 7431.628 < actor_1_facebook_likes < 18354.671
probabilities_array:[0.02382429 0.         0.01205283 0.00356765 0.08048098 0.
 0.1350689  0.1202424  0.         0.05885945 0.18060306 0.06477509
 0.32052538]

rule14: 158.799 < num_critic_for_reviews < 239.714
probabilities_array:[0.         0.01207255 0.02800362 0.09539074 0.04293373 0.1172598
 0.13812673 0.08397675 0.0674046  0.11404132 0.12671337 0.10700561
 0.06707124]

rule1: 5.712 < imdb_score < 6.457
probabilities_array:[0.08315928 0.         0.         0.01051061 0.04410018 0.08477259
 0.07902507 0.09414162 0.09338854 0.14306556 0.13061026 0.13518123
 0.10204504]

rule18: 313.698 < num_user_for_reviews < 582.983
probabilities_array:[0.         0.00100752 0.01751903 0.05728657 0.13737823 0.13059875
 0.1206826  0.09265319 0.10325288 0.13768095 0.11189511 0.08079476
 0.0092505 ]

rule10: 98137.313 < num_voted_users < 197837.418
probabilities_array:[0.         0.         0.         0.0048158  0.         0.05044653
 0.14861478 0.1999379  0.15151714 0.1546971  0.12593637 0.03372479
 0.13030954]

rule11: num_voted_users > 197837.418
probabilities_array:[0.         0.         0.         0.         0.         0.
 0.         0.         0.         0.         0.22753178 0.25344586
 0.5190223 ]

rule46: 109.756 < duration < 125.034
probabilities_array:[0.         0.01060963 0.05738055 0.05521404 0.02831333 0.02493287
 0.08964801 0.15976544 0.10938473 0.15281491 0.13323934 0.
 0.17869721]

rule23: director_facebook_likes > 2688.496
probabilities_array:[0.00084268 0.         0.04616754 0.11215699 0.00806701 0.06324495
 0.         0.06009687 0.         0.16581032 0.14248984 0.12291113
 0.27821267]

rule43: movie_facebook_likes > 21918.104
probabilities_array:[0.         0.         0.         0.         0.07120719 0.
 0.         0.00332486 0.18596886 0.12239099 0.14081788 0.17545354
 0.30083665]

rule47: duration > 125.034
probabilities_array:[0.         0.         0.         0.0361904  0.         0.
 0.03972312 0.08716675 0.04668378 0.02356541 0.16984327 0.15588474
 0.4409426 ]

rule17: 44.413 < num_user_for_reviews < 313.698
probabilities_array:[0.         0.05048103 0.14113666 0.13508937 0.11250074 0.08335976
 0.08286633 0.07379399 0.08845405 0.07576581 0.08880796 0.03126658
 0.03647771]

rule0: imdb_score < 5.712
probabilities_array:[0.         0.         0.00653851 0.07536673 0.1603853  0.12087611
 0.14528753 0.17007512 0.06661161 0.07335602 0.08376405 0.
 0.09773904]

rule19: num_user_for_reviews > 582.983
probabilities_array:[0.         0.         0.         0.         0.         0.
 0.11075351 0.06564408 0.2095187  0.00296422 0.10853773 0.18005149
 0.3225302 ]

rule15: num_critic_for_reviews > 239.714
probabilities_array:[0.         0.         0.         0.         0.         0.07839666
 0.05427501 0.0054177  0.12294617 0.07896744 0.11275052 0.19186047
 0.35538593]

rule30: 1896.915 < actor_2_facebook_likes < 4978.778
probabilities_array:[0.         0.         0.06904934 0.0863311  0.1753522  0.
 0.         0.08362596 0.18767822 0.08185323 0.07578654 0.16106054
 0.07926283]

rule31: actor_2_facebook_likes > 4978.778
probabilities_array:[0.00156336 0.04050082 0.         0.00096752 0.         0.19934785
 0.         0.         0.         0.10213272 0.10476474 0.1700322
 0.38069075]

rule38: 10987.692 < cast_total_facebook_likes < 24220.940
probabilities_array:[0.01535431 0.         0.01439285 0.00432319 0.00548214 0.
 0.         0.11358065 0.03114897 0.17616346 0.10075056 0.17466082
 0.36414307]

rule5: 1996.614 < title_year < 2003.248
probabilities_array:[0.02167917 0.01812072 0.06801978 0.16279165 0.11511277 0.
 0.05917587 0.03816803 0.06495143 0.05906247 0.07940157 0.08743812
 0.22607839]

rule39: cast_total_facebook_likes > 24220.940
probabilities_array:[0.02953641 0.03339678 0.         0.11743531 0.         0.03019388
 0.17830172 0.11227307 0.00760352 0.         0.08281633 0.11934958
 0.28909343]

rule21: -1227.556 < director_facebook_likes < 730.470
probabilities_array:[0.09794106 0.00304948 0.         0.         0.         0.
 0.         0.         0.03283704 0.05260611 0.10769635 0.24370666
 0.46216333]

rule7: title_year > 2009.882
probabilities_array:[0.24187896 0.00379495 0.00710967 0.         0.         0.
 0.         0.         0.         0.         0.09952264 0.22778438
 0.4199094 ]

rule2: 6.457 < imdb_score < 7.202
probabilities_array:[0.07259656 0.19668776 0.10389026 0.         0.         0.
 0.         0.00075622 0.04413178 0.11054032 0.06000821 0.21897137
 0.19241758]

rule22: 730.470 < director_facebook_likes < 2688.496
probabilities_array:[0.         0.07265597 0.00210276 0.14491577 0.12977168 0.02659773
 0.13640597 0.         0.17950971 0.0930035  0.05168693 0.04257108
 0.12077902]

rule29: -1184.949 < actor_2_facebook_likes < 1896.915
probabilities_array:[1.3322504e-01 2.6958314e-04 0.0000000e+00 0.0000000e+00 0.0000000e+00
 0.0000000e+00 0.0000000e+00 9.4635012e-03 0.0000000e+00 3.0081412e-02
 1.0345448e-01 1.1670631e-01 6.0679966e-01]


---11---
rule4: title_year < 1996.614
probabilities_array:[0.         0.00752931 0.0262022  0.03273075 0.06454987 0.07496388
 0.08499706 0.05441102 0.10146923 0.1405907  0.1965177  0.2033965
 0.01264174]

rule2: 6.457 < imdb_score < 7.202
probabilities_array:[0.07259656 0.19668776 0.10389026 0.         0.         0.
 0.         0.00075622 0.04413178 0.11054032 0.06000821 0.21897137
 0.19241758]

rule34: 720.142 < actor_3_facebook_likes < 1923.768
probabilities_array:[0.         0.         0.00149073 0.         0.02159266 0.130828
 0.00463892 0.09534248 0.09820779 0.13463198 0.1726135  0.18634881
 0.15430506]

rule42: 8459.205 < movie_facebook_likes < 21918.104
probabilities_array:[0.         0.06908508 0.08215747 0.07527105 0.         0.05937229
 0.11360043 0.09986106 0.10246529 0.08044446 0.00812791 0.17480564
 0.13480937]

rule30: 1896.915 < actor_2_facebook_likes < 4978.778
probabilities_array:[0.         0.         0.06904934 0.0863311  0.1753522  0.
 0.         0.08362596 0.18767822 0.08185323 0.07578654 0.16106054
 0.07926283]

rule7: title_year > 2009.882
probabilities_array:[0.24187896 0.00379495 0.00710967 0.         0.         0.
 0.         0.         0.         0.         0.09952264 0.22778438
 0.4199094 ]

rule21: -1227.556 < director_facebook_likes < 730.470
probabilities_array:[0.09794106 0.00304948 0.         0.         0.         0.
 0.         0.         0.03283704 0.05260611 0.10769635 0.24370666
 0.46216333]

rule15: num_critic_for_reviews > 239.714
probabilities_array:[0.         0.         0.         0.         0.         0.07839666
 0.05427501 0.0054177  0.12294617 0.07896744 0.11275052 0.19186047
 0.35538593]

rule43: movie_facebook_likes > 21918.104
probabilities_array:[0.         0.         0.         0.         0.07120719 0.
 0.         0.00332486 0.18596886 0.12239099 0.14081788 0.17545354
 0.30083665]

rule19: num_user_for_reviews > 582.983
probabilities_array:[0.         0.         0.         0.         0.         0.
 0.11075351 0.06564408 0.2095187  0.00296422 0.10853773 0.18005149
 0.3225302 ]

rule11: num_voted_users > 197837.418
probabilities_array:[0.         0.         0.         0.         0.         0.
 0.         0.         0.         0.         0.22753178 0.25344586
 0.5190223 ]

rule1: 5.712 < imdb_score < 6.457
probabilities_array:[0.08315928 0.         0.         0.01051061 0.04410018 0.08477259
 0.07902507 0.09414162 0.09338854 0.14306556 0.13061026 0.13518123
 0.10204504]

rule3: imdb_score > 7.202
probabilities_array:[0.01929839 0.13365701 0.17718796 0.1816634  0.         0.
 0.00120467 0.         0.         0.         0.04058999 0.1598672
 0.28653136]

rule38: 10987.692 < cast_total_facebook_likes < 24220.940
probabilities_array:[0.01535431 0.         0.01439285 0.00432319 0.00548214 0.
 0.         0.11358065 0.03114897 0.17616346 0.10075056 0.17466082
 0.36414307]

rule31: actor_2_facebook_likes > 4978.778
probabilities_array:[0.00156336 0.04050082 0.         0.00096752 0.         0.19934785
 0.         0.         0.         0.10213272 0.10476474 0.1700322
 0.38069075]

rule27: actor_1_facebook_likes > 18354.671
probabilities_array:[0.02444899 0.01646448 0.02522865 0.06792903 0.         0.
 0.00279881 0.         0.00894143 0.17430797 0.         0.20022613
 0.47965446]

rule14: 158.799 < num_critic_for_reviews < 239.714
probabilities_array:[0.         0.01207255 0.02800362 0.09539074 0.04293373 0.1172598
 0.13812673 0.08397675 0.0674046  0.11404132 0.12671337 0.10700561
 0.06707124]

rule44: duration < 94.478
probabilities_array:[0.204816   0.05550354 0.00283277 0.         0.         0.
 0.         0.         0.         0.         0.         0.2076513
 0.52919644]

rule6: 2003.248 < title_year < 2009.882
probabilities_array:[0.19326955 0.08392753 0.         0.11521257 0.14784919 0.00101413
 0.03088636 0.00566655 0.00769415 0.03275985 0.         0.12671295
 0.25500718]

rule23: director_facebook_likes > 2688.496
probabilities_array:[0.00084268 0.         0.04616754 0.11215699 0.00806701 0.06324495
 0.         0.06009687 0.         0.16581032 0.14248984 0.12291113
 0.27821267]

rule47: duration > 125.034
probabilities_array:[0.         0.         0.         0.0361904  0.         0.
 0.03972312 0.08716675 0.04668378 0.02356541 0.16984327 0.15588474
 0.4409426 ]

rule51: budget > 123748553.018
probabilities_array:[0.         0.         0.         0.         0.         0.
 0.         0.         0.         0.         0.04026527 0.27455786
 0.6851769 ]

rule39: cast_total_facebook_likes > 24220.940
probabilities_array:[0.02953641 0.03339678 0.         0.11743531 0.         0.03019388
 0.17830172 0.11227307 0.00760352 0.         0.08281633 0.11934958
 0.28909343]

rule18: 313.698 < num_user_for_reviews < 582.983
probabilities_array:[0.         0.00100752 0.01751903 0.05728657 0.13737823 0.13059875
 0.1206826  0.09265319 0.10325288 0.13768095 0.11189511 0.08079476
 0.0092505 ]

rule35: actor_3_facebook_likes > 1923.768
probabilities_array:[0.0000000e+00 0.0000000e+00 0.0000000e+00 0.0000000e+00 0.0000000e+00
 1.6734736e-02 2.2486201e-02 0.0000000e+00 0.0000000e+00 2.4172683e-04
 0.0000000e+00 2.4445596e-01 7.1608138e-01]

rule5: 1996.614 < title_year < 2003.248
probabilities_array:[0.02167917 0.01812072 0.06801978 0.16279165 0.11511277 0.
 0.05917587 0.03816803 0.06495143 0.05906247 0.07940157 0.08743812
 0.22607839]

rule45: 94.478 < duration < 109.756
probabilities_array:[0.02693637 0.1373782  0.06851921 0.06743445 0.13953176 0.
 0.         0.         0.0717774  0.05331359 0.         0.09801428
 0.3370948 ]

rule25: -3491.414 < actor_1_facebook_likes < 7431.628
probabilities_array:[0.0941226  0.09419024 0.         0.         0.         0.
 0.         0.         0.13197668 0.00620687 0.02874358 0.13005412
 0.5147059 ]

rule50: 43102522.302 < budget < 123748553.018
probabilities_array:[0.         0.         0.         0.00461905 0.         0.1197277
 0.06890471 0.17573461 0.17705038 0.15669858 0.13917252 0.06594783
 0.09214463]

rule37: -2245.555 < cast_total_facebook_likes < 10987.692
probabilities_array:[0.12570496 0.06502128 0.02885491 0.         0.01632767 0.
 0.         0.         0.         0.04887052 0.05595719 0.11467432
 0.5445892 ]

rule29: -1184.949 < actor_2_facebook_likes < 1896.915
probabilities_array:[1.3322504e-01 2.6958314e-04 0.0000000e+00 0.0000000e+00 0.0000000e+00
 0.0000000e+00 0.0000000e+00 9.4635012e-03 0.0000000e+00 3.0081412e-02
 1.0345448e-01 1.1670631e-01 6.0679966e-01]

rule26: 7431.628 < actor_1_facebook_likes < 18354.671
probabilities_array:[0.02382429 0.         0.01205283 0.00356765 0.08048098 0.
 0.1350689  0.1202424  0.         0.05885945 0.18060306 0.06477509
 0.32052538]

