R2: -2.796597901806908


MAE: 35780933.23847088


Accuracy: 0.21929716717119407


F1: 0.23962126729788782


Most important rules
-----------------------------

---0---
rule7: title_year > 2010.015
probabilities_array:[0.2517369  0.         0.         0.         0.         0.
 0.         0.02198431 0.09063607 0.14433937 0.00068317 0.20429453
 0.28632566]

rule9: -3387.231 < num_voted_users < 98162.381
probabilities_array:[0.16378653 0.1491114  0.14376906 0.10421005 0.12618174 0.09168206
 0.07590839 0.06041846 0.03925869 0.02914373 0.         0.
 0.01652983]

rule36: cast_total_facebook_likes < 566.380
probabilities_array:[0.2610471  0.21552944 0.12010647 0.         0.         0.
 0.         0.         0.         0.         0.         0.
 0.40331697]

rule2: 6.467 < imdb_score < 7.219
probabilities_array:[0.17293347 0.11472338 0.13758068 0.02922261 0.         0.
 0.         0.06069408 0.08849826 0.0803218  0.04460941 0.1568094
 0.11460687]

rule12: num_critic_for_reviews < 77.904
probabilities_array:[0.24123022 0.18788084 0.07681867 0.126773   0.         0.
 0.         0.         0.         0.         0.         0.
 0.36729723]

rule6: 2003.364 < title_year < 2010.015
probabilities_array:[0.19265088 0.12532704 0.         0.14207871 0.07914715 0.03509279
 0.         0.         0.         0.03424562 0.         0.10991935
 0.28153858]

rule41: -5239.371 < movie_facebook_likes < 8660.357
probabilities_array:[2.4015208e-01 9.7960304e-04 7.9665489e-02 3.7853610e-02 0.0000000e+00
 4.7136255e-04 0.0000000e+00 0.0000000e+00 0.0000000e+00 2.8901799e-02
 8.8303037e-02 3.2062806e-02 4.9161023e-01]

rule16: num_user_for_reviews < 42.231
probabilities_array:[2.5797948e-01 2.0054214e-01 0.0000000e+00 2.5402562e-04 0.0000000e+00
 0.0000000e+00 0.0000000e+00 0.0000000e+00 0.0000000e+00 0.0000000e+00
 0.0000000e+00 0.0000000e+00 5.4122436e-01]

rule33: -436.191 < actor_3_facebook_likes < 692.000
probabilities_array:[0.16530494 0.18342023 0.12746999 0.         0.         0.
 0.         0.05973985 0.05447831 0.08009363 0.01393189 0.
 0.31556118]

rule1: 5.715 < imdb_score < 6.467
probabilities_array:[0.1229692  0.00379814 0.         0.         0.02845891 0.06080636
 0.07124755 0.11508973 0.12350086 0.18627898 0.08572894 0.0869086
 0.11521271]

rule44: duration < 94.133
probabilities_array:[2.27251053e-01 0.00000000e+00 0.00000000e+00 4.81982976e-02
 5.63528314e-02 0.00000000e+00 0.00000000e+00 0.00000000e+00
 0.00000000e+00 0.00000000e+00 1.07388834e-04 7.86068439e-02
 5.89483559e-01]

rule21: -1274.666 < director_facebook_likes < 757.647
probabilities_array:[0.1680386  0.         0.         0.         0.         0.
 0.         0.         0.         0.05930092 0.01529444 0.24421233
 0.51315373]

rule25: -508.718 < actor_1_facebook_likes < 6948.167
probabilities_array:[1.2498176e-01 1.2763208e-01 9.8055780e-02 0.0000000e+00 7.5783394e-03
 0.0000000e+00 0.0000000e+00 2.8417897e-04 8.1874490e-02 0.0000000e+00
 2.4807068e-02 1.2119634e-01 4.1359001e-01]

rule49: -130086547.849 < budget < 45911930.988
probabilities_array:[0.07197477 0.11681925 0.10656469 0.14096682 0.12808664 0.13321288
 0.08112311 0.08042682 0.06304532 0.04178096 0.0226011  0.
 0.01339771]

rule29: -705.081 < actor_2_facebook_likes < 1771.128
probabilities_array:[0.10814472 0.05425091 0.04574643 0.00085978 0.         0.
 0.05832763 0.         0.         0.         0.         0.198427
 0.53424346]

rule45: 94.133 < duration < 109.553
probabilities_array:[0.06074469 0.19619478 0.         0.03868436 0.12554264 0.05752669
 0.         0.         0.         0.120665   0.040952   0.09182871
 0.2678611 ]


---1---
rule9: -3387.231 < num_voted_users < 98162.381
probabilities_array:[0.16378653 0.1491114  0.14376906 0.10421005 0.12618174 0.09168206
 0.07590839 0.06041846 0.03925869 0.02914373 0.         0.
 0.01652983]

rule45: 94.133 < duration < 109.553
probabilities_array:[0.06074469 0.19619478 0.         0.03868436 0.12554264 0.05752669
 0.         0.         0.         0.120665   0.040952   0.09182871
 0.2678611 ]

rule51: budget > 221910409.825
probabilities_array:[0.         0.23275676 0.13144039 0.         0.         0.
 0.         0.         0.         0.         0.         0.24451897
 0.39128378]

rule36: cast_total_facebook_likes < 566.380
probabilities_array:[0.2610471  0.21552944 0.12010647 0.         0.         0.
 0.         0.         0.         0.         0.         0.
 0.40331697]

rule33: -436.191 < actor_3_facebook_likes < 692.000
probabilities_array:[0.16530494 0.18342023 0.12746999 0.         0.         0.
 0.         0.05973985 0.05447831 0.08009363 0.01393189 0.
 0.31556118]

rule12: num_critic_for_reviews < 77.904
probabilities_array:[0.24123022 0.18788084 0.07681867 0.126773   0.         0.
 0.         0.         0.         0.         0.         0.
 0.36729723]

rule49: -130086547.849 < budget < 45911930.988
probabilities_array:[0.07197477 0.11681925 0.10656469 0.14096682 0.12808664 0.13321288
 0.08112311 0.08042682 0.06304532 0.04178096 0.0226011  0.
 0.01339771]

rule3: imdb_score > 7.219
probabilities_array:[0.         0.15047549 0.19133791 0.06829582 0.         0.00592339
 0.         0.         0.         0.         0.12738971 0.15798028
 0.2985973 ]

rule2: 6.467 < imdb_score < 7.219
probabilities_array:[0.17293347 0.11472338 0.13758068 0.02922261 0.         0.
 0.         0.06069408 0.08849826 0.0803218  0.04460941 0.1568094
 0.11460687]

rule16: num_user_for_reviews < 42.231
probabilities_array:[2.5797948e-01 2.0054214e-01 0.0000000e+00 2.5402562e-04 0.0000000e+00
 0.0000000e+00 0.0000000e+00 0.0000000e+00 0.0000000e+00 0.0000000e+00
 0.0000000e+00 0.0000000e+00 5.4122436e-01]

rule6: 2003.364 < title_year < 2010.015
probabilities_array:[0.19265088 0.12532704 0.         0.14207871 0.07914715 0.03509279
 0.         0.         0.         0.03424562 0.         0.10991935
 0.28153858]

rule25: -508.718 < actor_1_facebook_likes < 6948.167
probabilities_array:[1.2498176e-01 1.2763208e-01 9.8055780e-02 0.0000000e+00 7.5783394e-03
 0.0000000e+00 0.0000000e+00 2.8417897e-04 8.1874490e-02 0.0000000e+00
 2.4807068e-02 1.2119634e-01 4.1359001e-01]

rule13: 77.904 < num_critic_for_reviews < 160.331
probabilities_array:[0.         0.07556214 0.01709421 0.05847005 0.07252925 0.09018231
 0.10776298 0.10491845 0.11022603 0.10292999 0.16130209 0.02835238
 0.07067018]

rule5: 1996.712 < title_year < 2003.364
probabilities_array:[0.03016278 0.08494447 0.02063    0.10478368 0.11330053 0.
 0.10674113 0.08829446 0.0311122  0.         0.08535814 0.12784965
 0.20682293]

rule17: 42.231 < num_user_for_reviews < 315.839
probabilities_array:[0.         0.04251978 0.14936964 0.13038656 0.07080167 0.09126231
 0.12458048 0.08223177 0.07862484 0.06978383 0.12193273 0.00478853
 0.03371789]

rule42: 8660.357 < movie_facebook_likes < 22560.085
probabilities_array:[0.         0.04696427 0.08130179 0.10613529 0.         0.08923361
 0.11589462 0.16536899 0.03798391 0.03904887 0.05710696 0.12831727
 0.13264443]


---2---
rule17: 42.231 < num_user_for_reviews < 315.839
probabilities_array:[0.         0.04251978 0.14936964 0.13038656 0.07080167 0.09126231
 0.12458048 0.08223177 0.07862484 0.06978383 0.12193273 0.00478853
 0.03371789]

rule9: -3387.231 < num_voted_users < 98162.381
probabilities_array:[0.16378653 0.1491114  0.14376906 0.10421005 0.12618174 0.09168206
 0.07590839 0.06041846 0.03925869 0.02914373 0.         0.
 0.01652983]

rule3: imdb_score > 7.219
probabilities_array:[0.         0.15047549 0.19133791 0.06829582 0.         0.00592339
 0.         0.         0.         0.         0.12738971 0.15798028
 0.2985973 ]

rule2: 6.467 < imdb_score < 7.219
probabilities_array:[0.17293347 0.11472338 0.13758068 0.02922261 0.         0.
 0.         0.06069408 0.08849826 0.0803218  0.04460941 0.1568094
 0.11460687]

rule49: -130086547.849 < budget < 45911930.988
probabilities_array:[0.07197477 0.11681925 0.10656469 0.14096682 0.12808664 0.13321288
 0.08112311 0.08042682 0.06304532 0.04178096 0.0226011  0.
 0.01339771]

rule47: duration > 124.973
probabilities_array:[0.         0.         0.11158921 0.00032331 0.         0.
 0.02627214 0.19262764 0.12508804 0.08946502 0.11906336 0.11802059
 0.21755062]

rule33: -436.191 < actor_3_facebook_likes < 692.000
probabilities_array:[0.16530494 0.18342023 0.12746999 0.         0.         0.
 0.         0.05973985 0.05447831 0.08009363 0.01393189 0.
 0.31556118]

rule51: budget > 221910409.825
probabilities_array:[0.         0.23275676 0.13144039 0.         0.         0.
 0.         0.         0.         0.         0.         0.24451897
 0.39128378]

rule36: cast_total_facebook_likes < 566.380
probabilities_array:[0.2610471  0.21552944 0.12010647 0.         0.         0.
 0.         0.         0.         0.         0.         0.
 0.40331697]

rule42: 8660.357 < movie_facebook_likes < 22560.085
probabilities_array:[0.         0.04696427 0.08130179 0.10613529 0.         0.08923361
 0.11589462 0.16536899 0.03798391 0.03904887 0.05710696 0.12831727
 0.13264443]

rule30: 1771.128 < actor_2_facebook_likes < 4247.338
probabilities_array:[0.00000000e+00 0.00000000e+00 8.72494951e-02 1.10520414e-04
 3.23192775e-02 0.00000000e+00 0.00000000e+00 1.42364227e-03
 2.15090021e-01 1.40571162e-01 1.65050939e-01 1.43544704e-01
 2.14640260e-01]

rule25: -508.718 < actor_1_facebook_likes < 6948.167
probabilities_array:[1.2498176e-01 1.2763208e-01 9.8055780e-02 0.0000000e+00 7.5783394e-03
 0.0000000e+00 0.0000000e+00 2.8417897e-04 8.1874490e-02 0.0000000e+00
 2.4807068e-02 1.2119634e-01 4.1359001e-01]

rule12: num_critic_for_reviews < 77.904
probabilities_array:[0.24123022 0.18788084 0.07681867 0.126773   0.         0.
 0.         0.         0.         0.         0.         0.
 0.36729723]

rule22: 757.647 < director_facebook_likes < 2789.959
probabilities_array:[0.04178914 0.         0.05331104 0.20647247 0.         0.07147825
 0.12553112 0.         0.07796465 0.04954656 0.05376352 0.15377596
 0.1663673 ]

rule41: -5239.371 < movie_facebook_likes < 8660.357
probabilities_array:[2.4015208e-01 9.7960304e-04 7.9665489e-02 3.7853610e-02 0.0000000e+00
 4.7136255e-04 0.0000000e+00 0.0000000e+00 0.0000000e+00 2.8901799e-02
 8.8303037e-02 3.2062806e-02 4.9161023e-01]


---3---
rule22: 757.647 < director_facebook_likes < 2789.959
probabilities_array:[0.04178914 0.         0.05331104 0.20647247 0.         0.07147825
 0.12553112 0.         0.07796465 0.04954656 0.05376352 0.15377596
 0.1663673 ]

rule49: -130086547.849 < budget < 45911930.988
probabilities_array:[0.07197477 0.11681925 0.10656469 0.14096682 0.12808664 0.13321288
 0.08112311 0.08042682 0.06304532 0.04178096 0.0226011  0.
 0.01339771]

rule17: 42.231 < num_user_for_reviews < 315.839
probabilities_array:[0.         0.04251978 0.14936964 0.13038656 0.07080167 0.09126231
 0.12458048 0.08223177 0.07862484 0.06978383 0.12193273 0.00478853
 0.03371789]

rule9: -3387.231 < num_voted_users < 98162.381
probabilities_array:[0.16378653 0.1491114  0.14376906 0.10421005 0.12618174 0.09168206
 0.07590839 0.06041846 0.03925869 0.02914373 0.         0.
 0.01652983]

rule6: 2003.364 < title_year < 2010.015
probabilities_array:[0.19265088 0.12532704 0.         0.14207871 0.07914715 0.03509279
 0.         0.         0.         0.03424562 0.         0.10991935
 0.28153858]

rule42: 8660.357 < movie_facebook_likes < 22560.085
probabilities_array:[0.         0.04696427 0.08130179 0.10613529 0.         0.08923361
 0.11589462 0.16536899 0.03798391 0.03904887 0.05710696 0.12831727
 0.13264443]

rule5: 1996.712 < title_year < 2003.364
probabilities_array:[0.03016278 0.08494447 0.02063    0.10478368 0.11330053 0.
 0.10674113 0.08829446 0.0311122  0.         0.08535814 0.12784965
 0.20682293]

rule14: 160.331 < num_critic_for_reviews < 242.759
probabilities_array:[0.         0.02481431 0.02508328 0.08451129 0.10232866 0.09222149
 0.13398704 0.08210409 0.07611386 0.10570409 0.13597512 0.11183193
 0.0253248 ]

rule12: num_critic_for_reviews < 77.904
probabilities_array:[0.24123022 0.18788084 0.07681867 0.126773   0.         0.
 0.         0.         0.         0.         0.         0.
 0.36729723]

rule4: title_year < 1996.712
probabilities_array:[0.         0.03819365 0.02837278 0.05901215 0.10338069 0.0926563
 0.06944269 0.06256282 0.09364636 0.11363407 0.1646197  0.17447872
 0.        ]

rule13: 77.904 < num_critic_for_reviews < 160.331
probabilities_array:[0.         0.07556214 0.01709421 0.05847005 0.07252925 0.09018231
 0.10776298 0.10491845 0.11022603 0.10292999 0.16130209 0.02835238
 0.07067018]

rule10: 98162.381 < num_voted_users < 199711.992
probabilities_array:[0.         0.         0.         0.05754891 0.         0.01155392
 0.12746525 0.17242192 0.17078482 0.18092777 0.15059127 0.
 0.12870617]

rule3: imdb_score > 7.219
probabilities_array:[0.         0.15047549 0.19133791 0.06829582 0.         0.00592339
 0.         0.         0.         0.         0.12738971 0.15798028
 0.2985973 ]

rule23: director_facebook_likes > 2789.959
probabilities_array:[0.         0.         0.         0.06548031 0.00492227 0.00056067
 0.04812299 0.21071854 0.01037301 0.13567795 0.19302996 0.04702349
 0.28409076]

rule18: 315.839 < num_user_for_reviews < 589.447
probabilities_array:[0.         0.00064997 0.00593693 0.04730954 0.10797894 0.15966584
 0.14833751 0.11070466 0.06750911 0.14165923 0.12461376 0.06572765
 0.01990683]

rule37: 566.380 < cast_total_facebook_likes < 10325.524
probabilities_array:[0.         0.         0.01226103 0.04729731 0.05105965 0.06458097
 0.07498369 0.09392969 0.1379692  0.11020882 0.1601236  0.15060137
 0.09698471]


---4---
rule49: -130086547.849 < budget < 45911930.988
probabilities_array:[0.07197477 0.11681925 0.10656469 0.14096682 0.12808664 0.13321288
 0.08112311 0.08042682 0.06304532 0.04178096 0.0226011  0.
 0.01339771]

rule9: -3387.231 < num_voted_users < 98162.381
probabilities_array:[0.16378653 0.1491114  0.14376906 0.10421005 0.12618174 0.09168206
 0.07590839 0.06041846 0.03925869 0.02914373 0.         0.
 0.01652983]

rule0: imdb_score < 5.715
probabilities_array:[0.         0.         0.0028931  0.03321013 0.12788853 0.16220468
 0.16780154 0.1427203  0.13285325 0.03472232 0.10229965 0.
 0.09340647]

rule18: 315.839 < num_user_for_reviews < 589.447
probabilities_array:[0.         0.00064997 0.00593693 0.04730954 0.10797894 0.15966584
 0.14833751 0.11070466 0.06750911 0.14165923 0.12461376 0.06572765
 0.01990683]

rule4: title_year < 1996.712
probabilities_array:[0.         0.03819365 0.02837278 0.05901215 0.10338069 0.0926563
 0.06944269 0.06256282 0.09364636 0.11363407 0.1646197  0.17447872
 0.        ]

rule14: 160.331 < num_critic_for_reviews < 242.759
probabilities_array:[0.         0.02481431 0.02508328 0.08451129 0.10232866 0.09222149
 0.13398704 0.08210409 0.07611386 0.10570409 0.13597512 0.11183193
 0.0253248 ]

rule45: 94.133 < duration < 109.553
probabilities_array:[0.06074469 0.19619478 0.         0.03868436 0.12554264 0.05752669
 0.         0.         0.         0.120665   0.040952   0.09182871
 0.2678611 ]

rule5: 1996.712 < title_year < 2003.364
probabilities_array:[0.03016278 0.08494447 0.02063    0.10478368 0.11330053 0.
 0.10674113 0.08829446 0.0311122  0.         0.08535814 0.12784965
 0.20682293]

rule17: 42.231 < num_user_for_reviews < 315.839
probabilities_array:[0.         0.04251978 0.14936964 0.13038656 0.07080167 0.09126231
 0.12458048 0.08223177 0.07862484 0.06978383 0.12193273 0.00478853
 0.03371789]

rule13: 77.904 < num_critic_for_reviews < 160.331
probabilities_array:[0.         0.07556214 0.01709421 0.05847005 0.07252925 0.09018231
 0.10776298 0.10491845 0.11022603 0.10292999 0.16130209 0.02835238
 0.07067018]

rule6: 2003.364 < title_year < 2010.015
probabilities_array:[0.19265088 0.12532704 0.         0.14207871 0.07914715 0.03509279
 0.         0.         0.         0.03424562 0.         0.10991935
 0.28153858]

rule43: movie_facebook_likes > 22560.085
probabilities_array:[0.         0.         0.         0.         0.07956644 0.
 0.00846951 0.06673643 0.12046321 0.06125128 0.15128349 0.16516295
 0.34706664]

rule37: 566.380 < cast_total_facebook_likes < 10325.524
probabilities_array:[0.         0.         0.01226103 0.04729731 0.05105965 0.06458097
 0.07498369 0.09392969 0.1379692  0.11020882 0.1601236  0.15060137
 0.09698471]


---5---
rule18: 315.839 < num_user_for_reviews < 589.447
probabilities_array:[0.         0.00064997 0.00593693 0.04730954 0.10797894 0.15966584
 0.14833751 0.11070466 0.06750911 0.14165923 0.12461376 0.06572765
 0.01990683]

rule31: actor_2_facebook_likes > 4247.338
probabilities_array:[0.00068026 0.         0.         0.         0.0020451  0.20495056
 0.         0.01532679 0.         0.14691798 0.18743986 0.16611108
 0.2765284 ]

rule0: imdb_score < 5.715
probabilities_array:[0.         0.         0.0028931  0.03321013 0.12788853 0.16220468
 0.16780154 0.1427203  0.13285325 0.03472232 0.10229965 0.
 0.09340647]

rule49: -130086547.849 < budget < 45911930.988
probabilities_array:[0.07197477 0.11681925 0.10656469 0.14096682 0.12808664 0.13321288
 0.08112311 0.08042682 0.06304532 0.04178096 0.0226011  0.
 0.01339771]

rule34: 692.000 < actor_3_facebook_likes < 1820.191
probabilities_array:[0.         0.         0.00031857 0.         0.04620982 0.15582061
 0.         0.04588633 0.06237603 0.08442475 0.173492   0.18638743
 0.24508438]

rule4: title_year < 1996.712
probabilities_array:[0.         0.03819365 0.02837278 0.05901215 0.10338069 0.0926563
 0.06944269 0.06256282 0.09364636 0.11363407 0.1646197  0.17447872
 0.        ]

rule9: -3387.231 < num_voted_users < 98162.381
probabilities_array:[0.16378653 0.1491114  0.14376906 0.10421005 0.12618174 0.09168206
 0.07590839 0.06041846 0.03925869 0.02914373 0.         0.
 0.01652983]

rule14: 160.331 < num_critic_for_reviews < 242.759
probabilities_array:[0.         0.02481431 0.02508328 0.08451129 0.10232866 0.09222149
 0.13398704 0.08210409 0.07611386 0.10570409 0.13597512 0.11183193
 0.0253248 ]

rule17: 42.231 < num_user_for_reviews < 315.839
probabilities_array:[0.         0.04251978 0.14936964 0.13038656 0.07080167 0.09126231
 0.12458048 0.08223177 0.07862484 0.06978383 0.12193273 0.00478853
 0.03371789]

rule13: 77.904 < num_critic_for_reviews < 160.331
probabilities_array:[0.         0.07556214 0.01709421 0.05847005 0.07252925 0.09018231
 0.10776298 0.10491845 0.11022603 0.10292999 0.16130209 0.02835238
 0.07067018]

rule42: 8660.357 < movie_facebook_likes < 22560.085
probabilities_array:[0.         0.04696427 0.08130179 0.10613529 0.         0.08923361
 0.11589462 0.16536899 0.03798391 0.03904887 0.05710696 0.12831727
 0.13264443]

rule22: 757.647 < director_facebook_likes < 2789.959
probabilities_array:[0.04178914 0.         0.05331104 0.20647247 0.         0.07147825
 0.12553112 0.         0.07796465 0.04954656 0.05376352 0.15377596
 0.1663673 ]

rule37: 566.380 < cast_total_facebook_likes < 10325.524
probabilities_array:[0.         0.         0.01226103 0.04729731 0.05105965 0.06458097
 0.07498369 0.09392969 0.1379692  0.11020882 0.1601236  0.15060137
 0.09698471]

rule1: 5.715 < imdb_score < 6.467
probabilities_array:[0.1229692  0.00379814 0.         0.         0.02845891 0.06080636
 0.07124755 0.11508973 0.12350086 0.18627898 0.08572894 0.0869086
 0.11521271]

rule45: 94.133 < duration < 109.553
probabilities_array:[0.06074469 0.19619478 0.         0.03868436 0.12554264 0.05752669
 0.         0.         0.         0.120665   0.040952   0.09182871
 0.2678611 ]

rule15: num_critic_for_reviews > 242.759
probabilities_array:[0.         0.         0.00709902 0.         0.01037957 0.06237503
 0.00946863 0.04951951 0.12128727 0.1164107  0.09212884 0.19423872
 0.33709267]


---6---
rule0: imdb_score < 5.715
probabilities_array:[0.         0.         0.0028931  0.03321013 0.12788853 0.16220468
 0.16780154 0.1427203  0.13285325 0.03472232 0.10229965 0.
 0.09340647]

rule18: 315.839 < num_user_for_reviews < 589.447
probabilities_array:[0.         0.00064997 0.00593693 0.04730954 0.10797894 0.15966584
 0.14833751 0.11070466 0.06750911 0.14165923 0.12461376 0.06572765
 0.01990683]

rule14: 160.331 < num_critic_for_reviews < 242.759
probabilities_array:[0.         0.02481431 0.02508328 0.08451129 0.10232866 0.09222149
 0.13398704 0.08210409 0.07611386 0.10570409 0.13597512 0.11183193
 0.0253248 ]

rule17: 42.231 < num_user_for_reviews < 315.839
probabilities_array:[0.         0.04251978 0.14936964 0.13038656 0.07080167 0.09126231
 0.12458048 0.08223177 0.07862484 0.06978383 0.12193273 0.00478853
 0.03371789]

rule46: 109.553 < duration < 124.973
probabilities_array:[0.00724706 0.         0.00994427 0.02732022 0.04302158 0.0463537
 0.14642522 0.12524103 0.13787335 0.09709998 0.1347059  0.01330055
 0.21146709]

rule10: 98162.381 < num_voted_users < 199711.992
probabilities_array:[0.         0.         0.         0.05754891 0.         0.01155392
 0.12746525 0.17242192 0.17078482 0.18092777 0.15059127 0.
 0.12870617]

rule27: actor_1_facebook_likes > 14405.051
probabilities_array:[0.         0.03228999 0.         0.01066175 0.         0.
 0.16350964 0.         0.14261664 0.13612293 0.         0.16769262
 0.34710637]

rule22: 757.647 < director_facebook_likes < 2789.959
probabilities_array:[0.04178914 0.         0.05331104 0.20647247 0.         0.07147825
 0.12553112 0.         0.07796465 0.04954656 0.05376352 0.15377596
 0.1663673 ]

rule42: 8660.357 < movie_facebook_likes < 22560.085
probabilities_array:[0.         0.04696427 0.08130179 0.10613529 0.         0.08923361
 0.11589462 0.16536899 0.03798391 0.03904887 0.05710696 0.12831727
 0.13264443]

rule13: 77.904 < num_critic_for_reviews < 160.331
probabilities_array:[0.         0.07556214 0.01709421 0.05847005 0.07252925 0.09018231
 0.10776298 0.10491845 0.11022603 0.10292999 0.16130209 0.02835238
 0.07067018]

rule5: 1996.712 < title_year < 2003.364
probabilities_array:[0.03016278 0.08494447 0.02063    0.10478368 0.11330053 0.
 0.10674113 0.08829446 0.0311122  0.         0.08535814 0.12784965
 0.20682293]

rule49: -130086547.849 < budget < 45911930.988
probabilities_array:[0.07197477 0.11681925 0.10656469 0.14096682 0.12808664 0.13321288
 0.08112311 0.08042682 0.06304532 0.04178096 0.0226011  0.
 0.01339771]

rule9: -3387.231 < num_voted_users < 98162.381
probabilities_array:[0.16378653 0.1491114  0.14376906 0.10421005 0.12618174 0.09168206
 0.07590839 0.06041846 0.03925869 0.02914373 0.         0.
 0.01652983]

rule4: title_year < 1996.712
probabilities_array:[0.         0.03819365 0.02837278 0.05901215 0.10338069 0.0926563
 0.06944269 0.06256282 0.09364636 0.11363407 0.1646197  0.17447872
 0.        ]

rule37: 566.380 < cast_total_facebook_likes < 10325.524
probabilities_array:[0.         0.         0.01226103 0.04729731 0.05105965 0.06458097
 0.07498369 0.09392969 0.1379692  0.11020882 0.1601236  0.15060137
 0.09698471]

rule1: 5.715 < imdb_score < 6.467
probabilities_array:[0.1229692  0.00379814 0.         0.         0.02845891 0.06080636
 0.07124755 0.11508973 0.12350086 0.18627898 0.08572894 0.0869086
 0.11521271]

rule38: 10325.524 < cast_total_facebook_likes < 20084.668
probabilities_array:[8.84746853e-03 0.00000000e+00 3.74682993e-02 0.00000000e+00
 6.71994174e-03 1.90953710e-04 7.77904615e-02 4.53340188e-02
 2.03822285e-01 1.13229558e-01 1.19400166e-01 1.37351528e-01
 2.49845311e-01]


---7---
rule23: director_facebook_likes > 2789.959
probabilities_array:[0.         0.         0.         0.06548031 0.00492227 0.00056067
 0.04812299 0.21071854 0.01037301 0.13567795 0.19302996 0.04702349
 0.28409076]

rule47: duration > 124.973
probabilities_array:[0.         0.         0.11158921 0.00032331 0.         0.
 0.02627214 0.19262764 0.12508804 0.08946502 0.11906336 0.11802059
 0.21755062]

rule10: 98162.381 < num_voted_users < 199711.992
probabilities_array:[0.         0.         0.         0.05754891 0.         0.01155392
 0.12746525 0.17242192 0.17078482 0.18092777 0.15059127 0.
 0.12870617]

rule42: 8660.357 < movie_facebook_likes < 22560.085
probabilities_array:[0.         0.04696427 0.08130179 0.10613529 0.         0.08923361
 0.11589462 0.16536899 0.03798391 0.03904887 0.05710696 0.12831727
 0.13264443]

rule0: imdb_score < 5.715
probabilities_array:[0.         0.         0.0028931  0.03321013 0.12788853 0.16220468
 0.16780154 0.1427203  0.13285325 0.03472232 0.10229965 0.
 0.09340647]

rule18: 315.839 < num_user_for_reviews < 589.447
probabilities_array:[0.         0.00064997 0.00593693 0.04730954 0.10797894 0.15966584
 0.14833751 0.11070466 0.06750911 0.14165923 0.12461376 0.06572765
 0.01990683]

rule1: 5.715 < imdb_score < 6.467
probabilities_array:[0.1229692  0.00379814 0.         0.         0.02845891 0.06080636
 0.07124755 0.11508973 0.12350086 0.18627898 0.08572894 0.0869086
 0.11521271]

rule46: 109.553 < duration < 124.973
probabilities_array:[0.00724706 0.         0.00994427 0.02732022 0.04302158 0.0463537
 0.14642522 0.12524103 0.13787335 0.09709998 0.1347059  0.01330055
 0.21146709]

rule13: 77.904 < num_critic_for_reviews < 160.331
probabilities_array:[0.         0.07556214 0.01709421 0.05847005 0.07252925 0.09018231
 0.10776298 0.10491845 0.11022603 0.10292999 0.16130209 0.02835238
 0.07067018]

rule26: 6948.167 < actor_1_facebook_likes < 14405.051
probabilities_array:[0.01527059 0.         0.03153448 0.05232371 0.05926573 0.00967631
 0.01931874 0.13729858 0.         0.06807776 0.15927127 0.09393505
 0.35402778]

rule37: 566.380 < cast_total_facebook_likes < 10325.524
probabilities_array:[0.         0.         0.01226103 0.04729731 0.05105965 0.06458097
 0.07498369 0.09392969 0.1379692  0.11020882 0.1601236  0.15060137
 0.09698471]

rule14: 160.331 < num_critic_for_reviews < 242.759
probabilities_array:[0.         0.02481431 0.02508328 0.08451129 0.10232866 0.09222149
 0.13398704 0.08210409 0.07611386 0.10570409 0.13597512 0.11183193
 0.0253248 ]

rule17: 42.231 < num_user_for_reviews < 315.839
probabilities_array:[0.         0.04251978 0.14936964 0.13038656 0.07080167 0.09126231
 0.12458048 0.08223177 0.07862484 0.06978383 0.12193273 0.00478853
 0.03371789]

rule49: -130086547.849 < budget < 45911930.988
probabilities_array:[0.07197477 0.11681925 0.10656469 0.14096682 0.12808664 0.13321288
 0.08112311 0.08042682 0.06304532 0.04178096 0.0226011  0.
 0.01339771]

rule5: 1996.712 < title_year < 2003.364
probabilities_array:[0.03016278 0.08494447 0.02063    0.10478368 0.11330053 0.
 0.10674113 0.08829446 0.0311122  0.         0.08535814 0.12784965
 0.20682293]

rule39: cast_total_facebook_likes > 20084.668
probabilities_array:[0.         0.00619946 0.         0.04223777 0.02426479 0.
 0.05571535 0.11408038 0.         0.10258354 0.07567231 0.17102265
 0.4082238 ]

rule4: title_year < 1996.712
probabilities_array:[0.         0.03819365 0.02837278 0.05901215 0.10338069 0.0926563
 0.06944269 0.06256282 0.09364636 0.11363407 0.1646197  0.17447872
 0.        ]

rule50: 45911930.988 < budget < 221910409.825
probabilities_array:[0.         0.         0.         0.         0.         0.
 0.02596407 0.08063687 0.1695172  0.12437989 0.1673409  0.18726595
 0.2448951 ]

rule9: -3387.231 < num_voted_users < 98162.381
probabilities_array:[0.16378653 0.1491114  0.14376906 0.10421005 0.12618174 0.09168206
 0.07590839 0.06041846 0.03925869 0.02914373 0.         0.
 0.01652983]

rule2: 6.467 < imdb_score < 7.219
probabilities_array:[0.17293347 0.11472338 0.13758068 0.02922261 0.         0.
 0.         0.06069408 0.08849826 0.0803218  0.04460941 0.1568094
 0.11460687]

rule43: movie_facebook_likes > 22560.085
probabilities_array:[0.         0.         0.         0.         0.07956644 0.
 0.00846951 0.06673643 0.12046321 0.06125128 0.15128349 0.16516295
 0.34706664]

rule33: -436.191 < actor_3_facebook_likes < 692.000
probabilities_array:[0.16530494 0.18342023 0.12746999 0.         0.         0.
 0.         0.05973985 0.05447831 0.08009363 0.01393189 0.
 0.31556118]


---8---
rule30: 1771.128 < actor_2_facebook_likes < 4247.338
probabilities_array:[0.00000000e+00 0.00000000e+00 8.72494951e-02 1.10520414e-04
 3.23192775e-02 0.00000000e+00 0.00000000e+00 1.42364227e-03
 2.15090021e-01 1.40571162e-01 1.65050939e-01 1.43544704e-01
 2.14640260e-01]

rule38: 10325.524 < cast_total_facebook_likes < 20084.668
probabilities_array:[8.84746853e-03 0.00000000e+00 3.74682993e-02 0.00000000e+00
 6.71994174e-03 1.90953710e-04 7.77904615e-02 4.53340188e-02
 2.03822285e-01 1.13229558e-01 1.19400166e-01 1.37351528e-01
 2.49845311e-01]

rule10: 98162.381 < num_voted_users < 199711.992
probabilities_array:[0.         0.         0.         0.05754891 0.         0.01155392
 0.12746525 0.17242192 0.17078482 0.18092777 0.15059127 0.
 0.12870617]

rule50: 45911930.988 < budget < 221910409.825
probabilities_array:[0.         0.         0.         0.         0.         0.
 0.02596407 0.08063687 0.1695172  0.12437989 0.1673409  0.18726595
 0.2448951 ]

rule37: 566.380 < cast_total_facebook_likes < 10325.524
probabilities_array:[0.         0.         0.01226103 0.04729731 0.05105965 0.06458097
 0.07498369 0.09392969 0.1379692  0.11020882 0.1601236  0.15060137
 0.09698471]

rule0: imdb_score < 5.715
probabilities_array:[0.         0.         0.0028931  0.03321013 0.12788853 0.16220468
 0.16780154 0.1427203  0.13285325 0.03472232 0.10229965 0.
 0.09340647]

rule1: 5.715 < imdb_score < 6.467
probabilities_array:[0.1229692  0.00379814 0.         0.         0.02845891 0.06080636
 0.07124755 0.11508973 0.12350086 0.18627898 0.08572894 0.0869086
 0.11521271]

rule46: 109.553 < duration < 124.973
probabilities_array:[0.00724706 0.         0.00994427 0.02732022 0.04302158 0.0463537
 0.14642522 0.12524103 0.13787335 0.09709998 0.1347059  0.01330055
 0.21146709]

rule13: 77.904 < num_critic_for_reviews < 160.331
probabilities_array:[0.         0.07556214 0.01709421 0.05847005 0.07252925 0.09018231
 0.10776298 0.10491845 0.11022603 0.10292999 0.16130209 0.02835238
 0.07067018]

rule19: num_user_for_reviews > 589.447
probabilities_array:[0.         0.         0.         0.         0.00338835 0.
 0.01801145 0.03950357 0.18945989 0.         0.05321246 0.226554
 0.4698703 ]

rule47: duration > 124.973
probabilities_array:[0.         0.         0.11158921 0.00032331 0.         0.
 0.02627214 0.19262764 0.12508804 0.08946502 0.11906336 0.11802059
 0.21755062]

rule4: title_year < 1996.712
probabilities_array:[0.         0.03819365 0.02837278 0.05901215 0.10338069 0.0926563
 0.06944269 0.06256282 0.09364636 0.11363407 0.1646197  0.17447872
 0.        ]

rule27: actor_1_facebook_likes > 14405.051
probabilities_array:[0.         0.03228999 0.         0.01066175 0.         0.
 0.16350964 0.         0.14261664 0.13612293 0.         0.16769262
 0.34710637]

rule15: num_critic_for_reviews > 242.759
probabilities_array:[0.         0.         0.00709902 0.         0.01037957 0.06237503
 0.00946863 0.04951951 0.12128727 0.1164107  0.09212884 0.19423872
 0.33709267]

rule43: movie_facebook_likes > 22560.085
probabilities_array:[0.         0.         0.         0.         0.07956644 0.
 0.00846951 0.06673643 0.12046321 0.06125128 0.15128349 0.16516295
 0.34706664]

rule2: 6.467 < imdb_score < 7.219
probabilities_array:[0.17293347 0.11472338 0.13758068 0.02922261 0.         0.
 0.         0.06069408 0.08849826 0.0803218  0.04460941 0.1568094
 0.11460687]

rule17: 42.231 < num_user_for_reviews < 315.839
probabilities_array:[0.         0.04251978 0.14936964 0.13038656 0.07080167 0.09126231
 0.12458048 0.08223177 0.07862484 0.06978383 0.12193273 0.00478853
 0.03371789]

rule14: 160.331 < num_critic_for_reviews < 242.759
probabilities_array:[0.         0.02481431 0.02508328 0.08451129 0.10232866 0.09222149
 0.13398704 0.08210409 0.07611386 0.10570409 0.13597512 0.11183193
 0.0253248 ]

rule18: 315.839 < num_user_for_reviews < 589.447
probabilities_array:[0.         0.00064997 0.00593693 0.04730954 0.10797894 0.15966584
 0.14833751 0.11070466 0.06750911 0.14165923 0.12461376 0.06572765
 0.01990683]

rule22: 757.647 < director_facebook_likes < 2789.959
probabilities_array:[0.04178914 0.         0.05331104 0.20647247 0.         0.07147825
 0.12553112 0.         0.07796465 0.04954656 0.05376352 0.15377596
 0.1663673 ]

rule7: title_year > 2010.015
probabilities_array:[0.2517369  0.         0.         0.         0.         0.
 0.         0.02198431 0.09063607 0.14433937 0.00068317 0.20429453
 0.28632566]

rule49: -130086547.849 < budget < 45911930.988
probabilities_array:[0.07197477 0.11681925 0.10656469 0.14096682 0.12808664 0.13321288
 0.08112311 0.08042682 0.06304532 0.04178096 0.0226011  0.
 0.01339771]

rule25: -508.718 < actor_1_facebook_likes < 6948.167
probabilities_array:[1.2498176e-01 1.2763208e-01 9.8055780e-02 0.0000000e+00 7.5783394e-03
 0.0000000e+00 0.0000000e+00 2.8417897e-04 8.1874490e-02 0.0000000e+00
 2.4807068e-02 1.2119634e-01 4.1359001e-01]

rule34: 692.000 < actor_3_facebook_likes < 1820.191
probabilities_array:[0.         0.         0.00031857 0.         0.04620982 0.15582061
 0.         0.04588633 0.06237603 0.08442475 0.173492   0.18638743
 0.24508438]


---9---
rule1: 5.715 < imdb_score < 6.467
probabilities_array:[0.1229692  0.00379814 0.         0.         0.02845891 0.06080636
 0.07124755 0.11508973 0.12350086 0.18627898 0.08572894 0.0869086
 0.11521271]

rule10: 98162.381 < num_voted_users < 199711.992
probabilities_array:[0.         0.         0.         0.05754891 0.         0.01155392
 0.12746525 0.17242192 0.17078482 0.18092777 0.15059127 0.
 0.12870617]

rule18: 315.839 < num_user_for_reviews < 589.447
probabilities_array:[0.         0.00064997 0.00593693 0.04730954 0.10797894 0.15966584
 0.14833751 0.11070466 0.06750911 0.14165923 0.12461376 0.06572765
 0.01990683]

rule4: title_year < 1996.712
probabilities_array:[0.         0.03819365 0.02837278 0.05901215 0.10338069 0.0926563
 0.06944269 0.06256282 0.09364636 0.11363407 0.1646197  0.17447872
 0.        ]

rule30: 1771.128 < actor_2_facebook_likes < 4247.338
probabilities_array:[0.00000000e+00 0.00000000e+00 8.72494951e-02 1.10520414e-04
 3.23192775e-02 0.00000000e+00 0.00000000e+00 1.42364227e-03
 2.15090021e-01 1.40571162e-01 1.65050939e-01 1.43544704e-01
 2.14640260e-01]

rule31: actor_2_facebook_likes > 4247.338
probabilities_array:[0.00068026 0.         0.         0.         0.0020451  0.20495056
 0.         0.01532679 0.         0.14691798 0.18743986 0.16611108
 0.2765284 ]

rule14: 160.331 < num_critic_for_reviews < 242.759
probabilities_array:[0.         0.02481431 0.02508328 0.08451129 0.10232866 0.09222149
 0.13398704 0.08210409 0.07611386 0.10570409 0.13597512 0.11183193
 0.0253248 ]

rule7: title_year > 2010.015
probabilities_array:[0.2517369  0.         0.         0.         0.         0.
 0.         0.02198431 0.09063607 0.14433937 0.00068317 0.20429453
 0.28632566]

rule37: 566.380 < cast_total_facebook_likes < 10325.524
probabilities_array:[0.         0.         0.01226103 0.04729731 0.05105965 0.06458097
 0.07498369 0.09392969 0.1379692  0.11020882 0.1601236  0.15060137
 0.09698471]

rule23: director_facebook_likes > 2789.959
probabilities_array:[0.         0.         0.         0.06548031 0.00492227 0.00056067
 0.04812299 0.21071854 0.01037301 0.13567795 0.19302996 0.04702349
 0.28409076]

rule13: 77.904 < num_critic_for_reviews < 160.331
probabilities_array:[0.         0.07556214 0.01709421 0.05847005 0.07252925 0.09018231
 0.10776298 0.10491845 0.11022603 0.10292999 0.16130209 0.02835238
 0.07067018]

rule50: 45911930.988 < budget < 221910409.825
probabilities_array:[0.         0.         0.         0.         0.         0.
 0.02596407 0.08063687 0.1695172  0.12437989 0.1673409  0.18726595
 0.2448951 ]

rule27: actor_1_facebook_likes > 14405.051
probabilities_array:[0.         0.03228999 0.         0.01066175 0.         0.
 0.16350964 0.         0.14261664 0.13612293 0.         0.16769262
 0.34710637]

rule45: 94.133 < duration < 109.553
probabilities_array:[0.06074469 0.19619478 0.         0.03868436 0.12554264 0.05752669
 0.         0.         0.         0.120665   0.040952   0.09182871
 0.2678611 ]

rule38: 10325.524 < cast_total_facebook_likes < 20084.668
probabilities_array:[8.84746853e-03 0.00000000e+00 3.74682993e-02 0.00000000e+00
 6.71994174e-03 1.90953710e-04 7.77904615e-02 4.53340188e-02
 2.03822285e-01 1.13229558e-01 1.19400166e-01 1.37351528e-01
 2.49845311e-01]

rule15: num_critic_for_reviews > 242.759
probabilities_array:[0.         0.         0.00709902 0.         0.01037957 0.06237503
 0.00946863 0.04951951 0.12128727 0.1164107  0.09212884 0.19423872
 0.33709267]

rule46: 109.553 < duration < 124.973
probabilities_array:[0.00724706 0.         0.00994427 0.02732022 0.04302158 0.0463537
 0.14642522 0.12524103 0.13787335 0.09709998 0.1347059  0.01330055
 0.21146709]

rule2: 6.467 < imdb_score < 7.219
probabilities_array:[0.17293347 0.11472338 0.13758068 0.02922261 0.         0.
 0.         0.06069408 0.08849826 0.0803218  0.04460941 0.1568094
 0.11460687]

rule47: duration > 124.973
probabilities_array:[0.         0.         0.11158921 0.00032331 0.         0.
 0.02627214 0.19262764 0.12508804 0.08946502 0.11906336 0.11802059
 0.21755062]

rule17: 42.231 < num_user_for_reviews < 315.839
probabilities_array:[0.         0.04251978 0.14936964 0.13038656 0.07080167 0.09126231
 0.12458048 0.08223177 0.07862484 0.06978383 0.12193273 0.00478853
 0.03371789]

rule34: 692.000 < actor_3_facebook_likes < 1820.191
probabilities_array:[0.         0.         0.00031857 0.         0.04620982 0.15582061
 0.         0.04588633 0.06237603 0.08442475 0.173492   0.18638743
 0.24508438]

rule39: cast_total_facebook_likes > 20084.668
probabilities_array:[0.         0.00619946 0.         0.04223777 0.02426479 0.
 0.05571535 0.11408038 0.         0.10258354 0.07567231 0.17102265
 0.4082238 ]

rule33: -436.191 < actor_3_facebook_likes < 692.000
probabilities_array:[0.16530494 0.18342023 0.12746999 0.         0.         0.
 0.         0.05973985 0.05447831 0.08009363 0.01393189 0.
 0.31556118]

rule26: 6948.167 < actor_1_facebook_likes < 14405.051
probabilities_array:[0.01527059 0.         0.03153448 0.05232371 0.05926573 0.00967631
 0.01931874 0.13729858 0.         0.06807776 0.15927127 0.09393505
 0.35402778]

rule22: 757.647 < director_facebook_likes < 2789.959
probabilities_array:[0.04178914 0.         0.05331104 0.20647247 0.         0.07147825
 0.12553112 0.         0.07796465 0.04954656 0.05376352 0.15377596
 0.1663673 ]

rule49: -130086547.849 < budget < 45911930.988
probabilities_array:[0.07197477 0.11681925 0.10656469 0.14096682 0.12808664 0.13321288
 0.08112311 0.08042682 0.06304532 0.04178096 0.0226011  0.
 0.01339771]


---10---
rule4: title_year < 1996.712
probabilities_array:[0.         0.03819365 0.02837278 0.05901215 0.10338069 0.0926563
 0.06944269 0.06256282 0.09364636 0.11363407 0.1646197  0.17447872
 0.        ]

rule13: 77.904 < num_critic_for_reviews < 160.331
probabilities_array:[0.         0.07556214 0.01709421 0.05847005 0.07252925 0.09018231
 0.10776298 0.10491845 0.11022603 0.10292999 0.16130209 0.02835238
 0.07067018]

rule37: 566.380 < cast_total_facebook_likes < 10325.524
probabilities_array:[0.         0.         0.01226103 0.04729731 0.05105965 0.06458097
 0.07498369 0.09392969 0.1379692  0.11020882 0.1601236  0.15060137
 0.09698471]

rule23: director_facebook_likes > 2789.959
probabilities_array:[0.         0.         0.         0.06548031 0.00492227 0.00056067
 0.04812299 0.21071854 0.01037301 0.13567795 0.19302996 0.04702349
 0.28409076]

rule31: actor_2_facebook_likes > 4247.338
probabilities_array:[0.00068026 0.         0.         0.         0.0020451  0.20495056
 0.         0.01532679 0.         0.14691798 0.18743986 0.16611108
 0.2765284 ]

rule14: 160.331 < num_critic_for_reviews < 242.759
probabilities_array:[0.         0.02481431 0.02508328 0.08451129 0.10232866 0.09222149
 0.13398704 0.08210409 0.07611386 0.10570409 0.13597512 0.11183193
 0.0253248 ]

rule10: 98162.381 < num_voted_users < 199711.992
probabilities_array:[0.         0.         0.         0.05754891 0.         0.01155392
 0.12746525 0.17242192 0.17078482 0.18092777 0.15059127 0.
 0.12870617]

rule34: 692.000 < actor_3_facebook_likes < 1820.191
probabilities_array:[0.         0.         0.00031857 0.         0.04620982 0.15582061
 0.         0.04588633 0.06237603 0.08442475 0.173492   0.18638743
 0.24508438]

rule30: 1771.128 < actor_2_facebook_likes < 4247.338
probabilities_array:[0.00000000e+00 0.00000000e+00 8.72494951e-02 1.10520414e-04
 3.23192775e-02 0.00000000e+00 0.00000000e+00 1.42364227e-03
 2.15090021e-01 1.40571162e-01 1.65050939e-01 1.43544704e-01
 2.14640260e-01]

rule50: 45911930.988 < budget < 221910409.825
probabilities_array:[0.         0.         0.         0.         0.         0.
 0.02596407 0.08063687 0.1695172  0.12437989 0.1673409  0.18726595
 0.2448951 ]

rule18: 315.839 < num_user_for_reviews < 589.447
probabilities_array:[0.         0.00064997 0.00593693 0.04730954 0.10797894 0.15966584
 0.14833751 0.11070466 0.06750911 0.14165923 0.12461376 0.06572765
 0.01990683]

rule17: 42.231 < num_user_for_reviews < 315.839
probabilities_array:[0.         0.04251978 0.14936964 0.13038656 0.07080167 0.09126231
 0.12458048 0.08223177 0.07862484 0.06978383 0.12193273 0.00478853
 0.03371789]

rule11: num_voted_users > 199711.992
probabilities_array:[0.         0.         0.         0.         0.         0.
 0.         0.         0.         0.         0.23615211 0.24561311
 0.5182347 ]

rule46: 109.553 < duration < 124.973
probabilities_array:[0.00724706 0.         0.00994427 0.02732022 0.04302158 0.0463537
 0.14642522 0.12524103 0.13787335 0.09709998 0.1347059  0.01330055
 0.21146709]

rule26: 6948.167 < actor_1_facebook_likes < 14405.051
probabilities_array:[0.01527059 0.         0.03153448 0.05232371 0.05926573 0.00967631
 0.01931874 0.13729858 0.         0.06807776 0.15927127 0.09393505
 0.35402778]

rule43: movie_facebook_likes > 22560.085
probabilities_array:[0.         0.         0.         0.         0.07956644 0.
 0.00846951 0.06673643 0.12046321 0.06125128 0.15128349 0.16516295
 0.34706664]

rule47: duration > 124.973
probabilities_array:[0.         0.         0.11158921 0.00032331 0.         0.
 0.02627214 0.19262764 0.12508804 0.08946502 0.11906336 0.11802059
 0.21755062]

rule0: imdb_score < 5.715
probabilities_array:[0.         0.         0.0028931  0.03321013 0.12788853 0.16220468
 0.16780154 0.1427203  0.13285325 0.03472232 0.10229965 0.
 0.09340647]

rule38: 10325.524 < cast_total_facebook_likes < 20084.668
probabilities_array:[8.84746853e-03 0.00000000e+00 3.74682993e-02 0.00000000e+00
 6.71994174e-03 1.90953710e-04 7.77904615e-02 4.53340188e-02
 2.03822285e-01 1.13229558e-01 1.19400166e-01 1.37351528e-01
 2.49845311e-01]

rule3: imdb_score > 7.219
probabilities_array:[0.         0.15047549 0.19133791 0.06829582 0.         0.00592339
 0.         0.         0.         0.         0.12738971 0.15798028
 0.2985973 ]

rule1: 5.715 < imdb_score < 6.467
probabilities_array:[0.1229692  0.00379814 0.         0.         0.02845891 0.06080636
 0.07124755 0.11508973 0.12350086 0.18627898 0.08572894 0.0869086
 0.11521271]

rule5: 1996.712 < title_year < 2003.364
probabilities_array:[0.03016278 0.08494447 0.02063    0.10478368 0.11330053 0.
 0.10674113 0.08829446 0.0311122  0.         0.08535814 0.12784965
 0.20682293]

rule15: num_critic_for_reviews > 242.759
probabilities_array:[0.         0.         0.00709902 0.         0.01037957 0.06237503
 0.00946863 0.04951951 0.12128727 0.1164107  0.09212884 0.19423872
 0.33709267]

rule42: 8660.357 < movie_facebook_likes < 22560.085
probabilities_array:[0.         0.04696427 0.08130179 0.10613529 0.         0.08923361
 0.11589462 0.16536899 0.03798391 0.03904887 0.05710696 0.12831727
 0.13264443]

rule41: -5239.371 < movie_facebook_likes < 8660.357
probabilities_array:[2.4015208e-01 9.7960304e-04 7.9665489e-02 3.7853610e-02 0.0000000e+00
 4.7136255e-04 0.0000000e+00 0.0000000e+00 0.0000000e+00 2.8901799e-02
 8.8303037e-02 3.2062806e-02 4.9161023e-01]

rule22: 757.647 < director_facebook_likes < 2789.959
probabilities_array:[0.04178914 0.         0.05331104 0.20647247 0.         0.07147825
 0.12553112 0.         0.07796465 0.04954656 0.05376352 0.15377596
 0.1663673 ]

rule39: cast_total_facebook_likes > 20084.668
probabilities_array:[0.         0.00619946 0.         0.04223777 0.02426479 0.
 0.05571535 0.11408038 0.         0.10258354 0.07567231 0.17102265
 0.4082238 ]


---11---
rule4: title_year < 1996.712
probabilities_array:[0.         0.03819365 0.02837278 0.05901215 0.10338069 0.0926563
 0.06944269 0.06256282 0.09364636 0.11363407 0.1646197  0.17447872
 0.        ]

rule51: budget > 221910409.825
probabilities_array:[0.         0.23275676 0.13144039 0.         0.         0.
 0.         0.         0.         0.         0.         0.24451897
 0.39128378]

rule7: title_year > 2010.015
probabilities_array:[0.2517369  0.         0.         0.         0.         0.
 0.         0.02198431 0.09063607 0.14433937 0.00068317 0.20429453
 0.28632566]

rule50: 45911930.988 < budget < 221910409.825
probabilities_array:[0.         0.         0.         0.         0.         0.
 0.02596407 0.08063687 0.1695172  0.12437989 0.1673409  0.18726595
 0.2448951 ]

rule34: 692.000 < actor_3_facebook_likes < 1820.191
probabilities_array:[0.         0.         0.00031857 0.         0.04620982 0.15582061
 0.         0.04588633 0.06237603 0.08442475 0.173492   0.18638743
 0.24508438]

rule2: 6.467 < imdb_score < 7.219
probabilities_array:[0.17293347 0.11472338 0.13758068 0.02922261 0.         0.
 0.         0.06069408 0.08849826 0.0803218  0.04460941 0.1568094
 0.11460687]

rule37: 566.380 < cast_total_facebook_likes < 10325.524
probabilities_array:[0.         0.         0.01226103 0.04729731 0.05105965 0.06458097
 0.07498369 0.09392969 0.1379692  0.11020882 0.1601236  0.15060137
 0.09698471]

rule15: num_critic_for_reviews > 242.759
probabilities_array:[0.         0.         0.00709902 0.         0.01037957 0.06237503
 0.00946863 0.04951951 0.12128727 0.1164107  0.09212884 0.19423872
 0.33709267]

rule22: 757.647 < director_facebook_likes < 2789.959
probabilities_array:[0.04178914 0.         0.05331104 0.20647247 0.         0.07147825
 0.12553112 0.         0.07796465 0.04954656 0.05376352 0.15377596
 0.1663673 ]

rule31: actor_2_facebook_likes > 4247.338
probabilities_array:[0.00068026 0.         0.         0.         0.0020451  0.20495056
 0.         0.01532679 0.         0.14691798 0.18743986 0.16611108
 0.2765284 ]

rule19: num_user_for_reviews > 589.447
probabilities_array:[0.         0.         0.         0.         0.00338835 0.
 0.01801145 0.03950357 0.18945989 0.         0.05321246 0.226554
 0.4698703 ]

rule21: -1274.666 < director_facebook_likes < 757.647
probabilities_array:[0.1680386  0.         0.         0.         0.         0.
 0.         0.         0.         0.05930092 0.01529444 0.24421233
 0.51315373]

rule11: num_voted_users > 199711.992
probabilities_array:[0.         0.         0.         0.         0.         0.
 0.         0.         0.         0.         0.23615211 0.24561311
 0.5182347 ]

rule30: 1771.128 < actor_2_facebook_likes < 4247.338
probabilities_array:[0.00000000e+00 0.00000000e+00 8.72494951e-02 1.10520414e-04
 3.23192775e-02 0.00000000e+00 0.00000000e+00 1.42364227e-03
 2.15090021e-01 1.40571162e-01 1.65050939e-01 1.43544704e-01
 2.14640260e-01]

rule42: 8660.357 < movie_facebook_likes < 22560.085
probabilities_array:[0.         0.04696427 0.08130179 0.10613529 0.         0.08923361
 0.11589462 0.16536899 0.03798391 0.03904887 0.05710696 0.12831727
 0.13264443]

rule3: imdb_score > 7.219
probabilities_array:[0.         0.15047549 0.19133791 0.06829582 0.         0.00592339
 0.         0.         0.         0.         0.12738971 0.15798028
 0.2985973 ]

rule27: actor_1_facebook_likes > 14405.051
probabilities_array:[0.         0.03228999 0.         0.01066175 0.         0.
 0.16350964 0.         0.14261664 0.13612293 0.         0.16769262
 0.34710637]

rule14: 160.331 < num_critic_for_reviews < 242.759
probabilities_array:[0.         0.02481431 0.02508328 0.08451129 0.10232866 0.09222149
 0.13398704 0.08210409 0.07611386 0.10570409 0.13597512 0.11183193
 0.0253248 ]

rule43: movie_facebook_likes > 22560.085
probabilities_array:[0.         0.         0.         0.         0.07956644 0.
 0.00846951 0.06673643 0.12046321 0.06125128 0.15128349 0.16516295
 0.34706664]

rule38: 10325.524 < cast_total_facebook_likes < 20084.668
probabilities_array:[8.84746853e-03 0.00000000e+00 3.74682993e-02 0.00000000e+00
 6.71994174e-03 1.90953710e-04 7.77904615e-02 4.53340188e-02
 2.03822285e-01 1.13229558e-01 1.19400166e-01 1.37351528e-01
 2.49845311e-01]

rule5: 1996.712 < title_year < 2003.364
probabilities_array:[0.03016278 0.08494447 0.02063    0.10478368 0.11330053 0.
 0.10674113 0.08829446 0.0311122  0.         0.08535814 0.12784965
 0.20682293]

rule39: cast_total_facebook_likes > 20084.668
probabilities_array:[0.         0.00619946 0.         0.04223777 0.02426479 0.
 0.05571535 0.11408038 0.         0.10258354 0.07567231 0.17102265
 0.4082238 ]

rule29: -705.081 < actor_2_facebook_likes < 1771.128
probabilities_array:[0.10814472 0.05425091 0.04574643 0.00085978 0.         0.
 0.05832763 0.         0.         0.         0.         0.198427
 0.53424346]

rule47: duration > 124.973
probabilities_array:[0.         0.         0.11158921 0.00032331 0.         0.
 0.02627214 0.19262764 0.12508804 0.08946502 0.11906336 0.11802059
 0.21755062]

rule6: 2003.364 < title_year < 2010.015
probabilities_array:[0.19265088 0.12532704 0.         0.14207871 0.07914715 0.03509279
 0.         0.         0.         0.03424562 0.         0.10991935
 0.28153858]

rule1: 5.715 < imdb_score < 6.467
probabilities_array:[0.1229692  0.00379814 0.         0.         0.02845891 0.06080636
 0.07124755 0.11508973 0.12350086 0.18627898 0.08572894 0.0869086
 0.11521271]

rule25: -508.718 < actor_1_facebook_likes < 6948.167
probabilities_array:[1.2498176e-01 1.2763208e-01 9.8055780e-02 0.0000000e+00 7.5783394e-03
 0.0000000e+00 0.0000000e+00 2.8417897e-04 8.1874490e-02 0.0000000e+00
 2.4807068e-02 1.2119634e-01 4.1359001e-01]

rule35: actor_3_facebook_likes > 1820.191
probabilities_array:[0.         0.         0.         0.         0.         0.00076844
 0.         0.         0.         0.         0.02971693 0.24601252
 0.72350204]

rule45: 94.133 < duration < 109.553
probabilities_array:[0.06074469 0.19619478 0.         0.03868436 0.12554264 0.05752669
 0.         0.         0.         0.120665   0.040952   0.09182871
 0.2678611 ]

rule18: 315.839 < num_user_for_reviews < 589.447
probabilities_array:[0.         0.00064997 0.00593693 0.04730954 0.10797894 0.15966584
 0.14833751 0.11070466 0.06750911 0.14165923 0.12461376 0.06572765
 0.01990683]

rule26: 6948.167 < actor_1_facebook_likes < 14405.051
probabilities_array:[0.01527059 0.         0.03153448 0.05232371 0.05926573 0.00967631
 0.01931874 0.13729858 0.         0.06807776 0.15927127 0.09393505
 0.35402778]

